"forecast_date","location","target","target_end_date","type","quantile","value"
2022-05-21,"US","1  day ahead inc hosp",2022-05-22,"quantile",0.01,3213.19181400401
2022-05-21,"US","1  day ahead inc hosp",2022-05-22,"quantile",0.025,3399.62053405369
2022-05-21,"US","1  day ahead inc hosp",2022-05-22,"quantile",0.05,3559.95951817135
2022-05-21,"US","1  day ahead inc hosp",2022-05-22,"quantile",0.1,3744.82009812692
2022-05-21,"US","1  day ahead inc hosp",2022-05-22,"quantile",0.15,3869.54465379537
2022-05-21,"US","1  day ahead inc hosp",2022-05-22,"quantile",0.2,3968.67177679178
2022-05-21,"US","1  day ahead inc hosp",2022-05-22,"quantile",0.25,4053.71402187631
2022-05-21,"US","1  day ahead inc hosp",2022-05-22,"quantile",0.3,4130.08458630329
2022-05-21,"US","1  day ahead inc hosp",2022-05-22,"quantile",0.35,4200.85329573419
2022-05-21,"US","1  day ahead inc hosp",2022-05-22,"quantile",0.4,4268.00588049694
2022-05-21,"US","1  day ahead inc hosp",2022-05-22,"quantile",0.45,4332.97678340543
2022-05-21,"US","1  day ahead inc hosp",2022-05-22,"quantile",0.5,4396.91759719457
2022-05-21,"US","1  day ahead inc hosp",2022-05-22,"quantile",0.55,4460.85841098371
2022-05-21,"US","1  day ahead inc hosp",2022-05-22,"quantile",0.6,4525.8293138922
2022-05-21,"US","1  day ahead inc hosp",2022-05-22,"quantile",0.65,4592.98189865495
2022-05-21,"US","1  day ahead inc hosp",2022-05-22,"quantile",0.7,4663.75060808586
2022-05-21,"US","1  day ahead inc hosp",2022-05-22,"quantile",0.75,4740.12117251284
2022-05-21,"US","1  day ahead inc hosp",2022-05-22,"quantile",0.8,4825.16341759736
2022-05-21,"US","1  day ahead inc hosp",2022-05-22,"quantile",0.85,4924.29054059377
2022-05-21,"US","1  day ahead inc hosp",2022-05-22,"quantile",0.9,5049.01509626222
2022-05-21,"US","1  day ahead inc hosp",2022-05-22,"quantile",0.95,5233.87567621779
2022-05-21,"US","1  day ahead inc hosp",2022-05-22,"quantile",0.975,5394.21466033545
2022-05-21,"US","1  day ahead inc hosp",2022-05-22,"quantile",0.99,5580.64338038513
2022-05-21,"US","2  day ahead inc hosp",2022-05-23,"quantile",0.01,3020.83478018192
2022-05-21,"US","2  day ahead inc hosp",2022-05-23,"quantile",0.025,3293.59075373408
2022-05-21,"US","2  day ahead inc hosp",2022-05-23,"quantile",0.05,3528.17593835437
2022-05-21,"US","2  day ahead inc hosp",2022-05-23,"quantile",0.1,3798.63763247405
2022-05-21,"US","2  day ahead inc hosp",2022-05-23,"quantile",0.15,3981.11685347682
2022-05-21,"US","2  day ahead inc hosp",2022-05-23,"quantile",0.2,4126.1455536208
2022-05-21,"US","2  day ahead inc hosp",2022-05-23,"quantile",0.25,4250.56726474401
2022-05-21,"US","2  day ahead inc hosp",2022-05-23,"quantile",0.3,4362.30180674729
2022-05-21,"US","2  day ahead inc hosp",2022-05-23,"quantile",0.35,4465.84051168886
2022-05-21,"US","2  day ahead inc hosp",2022-05-23,"quantile",0.4,4564.08861760637
2022-05-21,"US","2  day ahead inc hosp",2022-05-23,"quantile",0.45,4659.14479709763
2022-05-21,"US","2  day ahead inc hosp",2022-05-23,"quantile",0.5,4752.69389677566
2022-05-21,"US","2  day ahead inc hosp",2022-05-23,"quantile",0.55,4846.24299645368
2022-05-21,"US","2  day ahead inc hosp",2022-05-23,"quantile",0.6,4941.29917594494
2022-05-21,"US","2  day ahead inc hosp",2022-05-23,"quantile",0.65,5039.54728186246
2022-05-21,"US","2  day ahead inc hosp",2022-05-23,"quantile",0.7,5143.08598680402
2022-05-21,"US","2  day ahead inc hosp",2022-05-23,"quantile",0.75,5254.8205288073
2022-05-21,"US","2  day ahead inc hosp",2022-05-23,"quantile",0.8,5379.24223993051
2022-05-21,"US","2  day ahead inc hosp",2022-05-23,"quantile",0.85,5524.27094007449
2022-05-21,"US","2  day ahead inc hosp",2022-05-23,"quantile",0.9,5706.75016107726
2022-05-21,"US","2  day ahead inc hosp",2022-05-23,"quantile",0.95,5977.21185519694
2022-05-21,"US","2  day ahead inc hosp",2022-05-23,"quantile",0.975,6211.79703981723
2022-05-21,"US","2  day ahead inc hosp",2022-05-23,"quantile",0.99,6484.55301336939
2022-05-21,"US","3  day ahead inc hosp",2022-05-24,"quantile",0.01,2839.4878120912
2022-05-21,"US","3  day ahead inc hosp",2022-05-24,"quantile",0.025,3158.90614560789
2022-05-21,"US","3  day ahead inc hosp",2022-05-24,"quantile",0.05,3433.62353406058
2022-05-21,"US","3  day ahead inc hosp",2022-05-24,"quantile",0.1,3750.3550889766
2022-05-21,"US","3  day ahead inc hosp",2022-05-24,"quantile",0.15,3964.05236539201
2022-05-21,"US","3  day ahead inc hosp",2022-05-24,"quantile",0.2,4133.89218634545
2022-05-21,"US","3  day ahead inc hosp",2022-05-24,"quantile",0.25,4279.5996298991
2022-05-21,"US","3  day ahead inc hosp",2022-05-24,"quantile",0.3,4410.44941748813
2022-05-21,"US","3  day ahead inc hosp",2022-05-24,"quantile",0.35,4531.70124620596
2022-05-21,"US","3  day ahead inc hosp",2022-05-24,"quantile",0.4,4646.757374417
2022-05-21,"US","3  day ahead inc hosp",2022-05-24,"quantile",0.45,4758.07550999491
2022-05-21,"US","3  day ahead inc hosp",2022-05-24,"quantile",0.5,4867.62873858965
2022-05-21,"US","3  day ahead inc hosp",2022-05-24,"quantile",0.55,4977.18196718439
2022-05-21,"US","3  day ahead inc hosp",2022-05-24,"quantile",0.6,5088.5001027623
2022-05-21,"US","3  day ahead inc hosp",2022-05-24,"quantile",0.65,5203.55623097334
2022-05-21,"US","3  day ahead inc hosp",2022-05-24,"quantile",0.7,5324.80805969117
2022-05-21,"US","3  day ahead inc hosp",2022-05-24,"quantile",0.75,5455.6578472802
2022-05-21,"US","3  day ahead inc hosp",2022-05-24,"quantile",0.8,5601.36529083384
2022-05-21,"US","3  day ahead inc hosp",2022-05-24,"quantile",0.85,5771.20511178729
2022-05-21,"US","3  day ahead inc hosp",2022-05-24,"quantile",0.9,5984.9023882027
2022-05-21,"US","3  day ahead inc hosp",2022-05-24,"quantile",0.95,6301.63394311872
2022-05-21,"US","3  day ahead inc hosp",2022-05-24,"quantile",0.975,6576.3513315714
2022-05-21,"US","3  day ahead inc hosp",2022-05-24,"quantile",0.99,6895.7696650881
2022-05-21,"US","4  day ahead inc hosp",2022-05-25,"quantile",0.01,2615.72122791848
2022-05-21,"US","4  day ahead inc hosp",2022-05-25,"quantile",0.025,2979.96209895112
2022-05-21,"US","4  day ahead inc hosp",2022-05-25,"quantile",0.05,3293.22934243134
2022-05-21,"US","4  day ahead inc hosp",2022-05-25,"quantile",0.1,3654.40641131146
2022-05-21,"US","4  day ahead inc hosp",2022-05-25,"quantile",0.15,3898.0908649929
2022-05-21,"US","4  day ahead inc hosp",2022-05-25,"quantile",0.2,4091.76354382452
2022-05-21,"US","4  day ahead inc hosp",2022-05-25,"quantile",0.25,4257.91745731974
2022-05-21,"US","4  day ahead inc hosp",2022-05-25,"quantile",0.3,4407.12880684102
2022-05-21,"US","4  day ahead inc hosp",2022-05-25,"quantile",0.35,4545.39535910883
2022-05-21,"US","4  day ahead inc hosp",2022-05-25,"quantile",0.4,4676.59679609536
2022-05-21,"US","4  day ahead inc hosp",2022-05-25,"quantile",0.45,4803.53570476168
2022-05-21,"US","4  day ahead inc hosp",2022-05-25,"quantile",0.5,4928.46204498912
2022-05-21,"US","4  day ahead inc hosp",2022-05-25,"quantile",0.55,5053.38838521656
2022-05-21,"US","4  day ahead inc hosp",2022-05-25,"quantile",0.6,5180.32729388288
2022-05-21,"US","4  day ahead inc hosp",2022-05-25,"quantile",0.65,5311.52873086941
2022-05-21,"US","4  day ahead inc hosp",2022-05-25,"quantile",0.7,5449.79528313722
2022-05-21,"US","4  day ahead inc hosp",2022-05-25,"quantile",0.75,5599.0066326585
2022-05-21,"US","4  day ahead inc hosp",2022-05-25,"quantile",0.8,5765.16054615372
2022-05-21,"US","4  day ahead inc hosp",2022-05-25,"quantile",0.85,5958.83322498534
2022-05-21,"US","4  day ahead inc hosp",2022-05-25,"quantile",0.9,6202.51767866678
2022-05-21,"US","4  day ahead inc hosp",2022-05-25,"quantile",0.95,6563.6947475469
2022-05-21,"US","4  day ahead inc hosp",2022-05-25,"quantile",0.975,6876.96199102712
2022-05-21,"US","4  day ahead inc hosp",2022-05-25,"quantile",0.99,7241.20286205976
2022-05-21,"US","5  day ahead inc hosp",2022-05-26,"quantile",0.01,2400.58321462683
2022-05-21,"US","5  day ahead inc hosp",2022-05-26,"quantile",0.025,2813.19954214524
2022-05-21,"US","5  day ahead inc hosp",2022-05-26,"quantile",0.05,3168.07234697401
2022-05-21,"US","5  day ahead inc hosp",2022-05-26,"quantile",0.1,3577.21796350705
2022-05-21,"US","5  day ahead inc hosp",2022-05-26,"quantile",0.15,3853.26656855872
2022-05-21,"US","5  day ahead inc hosp",2022-05-26,"quantile",0.2,4072.66124893493
2022-05-21,"US","5  day ahead inc hosp",2022-05-26,"quantile",0.25,4260.88234942495
2022-05-21,"US","5  day ahead inc hosp",2022-05-26,"quantile",0.3,4429.91071488266
2022-05-21,"US","5  day ahead inc hosp",2022-05-26,"quantile",0.35,4586.54068574133
2022-05-21,"US","5  day ahead inc hosp",2022-05-26,"quantile",0.4,4735.16721120795
2022-05-21,"US","5  day ahead inc hosp",2022-05-26,"quantile",0.45,4878.96509463768
2022-05-21,"US","5  day ahead inc hosp",2022-05-26,"quantile",0.5,5020.48311695304
2022-05-21,"US","5  day ahead inc hosp",2022-05-26,"quantile",0.55,5162.00113926839
2022-05-21,"US","5  day ahead inc hosp",2022-05-26,"quantile",0.6,5305.79902269812
2022-05-21,"US","5  day ahead inc hosp",2022-05-26,"quantile",0.65,5454.42554816475
2022-05-21,"US","5  day ahead inc hosp",2022-05-26,"quantile",0.7,5611.05551902341
2022-05-21,"US","5  day ahead inc hosp",2022-05-26,"quantile",0.75,5780.08388448112
2022-05-21,"US","5  day ahead inc hosp",2022-05-26,"quantile",0.8,5968.30498497114
2022-05-21,"US","5  day ahead inc hosp",2022-05-26,"quantile",0.85,6187.69966534735
2022-05-21,"US","5  day ahead inc hosp",2022-05-26,"quantile",0.9,6463.74827039902
2022-05-21,"US","5  day ahead inc hosp",2022-05-26,"quantile",0.95,6872.89388693207
2022-05-21,"US","5  day ahead inc hosp",2022-05-26,"quantile",0.975,7227.76669176083
2022-05-21,"US","5  day ahead inc hosp",2022-05-26,"quantile",0.99,7640.38301927925
2022-05-21,"US","6  day ahead inc hosp",2022-05-27,"quantile",0.01,2067.67039041633
2022-05-21,"US","6  day ahead inc hosp",2022-05-27,"quantile",0.025,2526.8670913163
2022-05-21,"US","6  day ahead inc hosp",2022-05-27,"quantile",0.05,2921.80158699306
2022-05-21,"US","6  day ahead inc hosp",2022-05-27,"quantile",0.1,3377.13576736736
2022-05-21,"US","6  day ahead inc hosp",2022-05-27,"quantile",0.15,3684.34757716204
2022-05-21,"US","6  day ahead inc hosp",2022-05-27,"quantile",0.2,3928.50978477429
2022-05-21,"US","6  day ahead inc hosp",2022-05-27,"quantile",0.25,4137.9792182904
2022-05-21,"US","6  day ahead inc hosp",2022-05-27,"quantile",0.3,4326.08924351287
2022-05-21,"US","6  day ahead inc hosp",2022-05-27,"quantile",0.35,4500.40121587936
2022-05-21,"US","6  day ahead inc hosp",2022-05-27,"quantile",0.4,4665.80623165023
2022-05-21,"US","6  day ahead inc hosp",2022-05-27,"quantile",0.45,4825.83749862519
2022-05-21,"US","6  day ahead inc hosp",2022-05-27,"quantile",0.5,4983.3315303227
2022-05-21,"US","6  day ahead inc hosp",2022-05-27,"quantile",0.55,5140.82556202022
2022-05-21,"US","6  day ahead inc hosp",2022-05-27,"quantile",0.6,5300.85682899518
2022-05-21,"US","6  day ahead inc hosp",2022-05-27,"quantile",0.65,5466.26184476605
2022-05-21,"US","6  day ahead inc hosp",2022-05-27,"quantile",0.7,5640.57381713254
2022-05-21,"US","6  day ahead inc hosp",2022-05-27,"quantile",0.75,5828.68384235501
2022-05-21,"US","6  day ahead inc hosp",2022-05-27,"quantile",0.8,6038.15327587112
2022-05-21,"US","6  day ahead inc hosp",2022-05-27,"quantile",0.85,6282.31548348337
2022-05-21,"US","6  day ahead inc hosp",2022-05-27,"quantile",0.9,6589.52729327805
2022-05-21,"US","6  day ahead inc hosp",2022-05-27,"quantile",0.95,7044.86147365235
2022-05-21,"US","6  day ahead inc hosp",2022-05-27,"quantile",0.975,7439.79596932911
2022-05-21,"US","6  day ahead inc hosp",2022-05-27,"quantile",0.99,7898.99267022907
2022-05-21,"US","7  day ahead inc hosp",2022-05-28,"quantile",0.01,1588.18296863653
2022-05-21,"US","7  day ahead inc hosp",2022-05-28,"quantile",0.025,2091.41631888765
2022-05-21,"US","7  day ahead inc hosp",2022-05-28,"quantile",0.05,2524.22476241445
2022-05-21,"US","7  day ahead inc hosp",2022-05-28,"quantile",0.1,3023.22517906494
2022-05-21,"US","7  day ahead inc hosp",2022-05-28,"quantile",0.15,3359.89839116923
2022-05-21,"US","7  day ahead inc hosp",2022-05-28,"quantile",0.2,3627.47558739171
2022-05-21,"US","7  day ahead inc hosp",2022-05-28,"quantile",0.25,3857.03299622527
2022-05-21,"US","7  day ahead inc hosp",2022-05-28,"quantile",0.3,4063.18264412779
2022-05-21,"US","7  day ahead inc hosp",2022-05-28,"quantile",0.35,4254.21101534857
2022-05-21,"US","7  day ahead inc hosp",2022-05-28,"quantile",0.4,4435.47825893193
2022-05-21,"US","7  day ahead inc hosp",2022-05-28,"quantile",0.45,4610.85641488756
2022-05-21,"US","7  day ahead inc hosp",2022-05-28,"quantile",0.5,4783.45401643906
2022-05-21,"US","7  day ahead inc hosp",2022-05-28,"quantile",0.55,4956.05161799057
2022-05-21,"US","7  day ahead inc hosp",2022-05-28,"quantile",0.6,5131.4297739462
2022-05-21,"US","7  day ahead inc hosp",2022-05-28,"quantile",0.65,5312.69701752956
2022-05-21,"US","7  day ahead inc hosp",2022-05-28,"quantile",0.7,5503.72538875034
2022-05-21,"US","7  day ahead inc hosp",2022-05-28,"quantile",0.75,5709.87503665286
2022-05-21,"US","7  day ahead inc hosp",2022-05-28,"quantile",0.8,5939.43244548642
2022-05-21,"US","7  day ahead inc hosp",2022-05-28,"quantile",0.85,6207.0096417089
2022-05-21,"US","7  day ahead inc hosp",2022-05-28,"quantile",0.9,6543.68285381319
2022-05-21,"US","7  day ahead inc hosp",2022-05-28,"quantile",0.95,7042.68327046368
2022-05-21,"US","7  day ahead inc hosp",2022-05-28,"quantile",0.975,7475.49171399048
2022-05-21,"US","7  day ahead inc hosp",2022-05-28,"quantile",0.99,7978.7250642416
2022-05-21,"US","8  day ahead inc hosp",2022-05-29,"quantile",0.01,1274.1568611646
2022-05-21,"US","8  day ahead inc hosp",2022-05-29,"quantile",0.025,1820.23427722781
2022-05-21,"US","8  day ahead inc hosp",2022-05-29,"quantile",0.05,2289.89098096875
2022-05-21,"US","8  day ahead inc hosp",2022-05-29,"quantile",0.1,2831.37508174026
2022-05-21,"US","8  day ahead inc hosp",2022-05-29,"quantile",0.15,3196.71183382926
2022-05-21,"US","8  day ahead inc hosp",2022-05-29,"quantile",0.2,3487.06990297887
2022-05-21,"US","8  day ahead inc hosp",2022-05-29,"quantile",0.25,3736.17127233653
2022-05-21,"US","8  day ahead inc hosp",2022-05-29,"quantile",0.3,3959.87200082118
2022-05-21,"US","8  day ahead inc hosp",2022-05-29,"quantile",0.35,4167.16406383519
2022-05-21,"US","8  day ahead inc hosp",2022-05-29,"quantile",0.4,4363.86396050044
2022-05-21,"US","8  day ahead inc hosp",2022-05-29,"quantile",0.45,4554.17338691343
2022-05-21,"US","8  day ahead inc hosp",2022-05-29,"quantile",0.5,4741.46552927029
2022-05-21,"US","8  day ahead inc hosp",2022-05-29,"quantile",0.55,4928.75767162715
2022-05-21,"US","8  day ahead inc hosp",2022-05-29,"quantile",0.6,5119.06709804014
2022-05-21,"US","8  day ahead inc hosp",2022-05-29,"quantile",0.65,5315.76699470539
2022-05-21,"US","8  day ahead inc hosp",2022-05-29,"quantile",0.7,5523.0590577194
2022-05-21,"US","8  day ahead inc hosp",2022-05-29,"quantile",0.75,5746.75978620405
2022-05-21,"US","8  day ahead inc hosp",2022-05-29,"quantile",0.8,5995.86115556171
2022-05-21,"US","8  day ahead inc hosp",2022-05-29,"quantile",0.85,6286.21922471132
2022-05-21,"US","8  day ahead inc hosp",2022-05-29,"quantile",0.9,6651.55597680033
2022-05-21,"US","8  day ahead inc hosp",2022-05-29,"quantile",0.95,7193.04007757183
2022-05-21,"US","8  day ahead inc hosp",2022-05-29,"quantile",0.975,7662.69678131278
2022-05-21,"US","8  day ahead inc hosp",2022-05-29,"quantile",0.99,8208.77419737598
2022-05-21,"US","9  day ahead inc hosp",2022-05-30,"quantile",0.01,1419.48940141562
2022-05-21,"US","9  day ahead inc hosp",2022-05-30,"quantile",0.025,2007.4976958558
2022-05-21,"US","9  day ahead inc hosp",2022-05-30,"quantile",0.05,2513.21726823809
2022-05-21,"US","9  day ahead inc hosp",2022-05-30,"quantile",0.1,3096.27954694671
2022-05-21,"US","9  day ahead inc hosp",2022-05-30,"quantile",0.15,3489.66889829704
2022-05-21,"US","9  day ahead inc hosp",2022-05-30,"quantile",0.2,3802.32228405406
2022-05-21,"US","9  day ahead inc hosp",2022-05-30,"quantile",0.25,4070.55104984825
2022-05-21,"US","9  day ahead inc hosp",2022-05-30,"quantile",0.3,4311.42877148994
2022-05-21,"US","9  day ahead inc hosp",2022-05-30,"quantile",0.35,4534.63787854765
2022-05-21,"US","9  day ahead inc hosp",2022-05-30,"quantile",0.4,4746.44149347925
2022-05-21,"US","9  day ahead inc hosp",2022-05-30,"quantile",0.45,4951.36394210884
2022-05-21,"US","9  day ahead inc hosp",2022-05-30,"quantile",0.5,5153.03742273591
2022-05-21,"US","9  day ahead inc hosp",2022-05-30,"quantile",0.55,5354.71090336298
2022-05-21,"US","9  day ahead inc hosp",2022-05-30,"quantile",0.6,5559.63335199257
2022-05-21,"US","9  day ahead inc hosp",2022-05-30,"quantile",0.65,5771.43696692418
2022-05-21,"US","9  day ahead inc hosp",2022-05-30,"quantile",0.7,5994.64607398189
2022-05-21,"US","9  day ahead inc hosp",2022-05-30,"quantile",0.75,6235.52379562358
2022-05-21,"US","9  day ahead inc hosp",2022-05-30,"quantile",0.8,6503.75256141776
2022-05-21,"US","9  day ahead inc hosp",2022-05-30,"quantile",0.85,6816.40594717479
2022-05-21,"US","9  day ahead inc hosp",2022-05-30,"quantile",0.9,7209.79529852512
2022-05-21,"US","9  day ahead inc hosp",2022-05-30,"quantile",0.95,7792.85757723374
2022-05-21,"US","9  day ahead inc hosp",2022-05-30,"quantile",0.975,8298.57714961603
2022-05-21,"US","9  day ahead inc hosp",2022-05-30,"quantile",0.99,8886.58544405621
2022-05-21,"US","10  day ahead inc hosp",2022-05-31,"quantile",0.01,1305.31865373857
2022-05-21,"US","10  day ahead inc hosp",2022-05-31,"quantile",0.025,1934.10340519267
2022-05-21,"US","10  day ahead inc hosp",2022-05-31,"quantile",0.05,2474.89298015711
2022-05-21,"US","10  day ahead inc hosp",2022-05-31,"quantile",0.1,3098.3887258236
2022-05-21,"US","10  day ahead inc hosp",2022-05-31,"quantile",0.15,3519.05834537209
2022-05-21,"US","10  day ahead inc hosp",2022-05-31,"quantile",0.2,3853.39322349091
2022-05-21,"US","10  day ahead inc hosp",2022-05-31,"quantile",0.25,4140.22277917483
2022-05-21,"US","10  day ahead inc hosp",2022-05-31,"quantile",0.3,4397.80458501908
2022-05-21,"US","10  day ahead inc hosp",2022-05-31,"quantile",0.35,4636.49251549665
2022-05-21,"US","10  day ahead inc hosp",2022-05-31,"quantile",0.4,4862.98402017626
2022-05-21,"US","10  day ahead inc hosp",2022-05-31,"quantile",0.45,5082.11717211861
2022-05-21,"US","10  day ahead inc hosp",2022-05-31,"quantile",0.5,5297.77605072628
2022-05-21,"US","10  day ahead inc hosp",2022-05-31,"quantile",0.55,5513.43492933394
2022-05-21,"US","10  day ahead inc hosp",2022-05-31,"quantile",0.6,5732.56808127629
2022-05-21,"US","10  day ahead inc hosp",2022-05-31,"quantile",0.65,5959.0595859559
2022-05-21,"US","10  day ahead inc hosp",2022-05-31,"quantile",0.7,6197.74751643348
2022-05-21,"US","10  day ahead inc hosp",2022-05-31,"quantile",0.75,6455.32932227773
2022-05-21,"US","10  day ahead inc hosp",2022-05-31,"quantile",0.8,6742.15887796165
2022-05-21,"US","10  day ahead inc hosp",2022-05-31,"quantile",0.85,7076.49375608047
2022-05-21,"US","10  day ahead inc hosp",2022-05-31,"quantile",0.9,7497.16337562896
2022-05-21,"US","10  day ahead inc hosp",2022-05-31,"quantile",0.95,8120.65912129544
2022-05-21,"US","10  day ahead inc hosp",2022-05-31,"quantile",0.975,8661.44869625989
2022-05-21,"US","10  day ahead inc hosp",2022-05-31,"quantile",0.99,9290.23344771398
2022-05-21,"US","11  day ahead inc hosp",2022-06-01,"quantile",0.01,1125.31845437012
2022-05-21,"US","11  day ahead inc hosp",2022-06-01,"quantile",0.025,1793.67376853935
2022-05-21,"US","11  day ahead inc hosp",2022-06-01,"quantile",0.05,2368.49621046238
2022-05-21,"US","11  day ahead inc hosp",2022-06-01,"quantile",0.1,3031.22967213495
2022-05-21,"US","11  day ahead inc hosp",2022-06-01,"quantile",0.15,3478.37279239128
2022-05-21,"US","11  day ahead inc hosp",2022-06-01,"quantile",0.2,3833.74796964564
2022-05-21,"US","11  day ahead inc hosp",2022-06-01,"quantile",0.25,4138.62822852409
2022-05-21,"US","11  day ahead inc hosp",2022-06-01,"quantile",0.3,4412.42012371746
2022-05-21,"US","11  day ahead inc hosp",2022-06-01,"quantile",0.35,4666.12911776324
2022-05-21,"US","11  day ahead inc hosp",2022-06-01,"quantile",0.4,4906.87414285606
2022-05-21,"US","11  day ahead inc hosp",2022-06-01,"quantile",0.45,5139.79774075285
2022-05-21,"US","11  day ahead inc hosp",2022-06-01,"quantile",0.5,5369.02842300443
2022-05-21,"US","11  day ahead inc hosp",2022-06-01,"quantile",0.55,5598.25910525601
2022-05-21,"US","11  day ahead inc hosp",2022-06-01,"quantile",0.6,5831.18270315279
2022-05-21,"US","11  day ahead inc hosp",2022-06-01,"quantile",0.65,6071.92772824561
2022-05-21,"US","11  day ahead inc hosp",2022-06-01,"quantile",0.7,6325.63672229139
2022-05-21,"US","11  day ahead inc hosp",2022-06-01,"quantile",0.75,6599.42861748477
2022-05-21,"US","11  day ahead inc hosp",2022-06-01,"quantile",0.8,6904.30887636322
2022-05-21,"US","11  day ahead inc hosp",2022-06-01,"quantile",0.85,7259.68405361758
2022-05-21,"US","11  day ahead inc hosp",2022-06-01,"quantile",0.9,7706.8271738739
2022-05-21,"US","11  day ahead inc hosp",2022-06-01,"quantile",0.95,8369.56063554648
2022-05-21,"US","11  day ahead inc hosp",2022-06-01,"quantile",0.975,8944.3830774695
2022-05-21,"US","11  day ahead inc hosp",2022-06-01,"quantile",0.99,9612.73839163874
2022-05-21,"US","12  day ahead inc hosp",2022-06-02,"quantile",0.01,1058.86332614404
2022-05-21,"US","12  day ahead inc hosp",2022-06-02,"quantile",0.025,1765.62372797949
2022-05-21,"US","12  day ahead inc hosp",2022-06-02,"quantile",0.05,2373.47666402224
2022-05-21,"US","12  day ahead inc hosp",2022-06-02,"quantile",0.1,3074.29217001357
2022-05-21,"US","12  day ahead inc hosp",2022-06-02,"quantile",0.15,3547.12906477685
2022-05-21,"US","12  day ahead inc hosp",2022-06-02,"quantile",0.2,3922.92483950011
2022-05-21,"US","12  day ahead inc hosp",2022-06-02,"quantile",0.25,4245.32415272239
2022-05-21,"US","12  day ahead inc hosp",2022-06-02,"quantile",0.3,4534.84870016567
2022-05-21,"US","12  day ahead inc hosp",2022-06-02,"quantile",0.35,4803.13634115488
2022-05-21,"US","12  day ahead inc hosp",2022-06-02,"quantile",0.4,5057.71507654802
2022-05-21,"US","12  day ahead inc hosp",2022-06-02,"quantile",0.45,5304.02294925658
2022-05-21,"US","12  day ahead inc hosp",2022-06-02,"quantile",0.5,5546.42570369943
2022-05-21,"US","12  day ahead inc hosp",2022-06-02,"quantile",0.55,5788.82845814228
2022-05-21,"US","12  day ahead inc hosp",2022-06-02,"quantile",0.6,6035.13633085085
2022-05-21,"US","12  day ahead inc hosp",2022-06-02,"quantile",0.65,6289.71506624399
2022-05-21,"US","12  day ahead inc hosp",2022-06-02,"quantile",0.7,6558.00270723319
2022-05-21,"US","12  day ahead inc hosp",2022-06-02,"quantile",0.75,6847.52725467647
2022-05-21,"US","12  day ahead inc hosp",2022-06-02,"quantile",0.8,7169.92656789876
2022-05-21,"US","12  day ahead inc hosp",2022-06-02,"quantile",0.85,7545.72234262201
2022-05-21,"US","12  day ahead inc hosp",2022-06-02,"quantile",0.9,8018.55923738529
2022-05-21,"US","12  day ahead inc hosp",2022-06-02,"quantile",0.95,8719.37474337662
2022-05-21,"US","12  day ahead inc hosp",2022-06-02,"quantile",0.975,9327.22767941938
2022-05-21,"US","12  day ahead inc hosp",2022-06-02,"quantile",0.99,10033.9880812548
2022-05-21,"US","13  day ahead inc hosp",2022-06-03,"quantile",0.01,732.065948325532
2022-05-21,"US","13  day ahead inc hosp",2022-06-03,"quantile",0.025,1476.05158977787
2022-05-21,"US","13  day ahead inc hosp",2022-06-03,"quantile",0.05,2115.92028552825
2022-05-21,"US","13  day ahead inc hosp",2022-06-03,"quantile",0.1,2853.6479120487
2022-05-21,"US","13  day ahead inc hosp",2022-06-03,"quantile",0.15,3351.38923929229
2022-05-21,"US","13  day ahead inc hosp",2022-06-03,"quantile",0.2,3746.97826746432
2022-05-21,"US","13  day ahead inc hosp",2022-06-03,"quantile",0.25,4086.35842972096
2022-05-21,"US","13  day ahead inc hosp",2022-06-03,"quantile",0.3,4391.13230441228
2022-05-21,"US","13  day ahead inc hosp",2022-06-03,"quantile",0.35,4673.55071970086
2022-05-21,"US","13  day ahead inc hosp",2022-06-03,"quantile",0.4,4941.53817805268
2022-05-21,"US","13  day ahead inc hosp",2022-06-03,"quantile",0.45,5200.81914540165
2022-05-21,"US","13  day ahead inc hosp",2022-06-03,"quantile",0.5,5455.98931097067
2022-05-21,"US","13  day ahead inc hosp",2022-06-03,"quantile",0.55,5711.15947653969
2022-05-21,"US","13  day ahead inc hosp",2022-06-03,"quantile",0.6,5970.44044388866
2022-05-21,"US","13  day ahead inc hosp",2022-06-03,"quantile",0.65,6238.42790224048
2022-05-21,"US","13  day ahead inc hosp",2022-06-03,"quantile",0.7,6520.84631752906
2022-05-21,"US","13  day ahead inc hosp",2022-06-03,"quantile",0.75,6825.62019222038
2022-05-21,"US","13  day ahead inc hosp",2022-06-03,"quantile",0.8,7165.00035447702
2022-05-21,"US","13  day ahead inc hosp",2022-06-03,"quantile",0.85,7560.58938264905
2022-05-21,"US","13  day ahead inc hosp",2022-06-03,"quantile",0.9,8058.33070989264
2022-05-21,"US","13  day ahead inc hosp",2022-06-03,"quantile",0.95,8796.05833641309
2022-05-21,"US","13  day ahead inc hosp",2022-06-03,"quantile",0.975,9435.92703216347
2022-05-21,"US","13  day ahead inc hosp",2022-06-03,"quantile",0.99,10179.9126736158
2022-05-21,"US","14  day ahead inc hosp",2022-06-04,"quantile",0.01,310.809676809834
2022-05-21,"US","14  day ahead inc hosp",2022-06-04,"quantile",0.025,1090.79911933367
2022-05-21,"US","14  day ahead inc hosp",2022-06-04,"quantile",0.05,1761.63307025847
2022-05-21,"US","14  day ahead inc hosp",2022-06-04,"quantile",0.1,2535.06165285967
2022-05-21,"US","14  day ahead inc hosp",2022-06-04,"quantile",0.15,3056.89024568026
2022-05-21,"US","14  day ahead inc hosp",2022-06-04,"quantile",0.2,3471.62306895104
2022-05-21,"US","14  day ahead inc hosp",2022-06-04,"quantile",0.25,3827.42690280657
2022-05-21,"US","14  day ahead inc hosp",2022-06-04,"quantile",0.3,4146.9497421886
2022-05-21,"US","14  day ahead inc hosp",2022-06-04,"quantile",0.35,4443.03527129826
2022-05-21,"US","14  day ahead inc hosp",2022-06-04,"quantile",0.4,4723.99148415631
2022-05-21,"US","14  day ahead inc hosp",2022-06-04,"quantile",0.45,4995.81987157623
2022-05-21,"US","14  day ahead inc hosp",2022-06-04,"quantile",0.5,5263.33852261145
2022-05-21,"US","14  day ahead inc hosp",2022-06-04,"quantile",0.55,5530.85717364666
2022-05-21,"US","14  day ahead inc hosp",2022-06-04,"quantile",0.6,5802.68556106658
2022-05-21,"US","14  day ahead inc hosp",2022-06-04,"quantile",0.65,6083.64177392463
2022-05-21,"US","14  day ahead inc hosp",2022-06-04,"quantile",0.7,6379.72730303429
2022-05-21,"US","14  day ahead inc hosp",2022-06-04,"quantile",0.75,6699.25014241632
2022-05-21,"US","14  day ahead inc hosp",2022-06-04,"quantile",0.8,7055.05397627185
2022-05-21,"US","14  day ahead inc hosp",2022-06-04,"quantile",0.85,7469.78679954263
2022-05-21,"US","14  day ahead inc hosp",2022-06-04,"quantile",0.9,7991.61539236322
2022-05-21,"US","14  day ahead inc hosp",2022-06-04,"quantile",0.95,8765.04397496442
2022-05-21,"US","14  day ahead inc hosp",2022-06-04,"quantile",0.975,9435.87792588922
2022-05-21,"US","14  day ahead inc hosp",2022-06-04,"quantile",0.99,10215.8673684131
2022-05-21,"US","15  day ahead inc hosp",2022-06-05,"quantile",0.01,80.3725609341127
2022-05-21,"US","15  day ahead inc hosp",2022-06-05,"quantile",0.025,895.112281101608
2022-05-21,"US","15  day ahead inc hosp",2022-06-05,"quantile",0.05,1595.83338789866
2022-05-21,"US","15  day ahead inc hosp",2022-06-05,"quantile",0.1,2403.71994713088
2022-05-21,"US","15  day ahead inc hosp",2022-06-05,"quantile",0.15,2948.79717319481
2022-05-21,"US","15  day ahead inc hosp",2022-06-05,"quantile",0.2,3382.00727317073
2022-05-21,"US","15  day ahead inc hosp",2022-06-05,"quantile",0.25,3753.66296519134
2022-05-21,"US","15  day ahead inc hosp",2022-06-05,"quantile",0.3,4087.4212631279
2022-05-21,"US","15  day ahead inc hosp",2022-06-05,"quantile",0.35,4396.69806609575
2022-05-21,"US","15  day ahead inc hosp",2022-06-05,"quantile",0.4,4690.17150786774
2022-05-21,"US","15  day ahead inc hosp",2022-06-05,"quantile",0.45,4974.1104591226
2022-05-21,"US","15  day ahead inc hosp",2022-06-05,"quantile",0.5,5253.54766557858
2022-05-21,"US","15  day ahead inc hosp",2022-06-05,"quantile",0.55,5532.98487203455
2022-05-21,"US","15  day ahead inc hosp",2022-06-05,"quantile",0.6,5816.92382328942
2022-05-21,"US","15  day ahead inc hosp",2022-06-05,"quantile",0.65,6110.39726506141
2022-05-21,"US","15  day ahead inc hosp",2022-06-05,"quantile",0.7,6419.67406802926
2022-05-21,"US","15  day ahead inc hosp",2022-06-05,"quantile",0.75,6753.43236596581
2022-05-21,"US","15  day ahead inc hosp",2022-06-05,"quantile",0.8,7125.08805798643
2022-05-21,"US","15  day ahead inc hosp",2022-06-05,"quantile",0.85,7558.29815796234
2022-05-21,"US","15  day ahead inc hosp",2022-06-05,"quantile",0.9,8103.37538402628
2022-05-21,"US","15  day ahead inc hosp",2022-06-05,"quantile",0.95,8911.26194325849
2022-05-21,"US","15  day ahead inc hosp",2022-06-05,"quantile",0.975,9611.98305005555
2022-05-21,"US","15  day ahead inc hosp",2022-06-05,"quantile",0.99,10426.722770223
2022-05-21,"US","16  day ahead inc hosp",2022-06-06,"quantile",0.01,337.569455413323
2022-05-21,"US","16  day ahead inc hosp",2022-06-06,"quantile",0.025,1185.77999787892
2022-05-21,"US","16  day ahead inc hosp",2022-06-06,"quantile",0.05,1915.28785836623
2022-05-21,"US","16  day ahead inc hosp",2022-06-06,"quantile",0.1,2756.36370098766
2022-05-21,"US","16  day ahead inc hosp",2022-06-06,"quantile",0.15,3323.83357898782
2022-05-21,"US","16  day ahead inc hosp",2022-06-06,"quantile",0.2,3774.84064886114
2022-05-21,"US","16  day ahead inc hosp",2022-06-06,"quantile",0.25,4161.76455638147
2022-05-21,"US","16  day ahead inc hosp",2022-06-06,"quantile",0.3,4509.23418372082
2022-05-21,"US","16  day ahead inc hosp",2022-06-06,"quantile",0.35,4831.21657677692
2022-05-21,"US","16  day ahead inc hosp",2022-06-06,"quantile",0.4,5136.74638106029
2022-05-21,"US","16  day ahead inc hosp",2022-06-06,"quantile",0.45,5432.35000257207
2022-05-21,"US","16  day ahead inc hosp",2022-06-06,"quantile",0.5,5723.26694034498
2022-05-21,"US","16  day ahead inc hosp",2022-06-06,"quantile",0.55,6014.1838781179
2022-05-21,"US","16  day ahead inc hosp",2022-06-06,"quantile",0.6,6309.78749962968
2022-05-21,"US","16  day ahead inc hosp",2022-06-06,"quantile",0.65,6615.31730391305
2022-05-21,"US","16  day ahead inc hosp",2022-06-06,"quantile",0.7,6937.29969696915
2022-05-21,"US","16  day ahead inc hosp",2022-06-06,"quantile",0.75,7284.7693243085
2022-05-21,"US","16  day ahead inc hosp",2022-06-06,"quantile",0.8,7671.69323182883
2022-05-21,"US","16  day ahead inc hosp",2022-06-06,"quantile",0.85,8122.70030170214
2022-05-21,"US","16  day ahead inc hosp",2022-06-06,"quantile",0.9,8690.17017970231
2022-05-21,"US","16  day ahead inc hosp",2022-06-06,"quantile",0.95,9531.24602232373
2022-05-21,"US","16  day ahead inc hosp",2022-06-06,"quantile",0.975,10260.753882811
2022-05-21,"US","16  day ahead inc hosp",2022-06-06,"quantile",0.99,11108.9644252766
2022-05-21,"US","17  day ahead inc hosp",2022-06-07,"quantile",0.01,197.890701510971
2022-05-21,"US","17  day ahead inc hosp",2022-06-07,"quantile",0.025,1078.26654909232
2022-05-21,"US","17  day ahead inc hosp",2022-06-07,"quantile",0.05,1835.43834647048
2022-05-21,"US","17  day ahead inc hosp",2022-06-07,"quantile",0.1,2708.40893662094
2022-05-21,"US","17  day ahead inc hosp",2022-06-07,"quantile",0.15,3297.39804935829
2022-05-21,"US","17  day ahead inc hosp",2022-06-07,"quantile",0.2,3765.5079248271
2022-05-21,"US","17  day ahead inc hosp",2022-06-07,"quantile",0.25,4167.10451668568
2022-05-21,"US","17  day ahead inc hosp",2022-06-07,"quantile",0.3,4527.75066803915
2022-05-21,"US","17  day ahead inc hosp",2022-06-07,"quantile",0.35,4861.94307428896
2022-05-21,"US","17  day ahead inc hosp",2022-06-07,"quantile",0.4,5179.05898707337
2022-05-21,"US","17  day ahead inc hosp",2022-06-07,"quantile",0.45,5485.87230264484
2022-05-21,"US","17  day ahead inc hosp",2022-06-07,"quantile",0.5,5787.82120901321
2022-05-21,"US","17  day ahead inc hosp",2022-06-07,"quantile",0.55,6089.77011538157
2022-05-21,"US","17  day ahead inc hosp",2022-06-07,"quantile",0.6,6396.58343095304
2022-05-21,"US","17  day ahead inc hosp",2022-06-07,"quantile",0.65,6713.69934373745
2022-05-21,"US","17  day ahead inc hosp",2022-06-07,"quantile",0.7,7047.89174998726
2022-05-21,"US","17  day ahead inc hosp",2022-06-07,"quantile",0.75,7408.53790134073
2022-05-21,"US","17  day ahead inc hosp",2022-06-07,"quantile",0.8,7810.13449319931
2022-05-21,"US","17  day ahead inc hosp",2022-06-07,"quantile",0.85,8278.24436866812
2022-05-21,"US","17  day ahead inc hosp",2022-06-07,"quantile",0.9,8867.23348140547
2022-05-21,"US","17  day ahead inc hosp",2022-06-07,"quantile",0.95,9740.20407155593
2022-05-21,"US","17  day ahead inc hosp",2022-06-07,"quantile",0.975,10497.3758689341
2022-05-21,"US","17  day ahead inc hosp",2022-06-07,"quantile",0.99,11377.7517165154
2022-05-21,"US","18  day ahead inc hosp",2022-06-08,"quantile",0.01,0
2022-05-21,"US","18  day ahead inc hosp",2022-06-08,"quantile",0.025,826.58156910223
2022-05-21,"US","18  day ahead inc hosp",2022-06-08,"quantile",0.05,1610.27377363589
2022-05-21,"US","18  day ahead inc hosp",2022-06-08,"quantile",0.1,2513.82069476663
2022-05-21,"US","18  day ahead inc hosp",2022-06-08,"quantile",0.15,3123.43951285492
2022-05-21,"US","18  day ahead inc hosp",2022-06-08,"quantile",0.2,3607.94522416169
2022-05-21,"US","18  day ahead inc hosp",2022-06-08,"quantile",0.25,4023.60798325633
2022-05-21,"US","18  day ahead inc hosp",2022-06-08,"quantile",0.3,4396.88598752096
2022-05-21,"US","18  day ahead inc hosp",2022-06-08,"quantile",0.35,4742.78368801537
2022-05-21,"US","18  day ahead inc hosp",2022-06-08,"quantile",0.4,5071.00678037468
2022-05-21,"US","18  day ahead inc hosp",2022-06-08,"quantile",0.45,5388.56642072721
2022-05-21,"US","18  day ahead inc hosp",2022-06-08,"quantile",0.5,5701.09127295724
2022-05-21,"US","18  day ahead inc hosp",2022-06-08,"quantile",0.55,6013.61612518726
2022-05-21,"US","18  day ahead inc hosp",2022-06-08,"quantile",0.6,6331.1757655398
2022-05-21,"US","18  day ahead inc hosp",2022-06-08,"quantile",0.65,6659.39885789911
2022-05-21,"US","18  day ahead inc hosp",2022-06-08,"quantile",0.7,7005.29655839352
2022-05-21,"US","18  day ahead inc hosp",2022-06-08,"quantile",0.75,7378.57456265814
2022-05-21,"US","18  day ahead inc hosp",2022-06-08,"quantile",0.8,7794.23732175279
2022-05-21,"US","18  day ahead inc hosp",2022-06-08,"quantile",0.85,8278.74303305955
2022-05-21,"US","18  day ahead inc hosp",2022-06-08,"quantile",0.9,8888.36185114784
2022-05-21,"US","18  day ahead inc hosp",2022-06-08,"quantile",0.95,9791.90877227859
2022-05-21,"US","18  day ahead inc hosp",2022-06-08,"quantile",0.975,10575.6009768122
2022-05-21,"US","18  day ahead inc hosp",2022-06-08,"quantile",0.99,11486.8125290627
2022-05-21,"US","19  day ahead inc hosp",2022-06-09,"quantile",0.01,0
2022-05-21,"US","19  day ahead inc hosp",2022-06-09,"quantile",0.025,780.679324851132
2022-05-21,"US","19  day ahead inc hosp",2022-06-09,"quantile",0.05,1589.73141466196
2022-05-21,"US","19  day ahead inc hosp",2022-06-09,"quantile",0.1,2522.5166593716
2022-05-21,"US","19  day ahead inc hosp",2022-06-09,"quantile",0.15,3151.86243556932
2022-05-21,"US","19  day ahead inc hosp",2022-06-09,"quantile",0.2,3652.04650782416
2022-05-21,"US","19  day ahead inc hosp",2022-06-09,"quantile",0.25,4081.15990458452
2022-05-21,"US","19  day ahead inc hosp",2022-06-09,"quantile",0.3,4466.5169971824
2022-05-21,"US","19  day ahead inc hosp",2022-06-09,"quantile",0.35,4823.60777316158
2022-05-21,"US","19  day ahead inc hosp",2022-06-09,"quantile",0.4,5162.4519995827
2022-05-21,"US","19  day ahead inc hosp",2022-06-09,"quantile",0.45,5490.28771005742
2022-05-21,"US","19  day ahead inc hosp",2022-06-09,"quantile",0.5,5812.92570920018
2022-05-21,"US","19  day ahead inc hosp",2022-06-09,"quantile",0.55,6135.56370834295
2022-05-21,"US","19  day ahead inc hosp",2022-06-09,"quantile",0.6,6463.39941881767
2022-05-21,"US","19  day ahead inc hosp",2022-06-09,"quantile",0.65,6802.24364523879
2022-05-21,"US","19  day ahead inc hosp",2022-06-09,"quantile",0.7,7159.33442121797
2022-05-21,"US","19  day ahead inc hosp",2022-06-09,"quantile",0.75,7544.69151381585
2022-05-21,"US","19  day ahead inc hosp",2022-06-09,"quantile",0.8,7973.80491057621
2022-05-21,"US","19  day ahead inc hosp",2022-06-09,"quantile",0.85,8473.98898283105
2022-05-21,"US","19  day ahead inc hosp",2022-06-09,"quantile",0.9,9103.33475902877
2022-05-21,"US","19  day ahead inc hosp",2022-06-09,"quantile",0.95,10036.1200037384
2022-05-21,"US","19  day ahead inc hosp",2022-06-09,"quantile",0.975,10845.1720935492
2022-05-21,"US","19  day ahead inc hosp",2022-06-09,"quantile",0.99,11785.8699929837
2022-05-21,"US","20  day ahead inc hosp",2022-06-10,"quantile",0.01,0
2022-05-21,"US","20  day ahead inc hosp",2022-06-10,"quantile",0.025,612.041187066874
2022-05-21,"US","20  day ahead inc hosp",2022-06-10,"quantile",0.05,1445.27951667125
2022-05-21,"US","20  day ahead inc hosp",2022-06-10,"quantile",0.1,2405.949946882
2022-05-21,"US","20  day ahead inc hosp",2022-06-10,"quantile",0.15,3054.10972535209
2022-05-21,"US","20  day ahead inc hosp",2022-06-10,"quantile",0.2,3569.24657019701
2022-05-21,"US","20  day ahead inc hosp",2022-06-10,"quantile",0.25,4011.18811441955
2022-05-21,"US","20  day ahead inc hosp",2022-06-10,"quantile",0.3,4408.06527990902
2022-05-21,"US","20  day ahead inc hosp",2022-06-10,"quantile",0.35,4775.83112025632
2022-05-21,"US","20  day ahead inc hosp",2022-06-10,"quantile",0.4,5124.80493884598
2022-05-21,"US","20  day ahead inc hosp",2022-06-10,"quantile",0.45,5462.44114697257
2022-05-21,"US","20  day ahead inc hosp",2022-06-10,"quantile",0.5,5794.72426057959
2022-05-21,"US","20  day ahead inc hosp",2022-06-10,"quantile",0.55,6127.00737418662
2022-05-21,"US","20  day ahead inc hosp",2022-06-10,"quantile",0.6,6464.64358231321
2022-05-21,"US","20  day ahead inc hosp",2022-06-10,"quantile",0.65,6813.61740090287
2022-05-21,"US","20  day ahead inc hosp",2022-06-10,"quantile",0.7,7181.38324125017
2022-05-21,"US","20  day ahead inc hosp",2022-06-10,"quantile",0.75,7578.26040673964
2022-05-21,"US","20  day ahead inc hosp",2022-06-10,"quantile",0.8,8020.20195096218
2022-05-21,"US","20  day ahead inc hosp",2022-06-10,"quantile",0.85,8535.33879580709
2022-05-21,"US","20  day ahead inc hosp",2022-06-10,"quantile",0.9,9183.49857427719
2022-05-21,"US","20  day ahead inc hosp",2022-06-10,"quantile",0.95,10144.1690044879
2022-05-21,"US","20  day ahead inc hosp",2022-06-10,"quantile",0.975,10977.4073340923
2022-05-21,"US","20  day ahead inc hosp",2022-06-10,"quantile",0.99,11946.2269641985
2022-05-21,"US","21  day ahead inc hosp",2022-06-11,"quantile",0.01,0
2022-05-21,"US","21  day ahead inc hosp",2022-06-11,"quantile",0.025,363.480047173997
2022-05-21,"US","21  day ahead inc hosp",2022-06-11,"quantile",0.05,1219.72164223587
2022-05-21,"US","21  day ahead inc hosp",2022-06-11,"quantile",0.1,2206.91336430054
2022-05-21,"US","21  day ahead inc hosp",2022-06-11,"quantile",0.15,2872.96693247436
2022-05-21,"US","21  day ahead inc hosp",2022-06-11,"quantile",0.2,3402.32519413112
2022-05-21,"US","21  day ahead inc hosp",2022-06-11,"quantile",0.25,3856.46744767925
2022-05-21,"US","21  day ahead inc hosp",2022-06-11,"quantile",0.3,4264.30122722188
2022-05-21,"US","21  day ahead inc hosp",2022-06-11,"quantile",0.35,4642.22000335135
2022-05-21,"US","21  day ahead inc hosp",2022-06-11,"quantile",0.4,5000.82796514052
2022-05-21,"US","21  day ahead inc hosp",2022-06-11,"quantile",0.45,5347.78531830768
2022-05-21,"US","21  day ahead inc hosp",2022-06-11,"quantile",0.5,5689.24179372222
2022-05-21,"US","21  day ahead inc hosp",2022-06-11,"quantile",0.55,6030.69826913676
2022-05-21,"US","21  day ahead inc hosp",2022-06-11,"quantile",0.6,6377.65562230391
2022-05-21,"US","21  day ahead inc hosp",2022-06-11,"quantile",0.65,6736.26358409308
2022-05-21,"US","21  day ahead inc hosp",2022-06-11,"quantile",0.7,7114.18236022255
2022-05-21,"US","21  day ahead inc hosp",2022-06-11,"quantile",0.75,7522.01613976518
2022-05-21,"US","21  day ahead inc hosp",2022-06-11,"quantile",0.8,7976.15839331331
2022-05-21,"US","21  day ahead inc hosp",2022-06-11,"quantile",0.85,8505.51665497008
2022-05-21,"US","21  day ahead inc hosp",2022-06-11,"quantile",0.9,9171.5702231439
2022-05-21,"US","21  day ahead inc hosp",2022-06-11,"quantile",0.95,10158.7619452086
2022-05-21,"US","21  day ahead inc hosp",2022-06-11,"quantile",0.975,11015.0035402704
2022-05-21,"US","21  day ahead inc hosp",2022-06-11,"quantile",0.99,12010.5694377289
2022-05-21,"US","22  day ahead inc hosp",2022-06-12,"quantile",0.01,0
2022-05-21,"US","22  day ahead inc hosp",2022-06-12,"quantile",0.025,669.91826947843
2022-05-21,"US","22  day ahead inc hosp",2022-06-12,"quantile",0.05,1569.54701371795
2022-05-21,"US","22  day ahead inc hosp",2022-06-12,"quantile",0.1,2606.76134010269
2022-05-21,"US","22  day ahead inc hosp",2022-06-12,"quantile",0.15,3306.56492192841
2022-05-21,"US","22  day ahead inc hosp",2022-06-12,"quantile",0.2,3862.7466245385
2022-05-21,"US","22  day ahead inc hosp",2022-06-12,"quantile",0.25,4339.90100202011
2022-05-21,"US","22  day ahead inc hosp",2022-06-12,"quantile",0.3,4768.4003800746
2022-05-21,"US","22  day ahead inc hosp",2022-06-12,"quantile",0.35,5165.46891301514
2022-05-21,"US","22  day ahead inc hosp",2022-06-12,"quantile",0.4,5542.24812135923
2022-05-21,"US","22  day ahead inc hosp",2022-06-12,"quantile",0.45,5906.78636586238
2022-05-21,"US","22  day ahead inc hosp",2022-06-12,"quantile",0.5,6265.54499422292
2022-05-21,"US","22  day ahead inc hosp",2022-06-12,"quantile",0.55,6624.30362258345
2022-05-21,"US","22  day ahead inc hosp",2022-06-12,"quantile",0.6,6988.84186708661
2022-05-21,"US","22  day ahead inc hosp",2022-06-12,"quantile",0.65,7365.62107543069
2022-05-21,"US","22  day ahead inc hosp",2022-06-12,"quantile",0.7,7762.68960837124
2022-05-21,"US","22  day ahead inc hosp",2022-06-12,"quantile",0.75,8191.18898642573
2022-05-21,"US","22  day ahead inc hosp",2022-06-12,"quantile",0.8,8668.34336390734
2022-05-21,"US","22  day ahead inc hosp",2022-06-12,"quantile",0.85,9224.52506651743
2022-05-21,"US","22  day ahead inc hosp",2022-06-12,"quantile",0.9,9924.32864834315
2022-05-21,"US","22  day ahead inc hosp",2022-06-12,"quantile",0.95,10961.5429747279
2022-05-21,"US","22  day ahead inc hosp",2022-06-12,"quantile",0.975,11861.1717189674
2022-05-21,"US","22  day ahead inc hosp",2022-06-12,"quantile",0.99,12907.1845537836
2022-05-21,"US","23  day ahead inc hosp",2022-06-13,"quantile",0.01,0
2022-05-21,"US","23  day ahead inc hosp",2022-06-13,"quantile",0.025,679.304646271614
2022-05-21,"US","23  day ahead inc hosp",2022-06-13,"quantile",0.05,1621.04730548847
2022-05-21,"US","23  day ahead inc hosp",2022-06-13,"quantile",0.1,2706.81627870318
2022-05-21,"US","23  day ahead inc hosp",2022-06-13,"quantile",0.15,3439.37945023138
2022-05-21,"US","23  day ahead inc hosp",2022-06-13,"quantile",0.2,4021.59743623687
2022-05-21,"US","23  day ahead inc hosp",2022-06-13,"quantile",0.25,4521.08862655711
2022-05-21,"US","23  day ahead inc hosp",2022-06-13,"quantile",0.3,4969.6471528889
2022-05-21,"US","23  day ahead inc hosp",2022-06-13,"quantile",0.35,5385.30347611907
2022-05-21,"US","23  day ahead inc hosp",2022-06-13,"quantile",0.4,5779.72067974402
2022-05-21,"US","23  day ahead inc hosp",2022-06-13,"quantile",0.45,6161.32388880427
2022-05-21,"US","23  day ahead inc hosp",2022-06-13,"quantile",0.5,6536.87692315606
2022-05-21,"US","23  day ahead inc hosp",2022-06-13,"quantile",0.55,6912.42995750785
2022-05-21,"US","23  day ahead inc hosp",2022-06-13,"quantile",0.6,7294.0331665681
2022-05-21,"US","23  day ahead inc hosp",2022-06-13,"quantile",0.65,7688.45037019305
2022-05-21,"US","23  day ahead inc hosp",2022-06-13,"quantile",0.7,8104.10669342322
2022-05-21,"US","23  day ahead inc hosp",2022-06-13,"quantile",0.75,8552.66521975501
2022-05-21,"US","23  day ahead inc hosp",2022-06-13,"quantile",0.8,9052.15641007525
2022-05-21,"US","23  day ahead inc hosp",2022-06-13,"quantile",0.85,9634.37439608074
2022-05-21,"US","23  day ahead inc hosp",2022-06-13,"quantile",0.9,10366.9375676089
2022-05-21,"US","23  day ahead inc hosp",2022-06-13,"quantile",0.95,11452.7065408236
2022-05-21,"US","23  day ahead inc hosp",2022-06-13,"quantile",0.975,12394.4492000405
2022-05-21,"US","23  day ahead inc hosp",2022-06-13,"quantile",0.99,13489.4285622968
2022-05-21,"US","24  day ahead inc hosp",2022-06-14,"quantile",0.01,0
2022-05-21,"US","24  day ahead inc hosp",2022-06-14,"quantile",0.025,536.47744237414
2022-05-21,"US","24  day ahead inc hosp",2022-06-14,"quantile",0.05,1513.61188423364
2022-05-21,"US","24  day ahead inc hosp",2022-06-14,"quantile",0.1,2640.18531620792
2022-05-21,"US","24  day ahead inc hosp",2022-06-14,"quantile",0.15,3400.2790623416
2022-05-21,"US","24  day ahead inc hosp",2022-06-14,"quantile",0.2,4004.37747630655
2022-05-21,"US","24  day ahead inc hosp",2022-06-14,"quantile",0.25,4522.64012554576
2022-05-21,"US","24  day ahead inc hosp",2022-06-14,"quantile",0.3,4988.05600214311
2022-05-21,"US","24  day ahead inc hosp",2022-06-14,"quantile",0.35,5419.33317264172
2022-05-21,"US","24  day ahead inc hosp",2022-06-14,"quantile",0.4,5828.57303275844
2022-05-21,"US","24  day ahead inc hosp",2022-06-14,"quantile",0.45,6224.51733351568
2022-05-21,"US","24  day ahead inc hosp",2022-06-14,"quantile",0.5,6614.18408697372
2022-05-21,"US","24  day ahead inc hosp",2022-06-14,"quantile",0.55,7003.85084043177
2022-05-21,"US","24  day ahead inc hosp",2022-06-14,"quantile",0.6,7399.79514118901
2022-05-21,"US","24  day ahead inc hosp",2022-06-14,"quantile",0.65,7809.03500130573
2022-05-21,"US","24  day ahead inc hosp",2022-06-14,"quantile",0.7,8240.31217180433
2022-05-21,"US","24  day ahead inc hosp",2022-06-14,"quantile",0.75,8705.72804840169
2022-05-21,"US","24  day ahead inc hosp",2022-06-14,"quantile",0.8,9223.99069764089
2022-05-21,"US","24  day ahead inc hosp",2022-06-14,"quantile",0.85,9828.08911160585
2022-05-21,"US","24  day ahead inc hosp",2022-06-14,"quantile",0.9,10588.1828577395
2022-05-21,"US","24  day ahead inc hosp",2022-06-14,"quantile",0.95,11714.7562897138
2022-05-21,"US","24  day ahead inc hosp",2022-06-14,"quantile",0.975,12691.8907315733
2022-05-21,"US","24  day ahead inc hosp",2022-06-14,"quantile",0.99,13828.020689704
2022-05-21,"US","25  day ahead inc hosp",2022-06-15,"quantile",0.01,0
2022-05-21,"US","25  day ahead inc hosp",2022-06-15,"quantile",0.025,347.525914501311
2022-05-21,"US","25  day ahead inc hosp",2022-06-15,"quantile",0.05,1358.80092381292
2022-05-21,"US","25  day ahead inc hosp",2022-06-15,"quantile",0.1,2524.73624356476
2022-05-21,"US","25  day ahead inc hosp",2022-06-15,"quantile",0.15,3311.38726851099
2022-05-21,"US","25  day ahead inc hosp",2022-06-15,"quantile",0.2,3936.59256579328
2022-05-21,"US","25  day ahead inc hosp",2022-06-15,"quantile",0.25,4472.96304152624
2022-05-21,"US","25  day ahead inc hosp",2022-06-15,"quantile",0.3,4954.64030596088
2022-05-21,"US","25  day ahead inc hosp",2022-06-15,"quantile",0.35,5400.98607572198
2022-05-21,"US","25  day ahead inc hosp",2022-06-15,"quantile",0.4,5824.52456297727
2022-05-21,"US","25  day ahead inc hosp",2022-06-15,"quantile",0.45,6234.30295096774
2022-05-21,"US","25  day ahead inc hosp",2022-06-15,"quantile",0.5,6637.58445743251
2022-05-21,"US","25  day ahead inc hosp",2022-06-15,"quantile",0.55,7040.86596389728
2022-05-21,"US","25  day ahead inc hosp",2022-06-15,"quantile",0.6,7450.64435188775
2022-05-21,"US","25  day ahead inc hosp",2022-06-15,"quantile",0.65,7874.18283914304
2022-05-21,"US","25  day ahead inc hosp",2022-06-15,"quantile",0.7,8320.52860890414
2022-05-21,"US","25  day ahead inc hosp",2022-06-15,"quantile",0.75,8802.20587333878
2022-05-21,"US","25  day ahead inc hosp",2022-06-15,"quantile",0.8,9338.57634907174
2022-05-21,"US","25  day ahead inc hosp",2022-06-15,"quantile",0.85,9963.78164635403
2022-05-21,"US","25  day ahead inc hosp",2022-06-15,"quantile",0.9,10750.4326713003
2022-05-21,"US","25  day ahead inc hosp",2022-06-15,"quantile",0.95,11916.3679910521
2022-05-21,"US","25  day ahead inc hosp",2022-06-15,"quantile",0.975,12927.6430003637
2022-05-21,"US","25  day ahead inc hosp",2022-06-15,"quantile",0.99,14103.4687463085
2022-05-21,"US","26  day ahead inc hosp",2022-06-16,"quantile",0.01,0
2022-05-21,"US","26  day ahead inc hosp",2022-06-16,"quantile",0.025,182.425373250175
2022-05-21,"US","26  day ahead inc hosp",2022-06-16,"quantile",0.05,1227.7124075082
2022-05-21,"US","26  day ahead inc hosp",2022-06-16,"quantile",0.1,2432.86141376092
2022-05-21,"US","26  day ahead inc hosp",2022-06-16,"quantile",0.15,3245.96972682188
2022-05-21,"US","26  day ahead inc hosp",2022-06-16,"quantile",0.2,3892.20243798467
2022-05-21,"US","26  day ahead inc hosp",2022-06-16,"quantile",0.25,4446.61256251066
2022-05-21,"US","26  day ahead inc hosp",2022-06-16,"quantile",0.3,4944.48998910023
2022-05-21,"US","26  day ahead inc hosp",2022-06-16,"quantile",0.35,5405.84762340466
2022-05-21,"US","26  day ahead inc hosp",2022-06-16,"quantile",0.4,5843.63090209814
2022-05-21,"US","26  day ahead inc hosp",2022-06-16,"quantile",0.45,6267.19129065868
2022-05-21,"US","26  day ahead inc hosp",2022-06-16,"quantile",0.5,6684.03628928138
2022-05-21,"US","26  day ahead inc hosp",2022-06-16,"quantile",0.55,7100.88128790408
2022-05-21,"US","26  day ahead inc hosp",2022-06-16,"quantile",0.6,7524.44167646463
2022-05-21,"US","26  day ahead inc hosp",2022-06-16,"quantile",0.65,7962.2249551581
2022-05-21,"US","26  day ahead inc hosp",2022-06-16,"quantile",0.7,8423.58258946253
2022-05-21,"US","26  day ahead inc hosp",2022-06-16,"quantile",0.75,8921.46001605211
2022-05-21,"US","26  day ahead inc hosp",2022-06-16,"quantile",0.8,9475.87014057809
2022-05-21,"US","26  day ahead inc hosp",2022-06-16,"quantile",0.85,10122.1028517409
2022-05-21,"US","26  day ahead inc hosp",2022-06-16,"quantile",0.9,10935.2111648018
2022-05-21,"US","26  day ahead inc hosp",2022-06-16,"quantile",0.95,12140.3601710546
2022-05-21,"US","26  day ahead inc hosp",2022-06-16,"quantile",0.975,13185.6472053126
2022-05-21,"US","26  day ahead inc hosp",2022-06-16,"quantile",0.99,14401.0192806292
2022-05-21,"US","27  day ahead inc hosp",2022-06-17,"quantile",0.01,0
2022-05-21,"US","27  day ahead inc hosp",2022-06-17,"quantile",0.025,0
2022-05-21,"US","27  day ahead inc hosp",2022-06-17,"quantile",0.05,1005.68101039582
2022-05-21,"US","27  day ahead inc hosp",2022-06-17,"quantile",0.1,2248.43879740384
2022-05-21,"US","27  day ahead inc hosp",2022-06-17,"quantile",0.15,3086.92157629233
2022-05-21,"US","27  day ahead inc hosp",2022-06-17,"quantile",0.2,3753.3211085079
2022-05-21,"US","27  day ahead inc hosp",2022-06-17,"quantile",0.25,4325.03256980937
2022-05-21,"US","27  day ahead inc hosp",2022-06-17,"quantile",0.3,4838.44713154363
2022-05-21,"US","27  day ahead inc hosp",2022-06-17,"quantile",0.35,5314.20223705562
2022-05-21,"US","27  day ahead inc hosp",2022-06-17,"quantile",0.4,5765.64730799329
2022-05-21,"US","27  day ahead inc hosp",2022-06-17,"quantile",0.45,6202.42563865673
2022-05-21,"US","27  day ahead inc hosp",2022-06-17,"quantile",0.5,6632.27901390407
2022-05-21,"US","27  day ahead inc hosp",2022-06-17,"quantile",0.55,7062.13238915141
2022-05-21,"US","27  day ahead inc hosp",2022-06-17,"quantile",0.6,7498.91071981485
2022-05-21,"US","27  day ahead inc hosp",2022-06-17,"quantile",0.65,7950.35579075253
2022-05-21,"US","27  day ahead inc hosp",2022-06-17,"quantile",0.7,8426.11089626452
2022-05-21,"US","27  day ahead inc hosp",2022-06-17,"quantile",0.75,8939.52545799877
2022-05-21,"US","27  day ahead inc hosp",2022-06-17,"quantile",0.8,9511.23691930025
2022-05-21,"US","27  day ahead inc hosp",2022-06-17,"quantile",0.85,10177.6364515158
2022-05-21,"US","27  day ahead inc hosp",2022-06-17,"quantile",0.9,11016.1192304043
2022-05-21,"US","27  day ahead inc hosp",2022-06-17,"quantile",0.95,12258.8770174123
2022-05-21,"US","27  day ahead inc hosp",2022-06-17,"quantile",0.975,13336.7840602285
2022-05-21,"US","27  day ahead inc hosp",2022-06-17,"quantile",0.99,14590.0839450355
2022-05-21,"US","28  day ahead inc hosp",2022-06-18,"quantile",0.01,0
2022-05-21,"US","28  day ahead inc hosp",2022-06-18,"quantile",0.025,0
2022-05-21,"US","28  day ahead inc hosp",2022-06-18,"quantile",0.05,646.935455538521
2022-05-21,"US","28  day ahead inc hosp",2022-06-18,"quantile",0.1,1925.35599114849
2022-05-21,"US","28  day ahead inc hosp",2022-06-18,"quantile",0.15,2787.90025720943
2022-05-21,"US","28  day ahead inc hosp",2022-06-18,"quantile",0.2,3473.42309666499
2022-05-21,"US","28  day ahead inc hosp",2022-06-18,"quantile",0.25,4061.54065280682
2022-05-21,"US","28  day ahead inc hosp",2022-06-18,"quantile",0.3,4589.68839475939
2022-05-21,"US","28  day ahead inc hosp",2022-06-18,"quantile",0.35,5079.09598742643
2022-05-21,"US","28  day ahead inc hosp",2022-06-18,"quantile",0.4,5543.49593359462
2022-05-21,"US","28  day ahead inc hosp",2022-06-18,"quantile",0.45,5992.80825596913
2022-05-21,"US","28  day ahead inc hosp",2022-06-18,"quantile",0.5,6434.99690122435
2022-05-21,"US","28  day ahead inc hosp",2022-06-18,"quantile",0.55,6877.18554647958
2022-05-21,"US","28  day ahead inc hosp",2022-06-18,"quantile",0.6,7326.49786885409
2022-05-21,"US","28  day ahead inc hosp",2022-06-18,"quantile",0.65,7790.89781502228
2022-05-21,"US","28  day ahead inc hosp",2022-06-18,"quantile",0.7,8280.30540768932
2022-05-21,"US","28  day ahead inc hosp",2022-06-18,"quantile",0.75,8808.45314964189
2022-05-21,"US","28  day ahead inc hosp",2022-06-18,"quantile",0.8,9396.57070578372
2022-05-21,"US","28  day ahead inc hosp",2022-06-18,"quantile",0.85,10082.0935452393
2022-05-21,"US","28  day ahead inc hosp",2022-06-18,"quantile",0.9,10944.6378113002
2022-05-21,"US","28  day ahead inc hosp",2022-06-18,"quantile",0.95,12223.0583469102
2022-05-21,"US","28  day ahead inc hosp",2022-06-18,"quantile",0.975,13331.8975056109
2022-05-21,"US","28  day ahead inc hosp",2022-06-18,"quantile",0.99,14621.1626599033
2022-05-21,"US","29  day ahead inc hosp",2022-06-19,"quantile",0.01,0
2022-05-21,"US","29  day ahead inc hosp",2022-06-19,"quantile",0.025,0
2022-05-21,"US","29  day ahead inc hosp",2022-06-19,"quantile",0.05,481.013665297268
2022-05-21,"US","29  day ahead inc hosp",2022-06-19,"quantile",0.1,1793.44276051775
2022-05-21,"US","29  day ahead inc hosp",2022-06-19,"quantile",0.15,2678.93244029191
2022-05-21,"US","29  day ahead inc hosp",2022-06-19,"quantile",0.2,3382.69156718232
2022-05-21,"US","29  day ahead inc hosp",2022-06-19,"quantile",0.25,3986.45423415343
2022-05-21,"US","29  day ahead inc hosp",2022-06-19,"quantile",0.3,4528.65176916316
2022-05-21,"US","29  day ahead inc hosp",2022-06-19,"quantile",0.35,5031.0785889354
2022-05-21,"US","29  day ahead inc hosp",2022-06-19,"quantile",0.4,5507.83250847343
2022-05-21,"US","29  day ahead inc hosp",2022-06-19,"quantile",0.45,5969.09744305463
2022-05-21,"US","29  day ahead inc hosp",2022-06-19,"quantile",0.5,6423.04919636575
2022-05-21,"US","29  day ahead inc hosp",2022-06-19,"quantile",0.55,6877.00094967687
2022-05-21,"US","29  day ahead inc hosp",2022-06-19,"quantile",0.6,7338.26588425807
2022-05-21,"US","29  day ahead inc hosp",2022-06-19,"quantile",0.65,7815.01980379609
2022-05-21,"US","29  day ahead inc hosp",2022-06-19,"quantile",0.7,8317.44662356833
2022-05-21,"US","29  day ahead inc hosp",2022-06-19,"quantile",0.75,8859.64415857807
2022-05-21,"US","29  day ahead inc hosp",2022-06-19,"quantile",0.8,9463.40682554918
2022-05-21,"US","29  day ahead inc hosp",2022-06-19,"quantile",0.85,10167.1659524396
2022-05-21,"US","29  day ahead inc hosp",2022-06-19,"quantile",0.9,11052.6556322137
2022-05-21,"US","29  day ahead inc hosp",2022-06-19,"quantile",0.95,12365.0847274342
2022-05-21,"US","29  day ahead inc hosp",2022-06-19,"quantile",0.975,13503.4212397653
2022-05-21,"US","29  day ahead inc hosp",2022-06-19,"quantile",0.99,14826.9834423545
2022-05-21,"US","30  day ahead inc hosp",2022-06-20,"quantile",0.01,0
2022-05-21,"US","30  day ahead inc hosp",2022-06-20,"quantile",0.025,0
2022-05-21,"US","30  day ahead inc hosp",2022-06-20,"quantile",0.05,654.50778142016
2022-05-21,"US","30  day ahead inc hosp",2022-06-20,"quantile",0.1,1999.33590951348
2022-05-21,"US","30  day ahead inc hosp",2022-06-20,"quantile",0.15,2906.68506295219
2022-05-21,"US","30  day ahead inc hosp",2022-06-20,"quantile",0.2,3627.81740655177
2022-05-21,"US","30  day ahead inc hosp",2022-06-20,"quantile",0.25,4246.4847465188
2022-05-21,"US","30  day ahead inc hosp",2022-06-20,"quantile",0.3,4802.06713852716
2022-05-21,"US","30  day ahead inc hosp",2022-06-20,"quantile",0.35,5316.89702305107
2022-05-21,"US","30  day ahead inc hosp",2022-06-20,"quantile",0.4,5805.42023814008
2022-05-21,"US","30  day ahead inc hosp",2022-06-20,"quantile",0.45,6278.07210237182
2022-05-21,"US","30  day ahead inc hosp",2022-06-20,"quantile",0.5,6743.23024986588
2022-05-21,"US","30  day ahead inc hosp",2022-06-20,"quantile",0.55,7208.38839735995
2022-05-21,"US","30  day ahead inc hosp",2022-06-20,"quantile",0.6,7681.04026159168
2022-05-21,"US","30  day ahead inc hosp",2022-06-20,"quantile",0.65,8169.56347668069
2022-05-21,"US","30  day ahead inc hosp",2022-06-20,"quantile",0.7,8684.39336120461
2022-05-21,"US","30  day ahead inc hosp",2022-06-20,"quantile",0.75,9239.97575321296
2022-05-21,"US","30  day ahead inc hosp",2022-06-20,"quantile",0.8,9858.64309317999
2022-05-21,"US","30  day ahead inc hosp",2022-06-20,"quantile",0.85,10579.7754367796
2022-05-21,"US","30  day ahead inc hosp",2022-06-20,"quantile",0.9,11487.1245902183
2022-05-21,"US","30  day ahead inc hosp",2022-06-20,"quantile",0.95,12831.9527183116
2022-05-21,"US","30  day ahead inc hosp",2022-06-20,"quantile",0.975,13998.3905598632
2022-05-21,"US","30  day ahead inc hosp",2022-06-20,"quantile",0.99,15354.6266306767
2022-05-21,"US","31  day ahead inc hosp",2022-06-21,"quantile",0.01,0
2022-05-21,"US","31  day ahead inc hosp",2022-06-21,"quantile",0.025,0
2022-05-21,"US","31  day ahead inc hosp",2022-06-21,"quantile",0.05,603.590343012567
2022-05-21,"US","31  day ahead inc hosp",2022-06-21,"quantile",0.1,1979.12060755962
2022-05-21,"US","31  day ahead inc hosp",2022-06-21,"quantile",0.15,2907.18434670494
2022-05-21,"US","31  day ahead inc hosp",2022-06-21,"quantile",0.2,3644.7799863584
2022-05-21,"US","31  day ahead inc hosp",2022-06-21,"quantile",0.25,4277.57136841999
2022-05-21,"US","31  day ahead inc hosp",2022-06-21,"quantile",0.3,4845.83758675113
2022-05-21,"US","31  day ahead inc hosp",2022-06-21,"quantile",0.35,5372.42092663109
2022-05-21,"US","31  day ahead inc hosp",2022-06-21,"quantile",0.4,5872.0970214801
2022-05-21,"US","31  day ahead inc hosp",2022-06-21,"quantile",0.45,6355.53942595085
2022-05-21,"US","31  day ahead inc hosp",2022-06-21,"quantile",0.5,6831.31703374515
2022-05-21,"US","31  day ahead inc hosp",2022-06-21,"quantile",0.55,7307.09464153945
2022-05-21,"US","31  day ahead inc hosp",2022-06-21,"quantile",0.6,7790.5370460102
2022-05-21,"US","31  day ahead inc hosp",2022-06-21,"quantile",0.65,8290.2131408592
2022-05-21,"US","31  day ahead inc hosp",2022-06-21,"quantile",0.7,8816.79648073917
2022-05-21,"US","31  day ahead inc hosp",2022-06-21,"quantile",0.75,9385.06269907031
2022-05-21,"US","31  day ahead inc hosp",2022-06-21,"quantile",0.8,10017.8540811319
2022-05-21,"US","31  day ahead inc hosp",2022-06-21,"quantile",0.85,10755.4497207854
2022-05-21,"US","31  day ahead inc hosp",2022-06-21,"quantile",0.9,11683.5134599307
2022-05-21,"US","31  day ahead inc hosp",2022-06-21,"quantile",0.95,13059.0437244777
2022-05-21,"US","31  day ahead inc hosp",2022-06-21,"quantile",0.975,14252.1110906712
2022-05-21,"US","31  day ahead inc hosp",2022-06-21,"quantile",0.99,15639.3097388131
2022-05-21,"US","32  day ahead inc hosp",2022-06-22,"quantile",0.01,0
2022-05-21,"US","32  day ahead inc hosp",2022-06-22,"quantile",0.025,0
2022-05-21,"US","32  day ahead inc hosp",2022-06-22,"quantile",0.05,508.099563164415
2022-05-21,"US","32  day ahead inc hosp",2022-06-22,"quantile",0.1,1912.61367258803
2022-05-21,"US","32  day ahead inc hosp",2022-06-22,"quantile",0.15,2860.23267427045
2022-05-21,"US","32  day ahead inc hosp",2022-06-22,"quantile",0.2,3613.37021667396
2022-05-21,"US","32  day ahead inc hosp",2022-06-22,"quantile",0.25,4259.49516741783
2022-05-21,"US","32  day ahead inc hosp",2022-06-22,"quantile",0.3,4839.73534251692
2022-05-21,"US","32  day ahead inc hosp",2022-06-22,"quantile",0.35,5377.41433781868
2022-05-21,"US","32  day ahead inc hosp",2022-06-22,"quantile",0.4,5887.61912461645
2022-05-21,"US","32  day ahead inc hosp",2022-06-22,"quantile",0.45,6381.2481603952
2022-05-21,"US","32  day ahead inc hosp",2022-06-22,"quantile",0.5,6867.05089430665
2022-05-21,"US","32  day ahead inc hosp",2022-06-22,"quantile",0.55,7352.85362821811
2022-05-21,"US","32  day ahead inc hosp",2022-06-22,"quantile",0.6,7846.48266399685
2022-05-21,"US","32  day ahead inc hosp",2022-06-22,"quantile",0.65,8356.68745079463
2022-05-21,"US","32  day ahead inc hosp",2022-06-22,"quantile",0.7,8894.36644609639
2022-05-21,"US","32  day ahead inc hosp",2022-06-22,"quantile",0.75,9474.60662119548
2022-05-21,"US","32  day ahead inc hosp",2022-06-22,"quantile",0.8,10120.7315719393
2022-05-21,"US","32  day ahead inc hosp",2022-06-22,"quantile",0.85,10873.8691143429
2022-05-21,"US","32  day ahead inc hosp",2022-06-22,"quantile",0.9,11821.4881160253
2022-05-21,"US","32  day ahead inc hosp",2022-06-22,"quantile",0.95,13226.0022254489
2022-05-21,"US","32  day ahead inc hosp",2022-06-22,"quantile",0.975,14444.2087545966
2022-05-21,"US","32  day ahead inc hosp",2022-06-22,"quantile",0.99,15860.6371125218
2022-05-21,"US","33  day ahead inc hosp",2022-06-23,"quantile",0.01,0
2022-05-21,"US","33  day ahead inc hosp",2022-06-23,"quantile",0.025,0
2022-05-21,"US","33  day ahead inc hosp",2022-06-23,"quantile",0.05,509.529662603942
2022-05-21,"US","33  day ahead inc hosp",2022-06-23,"quantile",0.1,1941.3267755186
2022-05-21,"US","33  day ahead inc hosp",2022-06-23,"quantile",0.15,2907.35349013009
2022-05-21,"US","33  day ahead inc hosp",2022-06-23,"quantile",0.2,3675.12089923325
2022-05-21,"US","33  day ahead inc hosp",2022-06-23,"quantile",0.25,4333.79697293738
2022-05-21,"US","33  day ahead inc hosp",2022-06-23,"quantile",0.3,4925.30844436355
2022-05-21,"US","33  day ahead inc hosp",2022-06-23,"quantile",0.35,5473.43197547129
2022-05-21,"US","33  day ahead inc hosp",2022-06-23,"quantile",0.4,5993.54760537556
2022-05-21,"US","33  day ahead inc hosp",2022-06-23,"quantile",0.45,6496.76549655709
2022-05-21,"US","33  day ahead inc hosp",2022-06-23,"quantile",0.5,6992.00505819163
2022-05-21,"US","33  day ahead inc hosp",2022-06-23,"quantile",0.55,7487.24461982617
2022-05-21,"US","33  day ahead inc hosp",2022-06-23,"quantile",0.6,7990.4625110077
2022-05-21,"US","33  day ahead inc hosp",2022-06-23,"quantile",0.65,8510.57814091197
2022-05-21,"US","33  day ahead inc hosp",2022-06-23,"quantile",0.7,9058.70167201971
2022-05-21,"US","33  day ahead inc hosp",2022-06-23,"quantile",0.75,9650.21314344589
2022-05-21,"US","33  day ahead inc hosp",2022-06-23,"quantile",0.8,10308.88921715
2022-05-21,"US","33  day ahead inc hosp",2022-06-23,"quantile",0.85,11076.6566262532
2022-05-21,"US","33  day ahead inc hosp",2022-06-23,"quantile",0.9,12042.6833408647
2022-05-21,"US","33  day ahead inc hosp",2022-06-23,"quantile",0.95,13474.4804537793
2022-05-21,"US","33  day ahead inc hosp",2022-06-23,"quantile",0.975,14716.3509196327
2022-05-21,"US","33  day ahead inc hosp",2022-06-23,"quantile",0.99,16160.2937180144
2022-05-21,"US","34  day ahead inc hosp",2022-06-24,"quantile",0.01,0
2022-05-21,"US","34  day ahead inc hosp",2022-06-24,"quantile",0.025,0
2022-05-21,"US","34  day ahead inc hosp",2022-06-24,"quantile",0.05,280.395002013963
2022-05-21,"US","34  day ahead inc hosp",2022-06-24,"quantile",0.1,1737.78565656687
2022-05-21,"US","34  day ahead inc hosp",2022-06-24,"quantile",0.15,2721.08021221607
2022-05-21,"US","34  day ahead inc hosp",2022-06-24,"quantile",0.2,3502.5715539743
2022-05-21,"US","34  day ahead inc hosp",2022-06-24,"quantile",0.25,4173.02153989435
2022-05-21,"US","34  day ahead inc hosp",2022-06-24,"quantile",0.3,4775.10634837847
2022-05-21,"US","34  day ahead inc hosp",2022-06-24,"quantile",0.35,5333.02765201262
2022-05-21,"US","34  day ahead inc hosp",2022-06-24,"quantile",0.4,5862.4404099182
2022-05-21,"US","34  day ahead inc hosp",2022-06-24,"quantile",0.45,6374.65338003577
2022-05-21,"US","34  day ahead inc hosp",2022-06-24,"quantile",0.5,6878.74540702819
2022-05-21,"US","34  day ahead inc hosp",2022-06-24,"quantile",0.55,7382.83743402062
2022-05-21,"US","34  day ahead inc hosp",2022-06-24,"quantile",0.6,7895.05040413819
2022-05-21,"US","34  day ahead inc hosp",2022-06-24,"quantile",0.65,8424.46316204376
2022-05-21,"US","34  day ahead inc hosp",2022-06-24,"quantile",0.7,8982.38446567791
2022-05-21,"US","34  day ahead inc hosp",2022-06-24,"quantile",0.75,9584.46927416204
2022-05-21,"US","34  day ahead inc hosp",2022-06-24,"quantile",0.8,10254.9192600821
2022-05-21,"US","34  day ahead inc hosp",2022-06-24,"quantile",0.85,11036.4106018403
2022-05-21,"US","34  day ahead inc hosp",2022-06-24,"quantile",0.9,12019.7051574895
2022-05-21,"US","34  day ahead inc hosp",2022-06-24,"quantile",0.95,13477.0958120424
2022-05-21,"US","34  day ahead inc hosp",2022-06-24,"quantile",0.975,14741.1648584003
2022-05-21,"US","34  day ahead inc hosp",2022-06-24,"quantile",0.99,16210.9183039751
2022-05-21,"US","35  day ahead inc hosp",2022-06-25,"quantile",0.01,0
2022-05-21,"US","35  day ahead inc hosp",2022-06-25,"quantile",0.025,0
2022-05-21,"US","35  day ahead inc hosp",2022-06-25,"quantile",0.05,0
2022-05-21,"US","35  day ahead inc hosp",2022-06-25,"quantile",0.1,1469.49430615506
2022-05-21,"US","35  day ahead inc hosp",2022-06-25,"quantile",0.15,2468.92447752659
2022-05-21,"US","35  day ahead inc hosp",2022-06-25,"quantile",0.2,3263.2398951515
2022-05-21,"US","35  day ahead inc hosp",2022-06-25,"quantile",0.25,3944.69179628779
2022-05-21,"US","35  day ahead inc hosp",2022-06-25,"quantile",0.3,4556.65666466459
2022-05-21,"US","35  day ahead inc hosp",2022-06-25,"quantile",0.35,5123.73331621256
2022-05-21,"US","35  day ahead inc hosp",2022-06-25,"quantile",0.4,5661.83360398493
2022-05-21,"US","35  day ahead inc hosp",2022-06-25,"quantile",0.45,6182.45185978859
2022-05-21,"US","35  day ahead inc hosp",2022-06-25,"quantile",0.5,6694.81590983811
2022-05-21,"US","35  day ahead inc hosp",2022-06-25,"quantile",0.55,7207.17995988762
2022-05-21,"US","35  day ahead inc hosp",2022-06-25,"quantile",0.6,7727.79821569129
2022-05-21,"US","35  day ahead inc hosp",2022-06-25,"quantile",0.65,8265.89850346366
2022-05-21,"US","35  day ahead inc hosp",2022-06-25,"quantile",0.7,8832.97515501163
2022-05-21,"US","35  day ahead inc hosp",2022-06-25,"quantile",0.75,9444.94002338843
2022-05-21,"US","35  day ahead inc hosp",2022-06-25,"quantile",0.8,10126.3919245247
2022-05-21,"US","35  day ahead inc hosp",2022-06-25,"quantile",0.85,10920.7073421496
2022-05-21,"US","35  day ahead inc hosp",2022-06-25,"quantile",0.9,11920.1375135212
2022-05-21,"US","35  day ahead inc hosp",2022-06-25,"quantile",0.95,13401.443581237
2022-05-21,"US","35  day ahead inc hosp",2022-06-25,"quantile",0.975,14686.2556819129
2022-05-21,"US","35  day ahead inc hosp",2022-06-25,"quantile",0.99,16180.1274109341
2022-05-21,"US","36  day ahead inc hosp",2022-06-26,"quantile",0.01,0
2022-05-21,"US","36  day ahead inc hosp",2022-06-26,"quantile",0.025,0
2022-05-21,"US","36  day ahead inc hosp",2022-06-26,"quantile",0.05,0
2022-05-21,"US","36  day ahead inc hosp",2022-06-26,"quantile",0.1,1396.74738529401
2022-05-21,"US","36  day ahead inc hosp",2022-06-26,"quantile",0.15,2411.19513186899
2022-05-21,"US","36  day ahead inc hosp",2022-06-26,"quantile",0.2,3217.44604219878
2022-05-21,"US","36  day ahead inc hosp",2022-06-26,"quantile",0.25,3909.13753331943
2022-05-21,"US","36  day ahead inc hosp",2022-06-26,"quantile",0.3,4530.29786997002
2022-05-21,"US","36  day ahead inc hosp",2022-06-26,"quantile",0.35,5105.89549327239
2022-05-21,"US","36  day ahead inc hosp",2022-06-26,"quantile",0.4,5652.08134997203
2022-05-21,"US","36  day ahead inc hosp",2022-06-26,"quantile",0.45,6180.52248728636
2022-05-21,"US","36  day ahead inc hosp",2022-06-26,"quantile",0.5,6700.5853900157
2022-05-21,"US","36  day ahead inc hosp",2022-06-26,"quantile",0.55,7220.64829274504
2022-05-21,"US","36  day ahead inc hosp",2022-06-26,"quantile",0.6,7749.08943005937
2022-05-21,"US","36  day ahead inc hosp",2022-06-26,"quantile",0.65,8295.27528675901
2022-05-21,"US","36  day ahead inc hosp",2022-06-26,"quantile",0.7,8870.87291006137
2022-05-21,"US","36  day ahead inc hosp",2022-06-26,"quantile",0.75,9492.03324671196
2022-05-21,"US","36  day ahead inc hosp",2022-06-26,"quantile",0.8,10183.7247378326
2022-05-21,"US","36  day ahead inc hosp",2022-06-26,"quantile",0.85,10989.9756481624
2022-05-21,"US","36  day ahead inc hosp",2022-06-26,"quantile",0.9,12004.4233947374
2022-05-21,"US","36  day ahead inc hosp",2022-06-26,"quantile",0.95,13507.987771146
2022-05-21,"US","36  day ahead inc hosp",2022-06-26,"quantile",0.975,14812.1056351427
2022-05-21,"US","36  day ahead inc hosp",2022-06-26,"quantile",0.99,16328.4244862116
2022-05-21,"US","37  day ahead inc hosp",2022-06-27,"quantile",0.01,0
2022-05-21,"US","37  day ahead inc hosp",2022-06-27,"quantile",0.025,0
2022-05-21,"US","37  day ahead inc hosp",2022-06-27,"quantile",0.05,165.607704536946
2022-05-21,"US","37  day ahead inc hosp",2022-06-27,"quantile",0.1,1689.80223204805
2022-05-21,"US","37  day ahead inc hosp",2022-06-27,"quantile",0.15,2718.16904363005
2022-05-21,"US","37  day ahead inc hosp",2022-06-27,"quantile",0.2,3535.48238558408
2022-05-21,"US","37  day ahead inc hosp",2022-06-27,"quantile",0.25,4236.66445802074
2022-05-21,"US","37  day ahead inc hosp",2022-06-27,"quantile",0.3,4866.34763001185
2022-05-21,"US","37  day ahead inc hosp",2022-06-27,"quantile",0.35,5449.84293041358
2022-05-21,"US","37  day ahead inc hosp",2022-06-27,"quantile",0.4,6003.522910365
2022-05-21,"US","37  day ahead inc hosp",2022-06-27,"quantile",0.45,6539.2146986542
2022-05-21,"US","37  day ahead inc hosp",2022-06-27,"quantile",0.5,7066.41329602653
2022-05-21,"US","37  day ahead inc hosp",2022-06-27,"quantile",0.55,7593.61189339886
2022-05-21,"US","37  day ahead inc hosp",2022-06-27,"quantile",0.6,8129.30368168806
2022-05-21,"US","37  day ahead inc hosp",2022-06-27,"quantile",0.65,8682.98366163947
2022-05-21,"US","37  day ahead inc hosp",2022-06-27,"quantile",0.7,9266.47896204121
2022-05-21,"US","37  day ahead inc hosp",2022-06-27,"quantile",0.75,9896.16213403231
2022-05-21,"US","37  day ahead inc hosp",2022-06-27,"quantile",0.8,10597.344206469
2022-05-21,"US","37  day ahead inc hosp",2022-06-27,"quantile",0.85,11414.657548423
2022-05-21,"US","37  day ahead inc hosp",2022-06-27,"quantile",0.9,12443.024360005
2022-05-21,"US","37  day ahead inc hosp",2022-06-27,"quantile",0.95,13967.2188875161
2022-05-21,"US","37  day ahead inc hosp",2022-06-27,"quantile",0.975,15289.2303309378
2022-05-21,"US","37  day ahead inc hosp",2022-06-27,"quantile",0.99,16826.3543350869
2022-05-21,"01","1  day ahead inc hosp",2022-05-22,"quantile",0.01,0
2022-05-21,"01","1  day ahead inc hosp",2022-05-22,"quantile",0.025,0
2022-05-21,"01","1  day ahead inc hosp",2022-05-22,"quantile",0.05,3.30640659121853
2022-05-21,"01","1  day ahead inc hosp",2022-05-22,"quantile",0.1,12.7821468268144
2022-05-21,"01","1  day ahead inc hosp",2022-05-22,"quantile",0.15,19.1753837775932
2022-05-21,"01","1  day ahead inc hosp",2022-05-22,"quantile",0.2,24.2565258363365
2022-05-21,"01","1  day ahead inc hosp",2022-05-22,"quantile",0.25,28.6156932892706
2022-05-21,"01","1  day ahead inc hosp",2022-05-22,"quantile",0.3,32.5303603877393
2022-05-21,"01","1  day ahead inc hosp",2022-05-22,"quantile",0.35,36.1578828564928
2022-05-21,"01","1  day ahead inc hosp",2022-05-22,"quantile",0.4,39.6000469431444
2022-05-21,"01","1  day ahead inc hosp",2022-05-22,"quantile",0.45,42.9303805328202
2022-05-21,"01","1  day ahead inc hosp",2022-05-22,"quantile",0.5,46.2079129416447
2022-05-21,"01","1  day ahead inc hosp",2022-05-22,"quantile",0.55,49.4854453504693
2022-05-21,"01","1  day ahead inc hosp",2022-05-22,"quantile",0.6,52.8157789401451
2022-05-21,"01","1  day ahead inc hosp",2022-05-22,"quantile",0.65,56.2579430267966
2022-05-21,"01","1  day ahead inc hosp",2022-05-22,"quantile",0.7,59.8854654955502
2022-05-21,"01","1  day ahead inc hosp",2022-05-22,"quantile",0.75,63.8001325940189
2022-05-21,"01","1  day ahead inc hosp",2022-05-22,"quantile",0.8,68.1593000469529
2022-05-21,"01","1  day ahead inc hosp",2022-05-22,"quantile",0.85,73.2404421056962
2022-05-21,"01","1  day ahead inc hosp",2022-05-22,"quantile",0.9,79.6336790564751
2022-05-21,"01","1  day ahead inc hosp",2022-05-22,"quantile",0.95,89.1094192920709
2022-05-21,"01","1  day ahead inc hosp",2022-05-22,"quantile",0.975,97.328210791608
2022-05-21,"01","1  day ahead inc hosp",2022-05-22,"quantile",0.99,106.884332080798
2022-05-21,"01","2  day ahead inc hosp",2022-05-23,"quantile",0.01,0
2022-05-21,"01","2  day ahead inc hosp",2022-05-23,"quantile",0.025,0
2022-05-21,"01","2  day ahead inc hosp",2022-05-23,"quantile",0.05,0
2022-05-21,"01","2  day ahead inc hosp",2022-05-23,"quantile",0.1,8.19072028342368
2022-05-21,"01","2  day ahead inc hosp",2022-05-23,"quantile",0.15,15.6239753605698
2022-05-21,"01","2  day ahead inc hosp",2022-05-23,"quantile",0.2,21.5316908569042
2022-05-21,"01","2  day ahead inc hosp",2022-05-23,"quantile",0.25,26.599984719797
2022-05-21,"01","2  day ahead inc hosp",2022-05-23,"quantile",0.3,31.1514692508817
2022-05-21,"01","2  day ahead inc hosp",2022-05-23,"quantile",0.35,35.3690979757234
2022-05-21,"01","2  day ahead inc hosp",2022-05-23,"quantile",0.4,39.3712151927859
2022-05-21,"01","2  day ahead inc hosp",2022-05-23,"quantile",0.45,43.2433099164191
2022-05-21,"01","2  day ahead inc hosp",2022-05-23,"quantile",0.5,47.0540140411017
2022-05-21,"01","2  day ahead inc hosp",2022-05-23,"quantile",0.55,50.8647181657842
2022-05-21,"01","2  day ahead inc hosp",2022-05-23,"quantile",0.6,54.7368128894174
2022-05-21,"01","2  day ahead inc hosp",2022-05-23,"quantile",0.65,58.7389301064799
2022-05-21,"01","2  day ahead inc hosp",2022-05-23,"quantile",0.7,62.9565588313216
2022-05-21,"01","2  day ahead inc hosp",2022-05-23,"quantile",0.75,67.5080433624063
2022-05-21,"01","2  day ahead inc hosp",2022-05-23,"quantile",0.8,72.5763372252991
2022-05-21,"01","2  day ahead inc hosp",2022-05-23,"quantile",0.85,78.4840527216336
2022-05-21,"01","2  day ahead inc hosp",2022-05-23,"quantile",0.9,85.9173077987796
2022-05-21,"01","2  day ahead inc hosp",2022-05-23,"quantile",0.95,96.9345115655475
2022-05-21,"01","2  day ahead inc hosp",2022-05-23,"quantile",0.975,106.490292793787
2022-05-21,"01","2  day ahead inc hosp",2022-05-23,"quantile",0.99,117.600953580736
2022-05-21,"01","3  day ahead inc hosp",2022-05-24,"quantile",0.01,0
2022-05-21,"01","3  day ahead inc hosp",2022-05-24,"quantile",0.025,0
2022-05-21,"01","3  day ahead inc hosp",2022-05-24,"quantile",0.05,0
2022-05-21,"01","3  day ahead inc hosp",2022-05-24,"quantile",0.1,2.10817322052652
2022-05-21,"01","3  day ahead inc hosp",2022-05-24,"quantile",0.15,10.4528172138334
2022-05-21,"01","3  day ahead inc hosp",2022-05-24,"quantile",0.2,17.0848757291158
2022-05-21,"01","3  day ahead inc hosp",2022-05-24,"quantile",0.25,22.7745914055406
2022-05-21,"01","3  day ahead inc hosp",2022-05-24,"quantile",0.3,27.8841319310255
2022-05-21,"01","3  day ahead inc hosp",2022-05-24,"quantile",0.35,32.6188827016477
2022-05-21,"01","3  day ahead inc hosp",2022-05-24,"quantile",0.4,37.1116981706808
2022-05-21,"01","3  day ahead inc hosp",2022-05-24,"quantile",0.45,41.4585491319001
2022-05-21,"01","3  day ahead inc hosp",2022-05-24,"quantile",0.5,45.7364824133866
2022-05-21,"01","3  day ahead inc hosp",2022-05-24,"quantile",0.55,50.0144156948732
2022-05-21,"01","3  day ahead inc hosp",2022-05-24,"quantile",0.6,54.3612666560925
2022-05-21,"01","3  day ahead inc hosp",2022-05-24,"quantile",0.65,58.8540821251256
2022-05-21,"01","3  day ahead inc hosp",2022-05-24,"quantile",0.7,63.5888328957477
2022-05-21,"01","3  day ahead inc hosp",2022-05-24,"quantile",0.75,68.6983734212327
2022-05-21,"01","3  day ahead inc hosp",2022-05-24,"quantile",0.8,74.3880890976575
2022-05-21,"01","3  day ahead inc hosp",2022-05-24,"quantile",0.85,81.0201476129399
2022-05-21,"01","3  day ahead inc hosp",2022-05-24,"quantile",0.9,89.3647916062468
2022-05-21,"01","3  day ahead inc hosp",2022-05-24,"quantile",0.95,101.73281103801
2022-05-21,"01","3  day ahead inc hosp",2022-05-24,"quantile",0.975,112.460223403119
2022-05-21,"01","3  day ahead inc hosp",2022-05-24,"quantile",0.99,124.933158589016
2022-05-21,"01","4  day ahead inc hosp",2022-05-25,"quantile",0.01,0
2022-05-21,"01","4  day ahead inc hosp",2022-05-25,"quantile",0.025,0
2022-05-21,"01","4  day ahead inc hosp",2022-05-25,"quantile",0.05,0
2022-05-21,"01","4  day ahead inc hosp",2022-05-25,"quantile",0.1,0.429106739210361
2022-05-21,"01","4  day ahead inc hosp",2022-05-25,"quantile",0.15,9.5949610751763
2022-05-21,"01","4  day ahead inc hosp",2022-05-25,"quantile",0.2,16.8796915379066
2022-05-21,"01","4  day ahead inc hosp",2022-05-25,"quantile",0.25,23.1293416302294
2022-05-21,"01","4  day ahead inc hosp",2022-05-25,"quantile",0.3,28.7417205666915
2022-05-21,"01","4  day ahead inc hosp",2022-05-25,"quantile",0.35,33.9424260629876
2022-05-21,"01","4  day ahead inc hosp",2022-05-25,"quantile",0.4,38.8773870008733
2022-05-21,"01","4  day ahead inc hosp",2022-05-25,"quantile",0.45,43.6520188201154
2022-05-21,"01","4  day ahead inc hosp",2022-05-25,"quantile",0.5,48.350950655738
2022-05-21,"01","4  day ahead inc hosp",2022-05-25,"quantile",0.55,53.0498824913605
2022-05-21,"01","4  day ahead inc hosp",2022-05-25,"quantile",0.6,57.8245143106026
2022-05-21,"01","4  day ahead inc hosp",2022-05-25,"quantile",0.65,62.7594752484883
2022-05-21,"01","4  day ahead inc hosp",2022-05-25,"quantile",0.7,67.9601807447844
2022-05-21,"01","4  day ahead inc hosp",2022-05-25,"quantile",0.75,73.5725596812465
2022-05-21,"01","4  day ahead inc hosp",2022-05-25,"quantile",0.8,79.8222097735694
2022-05-21,"01","4  day ahead inc hosp",2022-05-25,"quantile",0.85,87.1069402362996
2022-05-21,"01","4  day ahead inc hosp",2022-05-25,"quantile",0.9,96.2727945722656
2022-05-21,"01","4  day ahead inc hosp",2022-05-25,"quantile",0.95,109.857971438632
2022-05-21,"01","4  day ahead inc hosp",2022-05-25,"quantile",0.975,121.641086358729
2022-05-21,"01","4  day ahead inc hosp",2022-05-25,"quantile",0.99,135.341503913699
2022-05-21,"01","5  day ahead inc hosp",2022-05-26,"quantile",0.01,0
2022-05-21,"01","5  day ahead inc hosp",2022-05-26,"quantile",0.025,0
2022-05-21,"01","5  day ahead inc hosp",2022-05-26,"quantile",0.05,0
2022-05-21,"01","5  day ahead inc hosp",2022-05-26,"quantile",0.1,0
2022-05-21,"01","5  day ahead inc hosp",2022-05-26,"quantile",0.15,4.80160388354747
2022-05-21,"01","5  day ahead inc hosp",2022-05-26,"quantile",0.2,12.6851561082194
2022-05-21,"01","5  day ahead inc hosp",2022-05-26,"quantile",0.25,19.4485419521875
2022-05-21,"01","5  day ahead inc hosp",2022-05-26,"quantile",0.3,25.522271471298
2022-05-21,"01","5  day ahead inc hosp",2022-05-26,"quantile",0.35,31.150487037399
2022-05-21,"01","5  day ahead inc hosp",2022-05-26,"quantile",0.4,36.4911132252287
2022-05-21,"01","5  day ahead inc hosp",2022-05-26,"quantile",0.45,41.6582308685173
2022-05-21,"01","5  day ahead inc hosp",2022-05-26,"quantile",0.5,46.7434258137288
2022-05-21,"01","5  day ahead inc hosp",2022-05-26,"quantile",0.55,51.8286207589403
2022-05-21,"01","5  day ahead inc hosp",2022-05-26,"quantile",0.6,56.9957384022289
2022-05-21,"01","5  day ahead inc hosp",2022-05-26,"quantile",0.65,62.3363645900586
2022-05-21,"01","5  day ahead inc hosp",2022-05-26,"quantile",0.7,67.9645801561597
2022-05-21,"01","5  day ahead inc hosp",2022-05-26,"quantile",0.75,74.0383096752701
2022-05-21,"01","5  day ahead inc hosp",2022-05-26,"quantile",0.8,80.8016955192382
2022-05-21,"01","5  day ahead inc hosp",2022-05-26,"quantile",0.85,88.6852477439102
2022-05-21,"01","5  day ahead inc hosp",2022-05-26,"quantile",0.9,98.6045565928804
2022-05-21,"01","5  day ahead inc hosp",2022-05-26,"quantile",0.95,113.306466547593
2022-05-21,"01","5  day ahead inc hosp",2022-05-26,"quantile",0.975,126.05818087898
2022-05-21,"01","5  day ahead inc hosp",2022-05-26,"quantile",0.99,140.884804574531
2022-05-21,"01","6  day ahead inc hosp",2022-05-27,"quantile",0.01,0
2022-05-21,"01","6  day ahead inc hosp",2022-05-27,"quantile",0.025,0
2022-05-21,"01","6  day ahead inc hosp",2022-05-27,"quantile",0.05,0
2022-05-21,"01","6  day ahead inc hosp",2022-05-27,"quantile",0.1,0
2022-05-21,"01","6  day ahead inc hosp",2022-05-27,"quantile",0.15,3.43259031195397
2022-05-21,"01","6  day ahead inc hosp",2022-05-27,"quantile",0.2,11.8725839993705
2022-05-21,"01","6  day ahead inc hosp",2022-05-27,"quantile",0.25,19.113347071886
2022-05-21,"01","6  day ahead inc hosp",2022-05-27,"quantile",0.3,25.6157760961956
2022-05-21,"01","6  day ahead inc hosp",2022-05-27,"quantile",0.35,31.6412456428616
2022-05-21,"01","6  day ahead inc hosp",2022-05-27,"quantile",0.4,37.358827010696
2022-05-21,"01","6  day ahead inc hosp",2022-05-27,"quantile",0.45,42.8906531531059
2022-05-21,"01","6  day ahead inc hosp",2022-05-27,"quantile",0.5,48.3347742819735
2022-05-21,"01","6  day ahead inc hosp",2022-05-27,"quantile",0.55,53.778895410841
2022-05-21,"01","6  day ahead inc hosp",2022-05-27,"quantile",0.6,59.3107215532509
2022-05-21,"01","6  day ahead inc hosp",2022-05-27,"quantile",0.65,65.0283029210853
2022-05-21,"01","6  day ahead inc hosp",2022-05-27,"quantile",0.7,71.0537724677513
2022-05-21,"01","6  day ahead inc hosp",2022-05-27,"quantile",0.75,77.5562014920609
2022-05-21,"01","6  day ahead inc hosp",2022-05-27,"quantile",0.8,84.7969645645765
2022-05-21,"01","6  day ahead inc hosp",2022-05-27,"quantile",0.85,93.236958251993
2022-05-21,"01","6  day ahead inc hosp",2022-05-27,"quantile",0.9,103.856397520352
2022-05-21,"01","6  day ahead inc hosp",2022-05-27,"quantile",0.95,119.596006223953
2022-05-21,"01","6  day ahead inc hosp",2022-05-27,"quantile",0.975,133.247769463858
2022-05-21,"01","6  day ahead inc hosp",2022-05-27,"quantile",0.99,149.120894526001
2022-05-21,"01","7  day ahead inc hosp",2022-05-28,"quantile",0.01,0
2022-05-21,"01","7  day ahead inc hosp",2022-05-28,"quantile",0.025,0
2022-05-21,"01","7  day ahead inc hosp",2022-05-28,"quantile",0.05,0
2022-05-21,"01","7  day ahead inc hosp",2022-05-28,"quantile",0.1,0
2022-05-21,"01","7  day ahead inc hosp",2022-05-28,"quantile",0.15,0
2022-05-21,"01","7  day ahead inc hosp",2022-05-28,"quantile",0.2,8.31651536508287
2022-05-21,"01","7  day ahead inc hosp",2022-05-28,"quantile",0.25,16.005072555494
2022-05-21,"01","7  day ahead inc hosp",2022-05-28,"quantile",0.3,22.9096345373328
2022-05-21,"01","7  day ahead inc hosp",2022-05-28,"quantile",0.35,29.3077401989405
2022-05-21,"01","7  day ahead inc hosp",2022-05-28,"quantile",0.4,35.3789167996895
2022-05-21,"01","7  day ahead inc hosp",2022-05-28,"quantile",0.45,41.2528504220685
2022-05-21,"01","7  day ahead inc hosp",2022-05-28,"quantile",0.5,47.0336550460598
2022-05-21,"01","7  day ahead inc hosp",2022-05-28,"quantile",0.55,52.8144596700512
2022-05-21,"01","7  day ahead inc hosp",2022-05-28,"quantile",0.6,58.6883932924302
2022-05-21,"01","7  day ahead inc hosp",2022-05-28,"quantile",0.65,64.7595698931792
2022-05-21,"01","7  day ahead inc hosp",2022-05-28,"quantile",0.7,71.1576755547869
2022-05-21,"01","7  day ahead inc hosp",2022-05-28,"quantile",0.75,78.0622375366257
2022-05-21,"01","7  day ahead inc hosp",2022-05-28,"quantile",0.8,85.7507947270368
2022-05-21,"01","7  day ahead inc hosp",2022-05-28,"quantile",0.85,94.7127471486986
2022-05-21,"01","7  day ahead inc hosp",2022-05-28,"quantile",0.9,105.988929690121
2022-05-21,"01","7  day ahead inc hosp",2022-05-28,"quantile",0.95,122.701930855934
2022-05-21,"01","7  day ahead inc hosp",2022-05-28,"quantile",0.975,137.197966890917
2022-05-21,"01","7  day ahead inc hosp",2022-05-28,"quantile",0.99,154.052741533948
2022-05-21,"01","8  day ahead inc hosp",2022-05-29,"quantile",0.01,0
2022-05-21,"01","8  day ahead inc hosp",2022-05-29,"quantile",0.025,0
2022-05-21,"01","8  day ahead inc hosp",2022-05-29,"quantile",0.05,0
2022-05-21,"01","8  day ahead inc hosp",2022-05-29,"quantile",0.1,0
2022-05-21,"01","8  day ahead inc hosp",2022-05-29,"quantile",0.15,4.74330571779959
2022-05-21,"01","8  day ahead inc hosp",2022-05-29,"quantile",0.2,14.1984465931451
2022-05-21,"01","8  day ahead inc hosp",2022-05-29,"quantile",0.25,22.3101155624843
2022-05-21,"01","8  day ahead inc hosp",2022-05-29,"quantile",0.3,29.5946449986197
2022-05-21,"01","8  day ahead inc hosp",2022-05-29,"quantile",0.35,36.3448471331039
2022-05-21,"01","8  day ahead inc hosp",2022-05-29,"quantile",0.4,42.7501288550234
2022-05-21,"01","8  day ahead inc hosp",2022-05-29,"quantile",0.45,48.947313048702
2022-05-21,"01","8  day ahead inc hosp",2022-05-29,"quantile",0.5,55.0462432283103
2022-05-21,"01","8  day ahead inc hosp",2022-05-29,"quantile",0.55,61.1451734079186
2022-05-21,"01","8  day ahead inc hosp",2022-05-29,"quantile",0.6,67.3423576015972
2022-05-21,"01","8  day ahead inc hosp",2022-05-29,"quantile",0.65,73.7476393235168
2022-05-21,"01","8  day ahead inc hosp",2022-05-29,"quantile",0.7,80.4978414580009
2022-05-21,"01","8  day ahead inc hosp",2022-05-29,"quantile",0.75,87.7823708941364
2022-05-21,"01","8  day ahead inc hosp",2022-05-29,"quantile",0.8,95.8940398634755
2022-05-21,"01","8  day ahead inc hosp",2022-05-29,"quantile",0.85,105.349180738821
2022-05-21,"01","8  day ahead inc hosp",2022-05-29,"quantile",0.9,117.245906970882
2022-05-21,"01","8  day ahead inc hosp",2022-05-29,"quantile",0.95,134.878647364662
2022-05-21,"01","8  day ahead inc hosp",2022-05-29,"quantile",0.975,150.172420015536
2022-05-21,"01","8  day ahead inc hosp",2022-05-29,"quantile",0.99,167.954735874173
2022-05-21,"01","9  day ahead inc hosp",2022-05-30,"quantile",0.01,0
2022-05-21,"01","9  day ahead inc hosp",2022-05-30,"quantile",0.025,0
2022-05-21,"01","9  day ahead inc hosp",2022-05-30,"quantile",0.05,0
2022-05-21,"01","9  day ahead inc hosp",2022-05-30,"quantile",0.1,0
2022-05-21,"01","9  day ahead inc hosp",2022-05-30,"quantile",0.15,1.93636346105438
2022-05-21,"01","9  day ahead inc hosp",2022-05-30,"quantile",0.2,11.860212852149
2022-05-21,"01","9  day ahead inc hosp",2022-05-30,"quantile",0.25,20.3739919934034
2022-05-21,"01","9  day ahead inc hosp",2022-05-30,"quantile",0.3,28.0196287916559
2022-05-21,"01","9  day ahead inc hosp",2022-05-30,"quantile",0.35,35.1044507128966
2022-05-21,"01","9  day ahead inc hosp",2022-05-30,"quantile",0.4,41.8272538899077
2022-05-21,"01","9  day ahead inc hosp",2022-05-30,"quantile",0.45,48.3316437660333
2022-05-21,"01","9  day ahead inc hosp",2022-05-30,"quantile",0.5,54.7329089980569
2022-05-21,"01","9  day ahead inc hosp",2022-05-30,"quantile",0.55,61.1341742300806
2022-05-21,"01","9  day ahead inc hosp",2022-05-30,"quantile",0.6,67.6385641062062
2022-05-21,"01","9  day ahead inc hosp",2022-05-30,"quantile",0.65,74.3613672832173
2022-05-21,"01","9  day ahead inc hosp",2022-05-30,"quantile",0.7,81.446189204458
2022-05-21,"01","9  day ahead inc hosp",2022-05-30,"quantile",0.75,89.0918260027105
2022-05-21,"01","9  day ahead inc hosp",2022-05-30,"quantile",0.8,97.6056051439649
2022-05-21,"01","9  day ahead inc hosp",2022-05-30,"quantile",0.85,107.52945453506
2022-05-21,"01","9  day ahead inc hosp",2022-05-30,"quantile",0.9,120.015923106025
2022-05-21,"01","9  day ahead inc hosp",2022-05-30,"quantile",0.95,138.522750484602
2022-05-21,"01","9  day ahead inc hosp",2022-05-30,"quantile",0.975,154.574663238718
2022-05-21,"01","9  day ahead inc hosp",2022-05-30,"quantile",0.99,173.238480809763
2022-05-21,"01","10  day ahead inc hosp",2022-05-31,"quantile",0.01,0
2022-05-21,"01","10  day ahead inc hosp",2022-05-31,"quantile",0.025,0
2022-05-21,"01","10  day ahead inc hosp",2022-05-31,"quantile",0.05,0
2022-05-21,"01","10  day ahead inc hosp",2022-05-31,"quantile",0.1,0
2022-05-21,"01","10  day ahead inc hosp",2022-05-31,"quantile",0.15,1.66661861680926
2022-05-21,"01","10  day ahead inc hosp",2022-05-31,"quantile",0.2,12.0380160396077
2022-05-21,"01","10  day ahead inc hosp",2022-05-31,"quantile",0.25,20.9357515416315
2022-05-21,"01","10  day ahead inc hosp",2022-05-31,"quantile",0.3,28.9261930185252
2022-05-21,"01","10  day ahead inc hosp",2022-05-31,"quantile",0.35,36.3305278606963
2022-05-21,"01","10  day ahead inc hosp",2022-05-31,"quantile",0.4,43.3565175544339
2022-05-21,"01","10  day ahead inc hosp",2022-05-31,"quantile",0.45,50.1542438942412
2022-05-21,"01","10  day ahead inc hosp",2022-05-31,"quantile",0.5,56.8441948511386
2022-05-21,"01","10  day ahead inc hosp",2022-05-31,"quantile",0.55,63.5341458080359
2022-05-21,"01","10  day ahead inc hosp",2022-05-31,"quantile",0.6,70.3318721478433
2022-05-21,"01","10  day ahead inc hosp",2022-05-31,"quantile",0.65,77.3578618415808
2022-05-21,"01","10  day ahead inc hosp",2022-05-31,"quantile",0.7,84.7621966837519
2022-05-21,"01","10  day ahead inc hosp",2022-05-31,"quantile",0.75,92.7526381606457
2022-05-21,"01","10  day ahead inc hosp",2022-05-31,"quantile",0.8,101.650373662669
2022-05-21,"01","10  day ahead inc hosp",2022-05-31,"quantile",0.85,112.021771085468
2022-05-21,"01","10  day ahead inc hosp",2022-05-31,"quantile",0.9,125.071357274571
2022-05-21,"01","10  day ahead inc hosp",2022-05-31,"quantile",0.95,144.41280979103
2022-05-21,"01","10  day ahead inc hosp",2022-05-31,"quantile",0.975,161.188635381291
2022-05-21,"01","10  day ahead inc hosp",2022-05-31,"quantile",0.99,180.694158069858
2022-05-21,"01","11  day ahead inc hosp",2022-06-01,"quantile",0.01,0
2022-05-21,"01","11  day ahead inc hosp",2022-06-01,"quantile",0.025,0
2022-05-21,"01","11  day ahead inc hosp",2022-06-01,"quantile",0.05,0
2022-05-21,"01","11  day ahead inc hosp",2022-06-01,"quantile",0.1,0
2022-05-21,"01","11  day ahead inc hosp",2022-06-01,"quantile",0.15,0
2022-05-21,"01","11  day ahead inc hosp",2022-06-01,"quantile",0.2,10.2200122066547
2022-05-21,"01","11  day ahead inc hosp",2022-06-01,"quantile",0.25,19.4858073080959
2022-05-21,"01","11  day ahead inc hosp",2022-06-01,"quantile",0.3,27.8067776806266
2022-05-21,"01","11  day ahead inc hosp",2022-06-01,"quantile",0.35,35.5173968032579
2022-05-21,"01","11  day ahead inc hosp",2022-06-01,"quantile",0.4,42.834020327547
2022-05-21,"01","11  day ahead inc hosp",2022-06-01,"quantile",0.45,49.9129382618909
2022-05-21,"01","11  day ahead inc hosp",2022-06-01,"quantile",0.5,56.8796226268287
2022-05-21,"01","11  day ahead inc hosp",2022-06-01,"quantile",0.55,63.8463069917665
2022-05-21,"01","11  day ahead inc hosp",2022-06-01,"quantile",0.6,70.9252249261104
2022-05-21,"01","11  day ahead inc hosp",2022-06-01,"quantile",0.65,78.2418484503995
2022-05-21,"01","11  day ahead inc hosp",2022-06-01,"quantile",0.7,85.9524675730308
2022-05-21,"01","11  day ahead inc hosp",2022-06-01,"quantile",0.75,94.2734379455615
2022-05-21,"01","11  day ahead inc hosp",2022-06-01,"quantile",0.8,103.539233047003
2022-05-21,"01","11  day ahead inc hosp",2022-06-01,"quantile",0.85,114.339648884651
2022-05-21,"01","11  day ahead inc hosp",2022-06-01,"quantile",0.9,127.92903820279
2022-05-21,"01","11  day ahead inc hosp",2022-06-01,"quantile",0.95,148.070560272197
2022-05-21,"01","11  day ahead inc hosp",2022-06-01,"quantile",0.975,165.540326882086
2022-05-21,"01","11  day ahead inc hosp",2022-06-01,"quantile",0.99,185.852705974234
2022-05-21,"01","12  day ahead inc hosp",2022-06-02,"quantile",0.01,0
2022-05-21,"01","12  day ahead inc hosp",2022-06-02,"quantile",0.025,0
2022-05-21,"01","12  day ahead inc hosp",2022-06-02,"quantile",0.05,0
2022-05-21,"01","12  day ahead inc hosp",2022-06-02,"quantile",0.1,0
2022-05-21,"01","12  day ahead inc hosp",2022-06-02,"quantile",0.15,0
2022-05-21,"01","12  day ahead inc hosp",2022-06-02,"quantile",0.2,9.00399686280581
2022-05-21,"01","12  day ahead inc hosp",2022-06-02,"quantile",0.25,18.6237796389296
2022-05-21,"01","12  day ahead inc hosp",2022-06-02,"quantile",0.3,27.2626418837744
2022-05-21,"01","12  day ahead inc hosp",2022-06-02,"quantile",0.35,35.2678352014641
2022-05-21,"01","12  day ahead inc hosp",2022-06-02,"quantile",0.4,42.8639808303904
2022-05-21,"01","12  day ahead inc hosp",2022-06-02,"quantile",0.45,50.2133396358537
2022-05-21,"01","12  day ahead inc hosp",2022-06-02,"quantile",0.5,57.4461771340729
2022-05-21,"01","12  day ahead inc hosp",2022-06-02,"quantile",0.55,64.6790146322922
2022-05-21,"01","12  day ahead inc hosp",2022-06-02,"quantile",0.6,72.0283734377555
2022-05-21,"01","12  day ahead inc hosp",2022-06-02,"quantile",0.65,79.6245190666818
2022-05-21,"01","12  day ahead inc hosp",2022-06-02,"quantile",0.7,87.6297123843715
2022-05-21,"01","12  day ahead inc hosp",2022-06-02,"quantile",0.75,96.2685746292163
2022-05-21,"01","12  day ahead inc hosp",2022-06-02,"quantile",0.8,105.88835740534
2022-05-21,"01","12  day ahead inc hosp",2022-06-02,"quantile",0.85,117.101389110933
2022-05-21,"01","12  day ahead inc hosp",2022-06-02,"quantile",0.9,131.2099434087
2022-05-21,"01","12  day ahead inc hosp",2022-06-02,"quantile",0.95,152.120946184713
2022-05-21,"01","12  day ahead inc hosp",2022-06-02,"quantile",0.975,170.258122551862
2022-05-21,"01","12  day ahead inc hosp",2022-06-02,"quantile",0.99,191.346509721395
2022-05-21,"01","13  day ahead inc hosp",2022-06-03,"quantile",0.01,0
2022-05-21,"01","13  day ahead inc hosp",2022-06-03,"quantile",0.025,0
2022-05-21,"01","13  day ahead inc hosp",2022-06-03,"quantile",0.05,0
2022-05-21,"01","13  day ahead inc hosp",2022-06-03,"quantile",0.1,0
2022-05-21,"01","13  day ahead inc hosp",2022-06-03,"quantile",0.15,0
2022-05-21,"01","13  day ahead inc hosp",2022-06-03,"quantile",0.2,7.57067551784988
2022-05-21,"01","13  day ahead inc hosp",2022-06-03,"quantile",0.25,17.5318743642602
2022-05-21,"01","13  day ahead inc hosp",2022-06-03,"quantile",0.3,26.4773387921294
2022-05-21,"01","13  day ahead inc hosp",2022-06-03,"quantile",0.35,34.7666447252509
2022-05-21,"01","13  day ahead inc hosp",2022-06-03,"quantile",0.4,42.6323854427885
2022-05-21,"01","13  day ahead inc hosp",2022-06-03,"quantile",0.45,50.2425806164819
2022-05-21,"01","13  day ahead inc hosp",2022-06-03,"quantile",0.5,57.732119020858
2022-05-21,"01","13  day ahead inc hosp",2022-06-03,"quantile",0.55,65.2216574252341
2022-05-21,"01","13  day ahead inc hosp",2022-06-03,"quantile",0.6,72.8318525989275
2022-05-21,"01","13  day ahead inc hosp",2022-06-03,"quantile",0.65,80.6975933164651
2022-05-21,"01","13  day ahead inc hosp",2022-06-03,"quantile",0.7,88.9868992495866
2022-05-21,"01","13  day ahead inc hosp",2022-06-03,"quantile",0.75,97.9323636774558
2022-05-21,"01","13  day ahead inc hosp",2022-06-03,"quantile",0.8,107.893562523866
2022-05-21,"01","13  day ahead inc hosp",2022-06-03,"quantile",0.85,119.504556357089
2022-05-21,"01","13  day ahead inc hosp",2022-06-03,"quantile",0.9,134.113837883097
2022-05-21,"01","13  day ahead inc hosp",2022-06-03,"quantile",0.95,155.766993840703
2022-05-21,"01","13  day ahead inc hosp",2022-06-03,"quantile",0.975,174.547877412627
2022-05-21,"01","13  day ahead inc hosp",2022-06-03,"quantile",0.99,196.384713319898
2022-05-21,"01","14  day ahead inc hosp",2022-06-04,"quantile",0.01,0
2022-05-21,"01","14  day ahead inc hosp",2022-06-04,"quantile",0.025,0
2022-05-21,"01","14  day ahead inc hosp",2022-06-04,"quantile",0.05,0
2022-05-21,"01","14  day ahead inc hosp",2022-06-04,"quantile",0.1,0
2022-05-21,"01","14  day ahead inc hosp",2022-06-04,"quantile",0.15,0
2022-05-21,"01","14  day ahead inc hosp",2022-06-04,"quantile",0.2,4.7201960256382
2022-05-21,"01","14  day ahead inc hosp",2022-06-04,"quantile",0.25,15.011490611629
2022-05-21,"01","14  day ahead inc hosp",2022-06-04,"quantile",0.3,24.2533912156792
2022-05-21,"01","14  day ahead inc hosp",2022-06-04,"quantile",0.35,32.8173894438539
2022-05-21,"01","14  day ahead inc hosp",2022-06-04,"quantile",0.4,40.9437862871791
2022-05-21,"01","14  day ahead inc hosp",2022-06-04,"quantile",0.45,48.8061692791206
2022-05-21,"01","14  day ahead inc hosp",2022-06-04,"quantile",0.5,56.543897159164
2022-05-21,"01","14  day ahead inc hosp",2022-06-04,"quantile",0.55,64.2816250392075
2022-05-21,"01","14  day ahead inc hosp",2022-06-04,"quantile",0.6,72.144008031149
2022-05-21,"01","14  day ahead inc hosp",2022-06-04,"quantile",0.65,80.2704048744741
2022-05-21,"01","14  day ahead inc hosp",2022-06-04,"quantile",0.7,88.8344031026488
2022-05-21,"01","14  day ahead inc hosp",2022-06-04,"quantile",0.75,98.0763037066991
2022-05-21,"01","14  day ahead inc hosp",2022-06-04,"quantile",0.8,108.36759829269
2022-05-21,"01","14  day ahead inc hosp",2022-06-04,"quantile",0.85,120.363359025533
2022-05-21,"01","14  day ahead inc hosp",2022-06-04,"quantile",0.9,135.456765169916
2022-05-21,"01","14  day ahead inc hosp",2022-06-04,"quantile",0.95,157.827466740283
2022-05-21,"01","14  day ahead inc hosp",2022-06-04,"quantile",0.975,177.230714120845
2022-05-21,"01","14  day ahead inc hosp",2022-06-04,"quantile",0.99,199.791182455301
2022-05-21,"01","15  day ahead inc hosp",2022-06-05,"quantile",0.01,0
2022-05-21,"01","15  day ahead inc hosp",2022-06-05,"quantile",0.025,0
2022-05-21,"01","15  day ahead inc hosp",2022-06-05,"quantile",0.05,0
2022-05-21,"01","15  day ahead inc hosp",2022-06-05,"quantile",0.1,0
2022-05-21,"01","15  day ahead inc hosp",2022-06-05,"quantile",0.15,0.873101228785032
2022-05-21,"01","15  day ahead inc hosp",2022-06-05,"quantile",0.2,13.2416651439746
2022-05-21,"01","15  day ahead inc hosp",2022-06-05,"quantile",0.25,23.8527916653935
2022-05-21,"01","15  day ahead inc hosp",2022-06-05,"quantile",0.3,33.3819112322798
2022-05-21,"01","15  day ahead inc hosp",2022-06-05,"quantile",0.35,42.2120606337043
2022-05-21,"01","15  day ahead inc hosp",2022-06-05,"quantile",0.4,50.5910089134634
2022-05-21,"01","15  day ahead inc hosp",2022-06-05,"quantile",0.45,58.6977383429089
2022-05-21,"01","15  day ahead inc hosp",2022-06-05,"quantile",0.5,66.6759386400046
2022-05-21,"01","15  day ahead inc hosp",2022-06-05,"quantile",0.55,74.6541389371004
2022-05-21,"01","15  day ahead inc hosp",2022-06-05,"quantile",0.6,82.7608683665458
2022-05-21,"01","15  day ahead inc hosp",2022-06-05,"quantile",0.65,91.139816646305
2022-05-21,"01","15  day ahead inc hosp",2022-06-05,"quantile",0.7,99.9699660477295
2022-05-21,"01","15  day ahead inc hosp",2022-06-05,"quantile",0.75,109.499085614616
2022-05-21,"01","15  day ahead inc hosp",2022-06-05,"quantile",0.8,120.110212136035
2022-05-21,"01","15  day ahead inc hosp",2022-06-05,"quantile",0.85,132.478776051224
2022-05-21,"01","15  day ahead inc hosp",2022-06-05,"quantile",0.9,148.041253725823
2022-05-21,"01","15  day ahead inc hosp",2022-06-05,"quantile",0.95,171.10718996471
2022-05-21,"01","15  day ahead inc hosp",2022-06-05,"quantile",0.975,191.113449737102
2022-05-21,"01","15  day ahead inc hosp",2022-06-05,"quantile",0.99,214.37505029465
2022-05-21,"01","16  day ahead inc hosp",2022-06-06,"quantile",0.01,0
2022-05-21,"01","16  day ahead inc hosp",2022-06-06,"quantile",0.025,0
2022-05-21,"01","16  day ahead inc hosp",2022-06-06,"quantile",0.05,0
2022-05-21,"01","16  day ahead inc hosp",2022-06-06,"quantile",0.1,0
2022-05-21,"01","16  day ahead inc hosp",2022-06-06,"quantile",0.15,0.190787606482871
2022-05-21,"01","16  day ahead inc hosp",2022-06-06,"quantile",0.2,12.9212420794634
2022-05-21,"01","16  day ahead inc hosp",2022-06-06,"quantile",0.25,23.8428384761207
2022-05-21,"01","16  day ahead inc hosp",2022-06-06,"quantile",0.3,33.6507695864458
2022-05-21,"01","16  day ahead inc hosp",2022-06-06,"quantile",0.35,42.7392794340927
2022-05-21,"01","16  day ahead inc hosp",2022-06-06,"quantile",0.4,51.3633865121939
2022-05-21,"01","16  day ahead inc hosp",2022-06-06,"quantile",0.45,59.7073099162348
2022-05-21,"01","16  day ahead inc hosp",2022-06-06,"quantile",0.5,67.9189435670717
2022-05-21,"01","16  day ahead inc hosp",2022-06-06,"quantile",0.55,76.1305772179086
2022-05-21,"01","16  day ahead inc hosp",2022-06-06,"quantile",0.6,84.4745006219495
2022-05-21,"01","16  day ahead inc hosp",2022-06-06,"quantile",0.65,93.0986077000506
2022-05-21,"01","16  day ahead inc hosp",2022-06-06,"quantile",0.7,102.187117547698
2022-05-21,"01","16  day ahead inc hosp",2022-06-06,"quantile",0.75,111.995048658023
2022-05-21,"01","16  day ahead inc hosp",2022-06-06,"quantile",0.8,122.91664505468
2022-05-21,"01","16  day ahead inc hosp",2022-06-06,"quantile",0.85,135.64709952766
2022-05-21,"01","16  day ahead inc hosp",2022-06-06,"quantile",0.9,151.66491815897
2022-05-21,"01","16  day ahead inc hosp",2022-06-06,"quantile",0.95,175.405738288072
2022-05-21,"01","16  day ahead inc hosp",2022-06-06,"quantile",0.975,195.997359187105
2022-05-21,"01","16  day ahead inc hosp",2022-06-06,"quantile",0.99,219.939568557334
2022-05-21,"01","17  day ahead inc hosp",2022-06-07,"quantile",0.01,0
2022-05-21,"01","17  day ahead inc hosp",2022-06-07,"quantile",0.025,0
2022-05-21,"01","17  day ahead inc hosp",2022-06-07,"quantile",0.05,0
2022-05-21,"01","17  day ahead inc hosp",2022-06-07,"quantile",0.1,0
2022-05-21,"01","17  day ahead inc hosp",2022-06-07,"quantile",0.15,0
2022-05-21,"01","17  day ahead inc hosp",2022-06-07,"quantile",0.2,10.84980573915
2022-05-21,"01","17  day ahead inc hosp",2022-06-07,"quantile",0.25,22.073286912538
2022-05-21,"01","17  day ahead inc hosp",2022-06-07,"quantile",0.3,32.1523198825086
2022-05-21,"01","17  day ahead inc hosp",2022-06-07,"quantile",0.35,41.4920460053707
2022-05-21,"01","17  day ahead inc hosp",2022-06-07,"quantile",0.4,50.3545327621579
2022-05-21,"01","17  day ahead inc hosp",2022-06-07,"quantile",0.45,58.9290912640731
2022-05-21,"01","17  day ahead inc hosp",2022-06-07,"quantile",0.5,67.3677033804424
2022-05-21,"01","17  day ahead inc hosp",2022-06-07,"quantile",0.55,75.8063154968116
2022-05-21,"01","17  day ahead inc hosp",2022-06-07,"quantile",0.6,84.3808739987269
2022-05-21,"01","17  day ahead inc hosp",2022-06-07,"quantile",0.65,93.2433607555141
2022-05-21,"01","17  day ahead inc hosp",2022-06-07,"quantile",0.7,102.583086878376
2022-05-21,"01","17  day ahead inc hosp",2022-06-07,"quantile",0.75,112.662119848347
2022-05-21,"01","17  day ahead inc hosp",2022-06-07,"quantile",0.8,123.885601021735
2022-05-21,"01","17  day ahead inc hosp",2022-06-07,"quantile",0.85,136.967939071683
2022-05-21,"01","17  day ahead inc hosp",2022-06-07,"quantile",0.9,153.428507592807
2022-05-21,"01","17  day ahead inc hosp",2022-06-07,"quantile",0.95,177.825549754274
2022-05-21,"01","17  day ahead inc hosp",2022-06-07,"quantile",0.975,198.986345401381
2022-05-21,"01","17  day ahead inc hosp",2022-06-07,"quantile",0.99,223.590343421151
2022-05-21,"01","18  day ahead inc hosp",2022-06-08,"quantile",0.01,0
2022-05-21,"01","18  day ahead inc hosp",2022-06-08,"quantile",0.025,0
2022-05-21,"01","18  day ahead inc hosp",2022-06-08,"quantile",0.05,0
2022-05-21,"01","18  day ahead inc hosp",2022-06-08,"quantile",0.1,0
2022-05-21,"01","18  day ahead inc hosp",2022-06-08,"quantile",0.15,0
2022-05-21,"01","18  day ahead inc hosp",2022-06-08,"quantile",0.2,8.59128162368913
2022-05-21,"01","18  day ahead inc hosp",2022-06-08,"quantile",0.25,20.1087375687888
2022-05-21,"01","18  day ahead inc hosp",2022-06-08,"quantile",0.3,30.4517689694288
2022-05-21,"01","18  day ahead inc hosp",2022-06-08,"quantile",0.35,40.0361289819372
2022-05-21,"01","18  day ahead inc hosp",2022-06-08,"quantile",0.4,49.1307493771985
2022-05-21,"01","18  day ahead inc hosp",2022-06-08,"quantile",0.45,57.9298998607982
2022-05-21,"01","18  day ahead inc hosp",2022-06-08,"quantile",0.5,66.589543137834
2022-05-21,"01","18  day ahead inc hosp",2022-06-08,"quantile",0.55,75.2491864148698
2022-05-21,"01","18  day ahead inc hosp",2022-06-08,"quantile",0.6,84.0483368984695
2022-05-21,"01","18  day ahead inc hosp",2022-06-08,"quantile",0.65,93.1429572937308
2022-05-21,"01","18  day ahead inc hosp",2022-06-08,"quantile",0.7,102.727317306239
2022-05-21,"01","18  day ahead inc hosp",2022-06-08,"quantile",0.75,113.070348706879
2022-05-21,"01","18  day ahead inc hosp",2022-06-08,"quantile",0.8,124.587804651979
2022-05-21,"01","18  day ahead inc hosp",2022-06-08,"quantile",0.85,138.012806201984
2022-05-21,"01","18  day ahead inc hosp",2022-06-08,"quantile",0.9,154.904523650832
2022-05-21,"01","18  day ahead inc hosp",2022-06-08,"quantile",0.95,179.940593471281
2022-05-21,"01","18  day ahead inc hosp",2022-06-08,"quantile",0.975,201.655650311817
2022-05-21,"01","18  day ahead inc hosp",2022-06-08,"quantile",0.99,226.904096750871
2022-05-21,"01","19  day ahead inc hosp",2022-06-09,"quantile",0.01,0
2022-05-21,"01","19  day ahead inc hosp",2022-06-09,"quantile",0.025,0
2022-05-21,"01","19  day ahead inc hosp",2022-06-09,"quantile",0.05,0
2022-05-21,"01","19  day ahead inc hosp",2022-06-09,"quantile",0.1,0
2022-05-21,"01","19  day ahead inc hosp",2022-06-09,"quantile",0.15,0
2022-05-21,"01","19  day ahead inc hosp",2022-06-09,"quantile",0.2,7.57029129993806
2022-05-21,"01","19  day ahead inc hosp",2022-06-09,"quantile",0.25,19.374403009221
2022-05-21,"01","19  day ahead inc hosp",2022-06-09,"quantile",0.3,29.9748601455663
2022-05-21,"01","19  day ahead inc hosp",2022-06-09,"quantile",0.35,39.7977634663094
2022-05-21,"01","19  day ahead inc hosp",2022-06-09,"quantile",0.4,49.1187381338846
2022-05-21,"01","19  day ahead inc hosp",2022-06-09,"quantile",0.45,58.1368889955246
2022-05-21,"01","19  day ahead inc hosp",2022-06-09,"quantile",0.5,67.0120604823461
2022-05-21,"01","19  day ahead inc hosp",2022-06-09,"quantile",0.55,75.8872319691675
2022-05-21,"01","19  day ahead inc hosp",2022-06-09,"quantile",0.6,84.9053828308075
2022-05-21,"01","19  day ahead inc hosp",2022-06-09,"quantile",0.65,94.2263574983827
2022-05-21,"01","19  day ahead inc hosp",2022-06-09,"quantile",0.7,104.049260819126
2022-05-21,"01","19  day ahead inc hosp",2022-06-09,"quantile",0.75,114.649717955471
2022-05-21,"01","19  day ahead inc hosp",2022-06-09,"quantile",0.8,126.453829664754
2022-05-21,"01","19  day ahead inc hosp",2022-06-09,"quantile",0.85,140.212963517658
2022-05-21,"01","19  day ahead inc hosp",2022-06-09,"quantile",0.9,157.525095700173
2022-05-21,"01","19  day ahead inc hosp",2022-06-09,"quantile",0.95,183.184283487014
2022-05-21,"01","19  day ahead inc hosp",2022-06-09,"quantile",0.975,205.439802235334
2022-05-21,"01","19  day ahead inc hosp",2022-06-09,"quantile",0.99,231.316652441932
2022-05-21,"01","20  day ahead inc hosp",2022-06-10,"quantile",0.01,0
2022-05-21,"01","20  day ahead inc hosp",2022-06-10,"quantile",0.025,0
2022-05-21,"01","20  day ahead inc hosp",2022-06-10,"quantile",0.05,0
2022-05-21,"01","20  day ahead inc hosp",2022-06-10,"quantile",0.1,0
2022-05-21,"01","20  day ahead inc hosp",2022-06-10,"quantile",0.15,0
2022-05-21,"01","20  day ahead inc hosp",2022-06-10,"quantile",0.2,5.90156203308743
2022-05-21,"01","20  day ahead inc hosp",2022-06-10,"quantile",0.25,17.9855313744565
2022-05-21,"01","20  day ahead inc hosp",2022-06-10,"quantile",0.3,28.8373093137789
2022-05-21,"01","20  day ahead inc hosp",2022-06-10,"quantile",0.35,38.8930988127672
2022-05-21,"01","20  day ahead inc hosp",2022-06-10,"quantile",0.4,48.4350596895081
2022-05-21,"01","20  day ahead inc hosp",2022-06-10,"quantile",0.45,57.6670172659684
2022-05-21,"01","20  day ahead inc hosp",2022-06-10,"quantile",0.5,66.7526056429237
2022-05-21,"01","20  day ahead inc hosp",2022-06-10,"quantile",0.55,75.8381940198791
2022-05-21,"01","20  day ahead inc hosp",2022-06-10,"quantile",0.6,85.0701515963394
2022-05-21,"01","20  day ahead inc hosp",2022-06-10,"quantile",0.65,94.6121124730803
2022-05-21,"01","20  day ahead inc hosp",2022-06-10,"quantile",0.7,104.667901972069
2022-05-21,"01","20  day ahead inc hosp",2022-06-10,"quantile",0.75,115.519679911391
2022-05-21,"01","20  day ahead inc hosp",2022-06-10,"quantile",0.8,127.60364925276
2022-05-21,"01","20  day ahead inc hosp",2022-06-10,"quantile",0.85,141.688991355337
2022-05-21,"01","20  day ahead inc hosp",2022-06-10,"quantile",0.9,159.41156800316
2022-05-21,"01","20  day ahead inc hosp",2022-06-10,"quantile",0.95,185.679096316771
2022-05-21,"01","20  day ahead inc hosp",2022-06-10,"quantile",0.975,208.462259747822
2022-05-21,"01","20  day ahead inc hosp",2022-06-10,"quantile",0.99,234.952610927896
2022-05-21,"01","21  day ahead inc hosp",2022-06-11,"quantile",0.01,0
2022-05-21,"01","21  day ahead inc hosp",2022-06-11,"quantile",0.025,0
2022-05-21,"01","21  day ahead inc hosp",2022-06-11,"quantile",0.05,0
2022-05-21,"01","21  day ahead inc hosp",2022-06-11,"quantile",0.1,0
2022-05-21,"01","21  day ahead inc hosp",2022-06-11,"quantile",0.15,0
2022-05-21,"01","21  day ahead inc hosp",2022-06-11,"quantile",0.2,4.83586648982946
2022-05-21,"01","21  day ahead inc hosp",2022-06-11,"quantile",0.25,17.1933572076517
2022-05-21,"01","21  day ahead inc hosp",2022-06-11,"quantile",0.3,28.2907657965627
2022-05-21,"01","21  day ahead inc hosp",2022-06-11,"quantile",0.35,38.5741686986794
2022-05-21,"01","21  day ahead inc hosp",2022-06-11,"quantile",0.4,48.3321124366258
2022-05-21,"01","21  day ahead inc hosp",2022-06-11,"quantile",0.45,57.7730359308518
2022-05-21,"01","21  day ahead inc hosp",2022-06-11,"quantile",0.5,67.0642771498948
2022-05-21,"01","21  day ahead inc hosp",2022-06-11,"quantile",0.55,76.3555183689378
2022-05-21,"01","21  day ahead inc hosp",2022-06-11,"quantile",0.6,85.7964418631638
2022-05-21,"01","21  day ahead inc hosp",2022-06-11,"quantile",0.65,95.5543856011102
2022-05-21,"01","21  day ahead inc hosp",2022-06-11,"quantile",0.7,105.837788503227
2022-05-21,"01","21  day ahead inc hosp",2022-06-11,"quantile",0.75,116.935197092138
2022-05-21,"01","21  day ahead inc hosp",2022-06-11,"quantile",0.8,129.29268780996
2022-05-21,"01","21  day ahead inc hosp",2022-06-11,"quantile",0.85,143.696852482413
2022-05-21,"01","21  day ahead inc hosp",2022-06-11,"quantile",0.9,161.820580723894
2022-05-21,"01","21  day ahead inc hosp",2022-06-11,"quantile",0.95,188.682676128616
2022-05-21,"01","21  day ahead inc hosp",2022-06-11,"quantile",0.975,211.981537841048
2022-05-21,"01","21  day ahead inc hosp",2022-06-11,"quantile",0.99,239.071499721284
2022-05-21,"01","22  day ahead inc hosp",2022-06-12,"quantile",0.01,0
2022-05-21,"01","22  day ahead inc hosp",2022-06-12,"quantile",0.025,0
2022-05-21,"01","22  day ahead inc hosp",2022-06-12,"quantile",0.05,0
2022-05-21,"01","22  day ahead inc hosp",2022-06-12,"quantile",0.1,0
2022-05-21,"01","22  day ahead inc hosp",2022-06-12,"quantile",0.15,13.3705495430058
2022-05-21,"01","22  day ahead inc hosp",2022-06-12,"quantile",0.2,28.3331259185549
2022-05-21,"01","22  day ahead inc hosp",2022-06-12,"quantile",0.25,41.1696841557132
2022-05-21,"01","22  day ahead inc hosp",2022-06-12,"quantile",0.3,52.6973101831921
2022-05-21,"01","22  day ahead inc hosp",2022-06-12,"quantile",0.35,63.3793736573572
2022-05-21,"01","22  day ahead inc hosp",2022-06-12,"quantile",0.4,73.5156072930753
2022-05-21,"01","22  day ahead inc hosp",2022-06-12,"quantile",0.45,83.3225306413086
2022-05-21,"01","22  day ahead inc hosp",2022-06-12,"quantile",0.5,92.9739689249499
2022-05-21,"01","22  day ahead inc hosp",2022-06-12,"quantile",0.55,102.625407208591
2022-05-21,"01","22  day ahead inc hosp",2022-06-12,"quantile",0.6,112.432330556825
2022-05-21,"01","22  day ahead inc hosp",2022-06-12,"quantile",0.65,122.568564192543
2022-05-21,"01","22  day ahead inc hosp",2022-06-12,"quantile",0.7,133.250627666708
2022-05-21,"01","22  day ahead inc hosp",2022-06-12,"quantile",0.75,144.778253694187
2022-05-21,"01","22  day ahead inc hosp",2022-06-12,"quantile",0.8,157.614811931345
2022-05-21,"01","22  day ahead inc hosp",2022-06-12,"quantile",0.85,172.577388306894
2022-05-21,"01","22  day ahead inc hosp",2022-06-12,"quantile",0.9,191.403725980017
2022-05-21,"01","22  day ahead inc hosp",2022-06-12,"quantile",0.95,219.307194403223
2022-05-21,"01","22  day ahead inc hosp",2022-06-12,"quantile",0.975,243.509291905089
2022-05-21,"01","22  day ahead inc hosp",2022-06-12,"quantile",0.99,271.649460589701
2022-05-21,"01","23  day ahead inc hosp",2022-06-13,"quantile",0.01,0
2022-05-21,"01","23  day ahead inc hosp",2022-06-13,"quantile",0.025,0
2022-05-21,"01","23  day ahead inc hosp",2022-06-13,"quantile",0.05,0
2022-05-21,"01","23  day ahead inc hosp",2022-06-13,"quantile",0.1,0
2022-05-21,"01","23  day ahead inc hosp",2022-06-13,"quantile",0.15,11.0429237113983
2022-05-21,"01","23  day ahead inc hosp",2022-06-13,"quantile",0.2,26.4390952232724
2022-05-21,"01","23  day ahead inc hosp",2022-06-13,"quantile",0.25,39.6476394793546
2022-05-21,"01","23  day ahead inc hosp",2022-06-13,"quantile",0.3,51.5093204485383
2022-05-21,"01","23  day ahead inc hosp",2022-06-13,"quantile",0.35,62.5009356103313
2022-05-21,"01","23  day ahead inc hosp",2022-06-13,"quantile",0.4,72.9309035264827
2022-05-21,"01","23  day ahead inc hosp",2022-06-13,"quantile",0.45,83.0220181903945
2022-05-21,"01","23  day ahead inc hosp",2022-06-13,"quantile",0.5,92.9531420437726
2022-05-21,"01","23  day ahead inc hosp",2022-06-13,"quantile",0.55,102.884265897151
2022-05-21,"01","23  day ahead inc hosp",2022-06-13,"quantile",0.6,112.975380561063
2022-05-21,"01","23  day ahead inc hosp",2022-06-13,"quantile",0.65,123.405348477214
2022-05-21,"01","23  day ahead inc hosp",2022-06-13,"quantile",0.7,134.396963639007
2022-05-21,"01","23  day ahead inc hosp",2022-06-13,"quantile",0.75,146.258644608191
2022-05-21,"01","23  day ahead inc hosp",2022-06-13,"quantile",0.8,159.467188864273
2022-05-21,"01","23  day ahead inc hosp",2022-06-13,"quantile",0.85,174.863360376147
2022-05-21,"01","23  day ahead inc hosp",2022-06-13,"quantile",0.9,194.235259738982
2022-05-21,"01","23  day ahead inc hosp",2022-06-13,"quantile",0.95,222.947332769524
2022-05-21,"01","23  day ahead inc hosp",2022-06-13,"quantile",0.975,247.850774177833
2022-05-21,"01","23  day ahead inc hosp",2022-06-13,"quantile",0.99,276.806406721794
2022-05-21,"01","24  day ahead inc hosp",2022-06-14,"quantile",0.01,0
2022-05-21,"01","24  day ahead inc hosp",2022-06-14,"quantile",0.025,0
2022-05-21,"01","24  day ahead inc hosp",2022-06-14,"quantile",0.05,0
2022-05-21,"01","24  day ahead inc hosp",2022-06-14,"quantile",0.1,0
2022-05-21,"01","24  day ahead inc hosp",2022-06-14,"quantile",0.15,8.4485078299507
2022-05-21,"01","24  day ahead inc hosp",2022-06-14,"quantile",0.2,24.2663933603225
2022-05-21,"01","24  day ahead inc hosp",2022-06-14,"quantile",0.25,37.8367306941475
2022-05-21,"01","24  day ahead inc hosp",2022-06-14,"quantile",0.3,50.0233130288294
2022-05-21,"01","24  day ahead inc hosp",2022-06-14,"quantile",0.35,61.3159977257394
2022-05-21,"01","24  day ahead inc hosp",2022-06-14,"quantile",0.4,72.0316511890627
2022-05-21,"01","24  day ahead inc hosp",2022-06-14,"quantile",0.45,82.3991699260752
2022-05-21,"01","24  day ahead inc hosp",2022-06-14,"quantile",0.5,92.6023155704016
2022-05-21,"01","24  day ahead inc hosp",2022-06-14,"quantile",0.55,102.805461214728
2022-05-21,"01","24  day ahead inc hosp",2022-06-14,"quantile",0.6,113.172979951741
2022-05-21,"01","24  day ahead inc hosp",2022-06-14,"quantile",0.65,123.888633415064
2022-05-21,"01","24  day ahead inc hosp",2022-06-14,"quantile",0.7,135.181318111974
2022-05-21,"01","24  day ahead inc hosp",2022-06-14,"quantile",0.75,147.367900446656
2022-05-21,"01","24  day ahead inc hosp",2022-06-14,"quantile",0.8,160.938237780481
2022-05-21,"01","24  day ahead inc hosp",2022-06-14,"quantile",0.85,176.756123310853
2022-05-21,"01","24  day ahead inc hosp",2022-06-14,"quantile",0.9,196.658635204207
2022-05-21,"01","24  day ahead inc hosp",2022-06-14,"quantile",0.95,226.15715593623
2022-05-21,"01","24  day ahead inc hosp",2022-06-14,"quantile",0.975,251.742723439498
2022-05-21,"01","24  day ahead inc hosp",2022-06-14,"quantile",0.99,281.491474983779
2022-05-21,"01","25  day ahead inc hosp",2022-06-15,"quantile",0.01,0
2022-05-21,"01","25  day ahead inc hosp",2022-06-15,"quantile",0.025,0
2022-05-21,"01","25  day ahead inc hosp",2022-06-15,"quantile",0.05,0
2022-05-21,"01","25  day ahead inc hosp",2022-06-15,"quantile",0.1,0
2022-05-21,"01","25  day ahead inc hosp",2022-06-15,"quantile",0.15,7.24584574967322
2022-05-21,"01","25  day ahead inc hosp",2022-06-15,"quantile",0.2,23.4744904275522
2022-05-21,"01","25  day ahead inc hosp",2022-06-15,"quantile",0.25,37.3972225352503
2022-05-21,"01","25  day ahead inc hosp",2022-06-15,"quantile",0.3,49.9002662680886
2022-05-21,"01","25  day ahead inc hosp",2022-06-15,"quantile",0.35,61.4861996125667
2022-05-21,"01","25  day ahead inc hosp",2022-06-15,"quantile",0.4,72.4801173655844
2022-05-21,"01","25  day ahead inc hosp",2022-06-15,"quantile",0.45,83.1168600232027
2022-05-21,"01","25  day ahead inc hosp",2022-06-15,"quantile",0.5,93.5849611445875
2022-05-21,"01","25  day ahead inc hosp",2022-06-15,"quantile",0.55,104.053062265972
2022-05-21,"01","25  day ahead inc hosp",2022-06-15,"quantile",0.6,114.689804923591
2022-05-21,"01","25  day ahead inc hosp",2022-06-15,"quantile",0.65,125.683722676608
2022-05-21,"01","25  day ahead inc hosp",2022-06-15,"quantile",0.7,137.269656021086
2022-05-21,"01","25  day ahead inc hosp",2022-06-15,"quantile",0.75,149.772699753925
2022-05-21,"01","25  day ahead inc hosp",2022-06-15,"quantile",0.8,163.695431861623
2022-05-21,"01","25  day ahead inc hosp",2022-06-15,"quantile",0.85,179.924076539502
2022-05-21,"01","25  day ahead inc hosp",2022-06-15,"quantile",0.9,200.343417234207
2022-05-21,"01","25  day ahead inc hosp",2022-06-15,"quantile",0.95,230.607956104706
2022-05-21,"01","25  day ahead inc hosp",2022-06-15,"quantile",0.975,256.85793010377
2022-05-21,"01","25  day ahead inc hosp",2022-06-15,"quantile",0.99,287.379197784944
2022-05-21,"01","26  day ahead inc hosp",2022-06-16,"quantile",0.01,0
2022-05-21,"01","26  day ahead inc hosp",2022-06-16,"quantile",0.025,0
2022-05-21,"01","26  day ahead inc hosp",2022-06-16,"quantile",0.05,0
2022-05-21,"01","26  day ahead inc hosp",2022-06-16,"quantile",0.1,0
2022-05-21,"01","26  day ahead inc hosp",2022-06-16,"quantile",0.15,3.67456846080447
2022-05-21,"01","26  day ahead inc hosp",2022-06-16,"quantile",0.2,20.3038292233806
2022-05-21,"01","26  day ahead inc hosp",2022-06-16,"quantile",0.25,34.5702542602162
2022-05-21,"01","26  day ahead inc hosp",2022-06-16,"quantile",0.3,47.3819448656966
2022-05-21,"01","26  day ahead inc hosp",2022-06-16,"quantile",0.35,59.2538855352567
2022-05-21,"01","26  day ahead inc hosp",2022-06-16,"quantile",0.4,70.5191962710599
2022-05-21,"01","26  day ahead inc hosp",2022-06-16,"quantile",0.45,81.4185147803286
2022-05-21,"01","26  day ahead inc hosp",2022-06-16,"quantile",0.5,92.1450287124381
2022-05-21,"01","26  day ahead inc hosp",2022-06-16,"quantile",0.55,102.871542644548
2022-05-21,"01","26  day ahead inc hosp",2022-06-16,"quantile",0.6,113.770861153816
2022-05-21,"01","26  day ahead inc hosp",2022-06-16,"quantile",0.65,125.036171889619
2022-05-21,"01","26  day ahead inc hosp",2022-06-16,"quantile",0.7,136.90811255918
2022-05-21,"01","26  day ahead inc hosp",2022-06-16,"quantile",0.75,149.71980316466
2022-05-21,"01","26  day ahead inc hosp",2022-06-16,"quantile",0.8,163.986228201496
2022-05-21,"01","26  day ahead inc hosp",2022-06-16,"quantile",0.85,180.615488964072
2022-05-21,"01","26  day ahead inc hosp",2022-06-16,"quantile",0.9,201.53889617102
2022-05-21,"01","26  day ahead inc hosp",2022-06-16,"quantile",0.95,232.550537545032
2022-05-21,"01","26  day ahead inc hosp",2022-06-16,"quantile",0.975,259.448511547524
2022-05-21,"01","26  day ahead inc hosp",2022-06-16,"quantile",0.99,290.723219272591
2022-05-21,"01","27  day ahead inc hosp",2022-06-17,"quantile",0.01,0
2022-05-21,"01","27  day ahead inc hosp",2022-06-17,"quantile",0.025,0
2022-05-21,"01","27  day ahead inc hosp",2022-06-17,"quantile",0.05,0
2022-05-21,"01","27  day ahead inc hosp",2022-06-17,"quantile",0.1,0
2022-05-21,"01","27  day ahead inc hosp",2022-06-17,"quantile",0.15,3.22446019142896
2022-05-21,"01","27  day ahead inc hosp",2022-06-17,"quantile",0.2,20.2449102130546
2022-05-21,"01","27  day ahead inc hosp",2022-06-17,"quantile",0.25,34.8469408020026
2022-05-21,"01","27  day ahead inc hosp",2022-06-17,"quantile",0.3,47.9600155656055
2022-05-21,"01","27  day ahead inc hosp",2022-06-17,"quantile",0.35,60.1112335728845
2022-05-21,"01","27  day ahead inc hosp",2022-06-17,"quantile",0.4,71.6415511915926
2022-05-21,"01","27  day ahead inc hosp",2022-06-17,"quantile",0.45,82.7972669269713
2022-05-21,"01","27  day ahead inc hosp",2022-06-17,"quantile",0.5,93.7761130040388
2022-05-21,"01","27  day ahead inc hosp",2022-06-17,"quantile",0.55,104.754959081106
2022-05-21,"01","27  day ahead inc hosp",2022-06-17,"quantile",0.6,115.910674816485
2022-05-21,"01","27  day ahead inc hosp",2022-06-17,"quantile",0.65,127.440992435193
2022-05-21,"01","27  day ahead inc hosp",2022-06-17,"quantile",0.7,139.592210442472
2022-05-21,"01","27  day ahead inc hosp",2022-06-17,"quantile",0.75,152.705285206075
2022-05-21,"01","27  day ahead inc hosp",2022-06-17,"quantile",0.8,167.307315795023
2022-05-21,"01","27  day ahead inc hosp",2022-06-17,"quantile",0.85,184.327765816649
2022-05-21,"01","27  day ahead inc hosp",2022-06-17,"quantile",0.9,205.74337843663
2022-05-21,"01","27  day ahead inc hosp",2022-06-17,"quantile",0.95,237.484542378375
2022-05-21,"01","27  day ahead inc hosp",2022-06-17,"quantile",0.975,265.015268411772
2022-05-21,"01","27  day ahead inc hosp",2022-06-17,"quantile",0.99,297.025687117418
2022-05-21,"01","28  day ahead inc hosp",2022-06-18,"quantile",0.01,0
2022-05-21,"01","28  day ahead inc hosp",2022-06-18,"quantile",0.025,0
2022-05-21,"01","28  day ahead inc hosp",2022-06-18,"quantile",0.05,0
2022-05-21,"01","28  day ahead inc hosp",2022-06-18,"quantile",0.1,0
2022-05-21,"01","28  day ahead inc hosp",2022-06-18,"quantile",0.15,0.472518703105266
2022-05-21,"01","28  day ahead inc hosp",2022-06-18,"quantile",0.2,17.8753668713667
2022-05-21,"01","28  day ahead inc hosp",2022-06-18,"quantile",0.25,32.8054610207516
2022-05-21,"01","28  day ahead inc hosp",2022-06-18,"quantile",0.3,46.2131470008574
2022-05-21,"01","28  day ahead inc hosp",2022-06-18,"quantile",0.35,58.6373662060745
2022-05-21,"01","28  day ahead inc hosp",2022-06-18,"quantile",0.4,70.4267352647806
2022-05-21,"01","28  day ahead inc hosp",2022-06-18,"quantile",0.45,81.8330862663352
2022-05-21,"01","28  day ahead inc hosp",2022-06-18,"quantile",0.5,93.0585938821244
2022-05-21,"01","28  day ahead inc hosp",2022-06-18,"quantile",0.55,104.284101497914
2022-05-21,"01","28  day ahead inc hosp",2022-06-18,"quantile",0.6,115.690452499468
2022-05-21,"01","28  day ahead inc hosp",2022-06-18,"quantile",0.65,127.479821558174
2022-05-21,"01","28  day ahead inc hosp",2022-06-18,"quantile",0.7,139.904040763391
2022-05-21,"01","28  day ahead inc hosp",2022-06-18,"quantile",0.75,153.311726743497
2022-05-21,"01","28  day ahead inc hosp",2022-06-18,"quantile",0.8,168.241820892882
2022-05-21,"01","28  day ahead inc hosp",2022-06-18,"quantile",0.85,185.644669061144
2022-05-21,"01","28  day ahead inc hosp",2022-06-18,"quantile",0.9,207.541425867356
2022-05-21,"01","28  day ahead inc hosp",2022-06-18,"quantile",0.95,239.995717972455
2022-05-21,"01","28  day ahead inc hosp",2022-06-18,"quantile",0.975,268.144976335922
2022-05-21,"01","28  day ahead inc hosp",2022-06-18,"quantile",0.99,300.874572546894
2022-05-21,"01","29  day ahead inc hosp",2022-06-19,"quantile",0.01,0
2022-05-21,"01","29  day ahead inc hosp",2022-06-19,"quantile",0.025,0
2022-05-21,"01","29  day ahead inc hosp",2022-06-19,"quantile",0.05,0
2022-05-21,"01","29  day ahead inc hosp",2022-06-19,"quantile",0.1,0
2022-05-21,"01","29  day ahead inc hosp",2022-06-19,"quantile",0.15,9.36857959147832
2022-05-21,"01","29  day ahead inc hosp",2022-06-19,"quantile",0.2,27.1456021148499
2022-05-21,"01","29  day ahead inc hosp",2022-06-19,"quantile",0.25,42.3967045438031
2022-05-21,"01","29  day ahead inc hosp",2022-06-19,"quantile",0.3,56.0926658801392
2022-05-21,"01","29  day ahead inc hosp",2022-06-19,"quantile",0.35,68.78401516452
2022-05-21,"01","29  day ahead inc hosp",2022-06-19,"quantile",0.4,80.8268645456449
2022-05-21,"01","29  day ahead inc hosp",2022-06-19,"quantile",0.45,92.4784606926437
2022-05-21,"01","29  day ahead inc hosp",2022-06-19,"quantile",0.5,103.945325184751
2022-05-21,"01","29  day ahead inc hosp",2022-06-19,"quantile",0.55,115.412189676857
2022-05-21,"01","29  day ahead inc hosp",2022-06-19,"quantile",0.6,127.063785823856
2022-05-21,"01","29  day ahead inc hosp",2022-06-19,"quantile",0.65,139.106635204981
2022-05-21,"01","29  day ahead inc hosp",2022-06-19,"quantile",0.7,151.797984489362
2022-05-21,"01","29  day ahead inc hosp",2022-06-19,"quantile",0.75,165.493945825698
2022-05-21,"01","29  day ahead inc hosp",2022-06-19,"quantile",0.8,180.745048254651
2022-05-21,"01","29  day ahead inc hosp",2022-06-19,"quantile",0.85,198.522070778023
2022-05-21,"01","29  day ahead inc hosp",2022-06-19,"quantile",0.9,220.889624362887
2022-05-21,"01","29  day ahead inc hosp",2022-06-19,"quantile",0.95,254.041708214576
2022-05-21,"01","29  day ahead inc hosp",2022-06-19,"quantile",0.975,282.796196853751
2022-05-21,"01","29  day ahead inc hosp",2022-06-19,"quantile",0.99,316.229504057134
2022-05-21,"01","30  day ahead inc hosp",2022-06-20,"quantile",0.01,0
2022-05-21,"01","30  day ahead inc hosp",2022-06-20,"quantile",0.025,0
2022-05-21,"01","30  day ahead inc hosp",2022-06-20,"quantile",0.05,0
2022-05-21,"01","30  day ahead inc hosp",2022-06-20,"quantile",0.1,0
2022-05-21,"01","30  day ahead inc hosp",2022-06-20,"quantile",0.15,6.93368753275469
2022-05-21,"01","30  day ahead inc hosp",2022-06-20,"quantile",0.2,25.0771694264091
2022-05-21,"01","30  day ahead inc hosp",2022-06-20,"quantile",0.25,40.6426613649038
2022-05-21,"01","30  day ahead inc hosp",2022-06-20,"quantile",0.3,54.6209541974245
2022-05-21,"01","30  day ahead inc hosp",2022-06-20,"quantile",0.35,67.5739256888244
2022-05-21,"01","30  day ahead inc hosp",2022-06-20,"quantile",0.4,79.865028960319
2022-05-21,"01","30  day ahead inc hosp",2022-06-20,"quantile",0.45,91.7568136192694
2022-05-21,"01","30  day ahead inc hosp",2022-06-20,"quantile",0.5,103.460058525215
2022-05-21,"01","30  day ahead inc hosp",2022-06-20,"quantile",0.55,115.163303431161
2022-05-21,"01","30  day ahead inc hosp",2022-06-20,"quantile",0.6,127.055088090111
2022-05-21,"01","30  day ahead inc hosp",2022-06-20,"quantile",0.65,139.346191361606
2022-05-21,"01","30  day ahead inc hosp",2022-06-20,"quantile",0.7,152.299162853006
2022-05-21,"01","30  day ahead inc hosp",2022-06-20,"quantile",0.75,166.277455685526
2022-05-21,"01","30  day ahead inc hosp",2022-06-20,"quantile",0.8,181.842947624021
2022-05-21,"01","30  day ahead inc hosp",2022-06-20,"quantile",0.85,199.986429517675
2022-05-21,"01","30  day ahead inc hosp",2022-06-20,"quantile",0.9,222.815072668618
2022-05-21,"01","30  day ahead inc hosp",2022-06-20,"quantile",0.95,256.650560715576
2022-05-21,"01","30  day ahead inc hosp",2022-06-20,"quantile",0.975,285.997800575359
2022-05-21,"01","30  day ahead inc hosp",2022-06-20,"quantile",0.99,320.120309172739
2022-05-21,"01","31  day ahead inc hosp",2022-06-21,"quantile",0.01,0
2022-05-21,"01","31  day ahead inc hosp",2022-06-21,"quantile",0.025,0
2022-05-21,"01","31  day ahead inc hosp",2022-06-21,"quantile",0.05,0
2022-05-21,"01","31  day ahead inc hosp",2022-06-21,"quantile",0.1,0
2022-05-21,"01","31  day ahead inc hosp",2022-06-21,"quantile",0.15,5.89518141165119
2022-05-21,"01","31  day ahead inc hosp",2022-06-21,"quantile",0.2,24.3978660994003
2022-05-21,"01","31  day ahead inc hosp",2022-06-21,"quantile",0.25,40.2715220512052
2022-05-21,"01","31  day ahead inc hosp",2022-06-21,"quantile",0.3,54.5265556918875
2022-05-21,"01","31  day ahead inc hosp",2022-06-21,"quantile",0.35,67.7359687846742
2022-05-21,"01","31  day ahead inc hosp",2022-06-21,"quantile",0.4,80.270410058406
2022-05-21,"01","31  day ahead inc hosp",2022-06-21,"quantile",0.45,92.3976270506486
2022-05-21,"01","31  day ahead inc hosp",2022-06-21,"quantile",0.5,104.332571599189
2022-05-21,"01","31  day ahead inc hosp",2022-06-21,"quantile",0.55,116.26751614773
2022-05-21,"01","31  day ahead inc hosp",2022-06-21,"quantile",0.6,128.394733139973
2022-05-21,"01","31  day ahead inc hosp",2022-06-21,"quantile",0.65,140.929174413705
2022-05-21,"01","31  day ahead inc hosp",2022-06-21,"quantile",0.7,154.138587506491
2022-05-21,"01","31  day ahead inc hosp",2022-06-21,"quantile",0.75,168.393621147174
2022-05-21,"01","31  day ahead inc hosp",2022-06-21,"quantile",0.8,184.267277098978
2022-05-21,"01","31  day ahead inc hosp",2022-06-21,"quantile",0.85,202.769961786727
2022-05-21,"01","31  day ahead inc hosp",2022-06-21,"quantile",0.9,226.05056407392
2022-05-21,"01","31  day ahead inc hosp",2022-06-21,"quantile",0.95,260.555923643734
2022-05-21,"01","31  day ahead inc hosp",2022-06-21,"quantile",0.975,290.48417714899
2022-05-21,"01","31  day ahead inc hosp",2022-06-21,"quantile",0.99,325.282239672653
2022-05-21,"01","32  day ahead inc hosp",2022-06-22,"quantile",0.01,0
2022-05-21,"01","32  day ahead inc hosp",2022-06-22,"quantile",0.025,0
2022-05-21,"01","32  day ahead inc hosp",2022-06-22,"quantile",0.05,0
2022-05-21,"01","32  day ahead inc hosp",2022-06-22,"quantile",0.1,0
2022-05-21,"01","32  day ahead inc hosp",2022-06-22,"quantile",0.15,4.45638091665194
2022-05-21,"01","32  day ahead inc hosp",2022-06-22,"quantile",0.2,23.3114265565641
2022-05-21,"01","32  day ahead inc hosp",2022-06-22,"quantile",0.25,39.4873768305106
2022-05-21,"01","32  day ahead inc hosp",2022-06-22,"quantile",0.3,54.013880115275
2022-05-21,"01","32  day ahead inc hosp",2022-06-22,"quantile",0.35,67.4748502903683
2022-05-21,"01","32  day ahead inc hosp",2022-06-22,"quantile",0.4,80.2479946353883
2022-05-21,"01","32  day ahead inc hosp",2022-06-22,"quantile",0.45,92.6061596115904
2022-05-21,"01","32  day ahead inc hosp",2022-06-22,"quantile",0.5,104.768390551058
2022-05-21,"01","32  day ahead inc hosp",2022-06-22,"quantile",0.55,116.930621490526
2022-05-21,"01","32  day ahead inc hosp",2022-06-22,"quantile",0.6,129.288786466728
2022-05-21,"01","32  day ahead inc hosp",2022-06-22,"quantile",0.65,142.061930811748
2022-05-21,"01","32  day ahead inc hosp",2022-06-22,"quantile",0.7,155.522900986841
2022-05-21,"01","32  day ahead inc hosp",2022-06-22,"quantile",0.75,170.049404271605
2022-05-21,"01","32  day ahead inc hosp",2022-06-22,"quantile",0.8,186.225354545552
2022-05-21,"01","32  day ahead inc hosp",2022-06-22,"quantile",0.85,205.080400185464
2022-05-21,"01","32  day ahead inc hosp",2022-06-22,"quantile",0.9,228.804353009472
2022-05-21,"01","32  day ahead inc hosp",2022-06-22,"quantile",0.95,263.966824860987
2022-05-21,"01","32  day ahead inc hosp",2022-06-22,"quantile",0.975,294.465025272849
2022-05-21,"01","32  day ahead inc hosp",2022-06-22,"quantile",0.99,329.925774247218
2022-05-21,"01","33  day ahead inc hosp",2022-06-23,"quantile",0.01,0
2022-05-21,"01","33  day ahead inc hosp",2022-06-23,"quantile",0.025,0
2022-05-21,"01","33  day ahead inc hosp",2022-06-23,"quantile",0.05,0
2022-05-21,"01","33  day ahead inc hosp",2022-06-23,"quantile",0.1,0
2022-05-21,"01","33  day ahead inc hosp",2022-06-23,"quantile",0.15,3.36175042332195
2022-05-21,"01","33  day ahead inc hosp",2022-06-23,"quantile",0.2,22.5626918458687
2022-05-21,"01","33  day ahead inc hosp",2022-06-23,"quantile",0.25,39.0353899021713
2022-05-21,"01","33  day ahead inc hosp",2022-06-23,"quantile",0.3,53.8283818668672
2022-05-21,"01","33  day ahead inc hosp",2022-06-23,"quantile",0.35,67.5362935186695
2022-05-21,"01","33  day ahead inc hosp",2022-06-23,"quantile",0.4,80.5437611766267
2022-05-21,"01","33  day ahead inc hosp",2022-06-23,"quantile",0.45,93.1286366698971
2022-05-21,"01","33  day ahead inc hosp",2022-06-23,"quantile",0.5,105.513983716837
2022-05-21,"01","33  day ahead inc hosp",2022-06-23,"quantile",0.55,117.899330763777
2022-05-21,"01","33  day ahead inc hosp",2022-06-23,"quantile",0.6,130.484206257047
2022-05-21,"01","33  day ahead inc hosp",2022-06-23,"quantile",0.65,143.491673915005
2022-05-21,"01","33  day ahead inc hosp",2022-06-23,"quantile",0.7,157.199585566807
2022-05-21,"01","33  day ahead inc hosp",2022-06-23,"quantile",0.75,171.992577531503
2022-05-21,"01","33  day ahead inc hosp",2022-06-23,"quantile",0.8,188.465275587805
2022-05-21,"01","33  day ahead inc hosp",2022-06-23,"quantile",0.85,207.666217010352
2022-05-21,"01","33  day ahead inc hosp",2022-06-23,"quantile",0.9,231.825385711636
2022-05-21,"01","33  day ahead inc hosp",2022-06-23,"quantile",0.95,267.632913054011
2022-05-21,"01","33  day ahead inc hosp",2022-06-23,"quantile",0.975,298.690602904502
2022-05-21,"01","33  day ahead inc hosp",2022-06-23,"quantile",0.99,334.801879263082
2022-05-21,"01","34  day ahead inc hosp",2022-06-24,"quantile",0.01,0
2022-05-21,"01","34  day ahead inc hosp",2022-06-24,"quantile",0.025,0
2022-05-21,"01","34  day ahead inc hosp",2022-06-24,"quantile",0.05,0
2022-05-21,"01","34  day ahead inc hosp",2022-06-24,"quantile",0.1,0
2022-05-21,"01","34  day ahead inc hosp",2022-06-24,"quantile",0.15,0.0773733955799685
2022-05-21,"01","34  day ahead inc hosp",2022-06-24,"quantile",0.2,19.6180887596851
2022-05-21,"01","34  day ahead inc hosp",2022-06-24,"quantile",0.25,36.3822826037994
2022-05-21,"01","34  day ahead inc hosp",2022-06-24,"quantile",0.3,51.4370467950062
2022-05-21,"01","34  day ahead inc hosp",2022-06-24,"quantile",0.35,65.3875294265313
2022-05-21,"01","34  day ahead inc hosp",2022-06-24,"quantile",0.4,78.6251732231776
2022-05-21,"01","34  day ahead inc hosp",2022-06-24,"quantile",0.45,91.4327467944365
2022-05-21,"01","34  day ahead inc hosp",2022-06-24,"quantile",0.5,104.037261125475
2022-05-21,"01","34  day ahead inc hosp",2022-06-24,"quantile",0.55,116.641775456513
2022-05-21,"01","34  day ahead inc hosp",2022-06-24,"quantile",0.6,129.449349027772
2022-05-21,"01","34  day ahead inc hosp",2022-06-24,"quantile",0.65,142.686992824418
2022-05-21,"01","34  day ahead inc hosp",2022-06-24,"quantile",0.7,156.637475455943
2022-05-21,"01","34  day ahead inc hosp",2022-06-24,"quantile",0.75,171.69223964715
2022-05-21,"01","34  day ahead inc hosp",2022-06-24,"quantile",0.8,188.456433491264
2022-05-21,"01","34  day ahead inc hosp",2022-06-24,"quantile",0.85,207.997148855369
2022-05-21,"01","34  day ahead inc hosp",2022-06-24,"quantile",0.9,232.583830759978
2022-05-21,"01","34  day ahead inc hosp",2022-06-24,"quantile",0.95,269.024997070091
2022-05-21,"01","34  day ahead inc hosp",2022-06-24,"quantile",0.975,300.632274227995
2022-05-21,"01","34  day ahead inc hosp",2022-06-24,"quantile",0.99,337.382564603286
2022-05-21,"01","35  day ahead inc hosp",2022-06-25,"quantile",0.01,0
2022-05-21,"01","35  day ahead inc hosp",2022-06-25,"quantile",0.025,0
2022-05-21,"01","35  day ahead inc hosp",2022-06-25,"quantile",0.05,0
2022-05-21,"01","35  day ahead inc hosp",2022-06-25,"quantile",0.1,0
2022-05-21,"01","35  day ahead inc hosp",2022-06-25,"quantile",0.15,0
2022-05-21,"01","35  day ahead inc hosp",2022-06-25,"quantile",0.2,18.092386920059
2022-05-21,"01","35  day ahead inc hosp",2022-06-25,"quantile",0.25,35.1430939210007
2022-05-21,"01","35  day ahead inc hosp",2022-06-25,"quantile",0.3,50.4551557821
2022-05-21,"01","35  day ahead inc hosp",2022-06-25,"quantile",0.35,64.6440630497985
2022-05-21,"01","35  day ahead inc hosp",2022-06-25,"quantile",0.4,78.1079485105774
2022-05-21,"01","35  day ahead inc hosp",2022-06-25,"quantile",0.45,91.134413510158
2022-05-21,"01","35  day ahead inc hosp",2022-06-25,"quantile",0.5,103.95434882862
2022-05-21,"01","35  day ahead inc hosp",2022-06-25,"quantile",0.55,116.774284147082
2022-05-21,"01","35  day ahead inc hosp",2022-06-25,"quantile",0.6,129.800749146662
2022-05-21,"01","35  day ahead inc hosp",2022-06-25,"quantile",0.65,143.264634607441
2022-05-21,"01","35  day ahead inc hosp",2022-06-25,"quantile",0.7,157.45354187514
2022-05-21,"01","35  day ahead inc hosp",2022-06-25,"quantile",0.75,172.765603736239
2022-05-21,"01","35  day ahead inc hosp",2022-06-25,"quantile",0.8,189.816310737181
2022-05-21,"01","35  day ahead inc hosp",2022-06-25,"quantile",0.85,209.690992177895
2022-05-21,"01","35  day ahead inc hosp",2022-06-25,"quantile",0.9,234.69787966554
2022-05-21,"01","35  day ahead inc hosp",2022-06-25,"quantile",0.95,271.761853949306
2022-05-21,"01","35  day ahead inc hosp",2022-06-25,"quantile",0.975,303.909324142523
2022-05-21,"01","35  day ahead inc hosp",2022-06-25,"quantile",0.99,341.287705663005
2022-05-21,"01","36  day ahead inc hosp",2022-06-26,"quantile",0.01,0
2022-05-21,"01","36  day ahead inc hosp",2022-06-26,"quantile",0.025,0
2022-05-21,"01","36  day ahead inc hosp",2022-06-26,"quantile",0.05,0
2022-05-21,"01","36  day ahead inc hosp",2022-06-26,"quantile",0.1,0
2022-05-21,"01","36  day ahead inc hosp",2022-06-26,"quantile",0.15,5.41478407583088
2022-05-21,"01","36  day ahead inc hosp",2022-06-26,"quantile",0.2,25.6179117495051
2022-05-21,"01","36  day ahead inc hosp",2022-06-26,"quantile",0.25,42.9503963729192
2022-05-21,"01","36  day ahead inc hosp",2022-06-26,"quantile",0.3,58.5155032477022
2022-05-21,"01","36  day ahead inc hosp",2022-06-26,"quantile",0.35,72.9388944318243
2022-05-21,"01","36  day ahead inc hosp",2022-06-26,"quantile",0.4,86.6252821990571
2022-05-21,"01","36  day ahead inc hosp",2022-06-26,"quantile",0.45,99.8670207551301
2022-05-21,"01","36  day ahead inc hosp",2022-06-26,"quantile",0.5,112.898816549177
2022-05-21,"01","36  day ahead inc hosp",2022-06-26,"quantile",0.55,125.930612343224
2022-05-21,"01","36  day ahead inc hosp",2022-06-26,"quantile",0.6,139.172350899297
2022-05-21,"01","36  day ahead inc hosp",2022-06-26,"quantile",0.65,152.85873866653
2022-05-21,"01","36  day ahead inc hosp",2022-06-26,"quantile",0.7,167.282129850652
2022-05-21,"01","36  day ahead inc hosp",2022-06-26,"quantile",0.75,182.847236725435
2022-05-21,"01","36  day ahead inc hosp",2022-06-26,"quantile",0.8,200.179721348849
2022-05-21,"01","36  day ahead inc hosp",2022-06-26,"quantile",0.85,220.382849022524
2022-05-21,"01","36  day ahead inc hosp",2022-06-26,"quantile",0.9,245.802996869479
2022-05-21,"01","36  day ahead inc hosp",2022-06-26,"quantile",0.95,283.479485259111
2022-05-21,"01","36  day ahead inc hosp",2022-06-26,"quantile",0.975,316.158220092501
2022-05-21,"01","36  day ahead inc hosp",2022-06-26,"quantile",0.99,354.154311569298
2022-05-21,"01","37  day ahead inc hosp",2022-06-27,"quantile",0.01,0
2022-05-21,"01","37  day ahead inc hosp",2022-06-27,"quantile",0.025,0
2022-05-21,"01","37  day ahead inc hosp",2022-06-27,"quantile",0.05,0
2022-05-21,"01","37  day ahead inc hosp",2022-06-27,"quantile",0.1,0
2022-05-21,"01","37  day ahead inc hosp",2022-06-27,"quantile",0.15,4.66001389556629
2022-05-21,"01","37  day ahead inc hosp",2022-06-27,"quantile",0.2,25.1863329330285
2022-05-21,"01","37  day ahead inc hosp",2022-06-27,"quantile",0.25,42.796086969068
2022-05-21,"01","37  day ahead inc hosp",2022-06-27,"quantile",0.3,58.61019034576
2022-05-21,"01","37  day ahead inc hosp",2022-06-27,"quantile",0.35,73.2643138967977
2022-05-21,"01","37  day ahead inc hosp",2022-06-27,"quantile",0.4,87.1696441168661
2022-05-21,"01","37  day ahead inc hosp",2022-06-27,"quantile",0.45,100.623212029858
2022-05-21,"01","37  day ahead inc hosp",2022-06-27,"quantile",0.5,113.8634787064
2022-05-21,"01","37  day ahead inc hosp",2022-06-27,"quantile",0.55,127.103745382942
2022-05-21,"01","37  day ahead inc hosp",2022-06-27,"quantile",0.6,140.557313295933
2022-05-21,"01","37  day ahead inc hosp",2022-06-27,"quantile",0.65,154.462643516002
2022-05-21,"01","37  day ahead inc hosp",2022-06-27,"quantile",0.7,169.116767067039
2022-05-21,"01","37  day ahead inc hosp",2022-06-27,"quantile",0.75,184.930870443731
2022-05-21,"01","37  day ahead inc hosp",2022-06-27,"quantile",0.8,202.540624479771
2022-05-21,"01","37  day ahead inc hosp",2022-06-27,"quantile",0.85,223.066943517233
2022-05-21,"01","37  day ahead inc hosp",2022-06-27,"quantile",0.9,248.89373989817
2022-05-21,"01","37  day ahead inc hosp",2022-06-27,"quantile",0.95,287.172942672529
2022-05-21,"01","37  day ahead inc hosp",2022-06-27,"quantile",0.975,320.374442349474
2022-05-21,"01","37  day ahead inc hosp",2022-06-27,"quantile",0.99,358.978360932122
2022-05-21,"02","1  day ahead inc hosp",2022-05-22,"quantile",0.01,0
2022-05-21,"02","1  day ahead inc hosp",2022-05-22,"quantile",0.025,0.00192875319786712
2022-05-21,"02","1  day ahead inc hosp",2022-05-22,"quantile",0.05,1.18913262655931
2022-05-21,"02","1  day ahead inc hosp",2022-05-22,"quantile",0.1,2.55790265939196
2022-05-21,"02","1  day ahead inc hosp",2022-05-22,"quantile",0.15,3.48140530229384
2022-05-21,"02","1  day ahead inc hosp",2022-05-22,"quantile",0.2,4.21537592724272
2022-05-21,"02","1  day ahead inc hosp",2022-05-22,"quantile",0.25,4.84505736946519
2022-05-21,"02","1  day ahead inc hosp",2022-05-22,"quantile",0.3,5.41053076570409
2022-05-21,"02","1  day ahead inc hosp",2022-05-22,"quantile",0.35,5.93452613970189
2022-05-21,"02","1  day ahead inc hosp",2022-05-22,"quantile",0.4,6.43174650800645
2022-05-21,"02","1  day ahead inc hosp",2022-05-22,"quantile",0.45,6.91281296862557
2022-05-21,"02","1  day ahead inc hosp",2022-05-22,"quantile",0.5,7.38625230226036
2022-05-21,"02","1  day ahead inc hosp",2022-05-22,"quantile",0.55,7.85969163589515
2022-05-21,"02","1  day ahead inc hosp",2022-05-22,"quantile",0.6,8.34075809651426
2022-05-21,"02","1  day ahead inc hosp",2022-05-22,"quantile",0.65,8.83797846481883
2022-05-21,"02","1  day ahead inc hosp",2022-05-22,"quantile",0.7,9.36197383881663
2022-05-21,"02","1  day ahead inc hosp",2022-05-22,"quantile",0.75,9.92744723505552
2022-05-21,"02","1  day ahead inc hosp",2022-05-22,"quantile",0.8,10.557128677278
2022-05-21,"02","1  day ahead inc hosp",2022-05-22,"quantile",0.85,11.2910993022269
2022-05-21,"02","1  day ahead inc hosp",2022-05-22,"quantile",0.9,12.2146019451288
2022-05-21,"02","1  day ahead inc hosp",2022-05-22,"quantile",0.95,13.5833719779614
2022-05-21,"02","1  day ahead inc hosp",2022-05-22,"quantile",0.975,14.7705758513228
2022-05-21,"02","1  day ahead inc hosp",2022-05-22,"quantile",0.99,16.1509569218825
2022-05-21,"02","2  day ahead inc hosp",2022-05-23,"quantile",0.01,0
2022-05-21,"02","2  day ahead inc hosp",2022-05-23,"quantile",0.025,0
2022-05-21,"02","2  day ahead inc hosp",2022-05-23,"quantile",0.05,0.803982357828786
2022-05-21,"02","2  day ahead inc hosp",2022-05-23,"quantile",0.1,2.21604428243887
2022-05-21,"02","2  day ahead inc hosp",2022-05-23,"quantile",0.15,3.16875575919427
2022-05-21,"02","2  day ahead inc hosp",2022-05-23,"quantile",0.2,3.92594063935105
2022-05-21,"02","2  day ahead inc hosp",2022-05-23,"quantile",0.25,4.57553784550542
2022-05-21,"02","2  day ahead inc hosp",2022-05-23,"quantile",0.3,5.15889621327772
2022-05-21,"02","2  day ahead inc hosp",2022-05-23,"quantile",0.35,5.69946467879481
2022-05-21,"02","2  day ahead inc hosp",2022-05-23,"quantile",0.4,6.21241129026502
2022-05-21,"02","2  day ahead inc hosp",2022-05-23,"quantile",0.45,6.70869307314523
2022-05-21,"02","2  day ahead inc hosp",2022-05-23,"quantile",0.5,7.19710649585507
2022-05-21,"02","2  day ahead inc hosp",2022-05-23,"quantile",0.55,7.68551991856491
2022-05-21,"02","2  day ahead inc hosp",2022-05-23,"quantile",0.6,8.18180170144512
2022-05-21,"02","2  day ahead inc hosp",2022-05-23,"quantile",0.65,8.69474831291533
2022-05-21,"02","2  day ahead inc hosp",2022-05-23,"quantile",0.7,9.23531677843242
2022-05-21,"02","2  day ahead inc hosp",2022-05-23,"quantile",0.75,9.81867514620472
2022-05-21,"02","2  day ahead inc hosp",2022-05-23,"quantile",0.8,10.4682723523591
2022-05-21,"02","2  day ahead inc hosp",2022-05-23,"quantile",0.85,11.2254572325159
2022-05-21,"02","2  day ahead inc hosp",2022-05-23,"quantile",0.9,12.1781687092713
2022-05-21,"02","2  day ahead inc hosp",2022-05-23,"quantile",0.95,13.5902306338814
2022-05-21,"02","2  day ahead inc hosp",2022-05-23,"quantile",0.975,14.8149837670677
2022-05-21,"02","2  day ahead inc hosp",2022-05-23,"quantile",0.99,16.2390239669806
2022-05-21,"02","3  day ahead inc hosp",2022-05-24,"quantile",0.01,0
2022-05-21,"02","3  day ahead inc hosp",2022-05-24,"quantile",0.025,0
2022-05-21,"02","3  day ahead inc hosp",2022-05-24,"quantile",0.05,0.799277474583505
2022-05-21,"02","3  day ahead inc hosp",2022-05-24,"quantile",0.1,2.25334293221819
2022-05-21,"02","3  day ahead inc hosp",2022-05-24,"quantile",0.15,3.23439399329308
2022-05-21,"02","3  day ahead inc hosp",2022-05-24,"quantile",0.2,4.01410227668387
2022-05-21,"02","3  day ahead inc hosp",2022-05-24,"quantile",0.25,4.68302255729118
2022-05-21,"02","3  day ahead inc hosp",2022-05-24,"quantile",0.3,5.28373364312694
2022-05-21,"02","3  day ahead inc hosp",2022-05-24,"quantile",0.35,5.84038198800177
2022-05-21,"02","3  day ahead inc hosp",2022-05-24,"quantile",0.4,6.36858683252766
2022-05-21,"02","3  day ahead inc hosp",2022-05-24,"quantile",0.45,6.87963113247133
2022-05-21,"02","3  day ahead inc hosp",2022-05-24,"quantile",0.5,7.38257301811393
2022-05-21,"02","3  day ahead inc hosp",2022-05-24,"quantile",0.55,7.88551490375653
2022-05-21,"02","3  day ahead inc hosp",2022-05-24,"quantile",0.6,8.39655920370019
2022-05-21,"02","3  day ahead inc hosp",2022-05-24,"quantile",0.65,8.92476404822608
2022-05-21,"02","3  day ahead inc hosp",2022-05-24,"quantile",0.7,9.48141239310092
2022-05-21,"02","3  day ahead inc hosp",2022-05-24,"quantile",0.75,10.0821234789367
2022-05-21,"02","3  day ahead inc hosp",2022-05-24,"quantile",0.8,10.751043759544
2022-05-21,"02","3  day ahead inc hosp",2022-05-24,"quantile",0.85,11.5307520429348
2022-05-21,"02","3  day ahead inc hosp",2022-05-24,"quantile",0.9,12.5118031040097
2022-05-21,"02","3  day ahead inc hosp",2022-05-24,"quantile",0.95,13.9658685616443
2022-05-21,"02","3  day ahead inc hosp",2022-05-24,"quantile",0.975,15.2270534955755
2022-05-21,"02","3  day ahead inc hosp",2022-05-24,"quantile",0.99,16.693453537166
2022-05-21,"02","4  day ahead inc hosp",2022-05-25,"quantile",0.01,0
2022-05-21,"02","4  day ahead inc hosp",2022-05-25,"quantile",0.025,0
2022-05-21,"02","4  day ahead inc hosp",2022-05-25,"quantile",0.05,0.644644761863199
2022-05-21,"02","4  day ahead inc hosp",2022-05-25,"quantile",0.1,2.13953399897718
2022-05-21,"02","4  day ahead inc hosp",2022-05-25,"quantile",0.15,3.14812867025541
2022-05-21,"02","4  day ahead inc hosp",2022-05-25,"quantile",0.2,3.94972774188561
2022-05-21,"02","4  day ahead inc hosp",2022-05-25,"quantile",0.25,4.63742836960959
2022-05-21,"02","4  day ahead inc hosp",2022-05-25,"quantile",0.3,5.25500478758715
2022-05-21,"02","4  day ahead inc hosp",2022-05-25,"quantile",0.35,5.8272813761283
2022-05-21,"02","4  day ahead inc hosp",2022-05-25,"quantile",0.4,6.37031589560424
2022-05-21,"02","4  day ahead inc hosp",2022-05-25,"quantile",0.45,6.89570807768451
2022-05-21,"02","4  day ahead inc hosp",2022-05-25,"quantile",0.5,7.41277036521312
2022-05-21,"02","4  day ahead inc hosp",2022-05-25,"quantile",0.55,7.92983265274173
2022-05-21,"02","4  day ahead inc hosp",2022-05-25,"quantile",0.6,8.455224834822
2022-05-21,"02","4  day ahead inc hosp",2022-05-25,"quantile",0.65,8.99825935429794
2022-05-21,"02","4  day ahead inc hosp",2022-05-25,"quantile",0.7,9.57053594283909
2022-05-21,"02","4  day ahead inc hosp",2022-05-25,"quantile",0.75,10.1881123608166
2022-05-21,"02","4  day ahead inc hosp",2022-05-25,"quantile",0.8,10.8758129885406
2022-05-21,"02","4  day ahead inc hosp",2022-05-25,"quantile",0.85,11.6774120601708
2022-05-21,"02","4  day ahead inc hosp",2022-05-25,"quantile",0.9,12.6860067314491
2022-05-21,"02","4  day ahead inc hosp",2022-05-25,"quantile",0.95,14.180895968563
2022-05-21,"02","4  day ahead inc hosp",2022-05-25,"quantile",0.975,15.4774894429798
2022-05-21,"02","4  day ahead inc hosp",2022-05-25,"quantile",0.99,16.9850595650587
2022-05-21,"02","5  day ahead inc hosp",2022-05-26,"quantile",0.01,0
2022-05-21,"02","5  day ahead inc hosp",2022-05-26,"quantile",0.025,0
2022-05-21,"02","5  day ahead inc hosp",2022-05-26,"quantile",0.05,0.433514021361951
2022-05-21,"02","5  day ahead inc hosp",2022-05-26,"quantile",0.1,1.96814143783543
2022-05-21,"02","5  day ahead inc hosp",2022-05-26,"quantile",0.15,3.00354727007008
2022-05-21,"02","5  day ahead inc hosp",2022-05-26,"quantile",0.2,3.82645500249735
2022-05-21,"02","5  day ahead inc hosp",2022-05-26,"quantile",0.25,4.53243656382608
2022-05-21,"02","5  day ahead inc hosp",2022-05-26,"quantile",0.3,5.1664298251767
2022-05-21,"02","5  day ahead inc hosp",2022-05-26,"quantile",0.35,5.75391906570175
2022-05-21,"02","5  day ahead inc hosp",2022-05-26,"quantile",0.4,6.31138890426193
2022-05-21,"02","5  day ahead inc hosp",2022-05-26,"quantile",0.45,6.85074742461478
2022-05-21,"02","5  day ahead inc hosp",2022-05-26,"quantile",0.5,7.38155461939921
2022-05-21,"02","5  day ahead inc hosp",2022-05-26,"quantile",0.55,7.91236181418363
2022-05-21,"02","5  day ahead inc hosp",2022-05-26,"quantile",0.6,8.45172033453649
2022-05-21,"02","5  day ahead inc hosp",2022-05-26,"quantile",0.65,9.00919017309667
2022-05-21,"02","5  day ahead inc hosp",2022-05-26,"quantile",0.7,9.59667941362171
2022-05-21,"02","5  day ahead inc hosp",2022-05-26,"quantile",0.75,10.2306726749723
2022-05-21,"02","5  day ahead inc hosp",2022-05-26,"quantile",0.8,10.9366542363011
2022-05-21,"02","5  day ahead inc hosp",2022-05-26,"quantile",0.85,11.7595619687283
2022-05-21,"02","5  day ahead inc hosp",2022-05-26,"quantile",0.9,12.794967800963
2022-05-21,"02","5  day ahead inc hosp",2022-05-26,"quantile",0.95,14.3295952174365
2022-05-21,"02","5  day ahead inc hosp",2022-05-26,"quantile",0.975,15.6606556361348
2022-05-21,"02","5  day ahead inc hosp",2022-05-26,"quantile",0.99,17.2083010296257
2022-05-21,"02","6  day ahead inc hosp",2022-05-27,"quantile",0.01,0
2022-05-21,"02","6  day ahead inc hosp",2022-05-27,"quantile",0.025,0
2022-05-21,"02","6  day ahead inc hosp",2022-05-27,"quantile",0.05,0.268281310798629
2022-05-21,"02","6  day ahead inc hosp",2022-05-27,"quantile",0.1,1.84164356519044
2022-05-21,"02","6  day ahead inc hosp",2022-05-27,"quantile",0.15,2.90318360867455
2022-05-21,"02","6  day ahead inc hosp",2022-05-27,"quantile",0.2,3.74686198373152
2022-05-21,"02","6  day ahead inc hosp",2022-05-27,"quantile",0.25,4.47066290698345
2022-05-21,"02","6  day ahead inc hosp",2022-05-27,"quantile",0.3,5.12065850607164
2022-05-21,"02","6  day ahead inc hosp",2022-05-27,"quantile",0.35,5.7229762973356
2022-05-21,"02","6  day ahead inc hosp",2022-05-27,"quantile",0.4,6.29451698045987
2022-05-21,"02","6  day ahead inc hosp",2022-05-27,"quantile",0.45,6.84748920576904
2022-05-21,"02","6  day ahead inc hosp",2022-05-27,"quantile",0.5,7.39169426536101
2022-05-21,"02","6  day ahead inc hosp",2022-05-27,"quantile",0.55,7.93589932495298
2022-05-21,"02","6  day ahead inc hosp",2022-05-27,"quantile",0.6,8.48887155026215
2022-05-21,"02","6  day ahead inc hosp",2022-05-27,"quantile",0.65,9.06041223338642
2022-05-21,"02","6  day ahead inc hosp",2022-05-27,"quantile",0.7,9.66273002465038
2022-05-21,"02","6  day ahead inc hosp",2022-05-27,"quantile",0.75,10.3127256237386
2022-05-21,"02","6  day ahead inc hosp",2022-05-27,"quantile",0.8,11.0365265469905
2022-05-21,"02","6  day ahead inc hosp",2022-05-27,"quantile",0.85,11.8802049220475
2022-05-21,"02","6  day ahead inc hosp",2022-05-27,"quantile",0.9,12.9417449655316
2022-05-21,"02","6  day ahead inc hosp",2022-05-27,"quantile",0.95,14.5151072199234
2022-05-21,"02","6  day ahead inc hosp",2022-05-27,"quantile",0.975,15.8797643338354
2022-05-21,"02","6  day ahead inc hosp",2022-05-27,"quantile",0.99,17.4664731461265
2022-05-21,"02","7  day ahead inc hosp",2022-05-28,"quantile",0.01,0
2022-05-21,"02","7  day ahead inc hosp",2022-05-28,"quantile",0.025,0
2022-05-21,"02","7  day ahead inc hosp",2022-05-28,"quantile",0.05,0.178191070180901
2022-05-21,"02","7  day ahead inc hosp",2022-05-28,"quantile",0.1,1.7893571881519
2022-05-21,"02","7  day ahead inc hosp",2022-05-28,"quantile",0.15,2.87640331891863
2022-05-21,"02","7  day ahead inc hosp",2022-05-28,"quantile",0.2,3.74035312358842
2022-05-21,"02","7  day ahead inc hosp",2022-05-28,"quantile",0.25,4.48154512844582
2022-05-21,"02","7  day ahead inc hosp",2022-05-28,"quantile",0.3,5.1471584563097
2022-05-21,"02","7  day ahead inc hosp",2022-05-28,"quantile",0.35,5.7639484007912
2022-05-21,"02","7  day ahead inc hosp",2022-05-28,"quantile",0.4,6.34922174208397
2022-05-21,"02","7  day ahead inc hosp",2022-05-28,"quantile",0.45,6.91548047309792
2022-05-21,"02","7  day ahead inc hosp",2022-05-28,"quantile",0.5,7.47276138586642
2022-05-21,"02","7  day ahead inc hosp",2022-05-28,"quantile",0.55,8.03004229863491
2022-05-21,"02","7  day ahead inc hosp",2022-05-28,"quantile",0.6,8.59630102964887
2022-05-21,"02","7  day ahead inc hosp",2022-05-28,"quantile",0.65,9.18157437094164
2022-05-21,"02","7  day ahead inc hosp",2022-05-28,"quantile",0.7,9.79836431542314
2022-05-21,"02","7  day ahead inc hosp",2022-05-28,"quantile",0.75,10.463977643287
2022-05-21,"02","7  day ahead inc hosp",2022-05-28,"quantile",0.8,11.2051696481444
2022-05-21,"02","7  day ahead inc hosp",2022-05-28,"quantile",0.85,12.0691194528142
2022-05-21,"02","7  day ahead inc hosp",2022-05-28,"quantile",0.9,13.1561655835809
2022-05-21,"02","7  day ahead inc hosp",2022-05-28,"quantile",0.95,14.7673317015519
2022-05-21,"02","7  day ahead inc hosp",2022-05-28,"quantile",0.975,16.1647780292783
2022-05-21,"02","7  day ahead inc hosp",2022-05-28,"quantile",0.99,17.7896113887373
2022-05-21,"02","8  day ahead inc hosp",2022-05-29,"quantile",0.01,0
2022-05-21,"02","8  day ahead inc hosp",2022-05-29,"quantile",0.025,0
2022-05-21,"02","8  day ahead inc hosp",2022-05-29,"quantile",0.05,0.120271031151183
2022-05-21,"02","8  day ahead inc hosp",2022-05-29,"quantile",0.1,1.76837410312532
2022-05-21,"02","8  day ahead inc hosp",2022-05-29,"quantile",0.15,2.88034142139938
2022-05-21,"02","8  day ahead inc hosp",2022-05-29,"quantile",0.2,3.76409779588228
2022-05-21,"02","8  day ahead inc hosp",2022-05-29,"quantile",0.25,4.52228207402891
2022-05-21,"02","8  day ahead inc hosp",2022-05-29,"quantile",0.3,5.2031549884748
2022-05-21,"02","8  day ahead inc hosp",2022-05-29,"quantile",0.35,5.83408521405754
2022-05-21,"02","8  day ahead inc hosp",2022-05-29,"quantile",0.4,6.43277629933429
2022-05-21,"02","8  day ahead inc hosp",2022-05-29,"quantile",0.45,7.01201685293503
2022-05-21,"02","8  day ahead inc hosp",2022-05-29,"quantile",0.5,7.58207376639777
2022-05-21,"02","8  day ahead inc hosp",2022-05-29,"quantile",0.55,8.15213067986052
2022-05-21,"02","8  day ahead inc hosp",2022-05-29,"quantile",0.6,8.73137123346126
2022-05-21,"02","8  day ahead inc hosp",2022-05-29,"quantile",0.65,9.330062318738
2022-05-21,"02","8  day ahead inc hosp",2022-05-29,"quantile",0.7,9.96099254432075
2022-05-21,"02","8  day ahead inc hosp",2022-05-29,"quantile",0.75,10.6418654587666
2022-05-21,"02","8  day ahead inc hosp",2022-05-29,"quantile",0.8,11.4000497369133
2022-05-21,"02","8  day ahead inc hosp",2022-05-29,"quantile",0.85,12.2838061113962
2022-05-21,"02","8  day ahead inc hosp",2022-05-29,"quantile",0.9,13.3957734296702
2022-05-21,"02","8  day ahead inc hosp",2022-05-29,"quantile",0.95,15.0438765016444
2022-05-21,"02","8  day ahead inc hosp",2022-05-29,"quantile",0.975,16.4733601284135
2022-05-21,"02","8  day ahead inc hosp",2022-05-29,"quantile",0.99,18.1354437716215
2022-05-21,"02","9  day ahead inc hosp",2022-05-30,"quantile",0.01,0
2022-05-21,"02","9  day ahead inc hosp",2022-05-30,"quantile",0.025,0
2022-05-21,"02","9  day ahead inc hosp",2022-05-30,"quantile",0.05,0.0168089383403069
2022-05-21,"02","9  day ahead inc hosp",2022-05-30,"quantile",0.1,1.70103909244734
2022-05-21,"02","9  day ahead inc hosp",2022-05-30,"quantile",0.15,2.83738118152277
2022-05-21,"02","9  day ahead inc hosp",2022-05-30,"quantile",0.2,3.74050985114263
2022-05-21,"02","9  day ahead inc hosp",2022-05-30,"quantile",0.25,4.51531383357491
2022-05-21,"02","9  day ahead inc hosp",2022-05-30,"quantile",0.3,5.21111175612287
2022-05-21,"02","9  day ahead inc hosp",2022-05-30,"quantile",0.35,5.85587222598303
2022-05-21,"02","9  day ahead inc hosp",2022-05-30,"quantile",0.4,6.46768686061651
2022-05-21,"02","9  day ahead inc hosp",2022-05-30,"quantile",0.45,7.05962460009748
2022-05-21,"02","9  day ahead inc hosp",2022-05-30,"quantile",0.5,7.64217739035538
2022-05-21,"02","9  day ahead inc hosp",2022-05-30,"quantile",0.55,8.22473018061328
2022-05-21,"02","9  day ahead inc hosp",2022-05-30,"quantile",0.6,8.81666792009425
2022-05-21,"02","9  day ahead inc hosp",2022-05-30,"quantile",0.65,9.42848255472772
2022-05-21,"02","9  day ahead inc hosp",2022-05-30,"quantile",0.7,10.0732430245879
2022-05-21,"02","9  day ahead inc hosp",2022-05-30,"quantile",0.75,10.7690409471358
2022-05-21,"02","9  day ahead inc hosp",2022-05-30,"quantile",0.8,11.5438449295681
2022-05-21,"02","9  day ahead inc hosp",2022-05-30,"quantile",0.85,12.446973599188
2022-05-21,"02","9  day ahead inc hosp",2022-05-30,"quantile",0.9,13.5833156882634
2022-05-21,"02","9  day ahead inc hosp",2022-05-30,"quantile",0.95,15.2675458423704
2022-05-21,"02","9  day ahead inc hosp",2022-05-30,"quantile",0.975,16.7283643251144
2022-05-21,"02","9  day ahead inc hosp",2022-05-30,"quantile",0.99,18.4268815101991
2022-05-21,"02","10  day ahead inc hosp",2022-05-31,"quantile",0.01,0
2022-05-21,"02","10  day ahead inc hosp",2022-05-31,"quantile",0.025,0
2022-05-21,"02","10  day ahead inc hosp",2022-05-31,"quantile",0.05,0
2022-05-21,"02","10  day ahead inc hosp",2022-05-31,"quantile",0.1,1.57362573794878
2022-05-21,"02","10  day ahead inc hosp",2022-05-31,"quantile",0.15,2.73383062067381
2022-05-21,"02","10  day ahead inc hosp",2022-05-31,"quantile",0.2,3.65592468222042
2022-05-21,"02","10  day ahead inc hosp",2022-05-31,"quantile",0.25,4.44699928221534
2022-05-21,"02","10  day ahead inc hosp",2022-05-31,"quantile",0.3,5.15740872219912
2022-05-21,"02","10  day ahead inc hosp",2022-05-31,"quantile",0.35,5.81570894051497
2022-05-21,"02","10  day ahead inc hosp",2022-05-31,"quantile",0.4,6.44037147237801
2022-05-21,"02","10  day ahead inc hosp",2022-05-31,"quantile",0.45,7.04473970111608
2022-05-21,"02","10  day ahead inc hosp",2022-05-31,"quantile",0.5,7.6395258999202
2022-05-21,"02","10  day ahead inc hosp",2022-05-31,"quantile",0.55,8.23431209872432
2022-05-21,"02","10  day ahead inc hosp",2022-05-31,"quantile",0.6,8.83868032746239
2022-05-21,"02","10  day ahead inc hosp",2022-05-31,"quantile",0.65,9.46334285932543
2022-05-21,"02","10  day ahead inc hosp",2022-05-31,"quantile",0.7,10.1216430776413
2022-05-21,"02","10  day ahead inc hosp",2022-05-31,"quantile",0.75,10.8320525176251
2022-05-21,"02","10  day ahead inc hosp",2022-05-31,"quantile",0.8,11.62312711762
2022-05-21,"02","10  day ahead inc hosp",2022-05-31,"quantile",0.85,12.5452211791666
2022-05-21,"02","10  day ahead inc hosp",2022-05-31,"quantile",0.9,13.7054260618916
2022-05-21,"02","10  day ahead inc hosp",2022-05-31,"quantile",0.95,15.4250244708686
2022-05-21,"02","10  day ahead inc hosp",2022-05-31,"quantile",0.975,16.9165196401037
2022-05-21,"02","10  day ahead inc hosp",2022-05-31,"quantile",0.99,18.6507051028027
2022-05-21,"02","11  day ahead inc hosp",2022-06-01,"quantile",0.01,0
2022-05-21,"02","11  day ahead inc hosp",2022-06-01,"quantile",0.025,0
2022-05-21,"02","11  day ahead inc hosp",2022-06-01,"quantile",0.05,0
2022-05-21,"02","11  day ahead inc hosp",2022-06-01,"quantile",0.1,1.16332674231769
2022-05-21,"02","11  day ahead inc hosp",2022-06-01,"quantile",0.15,2.34691340851231
2022-05-21,"02","11  day ahead inc hosp",2022-06-01,"quantile",0.2,3.28759057034293
2022-05-21,"02","11  day ahead inc hosp",2022-06-01,"quantile",0.25,4.0946078157109
2022-05-21,"02","11  day ahead inc hosp",2022-06-01,"quantile",0.3,4.81933424396786
2022-05-21,"02","11  day ahead inc hosp",2022-06-01,"quantile",0.35,5.49090128557658
2022-05-21,"02","11  day ahead inc hosp",2022-06-01,"quantile",0.4,6.12815273537908
2022-05-21,"02","11  day ahead inc hosp",2022-06-01,"quantile",0.45,6.74470088791394
2022-05-21,"02","11  day ahead inc hosp",2022-06-01,"quantile",0.5,7.35147390242467
2022-05-21,"02","11  day ahead inc hosp",2022-06-01,"quantile",0.55,7.95824691693541
2022-05-21,"02","11  day ahead inc hosp",2022-06-01,"quantile",0.6,8.57479506947027
2022-05-21,"02","11  day ahead inc hosp",2022-06-01,"quantile",0.65,9.21204651927277
2022-05-21,"02","11  day ahead inc hosp",2022-06-01,"quantile",0.7,9.88361356088149
2022-05-21,"02","11  day ahead inc hosp",2022-06-01,"quantile",0.75,10.6083399891384
2022-05-21,"02","11  day ahead inc hosp",2022-06-01,"quantile",0.8,11.4153572345064
2022-05-21,"02","11  day ahead inc hosp",2022-06-01,"quantile",0.85,12.356034396337
2022-05-21,"02","11  day ahead inc hosp",2022-06-01,"quantile",0.9,13.5396210625317
2022-05-21,"02","11  day ahead inc hosp",2022-06-01,"quantile",0.95,15.2938747968327
2022-05-21,"02","11  day ahead inc hosp",2022-06-01,"quantile",0.975,16.8154282924998
2022-05-21,"02","11  day ahead inc hosp",2022-06-01,"quantile",0.99,18.58456305561
2022-05-21,"02","12  day ahead inc hosp",2022-06-02,"quantile",0.01,0
2022-05-21,"02","12  day ahead inc hosp",2022-06-02,"quantile",0.025,0
2022-05-21,"02","12  day ahead inc hosp",2022-06-02,"quantile",0.05,0
2022-05-21,"02","12  day ahead inc hosp",2022-06-02,"quantile",0.1,1.18216271493765
2022-05-21,"02","12  day ahead inc hosp",2022-06-02,"quantile",0.15,2.38867812009764
2022-05-21,"02","12  day ahead inc hosp",2022-06-02,"quantile",0.2,3.34757831680212
2022-05-21,"02","12  day ahead inc hosp",2022-06-02,"quantile",0.25,4.17022930348208
2022-05-21,"02","12  day ahead inc hosp",2022-06-02,"quantile",0.3,4.90899531461828
2022-05-21,"02","12  day ahead inc hosp",2022-06-02,"quantile",0.35,5.59357212208074
2022-05-21,"02","12  day ahead inc hosp",2022-06-02,"quantile",0.4,6.24316856745066
2022-05-21,"02","12  day ahead inc hosp",2022-06-02,"quantile",0.45,6.87166064606447
2022-05-21,"02","12  day ahead inc hosp",2022-06-02,"quantile",0.5,7.49018822021863
2022-05-21,"02","12  day ahead inc hosp",2022-06-02,"quantile",0.55,8.10871579437279
2022-05-21,"02","12  day ahead inc hosp",2022-06-02,"quantile",0.6,8.7372078729866
2022-05-21,"02","12  day ahead inc hosp",2022-06-02,"quantile",0.65,9.38680431835651
2022-05-21,"02","12  day ahead inc hosp",2022-06-02,"quantile",0.7,10.071381125819
2022-05-21,"02","12  day ahead inc hosp",2022-06-02,"quantile",0.75,10.8101471369552
2022-05-21,"02","12  day ahead inc hosp",2022-06-02,"quantile",0.8,11.6327981236351
2022-05-21,"02","12  day ahead inc hosp",2022-06-02,"quantile",0.85,12.5916983203396
2022-05-21,"02","12  day ahead inc hosp",2022-06-02,"quantile",0.9,13.7982137254996
2022-05-21,"02","12  day ahead inc hosp",2022-06-02,"quantile",0.95,15.586451304923
2022-05-21,"02","12  day ahead inc hosp",2022-06-02,"quantile",0.975,17.1374807180877
2022-05-21,"02","12  day ahead inc hosp",2022-06-02,"quantile",0.99,18.9408876053579
2022-05-21,"02","13  day ahead inc hosp",2022-06-03,"quantile",0.01,0
2022-05-21,"02","13  day ahead inc hosp",2022-06-03,"quantile",0.025,0
2022-05-21,"02","13  day ahead inc hosp",2022-06-03,"quantile",0.05,0
2022-05-21,"02","13  day ahead inc hosp",2022-06-03,"quantile",0.1,0.875454663138025
2022-05-21,"02","13  day ahead inc hosp",2022-06-03,"quantile",0.15,2.10447111924554
2022-05-21,"02","13  day ahead inc hosp",2022-06-03,"quantile",0.2,3.08125443794529
2022-05-21,"02","13  day ahead inc hosp",2022-06-03,"quantile",0.25,3.9192475509538
2022-05-21,"02","13  day ahead inc hosp",2022-06-03,"quantile",0.3,4.67179126570139
2022-05-21,"02","13  day ahead inc hosp",2022-06-03,"quantile",0.35,5.36913516884811
2022-05-21,"02","13  day ahead inc hosp",2022-06-03,"quantile",0.4,6.03084633952537
2022-05-21,"02","13  day ahead inc hosp",2022-06-03,"quantile",0.45,6.67105955507661
2022-05-21,"02","13  day ahead inc hosp",2022-06-03,"quantile",0.5,7.30112243197036
2022-05-21,"02","13  day ahead inc hosp",2022-06-03,"quantile",0.55,7.9311853088641
2022-05-21,"02","13  day ahead inc hosp",2022-06-03,"quantile",0.6,8.57139852441534
2022-05-21,"02","13  day ahead inc hosp",2022-06-03,"quantile",0.65,9.23310969509261
2022-05-21,"02","13  day ahead inc hosp",2022-06-03,"quantile",0.7,9.93045359823932
2022-05-21,"02","13  day ahead inc hosp",2022-06-03,"quantile",0.75,10.6829973129869
2022-05-21,"02","13  day ahead inc hosp",2022-06-03,"quantile",0.8,11.5209904259954
2022-05-21,"02","13  day ahead inc hosp",2022-06-03,"quantile",0.85,12.4977737446952
2022-05-21,"02","13  day ahead inc hosp",2022-06-03,"quantile",0.9,13.7267902008027
2022-05-21,"02","13  day ahead inc hosp",2022-06-03,"quantile",0.95,15.5483777272792
2022-05-21,"02","13  day ahead inc hosp",2022-06-03,"quantile",0.975,17.1283332459022
2022-05-21,"02","13  day ahead inc hosp",2022-06-03,"quantile",0.99,18.9653729820163
2022-05-21,"02","14  day ahead inc hosp",2022-06-04,"quantile",0.01,0
2022-05-21,"02","14  day ahead inc hosp",2022-06-04,"quantile",0.025,0
2022-05-21,"02","14  day ahead inc hosp",2022-06-04,"quantile",0.05,0
2022-05-21,"02","14  day ahead inc hosp",2022-06-04,"quantile",0.1,0.865876700678338
2022-05-21,"02","14  day ahead inc hosp",2022-06-04,"quantile",0.15,2.11698959561539
2022-05-21,"02","14  day ahead inc hosp",2022-06-04,"quantile",0.2,3.11133446342548
2022-05-21,"02","14  day ahead inc hosp",2022-06-04,"quantile",0.25,3.96439382186069
2022-05-21,"02","14  day ahead inc hosp",2022-06-04,"quantile",0.3,4.73046749064335
2022-05-21,"02","14  day ahead inc hosp",2022-06-04,"quantile",0.35,5.44034891256978
2022-05-21,"02","14  day ahead inc hosp",2022-06-04,"quantile",0.4,6.11395696252237
2022-05-21,"02","14  day ahead inc hosp",2022-06-04,"quantile",0.45,6.76568054645394
2022-05-21,"02","14  day ahead inc hosp",2022-06-04,"quantile",0.5,7.40707129918601
2022-05-21,"02","14  day ahead inc hosp",2022-06-04,"quantile",0.55,8.04846205191808
2022-05-21,"02","14  day ahead inc hosp",2022-06-04,"quantile",0.6,8.70018563584965
2022-05-21,"02","14  day ahead inc hosp",2022-06-04,"quantile",0.65,9.37379368580223
2022-05-21,"02","14  day ahead inc hosp",2022-06-04,"quantile",0.7,10.0836751077287
2022-05-21,"02","14  day ahead inc hosp",2022-06-04,"quantile",0.75,10.8497487765113
2022-05-21,"02","14  day ahead inc hosp",2022-06-04,"quantile",0.8,11.7028081349465
2022-05-21,"02","14  day ahead inc hosp",2022-06-04,"quantile",0.85,12.6971530027566
2022-05-21,"02","14  day ahead inc hosp",2022-06-04,"quantile",0.9,13.9482658976937
2022-05-21,"02","14  day ahead inc hosp",2022-06-04,"quantile",0.95,15.8026036751139
2022-05-21,"02","14  day ahead inc hosp",2022-06-04,"quantile",0.975,17.4109651522553
2022-05-21,"02","14  day ahead inc hosp",2022-06-04,"quantile",0.99,19.2810329539862
2022-05-21,"02","15  day ahead inc hosp",2022-06-05,"quantile",0.01,0
2022-05-21,"02","15  day ahead inc hosp",2022-06-05,"quantile",0.025,0
2022-05-21,"02","15  day ahead inc hosp",2022-06-05,"quantile",0.05,0
2022-05-21,"02","15  day ahead inc hosp",2022-06-05,"quantile",0.1,0.545670504496097
2022-05-21,"02","15  day ahead inc hosp",2022-06-05,"quantile",0.15,1.8184962986928
2022-05-21,"02","15  day ahead inc hosp",2022-06-05,"quantile",0.2,2.83009789052155
2022-05-21,"02","15  day ahead inc hosp",2022-06-05,"quantile",0.25,3.69796198159692
2022-05-21,"02","15  day ahead inc hosp",2022-06-05,"quantile",0.3,4.47733075784994
2022-05-21,"02","15  day ahead inc hosp",2022-06-05,"quantile",0.35,5.19953207821477
2022-05-21,"02","15  day ahead inc hosp",2022-06-05,"quantile",0.4,5.88483050701989
2022-05-21,"02","15  day ahead inc hosp",2022-06-05,"quantile",0.45,6.54786466778295
2022-05-21,"02","15  day ahead inc hosp",2022-06-05,"quantile",0.5,7.20038667242401
2022-05-21,"02","15  day ahead inc hosp",2022-06-05,"quantile",0.55,7.85290867706508
2022-05-21,"02","15  day ahead inc hosp",2022-06-05,"quantile",0.6,8.51594283782814
2022-05-21,"02","15  day ahead inc hosp",2022-06-05,"quantile",0.65,9.20124126663326
2022-05-21,"02","15  day ahead inc hosp",2022-06-05,"quantile",0.7,9.92344258699808
2022-05-21,"02","15  day ahead inc hosp",2022-06-05,"quantile",0.75,10.7028113632511
2022-05-21,"02","15  day ahead inc hosp",2022-06-05,"quantile",0.8,11.5706754543265
2022-05-21,"02","15  day ahead inc hosp",2022-06-05,"quantile",0.85,12.5822770461552
2022-05-21,"02","15  day ahead inc hosp",2022-06-05,"quantile",0.9,13.8551028403519
2022-05-21,"02","15  day ahead inc hosp",2022-06-05,"quantile",0.95,15.741622405297
2022-05-21,"02","15  day ahead inc hosp",2022-06-05,"quantile",0.975,17.3778967837182
2022-05-21,"02","15  day ahead inc hosp",2022-06-05,"quantile",0.99,19.280419365471
2022-05-21,"02","16  day ahead inc hosp",2022-06-06,"quantile",0.01,0
2022-05-21,"02","16  day ahead inc hosp",2022-06-06,"quantile",0.025,0
2022-05-21,"02","16  day ahead inc hosp",2022-06-06,"quantile",0.05,0
2022-05-21,"02","16  day ahead inc hosp",2022-06-06,"quantile",0.1,0.730129368324636
2022-05-21,"02","16  day ahead inc hosp",2022-06-06,"quantile",0.15,2.02430382676027
2022-05-21,"02","16  day ahead inc hosp",2022-06-06,"quantile",0.2,3.05287266015969
2022-05-21,"02","16  day ahead inc hosp",2022-06-06,"quantile",0.25,3.93529313371086
2022-05-21,"02","16  day ahead inc hosp",2022-06-06,"quantile",0.3,4.72773399131106
2022-05-21,"02","16  day ahead inc hosp",2022-06-06,"quantile",0.35,5.46204854317361
2022-05-21,"02","16  day ahead inc hosp",2022-06-06,"quantile",0.4,6.15884124411458
2022-05-21,"02","16  day ahead inc hosp",2022-06-06,"quantile",0.45,6.8329962461912
2022-05-21,"02","16  day ahead inc hosp",2022-06-06,"quantile",0.5,7.4964627754083
2022-05-21,"02","16  day ahead inc hosp",2022-06-06,"quantile",0.55,8.1599293046254
2022-05-21,"02","16  day ahead inc hosp",2022-06-06,"quantile",0.6,8.83408430670202
2022-05-21,"02","16  day ahead inc hosp",2022-06-06,"quantile",0.65,9.53087700764299
2022-05-21,"02","16  day ahead inc hosp",2022-06-06,"quantile",0.7,10.2651915595055
2022-05-21,"02","16  day ahead inc hosp",2022-06-06,"quantile",0.75,11.0576324171057
2022-05-21,"02","16  day ahead inc hosp",2022-06-06,"quantile",0.8,11.9400528906569
2022-05-21,"02","16  day ahead inc hosp",2022-06-06,"quantile",0.85,12.9686217240563
2022-05-21,"02","16  day ahead inc hosp",2022-06-06,"quantile",0.9,14.262796182492
2022-05-21,"02","16  day ahead inc hosp",2022-06-06,"quantile",0.95,16.180957683793
2022-05-21,"02","16  day ahead inc hosp",2022-06-06,"quantile",0.975,17.8446767231151
2022-05-21,"02","16  day ahead inc hosp",2022-06-06,"quantile",0.99,19.7791096542574
2022-05-21,"02","17  day ahead inc hosp",2022-06-07,"quantile",0.01,0
2022-05-21,"02","17  day ahead inc hosp",2022-06-07,"quantile",0.025,0
2022-05-21,"02","17  day ahead inc hosp",2022-06-07,"quantile",0.05,0
2022-05-21,"02","17  day ahead inc hosp",2022-06-07,"quantile",0.1,0.68619505450428
2022-05-21,"02","17  day ahead inc hosp",2022-06-07,"quantile",0.15,2.00137167966223
2022-05-21,"02","17  day ahead inc hosp",2022-06-07,"quantile",0.2,3.04663236939031
2022-05-21,"02","17  day ahead inc hosp",2022-06-07,"quantile",0.25,3.94337296940041
2022-05-21,"02","17  day ahead inc hosp",2022-06-07,"quantile",0.3,4.74867374314284
2022-05-21,"02","17  day ahead inc hosp",2022-06-07,"quantile",0.35,5.49490492382179
2022-05-21,"02","17  day ahead inc hosp",2022-06-07,"quantile",0.4,6.20300534017985
2022-05-21,"02","17  day ahead inc hosp",2022-06-07,"quantile",0.45,6.88810068778563
2022-05-21,"02","17  day ahead inc hosp",2022-06-07,"quantile",0.5,7.56233410748683
2022-05-21,"02","17  day ahead inc hosp",2022-06-07,"quantile",0.55,8.23656752718803
2022-05-21,"02","17  day ahead inc hosp",2022-06-07,"quantile",0.6,8.92166287479381
2022-05-21,"02","17  day ahead inc hosp",2022-06-07,"quantile",0.65,9.62976329115187
2022-05-21,"02","17  day ahead inc hosp",2022-06-07,"quantile",0.7,10.3759944718308
2022-05-21,"02","17  day ahead inc hosp",2022-06-07,"quantile",0.75,11.1812952455732
2022-05-21,"02","17  day ahead inc hosp",2022-06-07,"quantile",0.8,12.0780358455833
2022-05-21,"02","17  day ahead inc hosp",2022-06-07,"quantile",0.85,13.1232965353114
2022-05-21,"02","17  day ahead inc hosp",2022-06-07,"quantile",0.9,14.4384731604694
2022-05-21,"02","17  day ahead inc hosp",2022-06-07,"quantile",0.95,16.3877630366105
2022-05-21,"02","17  day ahead inc hosp",2022-06-07,"quantile",0.975,18.078481298808
2022-05-21,"02","17  day ahead inc hosp",2022-06-07,"quantile",0.99,20.0443066613711
2022-05-21,"02","18  day ahead inc hosp",2022-06-08,"quantile",0.01,0
2022-05-21,"02","18  day ahead inc hosp",2022-06-08,"quantile",0.025,0
2022-05-21,"02","18  day ahead inc hosp",2022-06-08,"quantile",0.05,0
2022-05-21,"02","18  day ahead inc hosp",2022-06-08,"quantile",0.1,0.611489262707481
2022-05-21,"02","18  day ahead inc hosp",2022-06-08,"quantile",0.15,1.94733790003753
2022-05-21,"02","18  day ahead inc hosp",2022-06-08,"quantile",0.2,3.00902804972388
2022-05-21,"02","18  day ahead inc hosp",2022-06-08,"quantile",0.25,3.91986366347131
2022-05-21,"02","18  day ahead inc hosp",2022-06-08,"quantile",0.3,4.73782219517458
2022-05-21,"02","18  day ahead inc hosp",2022-06-08,"quantile",0.35,5.49578267498728
2022-05-21,"02","18  day ahead inc hosp",2022-06-08,"quantile",0.4,6.21501304921261
2022-05-21,"02","18  day ahead inc hosp",2022-06-08,"quantile",0.45,6.91087675986092
2022-05-21,"02","18  day ahead inc hosp",2022-06-08,"quantile",0.5,7.59570781427694
2022-05-21,"02","18  day ahead inc hosp",2022-06-08,"quantile",0.55,8.28053886869296
2022-05-21,"02","18  day ahead inc hosp",2022-06-08,"quantile",0.6,8.97640257934128
2022-05-21,"02","18  day ahead inc hosp",2022-06-08,"quantile",0.65,9.69563295356661
2022-05-21,"02","18  day ahead inc hosp",2022-06-08,"quantile",0.7,10.4535934333793
2022-05-21,"02","18  day ahead inc hosp",2022-06-08,"quantile",0.75,11.2715519650826
2022-05-21,"02","18  day ahead inc hosp",2022-06-08,"quantile",0.8,12.18238757883
2022-05-21,"02","18  day ahead inc hosp",2022-06-08,"quantile",0.85,13.2440777285164
2022-05-21,"02","18  day ahead inc hosp",2022-06-08,"quantile",0.9,14.5799263658464
2022-05-21,"02","18  day ahead inc hosp",2022-06-08,"quantile",0.95,16.5598552780498
2022-05-21,"02","18  day ahead inc hosp",2022-06-08,"quantile",0.975,18.2771483347101
2022-05-21,"02","18  day ahead inc hosp",2022-06-08,"quantile",0.99,20.2738726389406
2022-05-21,"02","19  day ahead inc hosp",2022-06-09,"quantile",0.01,0
2022-05-21,"02","19  day ahead inc hosp",2022-06-09,"quantile",0.025,0
2022-05-21,"02","19  day ahead inc hosp",2022-06-09,"quantile",0.05,0
2022-05-21,"02","19  day ahead inc hosp",2022-06-09,"quantile",0.1,0.530936902695004
2022-05-21,"02","19  day ahead inc hosp",2022-06-09,"quantile",0.15,1.88714249490853
2022-05-21,"02","19  day ahead inc hosp",2022-06-09,"quantile",0.2,2.96501170700766
2022-05-21,"02","19  day ahead inc hosp",2022-06-09,"quantile",0.25,3.88972751569423
2022-05-21,"02","19  day ahead inc hosp",2022-06-09,"quantile",0.3,4.7201508914383
2022-05-21,"02","19  day ahead inc hosp",2022-06-09,"quantile",0.35,5.48966190688792
2022-05-21,"02","19  day ahead inc hosp",2022-06-09,"quantile",0.4,6.21985260990334
2022-05-21,"02","19  day ahead inc hosp",2022-06-09,"quantile",0.45,6.92632056549891
2022-05-21,"02","19  day ahead inc hosp",2022-06-09,"quantile",0.5,7.62158773856489
2022-05-21,"02","19  day ahead inc hosp",2022-06-09,"quantile",0.55,8.31685491163086
2022-05-21,"02","19  day ahead inc hosp",2022-06-09,"quantile",0.6,9.02332286722644
2022-05-21,"02","19  day ahead inc hosp",2022-06-09,"quantile",0.65,9.75351357024186
2022-05-21,"02","19  day ahead inc hosp",2022-06-09,"quantile",0.7,10.5230245856915
2022-05-21,"02","19  day ahead inc hosp",2022-06-09,"quantile",0.75,11.3534479614355
2022-05-21,"02","19  day ahead inc hosp",2022-06-09,"quantile",0.8,12.2781637701221
2022-05-21,"02","19  day ahead inc hosp",2022-06-09,"quantile",0.85,13.3560329822212
2022-05-21,"02","19  day ahead inc hosp",2022-06-09,"quantile",0.9,14.7122385744348
2022-05-21,"02","19  day ahead inc hosp",2022-06-09,"quantile",0.95,16.7223395603387
2022-05-21,"02","19  day ahead inc hosp",2022-06-09,"quantile",0.975,18.4658023912527
2022-05-21,"02","19  day ahead inc hosp",2022-06-09,"quantile",0.99,20.4929547136285
2022-05-21,"02","20  day ahead inc hosp",2022-06-10,"quantile",0.01,0
2022-05-21,"02","20  day ahead inc hosp",2022-06-10,"quantile",0.025,0
2022-05-21,"02","20  day ahead inc hosp",2022-06-10,"quantile",0.05,0
2022-05-21,"02","20  day ahead inc hosp",2022-06-10,"quantile",0.1,0.603936682125643
2022-05-21,"02","20  day ahead inc hosp",2022-06-10,"quantile",0.15,1.98019815250325
2022-05-21,"02","20  day ahead inc hosp",2022-06-10,"quantile",0.2,3.07400714078292
2022-05-21,"02","20  day ahead inc hosp",2022-06-10,"quantile",0.25,4.0123978581278
2022-05-21,"02","20  day ahead inc hosp",2022-06-10,"quantile",0.3,4.85510172448786
2022-05-21,"02","20  day ahead inc hosp",2022-06-10,"quantile",0.35,5.63599244465215
2022-05-21,"02","20  day ahead inc hosp",2022-06-10,"quantile",0.4,6.37698137461804
2022-05-21,"02","20  day ahead inc hosp",2022-06-10,"quantile",0.45,7.09389673975506
2022-05-21,"02","20  day ahead inc hosp",2022-06-10,"quantile",0.5,7.79944568263127
2022-05-21,"02","20  day ahead inc hosp",2022-06-10,"quantile",0.55,8.50499462550749
2022-05-21,"02","20  day ahead inc hosp",2022-06-10,"quantile",0.6,9.22190999064451
2022-05-21,"02","20  day ahead inc hosp",2022-06-10,"quantile",0.65,9.9628989206104
2022-05-21,"02","20  day ahead inc hosp",2022-06-10,"quantile",0.7,10.7437896407747
2022-05-21,"02","20  day ahead inc hosp",2022-06-10,"quantile",0.75,11.5864935071347
2022-05-21,"02","20  day ahead inc hosp",2022-06-10,"quantile",0.8,12.5248842244796
2022-05-21,"02","20  day ahead inc hosp",2022-06-10,"quantile",0.85,13.6186932127593
2022-05-21,"02","20  day ahead inc hosp",2022-06-10,"quantile",0.9,14.9949546831369
2022-05-21,"02","20  day ahead inc hosp",2022-06-10,"quantile",0.95,17.0347815016891
2022-05-21,"02","20  day ahead inc hosp",2022-06-10,"quantile",0.975,18.8040270592938
2022-05-21,"02","20  day ahead inc hosp",2022-06-10,"quantile",0.99,20.8611573733775
2022-05-21,"02","21  day ahead inc hosp",2022-06-11,"quantile",0.01,0
2022-05-21,"02","21  day ahead inc hosp",2022-06-11,"quantile",0.025,0
2022-05-21,"02","21  day ahead inc hosp",2022-06-11,"quantile",0.05,0
2022-05-21,"02","21  day ahead inc hosp",2022-06-11,"quantile",0.1,0.483679842160962
2022-05-21,"02","21  day ahead inc hosp",2022-06-11,"quantile",0.15,1.87970909018574
2022-05-21,"02","21  day ahead inc hosp",2022-06-11,"quantile",0.2,2.98922888148807
2022-05-21,"02","21  day ahead inc hosp",2022-06-11,"quantile",0.25,3.94109806890998
2022-05-21,"02","21  day ahead inc hosp",2022-06-11,"quantile",0.3,4.79590601796884
2022-05-21,"02","21  day ahead inc hosp",2022-06-11,"quantile",0.35,5.58801297462248
2022-05-21,"02","21  day ahead inc hosp",2022-06-11,"quantile",0.4,6.33964501617862
2022-05-21,"02","21  day ahead inc hosp",2022-06-11,"quantile",0.45,7.06685771495092
2022-05-21,"02","21  day ahead inc hosp",2022-06-11,"quantile",0.5,7.78254073112801
2022-05-21,"02","21  day ahead inc hosp",2022-06-11,"quantile",0.55,8.49822374730509
2022-05-21,"02","21  day ahead inc hosp",2022-06-11,"quantile",0.6,9.2254364460774
2022-05-21,"02","21  day ahead inc hosp",2022-06-11,"quantile",0.65,9.97706848763353
2022-05-21,"02","21  day ahead inc hosp",2022-06-11,"quantile",0.7,10.7691754442872
2022-05-21,"02","21  day ahead inc hosp",2022-06-11,"quantile",0.75,11.623983393346
2022-05-21,"02","21  day ahead inc hosp",2022-06-11,"quantile",0.8,12.5758525807679
2022-05-21,"02","21  day ahead inc hosp",2022-06-11,"quantile",0.85,13.6853723720703
2022-05-21,"02","21  day ahead inc hosp",2022-06-11,"quantile",0.9,15.0814016200951
2022-05-21,"02","21  day ahead inc hosp",2022-06-11,"quantile",0.95,17.1505272629301
2022-05-21,"02","21  day ahead inc hosp",2022-06-11,"quantile",0.975,18.94518518115
2022-05-21,"02","21  day ahead inc hosp",2022-06-11,"quantile",0.99,21.0318628563386
2022-05-21,"02","22  day ahead inc hosp",2022-06-12,"quantile",0.01,0
2022-05-21,"02","22  day ahead inc hosp",2022-06-12,"quantile",0.025,0
2022-05-21,"02","22  day ahead inc hosp",2022-06-12,"quantile",0.05,0
2022-05-21,"02","22  day ahead inc hosp",2022-06-12,"quantile",0.1,0.763464503261759
2022-05-21,"02","22  day ahead inc hosp",2022-06-12,"quantile",0.15,2.19143715808123
2022-05-21,"02","22  day ahead inc hosp",2022-06-12,"quantile",0.2,3.32634455647739
2022-05-21,"02","22  day ahead inc hosp",2022-06-12,"quantile",0.25,4.2999940502304
2022-05-21,"02","22  day ahead inc hosp",2022-06-12,"quantile",0.3,5.17436138752325
2022-05-21,"02","22  day ahead inc hosp",2022-06-12,"quantile",0.35,5.98459303230724
2022-05-21,"02","22  day ahead inc hosp",2022-06-12,"quantile",0.4,6.75342363048196
2022-05-21,"02","22  day ahead inc hosp",2022-06-12,"quantile",0.45,7.49727613182003
2022-05-21,"02","22  day ahead inc hosp",2022-06-12,"quantile",0.5,8.22933513277977
2022-05-21,"02","22  day ahead inc hosp",2022-06-12,"quantile",0.55,8.96139413373951
2022-05-21,"02","22  day ahead inc hosp",2022-06-12,"quantile",0.6,9.70524663507758
2022-05-21,"02","22  day ahead inc hosp",2022-06-12,"quantile",0.65,10.4740772332523
2022-05-21,"02","22  day ahead inc hosp",2022-06-12,"quantile",0.7,11.2843088780363
2022-05-21,"02","22  day ahead inc hosp",2022-06-12,"quantile",0.75,12.1586762153291
2022-05-21,"02","22  day ahead inc hosp",2022-06-12,"quantile",0.8,13.1323257090821
2022-05-21,"02","22  day ahead inc hosp",2022-06-12,"quantile",0.85,14.2672331074783
2022-05-21,"02","22  day ahead inc hosp",2022-06-12,"quantile",0.9,15.6952057622978
2022-05-21,"02","22  day ahead inc hosp",2022-06-12,"quantile",0.95,17.811676345944
2022-05-21,"02","22  day ahead inc hosp",2022-06-12,"quantile",0.975,19.6473989395782
2022-05-21,"02","22  day ahead inc hosp",2022-06-12,"quantile",0.99,21.7818231744626
2022-05-21,"02","23  day ahead inc hosp",2022-06-13,"quantile",0.01,0
2022-05-21,"02","23  day ahead inc hosp",2022-06-13,"quantile",0.025,0
2022-05-21,"02","23  day ahead inc hosp",2022-06-13,"quantile",0.05,0
2022-05-21,"02","23  day ahead inc hosp",2022-06-13,"quantile",0.1,0.649105704029369
2022-05-21,"02","23  day ahead inc hosp",2022-06-13,"quantile",0.15,2.09895139231612
2022-05-21,"02","23  day ahead inc hosp",2022-06-13,"quantile",0.2,3.25124278432281
2022-05-21,"02","23  day ahead inc hosp",2022-06-13,"quantile",0.25,4.2398061966935
2022-05-21,"02","23  day ahead inc hosp",2022-06-13,"quantile",0.3,5.12756669383907
2022-05-21,"02","23  day ahead inc hosp",2022-06-13,"quantile",0.35,5.95020909720643
2022-05-21,"02","23  day ahead inc hosp",2022-06-13,"quantile",0.4,6.73081629162603
2022-05-21,"02","23  day ahead inc hosp",2022-06-13,"quantile",0.45,7.48606278612046
2022-05-21,"02","23  day ahead inc hosp",2022-06-13,"quantile",0.5,8.22933513277977
2022-05-21,"02","23  day ahead inc hosp",2022-06-13,"quantile",0.55,8.97260747943908
2022-05-21,"02","23  day ahead inc hosp",2022-06-13,"quantile",0.6,9.7278539739335
2022-05-21,"02","23  day ahead inc hosp",2022-06-13,"quantile",0.65,10.5084611683531
2022-05-21,"02","23  day ahead inc hosp",2022-06-13,"quantile",0.7,11.3311035717205
2022-05-21,"02","23  day ahead inc hosp",2022-06-13,"quantile",0.75,12.218864068866
2022-05-21,"02","23  day ahead inc hosp",2022-06-13,"quantile",0.8,13.2074274812367
2022-05-21,"02","23  day ahead inc hosp",2022-06-13,"quantile",0.85,14.3597188732434
2022-05-21,"02","23  day ahead inc hosp",2022-06-13,"quantile",0.9,15.8095645615302
2022-05-21,"02","23  day ahead inc hosp",2022-06-13,"quantile",0.95,17.9584542757195
2022-05-21,"02","23  day ahead inc hosp",2022-06-13,"quantile",0.975,19.822295630306
2022-05-21,"02","23  day ahead inc hosp",2022-06-13,"quantile",0.99,21.98941400157
2022-05-21,"02","24  day ahead inc hosp",2022-06-14,"quantile",0.01,0
2022-05-21,"02","24  day ahead inc hosp",2022-06-14,"quantile",0.025,0
2022-05-21,"02","24  day ahead inc hosp",2022-06-14,"quantile",0.05,0
2022-05-21,"02","24  day ahead inc hosp",2022-06-14,"quantile",0.1,0.536446720207572
2022-05-21,"02","24  day ahead inc hosp",2022-06-14,"quantile",0.15,2.00784032382804
2022-05-21,"02","24  day ahead inc hosp",2022-06-14,"quantile",0.2,3.17725731585913
2022-05-21,"02","24  day ahead inc hosp",2022-06-14,"quantile",0.25,4.18051296815843
2022-05-21,"02","24  day ahead inc hosp",2022-06-14,"quantile",0.3,5.08146755084266
2022-05-21,"02","24  day ahead inc hosp",2022-06-14,"quantile",0.35,5.9163362407734
2022-05-21,"02","24  day ahead inc hosp",2022-06-14,"quantile",0.4,6.70854498553048
2022-05-21,"02","24  day ahead inc hosp",2022-06-14,"quantile",0.45,7.47501611424007
2022-05-21,"02","24  day ahead inc hosp",2022-06-14,"quantile",0.5,8.22933513277977
2022-05-21,"02","24  day ahead inc hosp",2022-06-14,"quantile",0.55,8.98365415131946
2022-05-21,"02","24  day ahead inc hosp",2022-06-14,"quantile",0.6,9.75012528002905
2022-05-21,"02","24  day ahead inc hosp",2022-06-14,"quantile",0.65,10.5423340247861
2022-05-21,"02","24  day ahead inc hosp",2022-06-14,"quantile",0.7,11.3772027147169
2022-05-21,"02","24  day ahead inc hosp",2022-06-14,"quantile",0.75,12.2781572974011
2022-05-21,"02","24  day ahead inc hosp",2022-06-14,"quantile",0.8,13.2814129497004
2022-05-21,"02","24  day ahead inc hosp",2022-06-14,"quantile",0.85,14.4508299417315
2022-05-21,"02","24  day ahead inc hosp",2022-06-14,"quantile",0.9,15.922223545352
2022-05-21,"02","24  day ahead inc hosp",2022-06-14,"quantile",0.95,18.1030505160348
2022-05-21,"02","24  day ahead inc hosp",2022-06-14,"quantile",0.975,19.9945926776993
2022-05-21,"02","24  day ahead inc hosp",2022-06-14,"quantile",0.99,22.1939192236397
2022-05-21,"02","25  day ahead inc hosp",2022-06-15,"quantile",0.01,0
2022-05-21,"02","25  day ahead inc hosp",2022-06-15,"quantile",0.025,0
2022-05-21,"02","25  day ahead inc hosp",2022-06-15,"quantile",0.05,0
2022-05-21,"02","25  day ahead inc hosp",2022-06-15,"quantile",0.1,0.425413934812586
2022-05-21,"02","25  day ahead inc hosp",2022-06-15,"quantile",0.15,1.91804441611288
2022-05-21,"02","25  day ahead inc hosp",2022-06-15,"quantile",0.2,3.10433980530117
2022-05-21,"02","25  day ahead inc hosp",2022-06-15,"quantile",0.25,4.12207561948038
2022-05-21,"02","25  day ahead inc hosp",2022-06-15,"quantile",0.3,5.03603383506097
2022-05-21,"02","25  day ahead inc hosp",2022-06-15,"quantile",0.35,5.8829523287989
2022-05-21,"02","25  day ahead inc hosp",2022-06-15,"quantile",0.4,6.68659515901612
2022-05-21,"02","25  day ahead inc hosp",2022-06-15,"quantile",0.45,7.46412889773398
2022-05-21,"02","25  day ahead inc hosp",2022-06-15,"quantile",0.5,8.22933513277977
2022-05-21,"02","25  day ahead inc hosp",2022-06-15,"quantile",0.55,8.99454136782556
2022-05-21,"02","25  day ahead inc hosp",2022-06-15,"quantile",0.6,9.77207510654342
2022-05-21,"02","25  day ahead inc hosp",2022-06-15,"quantile",0.65,10.5757179367606
2022-05-21,"02","25  day ahead inc hosp",2022-06-15,"quantile",0.7,11.4226364304986
2022-05-21,"02","25  day ahead inc hosp",2022-06-15,"quantile",0.75,12.3365946460792
2022-05-21,"02","25  day ahead inc hosp",2022-06-15,"quantile",0.8,13.3543304602584
2022-05-21,"02","25  day ahead inc hosp",2022-06-15,"quantile",0.85,14.5406258494467
2022-05-21,"02","25  day ahead inc hosp",2022-06-15,"quantile",0.9,16.033256330747
2022-05-21,"02","25  day ahead inc hosp",2022-06-15,"quantile",0.95,18.2455595532657
2022-05-21,"02","25  day ahead inc hosp",2022-06-15,"quantile",0.975,20.1644026692191
2022-05-21,"02","25  day ahead inc hosp",2022-06-15,"quantile",0.99,22.395472474556
2022-05-21,"02","26  day ahead inc hosp",2022-06-16,"quantile",0.01,0
2022-05-21,"02","26  day ahead inc hosp",2022-06-16,"quantile",0.025,0
2022-05-21,"02","26  day ahead inc hosp",2022-06-16,"quantile",0.05,0
2022-05-21,"02","26  day ahead inc hosp",2022-06-16,"quantile",0.1,0.315938896025571
2022-05-21,"02","26  day ahead inc hosp",2022-06-16,"quantile",0.15,1.82950830990729
2022-05-21,"02","26  day ahead inc hosp",2022-06-16,"quantile",0.2,3.03244529893364
2022-05-21,"02","26  day ahead inc hosp",2022-06-16,"quantile",0.25,4.06445812397774
2022-05-21,"02","26  day ahead inc hosp",2022-06-16,"quantile",0.3,4.99123753656458
2022-05-21,"02","26  day ahead inc hosp",2022-06-16,"quantile",0.35,5.85003678006912
2022-05-21,"02","26  day ahead inc hosp",2022-06-16,"quantile",0.4,6.6649532799938
2022-05-21,"02","26  day ahead inc hosp",2022-06-16,"quantile",0.45,7.45339442462275
2022-05-21,"02","26  day ahead inc hosp",2022-06-16,"quantile",0.5,8.22933513277977
2022-05-21,"02","26  day ahead inc hosp",2022-06-16,"quantile",0.55,9.00527584093678
2022-05-21,"02","26  day ahead inc hosp",2022-06-16,"quantile",0.6,9.79371698556573
2022-05-21,"02","26  day ahead inc hosp",2022-06-16,"quantile",0.65,10.6086334854904
2022-05-21,"02","26  day ahead inc hosp",2022-06-16,"quantile",0.7,11.467432728995
2022-05-21,"02","26  day ahead inc hosp",2022-06-16,"quantile",0.75,12.3942121415818
2022-05-21,"02","26  day ahead inc hosp",2022-06-16,"quantile",0.8,13.4262249666259
2022-05-21,"02","26  day ahead inc hosp",2022-06-16,"quantile",0.85,14.6291619556522
2022-05-21,"02","26  day ahead inc hosp",2022-06-16,"quantile",0.9,16.142731369534
2022-05-21,"02","26  day ahead inc hosp",2022-06-16,"quantile",0.95,18.3860692443704
2022-05-21,"02","26  day ahead inc hosp",2022-06-16,"quantile",0.975,20.3318302928883
2022-05-21,"02","26  day ahead inc hosp",2022-06-16,"quantile",0.99,22.5941980120918
2022-05-21,"02","27  day ahead inc hosp",2022-06-17,"quantile",0.01,0
2022-05-21,"02","27  day ahead inc hosp",2022-06-17,"quantile",0.025,0
2022-05-21,"02","27  day ahead inc hosp",2022-06-17,"quantile",0.05,0
2022-05-21,"02","27  day ahead inc hosp",2022-06-17,"quantile",0.1,0.207957823634571
2022-05-21,"02","27  day ahead inc hosp",2022-06-17,"quantile",0.15,1.74218042403185
2022-05-21,"02","27  day ahead inc hosp",2022-06-17,"quantile",0.2,2.96153191098142
2022-05-21,"02","27  day ahead inc hosp",2022-06-17,"quantile",0.25,4.00762691366904
2022-05-21,"02","27  day ahead inc hosp",2022-06-17,"quantile",0.3,4.94705255700776
2022-05-21,"02","27  day ahead inc hosp",2022-06-17,"quantile",0.35,5.81757041796905
2022-05-21,"02","27  day ahead inc hosp",2022-06-17,"quantile",0.4,6.64360673989408
2022-05-21,"02","27  day ahead inc hosp",2022-06-17,"quantile",0.45,7.44280644099703
2022-05-21,"02","27  day ahead inc hosp",2022-06-17,"quantile",0.5,8.22933513277977
2022-05-21,"02","27  day ahead inc hosp",2022-06-17,"quantile",0.55,9.01586382456251
2022-05-21,"02","27  day ahead inc hosp",2022-06-17,"quantile",0.6,9.81506352566545
2022-05-21,"02","27  day ahead inc hosp",2022-06-17,"quantile",0.65,10.6410998475905
2022-05-21,"02","27  day ahead inc hosp",2022-06-17,"quantile",0.7,11.5116177085518
2022-05-21,"02","27  day ahead inc hosp",2022-06-17,"quantile",0.75,12.4510433518905
2022-05-21,"02","27  day ahead inc hosp",2022-06-17,"quantile",0.8,13.4971383545781
2022-05-21,"02","27  day ahead inc hosp",2022-06-17,"quantile",0.85,14.7164898415277
2022-05-21,"02","27  day ahead inc hosp",2022-06-17,"quantile",0.9,16.250712441925
2022-05-21,"02","27  day ahead inc hosp",2022-06-17,"quantile",0.95,18.5246614503649
2022-05-21,"02","27  day ahead inc hosp",2022-06-17,"quantile",0.975,20.4969730921236
2022-05-21,"02","27  day ahead inc hosp",2022-06-17,"quantile",0.99,22.790211613844
2022-05-21,"02","28  day ahead inc hosp",2022-06-18,"quantile",0.01,0
2022-05-21,"02","28  day ahead inc hosp",2022-06-18,"quantile",0.025,0
2022-05-21,"02","28  day ahead inc hosp",2022-06-18,"quantile",0.05,0
2022-05-21,"02","28  day ahead inc hosp",2022-06-18,"quantile",0.1,0.101411174507064
2022-05-21,"02","28  day ahead inc hosp",2022-06-18,"quantile",0.15,1.65601260397421
2022-05-21,"02","28  day ahead inc hosp",2022-06-18,"quantile",0.2,2.89156053824649
2022-05-21,"02","28  day ahead inc hosp",2022-06-18,"quantile",0.25,3.95155065057798
2022-05-21,"02","28  day ahead inc hosp",2022-06-18,"quantile",0.3,4.90345453182331
2022-05-21,"02","28  day ahead inc hosp",2022-06-18,"quantile",0.35,5.78553533983427
2022-05-21,"02","28  day ahead inc hosp",2022-06-18,"quantile",0.4,6.62254376776638
2022-05-21,"02","28  day ahead inc hosp",2022-06-18,"quantile",0.45,7.43235910841032
2022-05-21,"02","28  day ahead inc hosp",2022-06-18,"quantile",0.5,8.22933513277977
2022-05-21,"02","28  day ahead inc hosp",2022-06-18,"quantile",0.55,9.02631115714921
2022-05-21,"02","28  day ahead inc hosp",2022-06-18,"quantile",0.6,9.83612649779316
2022-05-21,"02","28  day ahead inc hosp",2022-06-18,"quantile",0.65,10.6731349257253
2022-05-21,"02","28  day ahead inc hosp",2022-06-18,"quantile",0.7,11.5552157337362
2022-05-21,"02","28  day ahead inc hosp",2022-06-18,"quantile",0.75,12.5071196149816
2022-05-21,"02","28  day ahead inc hosp",2022-06-18,"quantile",0.8,13.567109727313
2022-05-21,"02","28  day ahead inc hosp",2022-06-18,"quantile",0.85,14.8026576615853
2022-05-21,"02","28  day ahead inc hosp",2022-06-18,"quantile",0.9,16.3572590910525
2022-05-21,"02","28  day ahead inc hosp",2022-06-18,"quantile",0.95,18.6614125940322
2022-05-21,"02","28  day ahead inc hosp",2022-06-18,"quantile",0.975,20.6599221302878
2022-05-21,"02","28  day ahead inc hosp",2022-06-18,"quantile",0.99,22.9836213660131
2022-05-21,"02","29  day ahead inc hosp",2022-06-19,"quantile",0.01,0
2022-05-21,"02","29  day ahead inc hosp",2022-06-19,"quantile",0.025,0
2022-05-21,"02","29  day ahead inc hosp",2022-06-19,"quantile",0.05,0
2022-05-21,"02","29  day ahead inc hosp",2022-06-19,"quantile",0.1,0.179616129170432
2022-05-21,"02","29  day ahead inc hosp",2022-06-19,"quantile",0.15,1.75433268189756
2022-05-21,"02","29  day ahead inc hosp",2022-06-19,"quantile",0.2,3.00586747847449
2022-05-21,"02","29  day ahead inc hosp",2022-06-19,"quantile",0.25,4.07957289516616
2022-05-21,"02","29  day ahead inc hosp",2022-06-19,"quantile",0.3,5.04379354361623
2022-05-21,"02","29  day ahead inc hosp",2022-06-19,"quantile",0.35,5.93728767200763
2022-05-21,"02","29  day ahead inc hosp",2022-06-19,"quantile",0.4,6.78512622486976
2022-05-21,"02","29  day ahead inc hosp",2022-06-19,"quantile",0.45,7.6054198367195
2022-05-21,"02","29  day ahead inc hosp",2022-06-19,"quantile",0.5,8.41270800326351
2022-05-21,"02","29  day ahead inc hosp",2022-06-19,"quantile",0.55,9.21999616980751
2022-05-21,"02","29  day ahead inc hosp",2022-06-19,"quantile",0.6,10.0402897816573
2022-05-21,"02","29  day ahead inc hosp",2022-06-19,"quantile",0.65,10.8881283345194
2022-05-21,"02","29  day ahead inc hosp",2022-06-19,"quantile",0.7,11.7816224629108
2022-05-21,"02","29  day ahead inc hosp",2022-06-19,"quantile",0.75,12.7458431113609
2022-05-21,"02","29  day ahead inc hosp",2022-06-19,"quantile",0.8,13.8195485280525
2022-05-21,"02","29  day ahead inc hosp",2022-06-19,"quantile",0.85,15.0710833246294
2022-05-21,"02","29  day ahead inc hosp",2022-06-19,"quantile",0.9,16.6457998773566
2022-05-21,"02","29  day ahead inc hosp",2022-06-19,"quantile",0.95,18.9797670231414
2022-05-21,"02","29  day ahead inc hosp",2022-06-19,"quantile",0.975,21.0041354483031
2022-05-21,"02","29  day ahead inc hosp",2022-06-19,"quantile",0.99,23.3579012307714
2022-05-21,"02","30  day ahead inc hosp",2022-06-20,"quantile",0.01,0
2022-05-21,"02","30  day ahead inc hosp",2022-06-20,"quantile",0.025,0
2022-05-21,"02","30  day ahead inc hosp",2022-06-20,"quantile",0.05,0
2022-05-21,"02","30  day ahead inc hosp",2022-06-20,"quantile",0.1,0.0757747695707138
2022-05-21,"02","30  day ahead inc hosp",2022-06-20,"quantile",0.15,1.6703527194886
2022-05-21,"02","30  day ahead inc hosp",2022-06-20,"quantile",0.2,2.93767272493364
2022-05-21,"02","30  day ahead inc hosp",2022-06-20,"quantile",0.25,4.0249204452925
2022-05-21,"02","30  day ahead inc hosp",2022-06-20,"quantile",0.3,5.0013025009782
2022-05-21,"02","30  day ahead inc hosp",2022-06-20,"quantile",0.35,5.9060659855854
2022-05-21,"02","30  day ahead inc hosp",2022-06-20,"quantile",0.4,6.76459805546356
2022-05-21,"02","30  day ahead inc hosp",2022-06-20,"quantile",0.45,7.59523776878139
2022-05-21,"02","30  day ahead inc hosp",2022-06-20,"quantile",0.5,8.41270800326351
2022-05-21,"02","30  day ahead inc hosp",2022-06-20,"quantile",0.55,9.23017823774562
2022-05-21,"02","30  day ahead inc hosp",2022-06-20,"quantile",0.6,10.0608179510634
2022-05-21,"02","30  day ahead inc hosp",2022-06-20,"quantile",0.65,10.9193500209416
2022-05-21,"02","30  day ahead inc hosp",2022-06-20,"quantile",0.7,11.8241135055488
2022-05-21,"02","30  day ahead inc hosp",2022-06-20,"quantile",0.75,12.8004955612345
2022-05-21,"02","30  day ahead inc hosp",2022-06-20,"quantile",0.8,13.8877432815934
2022-05-21,"02","30  day ahead inc hosp",2022-06-20,"quantile",0.85,15.1550632870384
2022-05-21,"02","30  day ahead inc hosp",2022-06-20,"quantile",0.9,16.7496412369563
2022-05-21,"02","30  day ahead inc hosp",2022-06-20,"quantile",0.95,19.1130459652904
2022-05-21,"02","30  day ahead inc hosp",2022-06-20,"quantile",0.975,21.1629471031698
2022-05-21,"02","30  day ahead inc hosp",2022-06-20,"quantile",0.99,23.5464001820717
2022-05-21,"02","31  day ahead inc hosp",2022-06-21,"quantile",0.01,0
2022-05-21,"02","31  day ahead inc hosp",2022-06-21,"quantile",0.025,0
2022-05-21,"02","31  day ahead inc hosp",2022-06-21,"quantile",0.05,0
2022-05-21,"02","31  day ahead inc hosp",2022-06-21,"quantile",0.1,0
2022-05-21,"02","31  day ahead inc hosp",2022-06-21,"quantile",0.15,1.58740598612758
2022-05-21,"02","31  day ahead inc hosp",2022-06-21,"quantile",0.2,2.87031699058564
2022-05-21,"02","31  day ahead inc hosp",2022-06-21,"quantile",0.25,3.97094039984879
2022-05-21,"02","31  day ahead inc hosp",2022-06-21,"quantile",0.3,4.95933423756358
2022-05-21,"02","31  day ahead inc hosp",2022-06-21,"quantile",0.35,5.87522842833412
2022-05-21,"02","31  day ahead inc hosp",2022-06-21,"quantile",0.4,6.74432244988716
2022-05-21,"02","31  day ahead inc hosp",2022-06-21,"quantile",0.45,7.5851809736829
2022-05-21,"02","31  day ahead inc hosp",2022-06-21,"quantile",0.5,8.41270800326351
2022-05-21,"02","31  day ahead inc hosp",2022-06-21,"quantile",0.55,9.24023503284411
2022-05-21,"02","31  day ahead inc hosp",2022-06-21,"quantile",0.6,10.0810935566398
2022-05-21,"02","31  day ahead inc hosp",2022-06-21,"quantile",0.65,10.9501875781929
2022-05-21,"02","31  day ahead inc hosp",2022-06-21,"quantile",0.7,11.8660817689634
2022-05-21,"02","31  day ahead inc hosp",2022-06-21,"quantile",0.75,12.8544756066782
2022-05-21,"02","31  day ahead inc hosp",2022-06-21,"quantile",0.8,13.9550990159414
2022-05-21,"02","31  day ahead inc hosp",2022-06-21,"quantile",0.85,15.2380100203994
2022-05-21,"02","31  day ahead inc hosp",2022-06-21,"quantile",0.9,16.852205007164
2022-05-21,"02","31  day ahead inc hosp",2022-06-21,"quantile",0.95,19.2446851392071
2022-05-21,"02","31  day ahead inc hosp",2022-06-21,"quantile",0.975,21.3198048536734
2022-05-21,"02","31  day ahead inc hosp",2022-06-21,"quantile",0.99,23.7325799778685
2022-05-21,"02","32  day ahead inc hosp",2022-06-22,"quantile",0.01,0
2022-05-21,"02","32  day ahead inc hosp",2022-06-22,"quantile",0.025,0
2022-05-21,"02","32  day ahead inc hosp",2022-06-22,"quantile",0.05,0
2022-05-21,"02","32  day ahead inc hosp",2022-06-22,"quantile",0.1,0
2022-05-21,"02","32  day ahead inc hosp",2022-06-22,"quantile",0.15,1.50545525867742
2022-05-21,"02","32  day ahead inc hosp",2022-06-22,"quantile",0.2,2.80377004890279
2022-05-21,"02","32  day ahead inc hosp",2022-06-22,"quantile",0.25,3.9176085347752
2022-05-21,"02","32  day ahead inc hosp",2022-06-22,"quantile",0.3,4.91786991971422
2022-05-21,"02","32  day ahead inc hosp",2022-06-22,"quantile",0.35,5.84476116160609
2022-05-21,"02","32  day ahead inc hosp",2022-06-22,"quantile",0.4,6.72429030926931
2022-05-21,"02","32  day ahead inc hosp",2022-06-22,"quantile",0.45,7.57524493834138
2022-05-21,"02","32  day ahead inc hosp",2022-06-22,"quantile",0.5,8.41270800326351
2022-05-21,"02","32  day ahead inc hosp",2022-06-22,"quantile",0.55,9.25017106818563
2022-05-21,"02","32  day ahead inc hosp",2022-06-22,"quantile",0.6,10.1011256972577
2022-05-21,"02","32  day ahead inc hosp",2022-06-22,"quantile",0.65,10.9806548449209
2022-05-21,"02","32  day ahead inc hosp",2022-06-22,"quantile",0.7,11.9075460868128
2022-05-21,"02","32  day ahead inc hosp",2022-06-22,"quantile",0.75,12.9078074717518
2022-05-21,"02","32  day ahead inc hosp",2022-06-22,"quantile",0.8,14.0216459576242
2022-05-21,"02","32  day ahead inc hosp",2022-06-22,"quantile",0.85,15.3199607478496
2022-05-21,"02","32  day ahead inc hosp",2022-06-22,"quantile",0.9,16.953537214449
2022-05-21,"02","32  day ahead inc hosp",2022-06-22,"quantile",0.95,19.3747436192253
2022-05-21,"02","32  day ahead inc hosp",2022-06-22,"quantile",0.975,21.4747790912244
2022-05-21,"02","32  day ahead inc hosp",2022-06-22,"quantile",0.99,23.9165241681198
2022-05-21,"02","33  day ahead inc hosp",2022-06-23,"quantile",0.01,0
2022-05-21,"02","33  day ahead inc hosp",2022-06-23,"quantile",0.025,0
2022-05-21,"02","33  day ahead inc hosp",2022-06-23,"quantile",0.05,0
2022-05-21,"02","33  day ahead inc hosp",2022-06-23,"quantile",0.1,0
2022-05-21,"02","33  day ahead inc hosp",2022-06-23,"quantile",0.15,1.4244654967341
2022-05-21,"02","33  day ahead inc hosp",2022-06-23,"quantile",0.2,2.73800344581525
2022-05-21,"02","33  day ahead inc hosp",2022-06-23,"quantile",0.25,3.86490204649015
2022-05-21,"02","33  day ahead inc hosp",2022-06-23,"quantile",0.3,4.87689181816162
2022-05-21,"02","33  day ahead inc hosp",2022-06-23,"quantile",0.35,5.81465115824015
2022-05-21,"02","33  day ahead inc hosp",2022-06-23,"quantile",0.4,6.70449306828886
2022-05-21,"02","33  day ahead inc hosp",2022-06-23,"quantile",0.45,7.56542541431752
2022-05-21,"02","33  day ahead inc hosp",2022-06-23,"quantile",0.5,8.41270800326351
2022-05-21,"02","33  day ahead inc hosp",2022-06-23,"quantile",0.55,9.25999059220949
2022-05-21,"02","33  day ahead inc hosp",2022-06-23,"quantile",0.6,10.1209229382382
2022-05-21,"02","33  day ahead inc hosp",2022-06-23,"quantile",0.65,11.0107648482869
2022-05-21,"02","33  day ahead inc hosp",2022-06-23,"quantile",0.7,11.9485241883654
2022-05-21,"02","33  day ahead inc hosp",2022-06-23,"quantile",0.75,12.9605139600369
2022-05-21,"02","33  day ahead inc hosp",2022-06-23,"quantile",0.8,14.0874125607118
2022-05-21,"02","33  day ahead inc hosp",2022-06-23,"quantile",0.85,15.4009505097929
2022-05-21,"02","33  day ahead inc hosp",2022-06-23,"quantile",0.9,17.0536811863276
2022-05-21,"02","33  day ahead inc hosp",2022-06-23,"quantile",0.95,19.5032770156103
2022-05-21,"02","33  day ahead inc hosp",2022-06-23,"quantile",0.975,21.6279360795408
2022-05-21,"02","33  day ahead inc hosp",2022-06-23,"quantile",0.99,24.0983114034847
2022-05-21,"02","34  day ahead inc hosp",2022-06-24,"quantile",0.01,0
2022-05-21,"02","34  day ahead inc hosp",2022-06-24,"quantile",0.025,0
2022-05-21,"02","34  day ahead inc hosp",2022-06-24,"quantile",0.05,0
2022-05-21,"02","34  day ahead inc hosp",2022-06-24,"quantile",0.1,0
2022-05-21,"02","34  day ahead inc hosp",2022-06-24,"quantile",0.15,1.34440366753088
2022-05-21,"02","34  day ahead inc hosp",2022-06-24,"quantile",0.2,2.67299035752693
2022-05-21,"02","34  day ahead inc hosp",2022-06-24,"quantile",0.25,3.81279943794152
2022-05-21,"02","34  day ahead inc hosp",2022-06-24,"quantile",0.3,4.83638321943439
2022-05-21,"02","34  day ahead inc hosp",2022-06-24,"quantile",0.35,5.7848861374653
2022-05-21,"02","34  day ahead inc hosp",2022-06-24,"quantile",0.4,6.68492265237405
2022-05-21,"02","34  day ahead inc hosp",2022-06-24,"quantile",0.45,7.55571839658599
2022-05-21,"02","34  day ahead inc hosp",2022-06-24,"quantile",0.5,8.41270800326351
2022-05-21,"02","34  day ahead inc hosp",2022-06-24,"quantile",0.55,9.26969760994102
2022-05-21,"02","34  day ahead inc hosp",2022-06-24,"quantile",0.6,10.140493354153
2022-05-21,"02","34  day ahead inc hosp",2022-06-24,"quantile",0.65,11.0405298690617
2022-05-21,"02","34  day ahead inc hosp",2022-06-24,"quantile",0.7,11.9890327870926
2022-05-21,"02","34  day ahead inc hosp",2022-06-24,"quantile",0.75,13.0126165685855
2022-05-21,"02","34  day ahead inc hosp",2022-06-24,"quantile",0.8,14.1524256490001
2022-05-21,"02","34  day ahead inc hosp",2022-06-24,"quantile",0.85,15.4810123389961
2022-05-21,"02","34  day ahead inc hosp",2022-06-24,"quantile",0.9,17.1526777678695
2022-05-21,"02","34  day ahead inc hosp",2022-06-24,"quantile",0.95,19.6303377524412
2022-05-21,"02","34  day ahead inc hosp",2022-06-24,"quantile",0.975,21.7793382857659
2022-05-21,"02","34  day ahead inc hosp",2022-06-24,"quantile",0.99,24.2780158283389
2022-05-21,"02","35  day ahead inc hosp",2022-06-25,"quantile",0.01,0
2022-05-21,"02","35  day ahead inc hosp",2022-06-25,"quantile",0.025,0
2022-05-21,"02","35  day ahead inc hosp",2022-06-25,"quantile",0.05,0
2022-05-21,"02","35  day ahead inc hosp",2022-06-25,"quantile",0.1,0
2022-05-21,"02","35  day ahead inc hosp",2022-06-25,"quantile",0.15,1.26523858849795
2022-05-21,"02","35  day ahead inc hosp",2022-06-25,"quantile",0.2,2.60870546266829
2022-05-21,"02","35  day ahead inc hosp",2022-06-25,"quantile",0.25,3.7612804161477
2022-05-21,"02","35  day ahead inc hosp",2022-06-25,"quantile",0.3,4.79632834619867
2022-05-21,"02","35  day ahead inc hosp",2022-06-25,"quantile",0.35,5.75545450636833
2022-05-21,"02","35  day ahead inc hosp",2022-06-25,"quantile",0.4,6.66557143921765
2022-05-21,"02","35  day ahead inc hosp",2022-06-25,"quantile",0.45,7.54612010444681
2022-05-21,"02","35  day ahead inc hosp",2022-06-25,"quantile",0.5,8.41270800326351
2022-05-21,"02","35  day ahead inc hosp",2022-06-25,"quantile",0.55,9.2792959020802
2022-05-21,"02","35  day ahead inc hosp",2022-06-25,"quantile",0.6,10.1598445673094
2022-05-21,"02","35  day ahead inc hosp",2022-06-25,"quantile",0.65,11.0699615001587
2022-05-21,"02","35  day ahead inc hosp",2022-06-25,"quantile",0.7,12.0290876603283
2022-05-21,"02","35  day ahead inc hosp",2022-06-25,"quantile",0.75,13.0641355903793
2022-05-21,"02","35  day ahead inc hosp",2022-06-25,"quantile",0.8,14.2167105438587
2022-05-21,"02","35  day ahead inc hosp",2022-06-25,"quantile",0.85,15.5601774180291
2022-05-21,"02","35  day ahead inc hosp",2022-06-25,"quantile",0.9,17.2505655163727
2022-05-21,"02","35  day ahead inc hosp",2022-06-25,"quantile",0.95,19.7559753174745
2022-05-21,"02","35  day ahead inc hosp",2022-06-25,"quantile",0.975,21.9290446781985
2022-05-21,"02","35  day ahead inc hosp",2022-06-25,"quantile",0.99,24.4557074341608
2022-05-21,"02","36  day ahead inc hosp",2022-06-26,"quantile",0.01,0
2022-05-21,"02","36  day ahead inc hosp",2022-06-26,"quantile",0.025,0
2022-05-21,"02","36  day ahead inc hosp",2022-06-26,"quantile",0.05,0
2022-05-21,"02","36  day ahead inc hosp",2022-06-26,"quantile",0.1,0
2022-05-21,"02","36  day ahead inc hosp",2022-06-26,"quantile",0.15,1.33184204275494
2022-05-21,"02","36  day ahead inc hosp",2022-06-26,"quantile",0.2,2.69002608446335
2022-05-21,"02","36  day ahead inc hosp",2022-06-26,"quantile",0.25,3.85522705724898
2022-05-21,"02","36  day ahead inc hosp",2022-06-26,"quantile",0.3,4.90161354286046
2022-05-21,"02","36  day ahead inc hosp",2022-06-26,"quantile",0.35,5.87124656453951
2022-05-21,"02","36  day ahead inc hosp",2022-06-26,"quantile",0.4,6.79133348149301
2022-05-21,"02","36  day ahead inc hosp",2022-06-26,"quantile",0.45,7.68152822172466
2022-05-21,"02","36  day ahead inc hosp",2022-06-26,"quantile",0.5,8.557609260669
2022-05-21,"02","36  day ahead inc hosp",2022-06-26,"quantile",0.55,9.43369029961333
2022-05-21,"02","36  day ahead inc hosp",2022-06-26,"quantile",0.6,10.323885039845
2022-05-21,"02","36  day ahead inc hosp",2022-06-26,"quantile",0.65,11.2439719567985
2022-05-21,"02","36  day ahead inc hosp",2022-06-26,"quantile",0.7,12.2136049784775
2022-05-21,"02","36  day ahead inc hosp",2022-06-26,"quantile",0.75,13.259991464089
2022-05-21,"02","36  day ahead inc hosp",2022-06-26,"quantile",0.8,14.4251924368746
2022-05-21,"02","36  day ahead inc hosp",2022-06-26,"quantile",0.85,15.783376478583
2022-05-21,"02","36  day ahead inc hosp",2022-06-26,"quantile",0.9,17.492282134245
2022-05-21,"02","36  day ahead inc hosp",2022-06-26,"quantile",0.95,20.0251377447696
2022-05-21,"02","36  day ahead inc hosp",2022-06-26,"quantile",0.975,22.2220122520651
2022-05-21,"02","36  day ahead inc hosp",2022-06-26,"quantile",0.99,24.77635363547
2022-05-21,"02","37  day ahead inc hosp",2022-06-27,"quantile",0.01,0
2022-05-21,"02","37  day ahead inc hosp",2022-06-27,"quantile",0.025,0
2022-05-21,"02","37  day ahead inc hosp",2022-06-27,"quantile",0.05,0
2022-05-21,"02","37  day ahead inc hosp",2022-06-27,"quantile",0.1,0
2022-05-21,"02","37  day ahead inc hosp",2022-06-27,"quantile",0.15,1.25438362127145
2022-05-21,"02","37  day ahead inc hosp",2022-06-27,"quantile",0.2,2.6271270569905
2022-05-21,"02","37  day ahead inc hosp",2022-06-27,"quantile",0.25,3.80481869344423
2022-05-21,"02","37  day ahead inc hosp",2022-06-27,"quantile",0.3,4.86242218106987
2022-05-21,"02","37  day ahead inc hosp",2022-06-27,"quantile",0.35,5.8424494267825
2022-05-21,"02","37  day ahead inc hosp",2022-06-27,"quantile",0.4,6.77239944589049
2022-05-21,"02","37  day ahead inc hosp",2022-06-27,"quantile",0.45,7.67213685160135
2022-05-21,"02","37  day ahead inc hosp",2022-06-27,"quantile",0.5,8.557609260669
2022-05-21,"02","37  day ahead inc hosp",2022-06-27,"quantile",0.55,9.44308166973664
2022-05-21,"02","37  day ahead inc hosp",2022-06-27,"quantile",0.6,10.3428190754475
2022-05-21,"02","37  day ahead inc hosp",2022-06-27,"quantile",0.65,11.2727690945555
2022-05-21,"02","37  day ahead inc hosp",2022-06-27,"quantile",0.7,12.2527963402681
2022-05-21,"02","37  day ahead inc hosp",2022-06-27,"quantile",0.75,13.3103998278938
2022-05-21,"02","37  day ahead inc hosp",2022-06-27,"quantile",0.8,14.4880914643475
2022-05-21,"02","37  day ahead inc hosp",2022-06-27,"quantile",0.85,15.8608349000665
2022-05-21,"02","37  day ahead inc hosp",2022-06-27,"quantile",0.9,17.5880595979229
2022-05-21,"02","37  day ahead inc hosp",2022-06-27,"quantile",0.95,20.1480667885524
2022-05-21,"02","37  day ahead inc hosp",2022-06-27,"quantile",0.975,22.3684912423658
2022-05-21,"02","37  day ahead inc hosp",2022-06-27,"quantile",0.99,24.9502145279994
2022-05-21,"04","1  day ahead inc hosp",2022-05-22,"quantile",0.01,23.6549940404179
2022-05-21,"04","1  day ahead inc hosp",2022-05-22,"quantile",0.025,31.7534844823983
2022-05-21,"04","1  day ahead inc hosp",2022-05-22,"quantile",0.05,38.7186330389499
2022-05-21,"04","1  day ahead inc hosp",2022-05-22,"quantile",0.1,46.7490032494528
2022-05-21,"04","1  day ahead inc hosp",2022-05-22,"quantile",0.15,52.1670559062111
2022-05-21,"04","1  day ahead inc hosp",2022-05-22,"quantile",0.2,56.4731524020381
2022-05-21,"04","1  day ahead inc hosp",2022-05-22,"quantile",0.25,60.1673997733554
2022-05-21,"04","1  day ahead inc hosp",2022-05-22,"quantile",0.3,63.4849480883132
2022-05-21,"04","1  day ahead inc hosp",2022-05-22,"quantile",0.35,66.5591510156561
2022-05-21,"04","1  day ahead inc hosp",2022-05-22,"quantile",0.4,69.4762689667447
2022-05-21,"04","1  day ahead inc hosp",2022-05-22,"quantile",0.45,72.298614343954
2022-05-21,"04","1  day ahead inc hosp",2022-05-22,"quantile",0.5,75.0762125015007
2022-05-21,"04","1  day ahead inc hosp",2022-05-22,"quantile",0.55,77.8538106590475
2022-05-21,"04","1  day ahead inc hosp",2022-05-22,"quantile",0.6,80.6761560362567
2022-05-21,"04","1  day ahead inc hosp",2022-05-22,"quantile",0.65,83.5932739873454
2022-05-21,"04","1  day ahead inc hosp",2022-05-22,"quantile",0.7,86.6674769146882
2022-05-21,"04","1  day ahead inc hosp",2022-05-22,"quantile",0.75,89.9850252296461
2022-05-21,"04","1  day ahead inc hosp",2022-05-22,"quantile",0.8,93.6792726009633
2022-05-21,"04","1  day ahead inc hosp",2022-05-22,"quantile",0.85,97.9853690967903
2022-05-21,"04","1  day ahead inc hosp",2022-05-22,"quantile",0.9,103.403421753549
2022-05-21,"04","1  day ahead inc hosp",2022-05-22,"quantile",0.95,111.433791964052
2022-05-21,"04","1  day ahead inc hosp",2022-05-22,"quantile",0.975,118.398940520603
2022-05-21,"04","1  day ahead inc hosp",2022-05-22,"quantile",0.99,126.497430962584
2022-05-21,"04","2  day ahead inc hosp",2022-05-23,"quantile",0.01,20.6508600722604
2022-05-21,"04","2  day ahead inc hosp",2022-05-23,"quantile",0.025,29.7830686931924
2022-05-21,"04","2  day ahead inc hosp",2022-05-23,"quantile",0.05,37.6372719116701
2022-05-21,"04","2  day ahead inc hosp",2022-05-23,"quantile",0.1,46.6926652088556
2022-05-21,"04","2  day ahead inc hosp",2022-05-23,"quantile",0.15,52.8022960758907
2022-05-21,"04","2  day ahead inc hosp",2022-05-23,"quantile",0.2,57.6580370097702
2022-05-21,"04","2  day ahead inc hosp",2022-05-23,"quantile",0.25,61.8238303676679
2022-05-21,"04","2  day ahead inc hosp",2022-05-23,"quantile",0.3,65.5648415523162
2022-05-21,"04","2  day ahead inc hosp",2022-05-23,"quantile",0.35,69.0314459370106
2022-05-21,"04","2  day ahead inc hosp",2022-05-23,"quantile",0.4,72.3209144981037
2022-05-21,"04","2  day ahead inc hosp",2022-05-23,"quantile",0.45,75.5035133996707
2022-05-21,"04","2  day ahead inc hosp",2022-05-23,"quantile",0.5,78.6356533980518
2022-05-21,"04","2  day ahead inc hosp",2022-05-23,"quantile",0.55,81.7677933964329
2022-05-21,"04","2  day ahead inc hosp",2022-05-23,"quantile",0.6,84.9503922979999
2022-05-21,"04","2  day ahead inc hosp",2022-05-23,"quantile",0.65,88.239860859093
2022-05-21,"04","2  day ahead inc hosp",2022-05-23,"quantile",0.7,91.7064652437874
2022-05-21,"04","2  day ahead inc hosp",2022-05-23,"quantile",0.75,95.4474764284357
2022-05-21,"04","2  day ahead inc hosp",2022-05-23,"quantile",0.8,99.6132697863333
2022-05-21,"04","2  day ahead inc hosp",2022-05-23,"quantile",0.85,104.469010720213
2022-05-21,"04","2  day ahead inc hosp",2022-05-23,"quantile",0.9,110.578641587248
2022-05-21,"04","2  day ahead inc hosp",2022-05-23,"quantile",0.95,119.634034884434
2022-05-21,"04","2  day ahead inc hosp",2022-05-23,"quantile",0.975,127.488238102911
2022-05-21,"04","2  day ahead inc hosp",2022-05-23,"quantile",0.99,136.620446723843
2022-05-21,"04","3  day ahead inc hosp",2022-05-24,"quantile",0.01,9.68272170764793
2022-05-21,"04","3  day ahead inc hosp",2022-05-24,"quantile",0.025,19.9473098647232
2022-05-21,"04","3  day ahead inc hosp",2022-05-24,"quantile",0.05,28.7754219552483
2022-05-21,"04","3  day ahead inc hosp",2022-05-24,"quantile",0.1,38.9536698089929
2022-05-21,"04","3  day ahead inc hosp",2022-05-24,"quantile",0.15,45.8208853145743
2022-05-21,"04","3  day ahead inc hosp",2022-05-24,"quantile",0.2,51.2787305032488
2022-05-21,"04","3  day ahead inc hosp",2022-05-24,"quantile",0.25,55.961075699381
2022-05-21,"04","3  day ahead inc hosp",2022-05-24,"quantile",0.3,60.1659663994697
2022-05-21,"04","3  day ahead inc hosp",2022-05-24,"quantile",0.35,64.0624242870872
2022-05-21,"04","3  day ahead inc hosp",2022-05-24,"quantile",0.4,67.7597817869886
2022-05-21,"04","3  day ahead inc hosp",2022-05-24,"quantile",0.45,71.337017957313
2022-05-21,"04","3  day ahead inc hosp",2022-05-24,"quantile",0.5,74.8575383996507
2022-05-21,"04","3  day ahead inc hosp",2022-05-24,"quantile",0.55,78.3780588419883
2022-05-21,"04","3  day ahead inc hosp",2022-05-24,"quantile",0.6,81.9552950123127
2022-05-21,"04","3  day ahead inc hosp",2022-05-24,"quantile",0.65,85.6526525122141
2022-05-21,"04","3  day ahead inc hosp",2022-05-24,"quantile",0.7,89.5491103998316
2022-05-21,"04","3  day ahead inc hosp",2022-05-24,"quantile",0.75,93.7540010999203
2022-05-21,"04","3  day ahead inc hosp",2022-05-24,"quantile",0.8,98.4363462960525
2022-05-21,"04","3  day ahead inc hosp",2022-05-24,"quantile",0.85,103.894191484727
2022-05-21,"04","3  day ahead inc hosp",2022-05-24,"quantile",0.9,110.761406990308
2022-05-21,"04","3  day ahead inc hosp",2022-05-24,"quantile",0.95,120.939654844053
2022-05-21,"04","3  day ahead inc hosp",2022-05-24,"quantile",0.975,129.767766934578
2022-05-21,"04","3  day ahead inc hosp",2022-05-24,"quantile",0.99,140.032355091653
2022-05-21,"04","4  day ahead inc hosp",2022-05-25,"quantile",0.01,6.26386358231376
2022-05-21,"04","4  day ahead inc hosp",2022-05-25,"quantile",0.025,17.737241084238
2022-05-21,"04","4  day ahead inc hosp",2022-05-25,"quantile",0.05,27.6049786976638
2022-05-21,"04","4  day ahead inc hosp",2022-05-25,"quantile",0.1,38.9818481976513
2022-05-21,"04","4  day ahead inc hosp",2022-05-25,"quantile",0.15,46.6577680374838
2022-05-21,"04","4  day ahead inc hosp",2022-05-25,"quantile",0.2,52.7583457945719
2022-05-21,"04","4  day ahead inc hosp",2022-05-25,"quantile",0.25,57.99209830441
2022-05-21,"04","4  day ahead inc hosp",2022-05-25,"quantile",0.3,62.692169814166
2022-05-21,"04","4  day ahead inc hosp",2022-05-25,"quantile",0.35,67.0474865186332
2022-05-21,"04","4  day ahead inc hosp",2022-05-25,"quantile",0.4,71.1802561638234
2022-05-21,"04","4  day ahead inc hosp",2022-05-25,"quantile",0.45,75.1787586236984
2022-05-21,"04","4  day ahead inc hosp",2022-05-25,"quantile",0.5,79.113866337722
2022-05-21,"04","4  day ahead inc hosp",2022-05-25,"quantile",0.55,83.0489740517455
2022-05-21,"04","4  day ahead inc hosp",2022-05-25,"quantile",0.6,87.0474765116205
2022-05-21,"04","4  day ahead inc hosp",2022-05-25,"quantile",0.65,91.1802461568107
2022-05-21,"04","4  day ahead inc hosp",2022-05-25,"quantile",0.7,95.5355628612779
2022-05-21,"04","4  day ahead inc hosp",2022-05-25,"quantile",0.75,100.235634371034
2022-05-21,"04","4  day ahead inc hosp",2022-05-25,"quantile",0.8,105.469386880872
2022-05-21,"04","4  day ahead inc hosp",2022-05-25,"quantile",0.85,111.56996463796
2022-05-21,"04","4  day ahead inc hosp",2022-05-25,"quantile",0.9,119.245884477793
2022-05-21,"04","4  day ahead inc hosp",2022-05-25,"quantile",0.95,130.62275397778
2022-05-21,"04","4  day ahead inc hosp",2022-05-25,"quantile",0.975,140.490491591206
2022-05-21,"04","4  day ahead inc hosp",2022-05-25,"quantile",0.99,151.96386909313
2022-05-21,"04","5  day ahead inc hosp",2022-05-26,"quantile",0.01,0
2022-05-21,"04","5  day ahead inc hosp",2022-05-26,"quantile",0.025,8.44656211565032
2022-05-21,"04","5  day ahead inc hosp",2022-05-26,"quantile",0.05,19.4045132496295
2022-05-21,"04","5  day ahead inc hosp",2022-05-26,"quantile",0.1,32.0383291173015
2022-05-21,"04","5  day ahead inc hosp",2022-05-26,"quantile",0.15,40.5623047040444
2022-05-21,"04","5  day ahead inc hosp",2022-05-26,"quantile",0.2,47.3368902848627
2022-05-21,"04","5  day ahead inc hosp",2022-05-26,"quantile",0.25,53.1488814926666
2022-05-21,"04","5  day ahead inc hosp",2022-05-26,"quantile",0.3,58.3682292244142
2022-05-21,"04","5  day ahead inc hosp",2022-05-26,"quantile",0.35,63.2047327361838
2022-05-21,"04","5  day ahead inc hosp",2022-05-26,"quantile",0.4,67.7941016061436
2022-05-21,"04","5  day ahead inc hosp",2022-05-26,"quantile",0.45,72.2343691001629
2022-05-21,"04","5  day ahead inc hosp",2022-05-26,"quantile",0.5,76.6042378306149
2022-05-21,"04","5  day ahead inc hosp",2022-05-26,"quantile",0.55,80.974106561067
2022-05-21,"04","5  day ahead inc hosp",2022-05-26,"quantile",0.6,85.4143740550863
2022-05-21,"04","5  day ahead inc hosp",2022-05-26,"quantile",0.65,90.003742925046
2022-05-21,"04","5  day ahead inc hosp",2022-05-26,"quantile",0.7,94.8402464368156
2022-05-21,"04","5  day ahead inc hosp",2022-05-26,"quantile",0.75,100.059594168563
2022-05-21,"04","5  day ahead inc hosp",2022-05-26,"quantile",0.8,105.871585376367
2022-05-21,"04","5  day ahead inc hosp",2022-05-26,"quantile",0.85,112.646170957185
2022-05-21,"04","5  day ahead inc hosp",2022-05-26,"quantile",0.9,121.170146543928
2022-05-21,"04","5  day ahead inc hosp",2022-05-26,"quantile",0.95,133.8039624116
2022-05-21,"04","5  day ahead inc hosp",2022-05-26,"quantile",0.975,144.76191354558
2022-05-21,"04","5  day ahead inc hosp",2022-05-26,"quantile",0.99,157.502899872245
2022-05-21,"04","6  day ahead inc hosp",2022-05-27,"quantile",0.01,0
2022-05-21,"04","6  day ahead inc hosp",2022-05-27,"quantile",0.025,0
2022-05-21,"04","6  day ahead inc hosp",2022-05-27,"quantile",0.05,11.2221941640045
2022-05-21,"04","6  day ahead inc hosp",2022-05-27,"quantile",0.1,25.1576249805906
2022-05-21,"04","6  day ahead inc hosp",2022-05-27,"quantile",0.15,34.559793993935
2022-05-21,"04","6  day ahead inc hosp",2022-05-27,"quantile",0.2,42.032339870918
2022-05-21,"04","6  day ahead inc hosp",2022-05-27,"quantile",0.25,48.4431188652681
2022-05-21,"04","6  day ahead inc hosp",2022-05-27,"quantile",0.3,54.2001965356487
2022-05-21,"04","6  day ahead inc hosp",2022-05-27,"quantile",0.35,59.5349869733425
2022-05-21,"04","6  day ahead inc hosp",2022-05-27,"quantile",0.4,64.5971814084196
2022-05-21,"04","6  day ahead inc hosp",2022-05-27,"quantile",0.45,69.4949131086557
2022-05-21,"04","6  day ahead inc hosp",2022-05-27,"quantile",0.5,74.3149931231667
2022-05-21,"04","6  day ahead inc hosp",2022-05-27,"quantile",0.55,79.1350731376777
2022-05-21,"04","6  day ahead inc hosp",2022-05-27,"quantile",0.6,84.0328048379137
2022-05-21,"04","6  day ahead inc hosp",2022-05-27,"quantile",0.65,89.0949992729908
2022-05-21,"04","6  day ahead inc hosp",2022-05-27,"quantile",0.7,94.4297897106846
2022-05-21,"04","6  day ahead inc hosp",2022-05-27,"quantile",0.75,100.186867381065
2022-05-21,"04","6  day ahead inc hosp",2022-05-27,"quantile",0.8,106.597646375415
2022-05-21,"04","6  day ahead inc hosp",2022-05-27,"quantile",0.85,114.070192252398
2022-05-21,"04","6  day ahead inc hosp",2022-05-27,"quantile",0.9,123.472361265743
2022-05-21,"04","6  day ahead inc hosp",2022-05-27,"quantile",0.95,137.407792082329
2022-05-21,"04","6  day ahead inc hosp",2022-05-27,"quantile",0.975,149.494700069475
2022-05-21,"04","6  day ahead inc hosp",2022-05-27,"quantile",0.99,163.548342717904
2022-05-21,"04","7  day ahead inc hosp",2022-05-28,"quantile",0.01,0
2022-05-21,"04","7  day ahead inc hosp",2022-05-28,"quantile",0.025,0
2022-05-21,"04","7  day ahead inc hosp",2022-05-28,"quantile",0.05,7.23801965273552
2022-05-21,"04","7  day ahead inc hosp",2022-05-28,"quantile",0.1,22.5090096144544
2022-05-21,"04","7  day ahead inc hosp",2022-05-28,"quantile",0.15,32.8122740424388
2022-05-21,"04","7  day ahead inc hosp",2022-05-28,"quantile",0.2,41.0009819896715
2022-05-21,"04","7  day ahead inc hosp",2022-05-28,"quantile",0.25,48.0261642720161
2022-05-21,"04","7  day ahead inc hosp",2022-05-28,"quantile",0.3,54.3349950839477
2022-05-21,"04","7  day ahead inc hosp",2022-05-28,"quantile",0.35,60.1810670349442
2022-05-21,"04","7  day ahead inc hosp",2022-05-28,"quantile",0.4,65.7284176278174
2022-05-21,"04","7  day ahead inc hosp",2022-05-28,"quantile",0.45,71.0955435253875
2022-05-21,"04","7  day ahead inc hosp",2022-05-28,"quantile",0.5,76.377575669573
2022-05-21,"04","7  day ahead inc hosp",2022-05-28,"quantile",0.55,81.6596078137584
2022-05-21,"04","7  day ahead inc hosp",2022-05-28,"quantile",0.6,87.0267337113286
2022-05-21,"04","7  day ahead inc hosp",2022-05-28,"quantile",0.65,92.5740843042017
2022-05-21,"04","7  day ahead inc hosp",2022-05-28,"quantile",0.7,98.4201562551983
2022-05-21,"04","7  day ahead inc hosp",2022-05-28,"quantile",0.75,104.72898706713
2022-05-21,"04","7  day ahead inc hosp",2022-05-28,"quantile",0.8,111.754169349474
2022-05-21,"04","7  day ahead inc hosp",2022-05-28,"quantile",0.85,119.942877296707
2022-05-21,"04","7  day ahead inc hosp",2022-05-28,"quantile",0.9,130.246141724692
2022-05-21,"04","7  day ahead inc hosp",2022-05-28,"quantile",0.95,145.51713168641
2022-05-21,"04","7  day ahead inc hosp",2022-05-28,"quantile",0.975,158.76243805471
2022-05-21,"04","7  day ahead inc hosp",2022-05-28,"quantile",0.99,174.162969163825
2022-05-21,"04","8  day ahead inc hosp",2022-05-29,"quantile",0.01,0
2022-05-21,"04","8  day ahead inc hosp",2022-05-29,"quantile",0.025,0
2022-05-21,"04","8  day ahead inc hosp",2022-05-29,"quantile",0.05,4.08706055389308
2022-05-21,"04","8  day ahead inc hosp",2022-05-29,"quantile",0.1,20.7190582098584
2022-05-21,"04","8  day ahead inc hosp",2022-05-29,"quantile",0.15,31.9405880677523
2022-05-21,"04","8  day ahead inc hosp",2022-05-29,"quantile",0.2,40.8591042690707
2022-05-21,"04","8  day ahead inc hosp",2022-05-29,"quantile",0.25,48.5103970500615
2022-05-21,"04","8  day ahead inc hosp",2022-05-29,"quantile",0.3,55.3814944405359
2022-05-21,"04","8  day ahead inc hosp",2022-05-29,"quantile",0.35,61.7485901710235
2022-05-21,"04","8  day ahead inc hosp",2022-05-29,"quantile",0.4,67.7903413796072
2022-05-21,"04","8  day ahead inc hosp",2022-05-29,"quantile",0.45,73.635805594529
2022-05-21,"04","8  day ahead inc hosp",2022-05-29,"quantile",0.5,79.3885921827625
2022-05-21,"04","8  day ahead inc hosp",2022-05-29,"quantile",0.55,85.141378770996
2022-05-21,"04","8  day ahead inc hosp",2022-05-29,"quantile",0.6,90.9868429859178
2022-05-21,"04","8  day ahead inc hosp",2022-05-29,"quantile",0.65,97.0285941945015
2022-05-21,"04","8  day ahead inc hosp",2022-05-29,"quantile",0.7,103.395689924989
2022-05-21,"04","8  day ahead inc hosp",2022-05-29,"quantile",0.75,110.266787315463
2022-05-21,"04","8  day ahead inc hosp",2022-05-29,"quantile",0.8,117.918080096454
2022-05-21,"04","8  day ahead inc hosp",2022-05-29,"quantile",0.85,126.836596297773
2022-05-21,"04","8  day ahead inc hosp",2022-05-29,"quantile",0.9,138.058126155667
2022-05-21,"04","8  day ahead inc hosp",2022-05-29,"quantile",0.95,154.690123811632
2022-05-21,"04","8  day ahead inc hosp",2022-05-29,"quantile",0.975,169.115901382198
2022-05-21,"04","8  day ahead inc hosp",2022-05-29,"quantile",0.99,185.88898537672
2022-05-21,"04","9  day ahead inc hosp",2022-05-30,"quantile",0.01,0
2022-05-21,"04","9  day ahead inc hosp",2022-05-30,"quantile",0.025,0
2022-05-21,"04","9  day ahead inc hosp",2022-05-30,"quantile",0.05,0.164052082053345
2022-05-21,"04","9  day ahead inc hosp",2022-05-30,"quantile",0.1,18.1757039161724
2022-05-21,"04","9  day ahead inc hosp",2022-05-30,"quantile",0.15,30.3280798981437
2022-05-21,"04","9  day ahead inc hosp",2022-05-30,"quantile",0.2,39.9864030904562
2022-05-21,"04","9  day ahead inc hosp",2022-05-30,"quantile",0.25,48.2723843960564
2022-05-21,"04","9  day ahead inc hosp",2022-05-30,"quantile",0.3,55.7134516975035
2022-05-21,"04","9  day ahead inc hosp",2022-05-30,"quantile",0.35,62.6087094930045
2022-05-21,"04","9  day ahead inc hosp",2022-05-30,"quantile",0.4,69.1516348522049
2022-05-21,"04","9  day ahead inc hosp",2022-05-30,"quantile",0.45,75.4819908578895
2022-05-21,"04","9  day ahead inc hosp",2022-05-30,"quantile",0.5,81.7119814607374
2022-05-21,"04","9  day ahead inc hosp",2022-05-30,"quantile",0.55,87.9419720635853
2022-05-21,"04","9  day ahead inc hosp",2022-05-30,"quantile",0.6,94.27232806927
2022-05-21,"04","9  day ahead inc hosp",2022-05-30,"quantile",0.65,100.81525342847
2022-05-21,"04","9  day ahead inc hosp",2022-05-30,"quantile",0.7,107.710511223971
2022-05-21,"04","9  day ahead inc hosp",2022-05-30,"quantile",0.75,115.151578525418
2022-05-21,"04","9  day ahead inc hosp",2022-05-30,"quantile",0.8,123.437559831019
2022-05-21,"04","9  day ahead inc hosp",2022-05-30,"quantile",0.85,133.095883023331
2022-05-21,"04","9  day ahead inc hosp",2022-05-30,"quantile",0.9,145.248259005302
2022-05-21,"04","9  day ahead inc hosp",2022-05-30,"quantile",0.95,163.259910839421
2022-05-21,"04","9  day ahead inc hosp",2022-05-30,"quantile",0.975,178.882332656219
2022-05-21,"04","9  day ahead inc hosp",2022-05-30,"quantile",0.99,197.046774194931
2022-05-21,"04","10  day ahead inc hosp",2022-05-31,"quantile",0.01,0
2022-05-21,"04","10  day ahead inc hosp",2022-05-31,"quantile",0.025,0
2022-05-21,"04","10  day ahead inc hosp",2022-05-31,"quantile",0.05,0
2022-05-21,"04","10  day ahead inc hosp",2022-05-31,"quantile",0.1,15.9889566858966
2022-05-21,"04","10  day ahead inc hosp",2022-05-31,"quantile",0.15,29.0810456686311
2022-05-21,"04","10  day ahead inc hosp",2022-05-31,"quantile",0.2,39.4862229644419
2022-05-21,"04","10  day ahead inc hosp",2022-05-31,"quantile",0.25,48.4129385896933
2022-05-21,"04","10  day ahead inc hosp",2022-05-31,"quantile",0.3,56.4294051129138
2022-05-21,"04","10  day ahead inc hosp",2022-05-31,"quantile",0.35,63.8578560390139
2022-05-21,"04","10  day ahead inc hosp",2022-05-31,"quantile",0.4,70.9067295380831
2022-05-21,"04","10  day ahead inc hosp",2022-05-31,"quantile",0.45,77.7265962243809
2022-05-21,"04","10  day ahead inc hosp",2022-05-31,"quantile",0.5,84.4383365009398
2022-05-21,"04","10  day ahead inc hosp",2022-05-31,"quantile",0.55,91.1500767774988
2022-05-21,"04","10  day ahead inc hosp",2022-05-31,"quantile",0.6,97.9699434637966
2022-05-21,"04","10  day ahead inc hosp",2022-05-31,"quantile",0.65,105.018816962866
2022-05-21,"04","10  day ahead inc hosp",2022-05-31,"quantile",0.7,112.447267888966
2022-05-21,"04","10  day ahead inc hosp",2022-05-31,"quantile",0.75,120.463734412186
2022-05-21,"04","10  day ahead inc hosp",2022-05-31,"quantile",0.8,129.390450037438
2022-05-21,"04","10  day ahead inc hosp",2022-05-31,"quantile",0.85,139.795627333249
2022-05-21,"04","10  day ahead inc hosp",2022-05-31,"quantile",0.9,152.887716315983
2022-05-21,"04","10  day ahead inc hosp",2022-05-31,"quantile",0.95,172.292164375207
2022-05-21,"04","10  day ahead inc hosp",2022-05-31,"quantile",0.975,189.12262920404
2022-05-21,"04","10  day ahead inc hosp",2022-05-31,"quantile",0.99,208.691681815587
2022-05-21,"04","11  day ahead inc hosp",2022-06-01,"quantile",0.01,0
2022-05-21,"04","11  day ahead inc hosp",2022-06-01,"quantile",0.025,0
2022-05-21,"04","11  day ahead inc hosp",2022-06-01,"quantile",0.05,0
2022-05-21,"04","11  day ahead inc hosp",2022-06-01,"quantile",0.1,12.1449393134867
2022-05-21,"04","11  day ahead inc hosp",2022-06-01,"quantile",0.15,26.1825734261313
2022-05-21,"04","11  day ahead inc hosp",2022-06-01,"quantile",0.2,37.339240016804
2022-05-21,"04","11  day ahead inc hosp",2022-06-01,"quantile",0.25,46.9106665431713
2022-05-21,"04","11  day ahead inc hosp",2022-06-01,"quantile",0.3,55.506103381222
2022-05-21,"04","11  day ahead inc hosp",2022-06-01,"quantile",0.35,63.4710565878377
2022-05-21,"04","11  day ahead inc hosp",2022-06-01,"quantile",0.4,71.0290182864438
2022-05-21,"04","11  day ahead inc hosp",2022-06-01,"quantile",0.45,78.3414336974233
2022-05-21,"04","11  day ahead inc hosp",2022-06-01,"quantile",0.5,85.5379135247209
2022-05-21,"04","11  day ahead inc hosp",2022-06-01,"quantile",0.55,92.7343933520185
2022-05-21,"04","11  day ahead inc hosp",2022-06-01,"quantile",0.6,100.046808762998
2022-05-21,"04","11  day ahead inc hosp",2022-06-01,"quantile",0.65,107.604770461604
2022-05-21,"04","11  day ahead inc hosp",2022-06-01,"quantile",0.7,115.56972366822
2022-05-21,"04","11  day ahead inc hosp",2022-06-01,"quantile",0.75,124.16516050627
2022-05-21,"04","11  day ahead inc hosp",2022-06-01,"quantile",0.8,133.736587032638
2022-05-21,"04","11  day ahead inc hosp",2022-06-01,"quantile",0.85,144.89325362331
2022-05-21,"04","11  day ahead inc hosp",2022-06-01,"quantile",0.9,158.930887735955
2022-05-21,"04","11  day ahead inc hosp",2022-06-01,"quantile",0.95,179.736776114229
2022-05-21,"04","11  day ahead inc hosp",2022-06-01,"quantile",0.975,197.782781417467
2022-05-21,"04","11  day ahead inc hosp",2022-06-01,"quantile",0.99,218.765162522137
2022-05-21,"04","12  day ahead inc hosp",2022-06-02,"quantile",0.01,0
2022-05-21,"04","12  day ahead inc hosp",2022-06-02,"quantile",0.025,0
2022-05-21,"04","12  day ahead inc hosp",2022-06-02,"quantile",0.05,0
2022-05-21,"04","12  day ahead inc hosp",2022-06-02,"quantile",0.1,7.55967045346405
2022-05-21,"04","12  day ahead inc hosp",2022-06-02,"quantile",0.15,22.5461810146162
2022-05-21,"04","12  day ahead inc hosp",2022-06-02,"quantile",0.2,34.4569845265671
2022-05-21,"04","12  day ahead inc hosp",2022-06-02,"quantile",0.25,44.6753933817664
2022-05-21,"04","12  day ahead inc hosp",2022-06-02,"quantile",0.3,53.8518403469377
2022-05-21,"04","12  day ahead inc hosp",2022-06-02,"quantile",0.35,62.3551860241489
2022-05-21,"04","12  day ahead inc hosp",2022-06-02,"quantile",0.4,70.4240295278356
2022-05-21,"04","12  day ahead inc hosp",2022-06-02,"quantile",0.45,78.2307289976175
2022-05-21,"04","12  day ahead inc hosp",2022-06-02,"quantile",0.5,85.9136561967077
2022-05-21,"04","12  day ahead inc hosp",2022-06-02,"quantile",0.55,93.596583395798
2022-05-21,"04","12  day ahead inc hosp",2022-06-02,"quantile",0.6,101.40328286558
2022-05-21,"04","12  day ahead inc hosp",2022-06-02,"quantile",0.65,109.472126369267
2022-05-21,"04","12  day ahead inc hosp",2022-06-02,"quantile",0.7,117.975472046478
2022-05-21,"04","12  day ahead inc hosp",2022-06-02,"quantile",0.75,127.151919011649
2022-05-21,"04","12  day ahead inc hosp",2022-06-02,"quantile",0.8,137.370327866848
2022-05-21,"04","12  day ahead inc hosp",2022-06-02,"quantile",0.85,149.281131378799
2022-05-21,"04","12  day ahead inc hosp",2022-06-02,"quantile",0.9,164.267641939951
2022-05-21,"04","12  day ahead inc hosp",2022-06-02,"quantile",0.95,186.479908153265
2022-05-21,"04","12  day ahead inc hosp",2022-06-02,"quantile",0.975,205.745736489678
2022-05-21,"04","12  day ahead inc hosp",2022-06-02,"quantile",0.99,228.146425487549
2022-05-21,"04","13  day ahead inc hosp",2022-06-03,"quantile",0.01,0
2022-05-21,"04","13  day ahead inc hosp",2022-06-03,"quantile",0.025,0
2022-05-21,"04","13  day ahead inc hosp",2022-06-03,"quantile",0.05,0
2022-05-21,"04","13  day ahead inc hosp",2022-06-03,"quantile",0.1,0.407253306236782
2022-05-21,"04","13  day ahead inc hosp",2022-06-03,"quantile",0.15,16.3438964121253
2022-05-21,"04","13  day ahead inc hosp",2022-06-03,"quantile",0.2,29.0098351508181
2022-05-21,"04","13  day ahead inc hosp",2022-06-03,"quantile",0.25,39.8760827920464
2022-05-21,"04","13  day ahead inc hosp",2022-06-03,"quantile",0.3,49.6343090093712
2022-05-21,"04","13  day ahead inc hosp",2022-06-03,"quantile",0.35,58.6767598661433
2022-05-21,"04","13  day ahead inc hosp",2022-06-03,"quantile",0.4,67.2571614660229
2022-05-21,"04","13  day ahead inc hosp",2022-06-03,"quantile",0.45,75.5587993140851
2022-05-21,"04","13  day ahead inc hosp",2022-06-03,"quantile",0.5,83.7288178304576
2022-05-21,"04","13  day ahead inc hosp",2022-06-03,"quantile",0.55,91.8988363468301
2022-05-21,"04","13  day ahead inc hosp",2022-06-03,"quantile",0.6,100.200474194892
2022-05-21,"04","13  day ahead inc hosp",2022-06-03,"quantile",0.65,108.780875794772
2022-05-21,"04","13  day ahead inc hosp",2022-06-03,"quantile",0.7,117.823326651544
2022-05-21,"04","13  day ahead inc hosp",2022-06-03,"quantile",0.75,127.581552868869
2022-05-21,"04","13  day ahead inc hosp",2022-06-03,"quantile",0.8,138.447800510097
2022-05-21,"04","13  day ahead inc hosp",2022-06-03,"quantile",0.85,151.11373924879
2022-05-21,"04","13  day ahead inc hosp",2022-06-03,"quantile",0.9,167.050382354678
2022-05-21,"04","13  day ahead inc hosp",2022-06-03,"quantile",0.95,190.67088812686
2022-05-21,"04","13  day ahead inc hosp",2022-06-03,"quantile",0.975,211.158154264224
2022-05-21,"04","13  day ahead inc hosp",2022-06-03,"quantile",0.99,234.979028671803
2022-05-21,"04","14  day ahead inc hosp",2022-06-04,"quantile",0.01,0
2022-05-21,"04","14  day ahead inc hosp",2022-06-04,"quantile",0.025,0
2022-05-21,"04","14  day ahead inc hosp",2022-06-04,"quantile",0.05,0
2022-05-21,"04","14  day ahead inc hosp",2022-06-04,"quantile",0.1,0
2022-05-21,"04","14  day ahead inc hosp",2022-06-04,"quantile",0.15,14.103881105246
2022-05-21,"04","14  day ahead inc hosp",2022-06-04,"quantile",0.2,27.5245771674549
2022-05-21,"04","14  day ahead inc hosp",2022-06-04,"quantile",0.25,39.0383393873938
2022-05-21,"04","14  day ahead inc hosp",2022-06-04,"quantile",0.3,49.3780537086799
2022-05-21,"04","14  day ahead inc hosp",2022-06-04,"quantile",0.35,58.9593399528233
2022-05-21,"04","14  day ahead inc hosp",2022-06-04,"quantile",0.4,68.0510436424907
2022-05-21,"04","14  day ahead inc hosp",2022-06-04,"quantile",0.45,76.8473721796736
2022-05-21,"04","14  day ahead inc hosp",2022-06-04,"quantile",0.5,85.5042382511868
2022-05-21,"04","14  day ahead inc hosp",2022-06-04,"quantile",0.55,94.1611043227001
2022-05-21,"04","14  day ahead inc hosp",2022-06-04,"quantile",0.6,102.957432859883
2022-05-21,"04","14  day ahead inc hosp",2022-06-04,"quantile",0.65,112.04913654955
2022-05-21,"04","14  day ahead inc hosp",2022-06-04,"quantile",0.7,121.630422793694
2022-05-21,"04","14  day ahead inc hosp",2022-06-04,"quantile",0.75,131.97013711498
2022-05-21,"04","14  day ahead inc hosp",2022-06-04,"quantile",0.8,143.483899334919
2022-05-21,"04","14  day ahead inc hosp",2022-06-04,"quantile",0.85,156.904595397128
2022-05-21,"04","14  day ahead inc hosp",2022-06-04,"quantile",0.9,173.790895559203
2022-05-21,"04","14  day ahead inc hosp",2022-06-04,"quantile",0.95,198.818936144596
2022-05-21,"04","14  day ahead inc hosp",2022-06-04,"quantile",0.975,220.527028821154
2022-05-21,"04","14  day ahead inc hosp",2022-06-04,"quantile",0.99,245.76737791455
2022-05-21,"04","15  day ahead inc hosp",2022-06-05,"quantile",0.01,0
2022-05-21,"04","15  day ahead inc hosp",2022-06-05,"quantile",0.025,0
2022-05-21,"04","15  day ahead inc hosp",2022-06-05,"quantile",0.05,0
2022-05-21,"04","15  day ahead inc hosp",2022-06-05,"quantile",0.1,0
2022-05-21,"04","15  day ahead inc hosp",2022-06-05,"quantile",0.15,17.7072303494011
2022-05-21,"04","15  day ahead inc hosp",2022-06-05,"quantile",0.2,31.8811527731368
2022-05-21,"04","15  day ahead inc hosp",2022-06-05,"quantile",0.25,44.0411161427186
2022-05-21,"04","15  day ahead inc hosp",2022-06-05,"quantile",0.3,54.9611390680704
2022-05-21,"04","15  day ahead inc hosp",2022-06-05,"quantile",0.35,65.0801677171509
2022-05-21,"04","15  day ahead inc hosp",2022-06-05,"quantile",0.4,74.6821363631593
2022-05-21,"04","15  day ahead inc hosp",2022-06-05,"quantile",0.45,83.9721521508502
2022-05-21,"04","15  day ahead inc hosp",2022-06-05,"quantile",0.5,93.1148782480317
2022-05-21,"04","15  day ahead inc hosp",2022-06-05,"quantile",0.55,102.257604345213
2022-05-21,"04","15  day ahead inc hosp",2022-06-05,"quantile",0.6,111.547620132904
2022-05-21,"04","15  day ahead inc hosp",2022-06-05,"quantile",0.65,121.149588778912
2022-05-21,"04","15  day ahead inc hosp",2022-06-05,"quantile",0.7,131.268617427993
2022-05-21,"04","15  day ahead inc hosp",2022-06-05,"quantile",0.75,142.188640353345
2022-05-21,"04","15  day ahead inc hosp",2022-06-05,"quantile",0.8,154.348603722926
2022-05-21,"04","15  day ahead inc hosp",2022-06-05,"quantile",0.85,168.522526146662
2022-05-21,"04","15  day ahead inc hosp",2022-06-05,"quantile",0.9,186.356557065159
2022-05-21,"04","15  day ahead inc hosp",2022-06-05,"quantile",0.95,212.789277397332
2022-05-21,"04","15  day ahead inc hosp",2022-06-05,"quantile",0.975,235.715720268742
2022-05-21,"04","15  day ahead inc hosp",2022-06-05,"quantile",0.99,262.372664762493
2022-05-21,"04","16  day ahead inc hosp",2022-06-06,"quantile",0.01,0
2022-05-21,"04","16  day ahead inc hosp",2022-06-06,"quantile",0.025,0
2022-05-21,"04","16  day ahead inc hosp",2022-06-06,"quantile",0.05,0
2022-05-21,"04","16  day ahead inc hosp",2022-06-06,"quantile",0.1,0
2022-05-21,"04","16  day ahead inc hosp",2022-06-06,"quantile",0.15,11.7486360099125
2022-05-21,"04","16  day ahead inc hosp",2022-06-06,"quantile",0.2,26.6732850506146
2022-05-21,"04","16  day ahead inc hosp",2022-06-06,"quantile",0.25,39.477305011588
2022-05-21,"04","16  day ahead inc hosp",2022-06-06,"quantile",0.3,50.9757106614152
2022-05-21,"04","16  day ahead inc hosp",2022-06-06,"quantile",0.35,61.6306971009792
2022-05-21,"04","16  day ahead inc hosp",2022-06-06,"quantile",0.4,71.7412372787298
2022-05-21,"04","16  day ahead inc hosp",2022-06-06,"quantile",0.45,81.5233019090317
2022-05-21,"04","16  day ahead inc hosp",2022-06-06,"quantile",0.5,91.1502756003226
2022-05-21,"04","16  day ahead inc hosp",2022-06-06,"quantile",0.55,100.777249291613
2022-05-21,"04","16  day ahead inc hosp",2022-06-06,"quantile",0.6,110.559313921915
2022-05-21,"04","16  day ahead inc hosp",2022-06-06,"quantile",0.65,120.669854099666
2022-05-21,"04","16  day ahead inc hosp",2022-06-06,"quantile",0.7,131.32484053923
2022-05-21,"04","16  day ahead inc hosp",2022-06-06,"quantile",0.75,142.823246189057
2022-05-21,"04","16  day ahead inc hosp",2022-06-06,"quantile",0.8,155.627266150031
2022-05-21,"04","16  day ahead inc hosp",2022-06-06,"quantile",0.85,170.551915190733
2022-05-21,"04","16  day ahead inc hosp",2022-06-06,"quantile",0.9,189.330531616195
2022-05-21,"04","16  day ahead inc hosp",2022-06-06,"quantile",0.95,217.163269961657
2022-05-21,"04","16  day ahead inc hosp",2022-06-06,"quantile",0.975,241.304019669339
2022-05-21,"04","16  day ahead inc hosp",2022-06-06,"quantile",0.99,269.37285828528
2022-05-21,"04","17  day ahead inc hosp",2022-06-07,"quantile",0.01,0
2022-05-21,"04","17  day ahead inc hosp",2022-06-07,"quantile",0.025,0
2022-05-21,"04","17  day ahead inc hosp",2022-06-07,"quantile",0.05,0
2022-05-21,"04","17  day ahead inc hosp",2022-06-07,"quantile",0.1,0
2022-05-21,"04","17  day ahead inc hosp",2022-06-07,"quantile",0.15,12.823864238496
2022-05-21,"04","17  day ahead inc hosp",2022-06-07,"quantile",0.2,28.4959249807807
2022-05-21,"04","17  day ahead inc hosp",2022-06-07,"quantile",0.25,41.9411576309122
2022-05-21,"04","17  day ahead inc hosp",2022-06-07,"quantile",0.3,54.0153920931146
2022-05-21,"04","17  day ahead inc hosp",2022-06-07,"quantile",0.35,65.2039697429923
2022-05-21,"04","17  day ahead inc hosp",2022-06-07,"quantile",0.4,75.8208357993322
2022-05-21,"04","17  day ahead inc hosp",2022-06-07,"quantile",0.45,86.0927765768311
2022-05-21,"04","17  day ahead inc hosp",2022-06-07,"quantile",0.5,96.2018596140821
2022-05-21,"04","17  day ahead inc hosp",2022-06-07,"quantile",0.55,106.310942651333
2022-05-21,"04","17  day ahead inc hosp",2022-06-07,"quantile",0.6,116.582883428832
2022-05-21,"04","17  day ahead inc hosp",2022-06-07,"quantile",0.65,127.199749485172
2022-05-21,"04","17  day ahead inc hosp",2022-06-07,"quantile",0.7,138.38832713505
2022-05-21,"04","17  day ahead inc hosp",2022-06-07,"quantile",0.75,150.462561597252
2022-05-21,"04","17  day ahead inc hosp",2022-06-07,"quantile",0.8,163.907794247384
2022-05-21,"04","17  day ahead inc hosp",2022-06-07,"quantile",0.85,179.579854989668
2022-05-21,"04","17  day ahead inc hosp",2022-06-07,"quantile",0.9,199.298886001607
2022-05-21,"04","17  day ahead inc hosp",2022-06-07,"quantile",0.95,228.525460427888
2022-05-21,"04","17  day ahead inc hosp",2022-06-07,"quantile",0.975,253.87515506736
2022-05-21,"04","17  day ahead inc hosp",2022-06-07,"quantile",0.99,283.349653432765
2022-05-21,"04","18  day ahead inc hosp",2022-06-08,"quantile",0.01,0
2022-05-21,"04","18  day ahead inc hosp",2022-06-08,"quantile",0.025,0
2022-05-21,"04","18  day ahead inc hosp",2022-06-08,"quantile",0.05,0
2022-05-21,"04","18  day ahead inc hosp",2022-06-08,"quantile",0.1,0
2022-05-21,"04","18  day ahead inc hosp",2022-06-08,"quantile",0.15,9.42837697997878
2022-05-21,"04","18  day ahead inc hosp",2022-06-08,"quantile",0.2,25.843848444883
2022-05-21,"04","18  day ahead inc hosp",2022-06-08,"quantile",0.25,39.9268613004763
2022-05-21,"04","18  day ahead inc hosp",2022-06-08,"quantile",0.3,52.5738420986091
2022-05-21,"04","18  day ahead inc hosp",2022-06-08,"quantile",0.35,64.2931545849935
2022-05-21,"04","18  day ahead inc hosp",2022-06-08,"quantile",0.4,75.4136361005056
2022-05-21,"04","18  day ahead inc hosp",2022-06-08,"quantile",0.45,86.1728306630476
2022-05-21,"04","18  day ahead inc hosp",2022-06-08,"quantile",0.5,96.7614422606665
2022-05-21,"04","18  day ahead inc hosp",2022-06-08,"quantile",0.55,107.350053858285
2022-05-21,"04","18  day ahead inc hosp",2022-06-08,"quantile",0.6,118.109248420827
2022-05-21,"04","18  day ahead inc hosp",2022-06-08,"quantile",0.65,129.229729936339
2022-05-21,"04","18  day ahead inc hosp",2022-06-08,"quantile",0.7,140.949042422724
2022-05-21,"04","18  day ahead inc hosp",2022-06-08,"quantile",0.75,153.596023220857
2022-05-21,"04","18  day ahead inc hosp",2022-06-08,"quantile",0.8,167.67903607645
2022-05-21,"04","18  day ahead inc hosp",2022-06-08,"quantile",0.85,184.094507541354
2022-05-21,"04","18  day ahead inc hosp",2022-06-08,"quantile",0.9,204.74891899464
2022-05-21,"04","18  day ahead inc hosp",2022-06-08,"quantile",0.95,235.361868140317
2022-05-21,"04","18  day ahead inc hosp",2022-06-08,"quantile",0.975,261.914036093286
2022-05-21,"04","18  day ahead inc hosp",2022-06-08,"quantile",0.99,292.786669553303
2022-05-21,"04","19  day ahead inc hosp",2022-06-09,"quantile",0.01,0
2022-05-21,"04","19  day ahead inc hosp",2022-06-09,"quantile",0.025,0
2022-05-21,"04","19  day ahead inc hosp",2022-06-09,"quantile",0.05,0
2022-05-21,"04","19  day ahead inc hosp",2022-06-09,"quantile",0.1,0
2022-05-21,"04","19  day ahead inc hosp",2022-06-09,"quantile",0.15,3.91116801515753
2022-05-21,"04","19  day ahead inc hosp",2022-06-09,"quantile",0.2,21.0654724482515
2022-05-21,"04","19  day ahead inc hosp",2022-06-09,"quantile",0.25,35.7823382036166
2022-05-21,"04","19  day ahead inc hosp",2022-06-09,"quantile",0.3,48.9985384957921
2022-05-21,"04","19  day ahead inc hosp",2022-06-09,"quantile",0.35,61.2453176740695
2022-05-21,"04","19  day ahead inc hosp",2022-06-09,"quantile",0.4,72.8663134991079
2022-05-21,"04","19  day ahead inc hosp",2022-06-09,"quantile",0.45,84.1097614485215
2022-05-21,"04","19  day ahead inc hosp",2022-06-09,"quantile",0.5,95.1749487785159
2022-05-21,"04","19  day ahead inc hosp",2022-06-09,"quantile",0.55,106.24013610851
2022-05-21,"04","19  day ahead inc hosp",2022-06-09,"quantile",0.6,117.483584057924
2022-05-21,"04","19  day ahead inc hosp",2022-06-09,"quantile",0.65,129.104579882962
2022-05-21,"04","19  day ahead inc hosp",2022-06-09,"quantile",0.7,141.35135906124
2022-05-21,"04","19  day ahead inc hosp",2022-06-09,"quantile",0.75,154.567559353415
2022-05-21,"04","19  day ahead inc hosp",2022-06-09,"quantile",0.8,169.28442510878
2022-05-21,"04","19  day ahead inc hosp",2022-06-09,"quantile",0.85,186.438729541874
2022-05-21,"04","19  day ahead inc hosp",2022-06-09,"quantile",0.9,208.022761576139
2022-05-21,"04","19  day ahead inc hosp",2022-06-09,"quantile",0.95,240.013548460482
2022-05-21,"04","19  day ahead inc hosp",2022-06-09,"quantile",0.975,267.76078516932
2022-05-21,"04","19  day ahead inc hosp",2022-06-09,"quantile",0.99,300.022944325499
2022-05-21,"04","20  day ahead inc hosp",2022-06-10,"quantile",0.01,0
2022-05-21,"04","20  day ahead inc hosp",2022-06-10,"quantile",0.025,0
2022-05-21,"04","20  day ahead inc hosp",2022-06-10,"quantile",0.05,0
2022-05-21,"04","20  day ahead inc hosp",2022-06-10,"quantile",0.1,0
2022-05-21,"04","20  day ahead inc hosp",2022-06-10,"quantile",0.15,0.426429900411662
2022-05-21,"04","20  day ahead inc hosp",2022-06-10,"quantile",0.2,18.3145058523517
2022-05-21,"04","20  day ahead inc hosp",2022-06-10,"quantile",0.25,33.6608822346319
2022-05-21,"04","20  day ahead inc hosp",2022-06-10,"quantile",0.3,47.4424025256209
2022-05-21,"04","20  day ahead inc hosp",2022-06-10,"quantile",0.35,60.2130349323208
2022-05-21,"04","20  day ahead inc hosp",2022-06-10,"quantile",0.4,72.3311162434131
2022-05-21,"04","20  day ahead inc hosp",2022-06-10,"quantile",0.45,84.0555001533074
2022-05-21,"04","20  day ahead inc hosp",2022-06-10,"quantile",0.5,95.5939983858286
2022-05-21,"04","20  day ahead inc hosp",2022-06-10,"quantile",0.55,107.13249661835
2022-05-21,"04","20  day ahead inc hosp",2022-06-10,"quantile",0.6,118.856880528244
2022-05-21,"04","20  day ahead inc hosp",2022-06-10,"quantile",0.65,130.974961839336
2022-05-21,"04","20  day ahead inc hosp",2022-06-10,"quantile",0.7,143.745594246036
2022-05-21,"04","20  day ahead inc hosp",2022-06-10,"quantile",0.75,157.527114537025
2022-05-21,"04","20  day ahead inc hosp",2022-06-10,"quantile",0.8,172.873490919305
2022-05-21,"04","20  day ahead inc hosp",2022-06-10,"quantile",0.85,190.761566871245
2022-05-21,"04","20  day ahead inc hosp",2022-06-10,"quantile",0.9,213.26885102747
2022-05-21,"04","20  day ahead inc hosp",2022-06-10,"quantile",0.95,246.628036634872
2022-05-21,"04","20  day ahead inc hosp",2022-06-10,"quantile",0.975,275.562155161218
2022-05-21,"04","20  day ahead inc hosp",2022-06-10,"quantile",0.99,309.204320928426
2022-05-21,"04","21  day ahead inc hosp",2022-06-11,"quantile",0.01,0
2022-05-21,"04","21  day ahead inc hosp",2022-06-11,"quantile",0.025,0
2022-05-21,"04","21  day ahead inc hosp",2022-06-11,"quantile",0.05,0
2022-05-21,"04","21  day ahead inc hosp",2022-06-11,"quantile",0.1,0
2022-05-21,"04","21  day ahead inc hosp",2022-06-11,"quantile",0.15,0
2022-05-21,"04","21  day ahead inc hosp",2022-06-11,"quantile",0.2,14.4825753089288
2022-05-21,"04","21  day ahead inc hosp",2022-06-11,"quantile",0.25,30.4537734474174
2022-05-21,"04","21  day ahead inc hosp",2022-06-11,"quantile",0.3,44.7964029864099
2022-05-21,"04","21  day ahead inc hosp",2022-06-11,"quantile",0.35,58.0869867333793
2022-05-21,"04","21  day ahead inc hosp",2022-06-11,"quantile",0.4,70.698451020235
2022-05-21,"04","21  day ahead inc hosp",2022-06-11,"quantile",0.45,82.900188669055
2022-05-21,"04","21  day ahead inc hosp",2022-06-11,"quantile",0.5,94.9084723773174
2022-05-21,"04","21  day ahead inc hosp",2022-06-11,"quantile",0.55,106.91675608558
2022-05-21,"04","21  day ahead inc hosp",2022-06-11,"quantile",0.6,119.1184937344
2022-05-21,"04","21  day ahead inc hosp",2022-06-11,"quantile",0.65,131.729958021255
2022-05-21,"04","21  day ahead inc hosp",2022-06-11,"quantile",0.7,145.020541768225
2022-05-21,"04","21  day ahead inc hosp",2022-06-11,"quantile",0.75,159.363171307217
2022-05-21,"04","21  day ahead inc hosp",2022-06-11,"quantile",0.8,175.334369445706
2022-05-21,"04","21  day ahead inc hosp",2022-06-11,"quantile",0.85,193.950751465024
2022-05-21,"04","21  day ahead inc hosp",2022-06-11,"quantile",0.9,217.374410957267
2022-05-21,"04","21  day ahead inc hosp",2022-06-11,"quantile",0.95,252.091802855046
2022-05-21,"04","21  day ahead inc hosp",2022-06-11,"quantile",0.975,282.203962783585
2022-05-21,"04","21  day ahead inc hosp",2022-06-11,"quantile",0.99,317.21585626851
2022-05-21,"04","22  day ahead inc hosp",2022-06-12,"quantile",0.01,0
2022-05-21,"04","22  day ahead inc hosp",2022-06-12,"quantile",0.025,0
2022-05-21,"04","22  day ahead inc hosp",2022-06-12,"quantile",0.05,0
2022-05-21,"04","22  day ahead inc hosp",2022-06-12,"quantile",0.1,0
2022-05-21,"04","22  day ahead inc hosp",2022-06-12,"quantile",0.15,12.6531563632743
2022-05-21,"04","22  day ahead inc hosp",2022-06-12,"quantile",0.2,32.3772667709503
2022-05-21,"04","22  day ahead inc hosp",2022-06-12,"quantile",0.25,49.2987972326441
2022-05-21,"04","22  day ahead inc hosp",2022-06-12,"quantile",0.3,64.49485456913
2022-05-21,"04","22  day ahead inc hosp",2022-06-12,"quantile",0.35,78.576266356644
2022-05-21,"04","22  day ahead inc hosp",2022-06-12,"quantile",0.4,91.9381491187338
2022-05-21,"04","22  day ahead inc hosp",2022-06-12,"quantile",0.45,104.865925326865
2022-05-21,"04","22  day ahead inc hosp",2022-06-12,"quantile",0.5,117.588736527381
2022-05-21,"04","22  day ahead inc hosp",2022-06-12,"quantile",0.55,130.311547727897
2022-05-21,"04","22  day ahead inc hosp",2022-06-12,"quantile",0.6,143.239323936028
2022-05-21,"04","22  day ahead inc hosp",2022-06-12,"quantile",0.65,156.601206698118
2022-05-21,"04","22  day ahead inc hosp",2022-06-12,"quantile",0.7,170.682618485632
2022-05-21,"04","22  day ahead inc hosp",2022-06-12,"quantile",0.75,185.878675822118
2022-05-21,"04","22  day ahead inc hosp",2022-06-12,"quantile",0.8,202.800206283812
2022-05-21,"04","22  day ahead inc hosp",2022-06-12,"quantile",0.85,222.524316691488
2022-05-21,"04","22  day ahead inc hosp",2022-06-12,"quantile",0.9,247.341751437798
2022-05-21,"04","22  day ahead inc hosp",2022-06-12,"quantile",0.95,284.124928219826
2022-05-21,"04","22  day ahead inc hosp",2022-06-12,"quantile",0.975,316.028848456733
2022-05-21,"04","22  day ahead inc hosp",2022-06-12,"quantile",0.99,353.124050519188
2022-05-21,"04","23  day ahead inc hosp",2022-06-13,"quantile",0.01,0
2022-05-21,"04","23  day ahead inc hosp",2022-06-13,"quantile",0.025,0
2022-05-21,"04","23  day ahead inc hosp",2022-06-13,"quantile",0.05,0
2022-05-21,"04","23  day ahead inc hosp",2022-06-13,"quantile",0.1,0
2022-05-21,"04","23  day ahead inc hosp",2022-06-13,"quantile",0.15,9.24183369312463
2022-05-21,"04","23  day ahead inc hosp",2022-06-13,"quantile",0.2,29.852457320121
2022-05-21,"04","23  day ahead inc hosp",2022-06-13,"quantile",0.25,47.5345371873578
2022-05-21,"04","23  day ahead inc hosp",2022-06-13,"quantile",0.3,63.4135913957888
2022-05-21,"04","23  day ahead inc hosp",2022-06-13,"quantile",0.35,78.1279015720416
2022-05-21,"04","23  day ahead inc hosp",2022-06-13,"quantile",0.4,92.0903430137761
2022-05-21,"04","23  day ahead inc hosp",2022-06-13,"quantile",0.45,105.599166694673
2022-05-21,"04","23  day ahead inc hosp",2022-06-13,"quantile",0.5,118.893813079795
2022-05-21,"04","23  day ahead inc hosp",2022-06-13,"quantile",0.55,132.188459464918
2022-05-21,"04","23  day ahead inc hosp",2022-06-13,"quantile",0.6,145.697283145814
2022-05-21,"04","23  day ahead inc hosp",2022-06-13,"quantile",0.65,159.659724587549
2022-05-21,"04","23  day ahead inc hosp",2022-06-13,"quantile",0.7,174.374034763801
2022-05-21,"04","23  day ahead inc hosp",2022-06-13,"quantile",0.75,190.253088972232
2022-05-21,"04","23  day ahead inc hosp",2022-06-13,"quantile",0.8,207.935168839469
2022-05-21,"04","23  day ahead inc hosp",2022-06-13,"quantile",0.85,228.545792466466
2022-05-21,"04","23  day ahead inc hosp",2022-06-13,"quantile",0.9,254.47866327136
2022-05-21,"04","23  day ahead inc hosp",2022-06-13,"quantile",0.95,292.915084321032
2022-05-21,"04","23  day ahead inc hosp",2022-06-13,"quantile",0.975,326.252947405224
2022-05-21,"04","23  day ahead inc hosp",2022-06-13,"quantile",0.99,365.015417918424
2022-05-21,"04","24  day ahead inc hosp",2022-06-14,"quantile",0.01,0
2022-05-21,"04","24  day ahead inc hosp",2022-06-14,"quantile",0.025,0
2022-05-21,"04","24  day ahead inc hosp",2022-06-14,"quantile",0.05,0
2022-05-21,"04","24  day ahead inc hosp",2022-06-14,"quantile",0.1,0
2022-05-21,"04","24  day ahead inc hosp",2022-06-14,"quantile",0.15,2.80792657035948
2022-05-21,"04","24  day ahead inc hosp",2022-06-14,"quantile",0.2,24.3093851951235
2022-05-21,"04","24  day ahead inc hosp",2022-06-14,"quantile",0.25,42.7557221689926
2022-05-21,"04","24  day ahead inc hosp",2022-06-14,"quantile",0.3,59.3211028795384
2022-05-21,"04","24  day ahead inc hosp",2022-06-14,"quantile",0.35,74.6713968430961
2022-05-21,"04","24  day ahead inc hosp",2022-06-14,"quantile",0.4,89.2373247059929
2022-05-21,"04","24  day ahead inc hosp",2022-06-14,"quantile",0.45,103.330028483455
2022-05-21,"04","24  day ahead inc hosp",2022-06-14,"quantile",0.5,117.199297766805
2022-05-21,"04","24  day ahead inc hosp",2022-06-14,"quantile",0.55,131.068567050154
2022-05-21,"04","24  day ahead inc hosp",2022-06-14,"quantile",0.6,145.161270827617
2022-05-21,"04","24  day ahead inc hosp",2022-06-14,"quantile",0.65,159.727198690514
2022-05-21,"04","24  day ahead inc hosp",2022-06-14,"quantile",0.7,175.077492654071
2022-05-21,"04","24  day ahead inc hosp",2022-06-14,"quantile",0.75,191.642873364617
2022-05-21,"04","24  day ahead inc hosp",2022-06-14,"quantile",0.8,210.089210338486
2022-05-21,"04","24  day ahead inc hosp",2022-06-14,"quantile",0.85,231.59066896325
2022-05-21,"04","24  day ahead inc hosp",2022-06-14,"quantile",0.9,258.644413610862
2022-05-21,"04","24  day ahead inc hosp",2022-06-14,"quantile",0.95,298.742138543407
2022-05-21,"04","24  day ahead inc hosp",2022-06-14,"quantile",0.975,333.520934989135
2022-05-21,"04","24  day ahead inc hosp",2022-06-14,"quantile",0.99,373.958801936621
2022-05-21,"04","25  day ahead inc hosp",2022-06-15,"quantile",0.01,0
2022-05-21,"04","25  day ahead inc hosp",2022-06-15,"quantile",0.025,0
2022-05-21,"04","25  day ahead inc hosp",2022-06-15,"quantile",0.05,0
2022-05-21,"04","25  day ahead inc hosp",2022-06-15,"quantile",0.1,0
2022-05-21,"04","25  day ahead inc hosp",2022-06-15,"quantile",0.15,0.850725134341332
2022-05-21,"04","25  day ahead inc hosp",2022-06-15,"quantile",0.2,23.2454305868281
2022-05-21,"04","25  day ahead inc hosp",2022-06-15,"quantile",0.25,42.4580938026778
2022-05-21,"04","25  day ahead inc hosp",2022-06-15,"quantile",0.3,59.7116591628302
2022-05-21,"04","25  day ahead inc hosp",2022-06-15,"quantile",0.35,75.6996587642636
2022-05-21,"04","25  day ahead inc hosp",2022-06-15,"quantile",0.4,90.870706916134
2022-05-21,"04","25  day ahead inc hosp",2022-06-15,"quantile",0.45,105.548871576179
2022-05-21,"04","25  day ahead inc hosp",2022-06-15,"quantile",0.5,119.994319481006
2022-05-21,"04","25  day ahead inc hosp",2022-06-15,"quantile",0.55,134.439767385834
2022-05-21,"04","25  day ahead inc hosp",2022-06-15,"quantile",0.6,149.117932045878
2022-05-21,"04","25  day ahead inc hosp",2022-06-15,"quantile",0.65,164.288980197749
2022-05-21,"04","25  day ahead inc hosp",2022-06-15,"quantile",0.7,180.276979799182
2022-05-21,"04","25  day ahead inc hosp",2022-06-15,"quantile",0.75,197.530545159335
2022-05-21,"04","25  day ahead inc hosp",2022-06-15,"quantile",0.8,216.743208375184
2022-05-21,"04","25  day ahead inc hosp",2022-06-15,"quantile",0.85,239.137913827671
2022-05-21,"04","25  day ahead inc hosp",2022-06-15,"quantile",0.9,267.315566950807
2022-05-21,"04","25  day ahead inc hosp",2022-06-15,"quantile",0.95,309.079093549182
2022-05-21,"04","25  day ahead inc hosp",2022-06-15,"quantile",0.975,345.302724512387
2022-05-21,"04","25  day ahead inc hosp",2022-06-15,"quantile",0.99,387.420523831024
2022-05-21,"04","26  day ahead inc hosp",2022-06-16,"quantile",0.01,0
2022-05-21,"04","26  day ahead inc hosp",2022-06-16,"quantile",0.025,0
2022-05-21,"04","26  day ahead inc hosp",2022-06-16,"quantile",0.05,0
2022-05-21,"04","26  day ahead inc hosp",2022-06-16,"quantile",0.1,0
2022-05-21,"04","26  day ahead inc hosp",2022-06-16,"quantile",0.15,0
2022-05-21,"04","26  day ahead inc hosp",2022-06-16,"quantile",0.2,17.8308253016957
2022-05-21,"04","26  day ahead inc hosp",2022-06-16,"quantile",0.25,37.8104823317988
2022-05-21,"04","26  day ahead inc hosp",2022-06-16,"quantile",0.3,55.7528318420913
2022-05-21,"04","26  day ahead inc hosp",2022-06-16,"quantile",0.35,72.3790926079878
2022-05-21,"04","26  day ahead inc hosp",2022-06-16,"quantile",0.4,88.1557881892384
2022-05-21,"04","26  day ahead inc hosp",2022-06-16,"quantile",0.45,103.419923746309
2022-05-21,"04","26  day ahead inc hosp",2022-06-16,"quantile",0.5,118.442052200972
2022-05-21,"04","26  day ahead inc hosp",2022-06-16,"quantile",0.55,133.464180655636
2022-05-21,"04","26  day ahead inc hosp",2022-06-16,"quantile",0.6,148.728316212706
2022-05-21,"04","26  day ahead inc hosp",2022-06-16,"quantile",0.65,164.505011793957
2022-05-21,"04","26  day ahead inc hosp",2022-06-16,"quantile",0.7,181.131272559853
2022-05-21,"04","26  day ahead inc hosp",2022-06-16,"quantile",0.75,199.073622070146
2022-05-21,"04","26  day ahead inc hosp",2022-06-16,"quantile",0.8,219.053279100249
2022-05-21,"04","26  day ahead inc hosp",2022-06-16,"quantile",0.85,242.342009517474
2022-05-21,"04","26  day ahead inc hosp",2022-06-16,"quantile",0.9,271.644550190182
2022-05-21,"04","26  day ahead inc hosp",2022-06-16,"quantile",0.95,315.075329589612
2022-05-21,"04","26  day ahead inc hosp",2022-06-16,"quantile",0.975,352.745053713689
2022-05-21,"04","26  day ahead inc hosp",2022-06-16,"quantile",0.99,396.544248848432
2022-05-21,"04","27  day ahead inc hosp",2022-06-17,"quantile",0.01,0
2022-05-21,"04","27  day ahead inc hosp",2022-06-17,"quantile",0.025,0
2022-05-21,"04","27  day ahead inc hosp",2022-06-17,"quantile",0.05,0
2022-05-21,"04","27  day ahead inc hosp",2022-06-17,"quantile",0.1,0
2022-05-21,"04","27  day ahead inc hosp",2022-06-17,"quantile",0.15,0
2022-05-21,"04","27  day ahead inc hosp",2022-06-17,"quantile",0.2,12.2502787572462
2022-05-21,"04","27  day ahead inc hosp",2022-06-17,"quantile",0.25,32.9963991205722
2022-05-21,"04","27  day ahead inc hosp",2022-06-17,"quantile",0.3,51.6270563926439
2022-05-21,"04","27  day ahead inc hosp",2022-06-17,"quantile",0.35,68.8911368781913
2022-05-21,"04","27  day ahead inc hosp",2022-06-17,"quantile",0.4,85.2730610008642
2022-05-21,"04","27  day ahead inc hosp",2022-06-17,"quantile",0.45,101.122762176014
2022-05-21,"04","27  day ahead inc hosp",2022-06-17,"quantile",0.5,116.72117232711
2022-05-21,"04","27  day ahead inc hosp",2022-06-17,"quantile",0.55,132.319582478207
2022-05-21,"04","27  day ahead inc hosp",2022-06-17,"quantile",0.6,148.169283653356
2022-05-21,"04","27  day ahead inc hosp",2022-06-17,"quantile",0.65,164.551207776029
2022-05-21,"04","27  day ahead inc hosp",2022-06-17,"quantile",0.7,181.815288261576
2022-05-21,"04","27  day ahead inc hosp",2022-06-17,"quantile",0.75,200.445945533648
2022-05-21,"04","27  day ahead inc hosp",2022-06-17,"quantile",0.8,221.192065896974
2022-05-21,"04","27  day ahead inc hosp",2022-06-17,"quantile",0.85,245.374202938509
2022-05-21,"04","27  day ahead inc hosp",2022-06-17,"quantile",0.9,275.800853147334
2022-05-21,"04","27  day ahead inc hosp",2022-06-17,"quantile",0.95,320.897732214682
2022-05-21,"04","27  day ahead inc hosp",2022-06-17,"quantile",0.975,360.012549328604
2022-05-21,"04","27  day ahead inc hosp",2022-06-17,"quantile",0.99,405.491977364486
2022-05-21,"04","28  day ahead inc hosp",2022-06-18,"quantile",0.01,0
2022-05-21,"04","28  day ahead inc hosp",2022-06-18,"quantile",0.025,0
2022-05-21,"04","28  day ahead inc hosp",2022-06-18,"quantile",0.05,0
2022-05-21,"04","28  day ahead inc hosp",2022-06-18,"quantile",0.1,0
2022-05-21,"04","28  day ahead inc hosp",2022-06-18,"quantile",0.15,0
2022-05-21,"04","28  day ahead inc hosp",2022-06-18,"quantile",0.2,9.95555343537448
2022-05-21,"04","28  day ahead inc hosp",2022-06-18,"quantile",0.25,31.466583431717
2022-05-21,"04","28  day ahead inc hosp",2022-06-18,"quantile",0.3,50.7841531947635
2022-05-21,"04","28  day ahead inc hosp",2022-06-18,"quantile",0.35,68.6847604736245
2022-05-21,"04","28  day ahead inc hosp",2022-06-18,"quantile",0.4,85.6706862770613
2022-05-21,"04","28  day ahead inc hosp",2022-06-18,"quantile",0.45,102.104766068404
2022-05-21,"04","28  day ahead inc hosp",2022-06-18,"quantile",0.5,118.278289733515
2022-05-21,"04","28  day ahead inc hosp",2022-06-18,"quantile",0.55,134.451813398626
2022-05-21,"04","28  day ahead inc hosp",2022-06-18,"quantile",0.6,150.885893189969
2022-05-21,"04","28  day ahead inc hosp",2022-06-18,"quantile",0.65,167.871818993406
2022-05-21,"04","28  day ahead inc hosp",2022-06-18,"quantile",0.7,185.772426272267
2022-05-21,"04","28  day ahead inc hosp",2022-06-18,"quantile",0.75,205.089996035313
2022-05-21,"04","28  day ahead inc hosp",2022-06-18,"quantile",0.8,226.601026031656
2022-05-21,"04","28  day ahead inc hosp",2022-06-18,"quantile",0.85,251.674758670152
2022-05-21,"04","28  day ahead inc hosp",2022-06-18,"quantile",0.9,283.22323972916
2022-05-21,"04","28  day ahead inc hosp",2022-06-18,"quantile",0.95,329.982841108606
2022-05-21,"04","28  day ahead inc hosp",2022-06-18,"quantile",0.975,370.53982185988
2022-05-21,"04","28  day ahead inc hosp",2022-06-18,"quantile",0.99,417.696076791562
2022-05-21,"04","29  day ahead inc hosp",2022-06-19,"quantile",0.01,0
2022-05-21,"04","29  day ahead inc hosp",2022-06-19,"quantile",0.025,0
2022-05-21,"04","29  day ahead inc hosp",2022-06-19,"quantile",0.05,0
2022-05-21,"04","29  day ahead inc hosp",2022-06-19,"quantile",0.1,0
2022-05-21,"04","29  day ahead inc hosp",2022-06-19,"quantile",0.15,0
2022-05-21,"04","29  day ahead inc hosp",2022-06-19,"quantile",0.2,14.8586862118189
2022-05-21,"04","29  day ahead inc hosp",2022-06-19,"quantile",0.25,37.1321992836614
2022-05-21,"04","29  day ahead inc hosp",2022-06-19,"quantile",0.3,57.1345024140371
2022-05-21,"04","29  day ahead inc hosp",2022-06-19,"quantile",0.35,75.6696172033997
2022-05-21,"04","29  day ahead inc hosp",2022-06-19,"quantile",0.4,93.2576285856777
2022-05-21,"04","29  day ahead inc hosp",2022-06-19,"quantile",0.45,110.274233142429
2022-05-21,"04","29  day ahead inc hosp",2022-06-19,"quantile",0.5,127.021045862873
2022-05-21,"04","29  day ahead inc hosp",2022-06-19,"quantile",0.55,143.767858583317
2022-05-21,"04","29  day ahead inc hosp",2022-06-19,"quantile",0.6,160.784463140069
2022-05-21,"04","29  day ahead inc hosp",2022-06-19,"quantile",0.65,178.372474522347
2022-05-21,"04","29  day ahead inc hosp",2022-06-19,"quantile",0.7,196.907589311709
2022-05-21,"04","29  day ahead inc hosp",2022-06-19,"quantile",0.75,216.909892442085
2022-05-21,"04","29  day ahead inc hosp",2022-06-19,"quantile",0.8,239.183405513927
2022-05-21,"04","29  day ahead inc hosp",2022-06-19,"quantile",0.85,265.145905300242
2022-05-21,"04","29  day ahead inc hosp",2022-06-19,"quantile",0.9,297.81265837455
2022-05-21,"04","29  day ahead inc hosp",2022-06-19,"quantile",0.95,346.229707336703
2022-05-21,"04","29  day ahead inc hosp",2022-06-19,"quantile",0.975,388.224276684223
2022-05-21,"04","29  day ahead inc hosp",2022-06-19,"quantile",0.99,437.052039037701
2022-05-21,"04","30  day ahead inc hosp",2022-06-20,"quantile",0.01,0
2022-05-21,"04","30  day ahead inc hosp",2022-06-20,"quantile",0.025,0
2022-05-21,"04","30  day ahead inc hosp",2022-06-20,"quantile",0.05,0
2022-05-21,"04","30  day ahead inc hosp",2022-06-20,"quantile",0.1,0
2022-05-21,"04","30  day ahead inc hosp",2022-06-20,"quantile",0.15,0
2022-05-21,"04","30  day ahead inc hosp",2022-06-20,"quantile",0.2,12.0848392985888
2022-05-21,"04","30  day ahead inc hosp",2022-06-20,"quantile",0.25,35.1176655342882
2022-05-21,"04","30  day ahead inc hosp",2022-06-20,"quantile",0.3,55.8018553533674
2022-05-21,"04","30  day ahead inc hosp",2022-06-20,"quantile",0.35,74.968839781245
2022-05-21,"04","30  day ahead inc hosp",2022-06-20,"quantile",0.4,93.156433659807
2022-05-21,"04","30  day ahead inc hosp",2022-06-20,"quantile",0.45,110.753141220625
2022-05-21,"04","30  day ahead inc hosp",2022-06-20,"quantile",0.5,128.070859631171
2022-05-21,"04","30  day ahead inc hosp",2022-06-20,"quantile",0.55,145.388578041717
2022-05-21,"04","30  day ahead inc hosp",2022-06-20,"quantile",0.6,162.985285602535
2022-05-21,"04","30  day ahead inc hosp",2022-06-20,"quantile",0.65,181.172879481097
2022-05-21,"04","30  day ahead inc hosp",2022-06-20,"quantile",0.7,200.339863908975
2022-05-21,"04","30  day ahead inc hosp",2022-06-20,"quantile",0.75,221.024053728054
2022-05-21,"04","30  day ahead inc hosp",2022-06-20,"quantile",0.8,244.056879963754
2022-05-21,"04","30  day ahead inc hosp",2022-06-20,"quantile",0.85,270.904451978719
2022-05-21,"04","30  day ahead inc hosp",2022-06-20,"quantile",0.9,304.684828016311
2022-05-21,"04","30  day ahead inc hosp",2022-06-20,"quantile",0.95,354.752433965746
2022-05-21,"04","30  day ahead inc hosp",2022-06-20,"quantile",0.975,398.178615345603
2022-05-21,"04","30  day ahead inc hosp",2022-06-20,"quantile",0.99,448.670936073734
2022-05-21,"04","31  day ahead inc hosp",2022-06-21,"quantile",0.01,0
2022-05-21,"04","31  day ahead inc hosp",2022-06-21,"quantile",0.025,0
2022-05-21,"04","31  day ahead inc hosp",2022-06-21,"quantile",0.05,0
2022-05-21,"04","31  day ahead inc hosp",2022-06-21,"quantile",0.1,0
2022-05-21,"04","31  day ahead inc hosp",2022-06-21,"quantile",0.15,0
2022-05-21,"04","31  day ahead inc hosp",2022-06-21,"quantile",0.2,10.61692400339
2022-05-21,"04","31  day ahead inc hosp",2022-06-21,"quantile",0.25,34.4052618600311
2022-05-21,"04","31  day ahead inc hosp",2022-06-21,"quantile",0.3,55.7679244647841
2022-05-21,"04","31  day ahead inc hosp",2022-06-21,"quantile",0.35,75.5636150412464
2022-05-21,"04","31  day ahead inc hosp",2022-06-21,"quantile",0.4,94.347789573507
2022-05-21,"04","31  day ahead inc hosp",2022-06-21,"quantile",0.45,112.52169582095
2022-05-21,"04","31  day ahead inc hosp",2022-06-21,"quantile",0.5,130.407461651013
2022-05-21,"04","31  day ahead inc hosp",2022-06-21,"quantile",0.55,148.293227481076
2022-05-21,"04","31  day ahead inc hosp",2022-06-21,"quantile",0.6,166.467133728519
2022-05-21,"04","31  day ahead inc hosp",2022-06-21,"quantile",0.65,185.251308260779
2022-05-21,"04","31  day ahead inc hosp",2022-06-21,"quantile",0.7,205.046998837242
2022-05-21,"04","31  day ahead inc hosp",2022-06-21,"quantile",0.75,226.409661441995
2022-05-21,"04","31  day ahead inc hosp",2022-06-21,"quantile",0.8,250.197999298636
2022-05-21,"04","31  day ahead inc hosp",2022-06-21,"quantile",0.85,277.926212379695
2022-05-21,"04","31  day ahead inc hosp",2022-06-21,"quantile",0.9,312.814635966251
2022-05-21,"04","31  day ahead inc hosp",2022-06-21,"quantile",0.95,364.52453529907
2022-05-21,"04","31  day ahead inc hosp",2022-06-21,"quantile",0.975,409.375161267267
2022-05-21,"04","31  day ahead inc hosp",2022-06-21,"quantile",0.99,461.52370666744
2022-05-21,"04","32  day ahead inc hosp",2022-06-22,"quantile",0.01,0
2022-05-21,"04","32  day ahead inc hosp",2022-06-22,"quantile",0.025,0
2022-05-21,"04","32  day ahead inc hosp",2022-06-22,"quantile",0.05,0
2022-05-21,"04","32  day ahead inc hosp",2022-06-22,"quantile",0.1,0
2022-05-21,"04","32  day ahead inc hosp",2022-06-22,"quantile",0.15,0
2022-05-21,"04","32  day ahead inc hosp",2022-06-22,"quantile",0.2,7.63596427093727
2022-05-21,"04","32  day ahead inc hosp",2022-06-22,"quantile",0.25,32.1754771253464
2022-05-21,"04","32  day ahead inc hosp",2022-06-22,"quantile",0.3,54.2127180941343
2022-05-21,"04","32  day ahead inc hosp",2022-06-22,"quantile",0.35,74.6335060571482
2022-05-21,"04","32  day ahead inc hosp",2022-06-22,"quantile",0.4,94.0108368808395
2022-05-21,"04","32  day ahead inc hosp",2022-06-22,"quantile",0.45,112.758628704783
2022-05-21,"04","32  day ahead inc hosp",2022-06-22,"quantile",0.5,131.209181372348
2022-05-21,"04","32  day ahead inc hosp",2022-06-22,"quantile",0.55,149.659734039913
2022-05-21,"04","32  day ahead inc hosp",2022-06-22,"quantile",0.6,168.407525863857
2022-05-21,"04","32  day ahead inc hosp",2022-06-22,"quantile",0.65,187.784856687548
2022-05-21,"04","32  day ahead inc hosp",2022-06-22,"quantile",0.7,208.205644650562
2022-05-21,"04","32  day ahead inc hosp",2022-06-22,"quantile",0.75,230.24288561935
2022-05-21,"04","32  day ahead inc hosp",2022-06-22,"quantile",0.8,254.782398473759
2022-05-21,"04","32  day ahead inc hosp",2022-06-22,"quantile",0.85,283.386197756965
2022-05-21,"04","32  day ahead inc hosp",2022-06-22,"quantile",0.9,319.376308719398
2022-05-21,"04","32  day ahead inc hosp",2022-06-22,"quantile",0.95,372.719074700993
2022-05-21,"04","32  day ahead inc hosp",2022-06-22,"quantile",0.975,418.985968971102
2022-05-21,"04","32  day ahead inc hosp",2022-06-22,"quantile",0.99,472.781232343361
2022-05-21,"04","33  day ahead inc hosp",2022-06-23,"quantile",0.01,0
2022-05-21,"04","33  day ahead inc hosp",2022-06-23,"quantile",0.025,0
2022-05-21,"04","33  day ahead inc hosp",2022-06-23,"quantile",0.05,0
2022-05-21,"04","33  day ahead inc hosp",2022-06-23,"quantile",0.1,0
2022-05-21,"04","33  day ahead inc hosp",2022-06-23,"quantile",0.15,0
2022-05-21,"04","33  day ahead inc hosp",2022-06-23,"quantile",0.2,3.99646468773857
2022-05-21,"04","33  day ahead inc hosp",2022-06-23,"quantile",0.25,29.2823644199672
2022-05-21,"04","33  day ahead inc hosp",2022-06-23,"quantile",0.3,51.9898838730934
2022-05-21,"04","33  day ahead inc hosp",2022-06-23,"quantile",0.35,73.0317847433095
2022-05-21,"04","33  day ahead inc hosp",2022-06-23,"quantile",0.4,92.9984909771721
2022-05-21,"04","33  day ahead inc hosp",2022-06-23,"quantile",0.45,112.316510331243
2022-05-21,"04","33  day ahead inc hosp",2022-06-23,"quantile",0.5,131.328249786878
2022-05-21,"04","33  day ahead inc hosp",2022-06-23,"quantile",0.55,150.339989242514
2022-05-21,"04","33  day ahead inc hosp",2022-06-23,"quantile",0.6,169.658008596585
2022-05-21,"04","33  day ahead inc hosp",2022-06-23,"quantile",0.65,189.624714830447
2022-05-21,"04","33  day ahead inc hosp",2022-06-23,"quantile",0.7,210.666615700663
2022-05-21,"04","33  day ahead inc hosp",2022-06-23,"quantile",0.75,233.374135153789
2022-05-21,"04","33  day ahead inc hosp",2022-06-23,"quantile",0.8,258.660034886018
2022-05-21,"04","33  day ahead inc hosp",2022-06-23,"quantile",0.85,288.13383923279
2022-05-21,"04","33  day ahead inc hosp",2022-06-23,"quantile",0.9,325.218615224354
2022-05-21,"04","33  day ahead inc hosp",2022-06-23,"quantile",0.95,380.183839679003
2022-05-21,"04","33  day ahead inc hosp",2022-06-23,"quantile",0.975,427.8579747108
2022-05-21,"04","33  day ahead inc hosp",2022-06-23,"quantile",0.99,483.289459588682
2022-05-21,"04","34  day ahead inc hosp",2022-06-24,"quantile",0.01,0
2022-05-21,"04","34  day ahead inc hosp",2022-06-24,"quantile",0.025,0
2022-05-21,"04","34  day ahead inc hosp",2022-06-24,"quantile",0.05,0
2022-05-21,"04","34  day ahead inc hosp",2022-06-24,"quantile",0.1,0
2022-05-21,"04","34  day ahead inc hosp",2022-06-24,"quantile",0.15,0
2022-05-21,"04","34  day ahead inc hosp",2022-06-24,"quantile",0.2,0
2022-05-21,"04","34  day ahead inc hosp",2022-06-24,"quantile",0.25,24.5976388966362
2022-05-21,"04","34  day ahead inc hosp",2022-06-24,"quantile",0.3,47.9707965829017
2022-05-21,"04","34  day ahead inc hosp",2022-06-24,"quantile",0.35,69.6295104760486
2022-05-21,"04","34  day ahead inc hosp",2022-06-24,"quantile",0.4,90.1815119503956
2022-05-21,"04","34  day ahead inc hosp",2022-06-24,"quantile",0.45,110.065811223202
2022-05-21,"04","34  day ahead inc hosp",2022-06-24,"quantile",0.5,129.634852443404
2022-05-21,"04","34  day ahead inc hosp",2022-06-24,"quantile",0.55,149.203893663605
2022-05-21,"04","34  day ahead inc hosp",2022-06-24,"quantile",0.6,169.088192936411
2022-05-21,"04","34  day ahead inc hosp",2022-06-24,"quantile",0.65,189.640194410758
2022-05-21,"04","34  day ahead inc hosp",2022-06-24,"quantile",0.7,211.298908303905
2022-05-21,"04","34  day ahead inc hosp",2022-06-24,"quantile",0.75,234.672065990171
2022-05-21,"04","34  day ahead inc hosp",2022-06-24,"quantile",0.8,260.699185460462
2022-05-21,"04","34  day ahead inc hosp",2022-06-24,"quantile",0.85,291.036971938342
2022-05-21,"04","34  day ahead inc hosp",2022-06-24,"quantile",0.9,329.208834734713
2022-05-21,"04","34  day ahead inc hosp",2022-06-24,"quantile",0.95,385.785285592388
2022-05-21,"04","34  day ahead inc hosp",2022-06-24,"quantile",0.975,434.856919240205
2022-05-21,"04","34  day ahead inc hosp",2022-06-24,"quantile",0.99,491.913298273989
2022-05-21,"04","35  day ahead inc hosp",2022-06-25,"quantile",0.01,0
2022-05-21,"04","35  day ahead inc hosp",2022-06-25,"quantile",0.025,0
2022-05-21,"04","35  day ahead inc hosp",2022-06-25,"quantile",0.05,0
2022-05-21,"04","35  day ahead inc hosp",2022-06-25,"quantile",0.1,0
2022-05-21,"04","35  day ahead inc hosp",2022-06-25,"quantile",0.15,0
2022-05-21,"04","35  day ahead inc hosp",2022-06-25,"quantile",0.2,0
2022-05-21,"04","35  day ahead inc hosp",2022-06-25,"quantile",0.25,23.4470686401178
2022-05-21,"04","35  day ahead inc hosp",2022-06-25,"quantile",0.3,47.4809404608178
2022-05-21,"04","35  day ahead inc hosp",2022-06-25,"quantile",0.35,69.7519044656083
2022-05-21,"04","35  day ahead inc hosp",2022-06-25,"quantile",0.4,90.8848714238359
2022-05-21,"04","35  day ahead inc hosp",2022-06-25,"quantile",0.45,111.331261525755
2022-05-21,"04","35  day ahead inc hosp",2022-06-25,"quantile",0.5,131.453481837335
2022-05-21,"04","35  day ahead inc hosp",2022-06-25,"quantile",0.55,151.575702148915
2022-05-21,"04","35  day ahead inc hosp",2022-06-25,"quantile",0.6,172.022092250834
2022-05-21,"04","35  day ahead inc hosp",2022-06-25,"quantile",0.65,193.155059209062
2022-05-21,"04","35  day ahead inc hosp",2022-06-25,"quantile",0.7,215.426023213852
2022-05-21,"04","35  day ahead inc hosp",2022-06-25,"quantile",0.75,239.459895034552
2022-05-21,"04","35  day ahead inc hosp",2022-06-25,"quantile",0.8,266.222751025491
2022-05-21,"04","35  day ahead inc hosp",2022-06-25,"quantile",0.85,297.418128274907
2022-05-21,"04","35  day ahead inc hosp",2022-06-25,"quantile",0.9,336.669036086324
2022-05-21,"04","35  day ahead inc hosp",2022-06-25,"quantile",0.95,394.844794203188
2022-05-21,"04","35  day ahead inc hosp",2022-06-25,"quantile",0.975,445.303588387297
2022-05-21,"04","35  day ahead inc hosp",2022-06-25,"quantile",0.99,503.972841325124
2022-05-21,"04","36  day ahead inc hosp",2022-06-26,"quantile",0.01,0
2022-05-21,"04","36  day ahead inc hosp",2022-06-26,"quantile",0.025,0
2022-05-21,"04","36  day ahead inc hosp",2022-06-26,"quantile",0.05,0
2022-05-21,"04","36  day ahead inc hosp",2022-06-26,"quantile",0.1,0
2022-05-21,"04","36  day ahead inc hosp",2022-06-26,"quantile",0.15,0
2022-05-21,"04","36  day ahead inc hosp",2022-06-26,"quantile",0.2,1.83599327309517
2022-05-21,"04","36  day ahead inc hosp",2022-06-26,"quantile",0.25,29.3288412259297
2022-05-21,"04","36  day ahead inc hosp",2022-06-26,"quantile",0.3,54.0182683897621
2022-05-21,"04","36  day ahead inc hosp",2022-06-26,"quantile",0.35,76.8967021172409
2022-05-21,"04","36  day ahead inc hosp",2022-06-26,"quantile",0.4,98.6060984377061
2022-05-21,"04","36  day ahead inc hosp",2022-06-26,"quantile",0.45,119.610190618553
2022-05-21,"04","36  day ahead inc hosp",2022-06-26,"quantile",0.5,140.281270853301
2022-05-21,"04","36  day ahead inc hosp",2022-06-26,"quantile",0.55,160.952351088049
2022-05-21,"04","36  day ahead inc hosp",2022-06-26,"quantile",0.6,181.956443268896
2022-05-21,"04","36  day ahead inc hosp",2022-06-26,"quantile",0.65,203.665839589361
2022-05-21,"04","36  day ahead inc hosp",2022-06-26,"quantile",0.7,226.54427331684
2022-05-21,"04","36  day ahead inc hosp",2022-06-26,"quantile",0.75,251.233700480672
2022-05-21,"04","36  day ahead inc hosp",2022-06-26,"quantile",0.8,278.726548433507
2022-05-21,"04","36  day ahead inc hosp",2022-06-26,"quantile",0.85,310.77282046964
2022-05-21,"04","36  day ahead inc hosp",2022-06-26,"quantile",0.9,351.094348218225
2022-05-21,"04","36  day ahead inc hosp",2022-06-26,"quantile",0.95,410.856926359711
2022-05-21,"04","36  day ahead inc hosp",2022-06-26,"quantile",0.975,462.692050266396
2022-05-21,"04","36  day ahead inc hosp",2022-06-26,"quantile",0.99,522.961583946664
2022-05-21,"04","37  day ahead inc hosp",2022-06-27,"quantile",0.01,0
2022-05-21,"04","37  day ahead inc hosp",2022-06-27,"quantile",0.025,0
2022-05-21,"04","37  day ahead inc hosp",2022-06-27,"quantile",0.05,0
2022-05-21,"04","37  day ahead inc hosp",2022-06-27,"quantile",0.1,0
2022-05-21,"04","37  day ahead inc hosp",2022-06-27,"quantile",0.15,0
2022-05-21,"04","37  day ahead inc hosp",2022-06-27,"quantile",0.2,0
2022-05-21,"04","37  day ahead inc hosp",2022-06-27,"quantile",0.25,25.8285609003832
2022-05-21,"04","37  day ahead inc hosp",2022-06-27,"quantile",0.3,51.1681927203034
2022-05-21,"04","37  day ahead inc hosp",2022-06-27,"quantile",0.35,74.649137961512
2022-05-21,"04","37  day ahead inc hosp",2022-06-27,"quantile",0.4,96.9302587887775
2022-05-21,"04","37  day ahead inc hosp",2022-06-27,"quantile",0.45,118.487501046467
2022-05-21,"04","37  day ahead inc hosp",2022-06-27,"quantile",0.5,139.702961372572
2022-05-21,"04","37  day ahead inc hosp",2022-06-27,"quantile",0.55,160.918421698677
2022-05-21,"04","37  day ahead inc hosp",2022-06-27,"quantile",0.6,182.475663956367
2022-05-21,"04","37  day ahead inc hosp",2022-06-27,"quantile",0.65,204.756784783633
2022-05-21,"04","37  day ahead inc hosp",2022-06-27,"quantile",0.7,228.237730024841
2022-05-21,"04","37  day ahead inc hosp",2022-06-27,"quantile",0.75,253.577361844761
2022-05-21,"04","37  day ahead inc hosp",2022-06-27,"quantile",0.8,281.794243515731
2022-05-21,"04","37  day ahead inc hosp",2022-06-27,"quantile",0.85,314.684465277789
2022-05-21,"04","37  day ahead inc hosp",2022-06-27,"quantile",0.9,356.06787449121
2022-05-21,"04","37  day ahead inc hosp",2022-06-27,"quantile",0.95,417.404320924964
2022-05-21,"04","37  day ahead inc hosp",2022-06-27,"quantile",0.975,470.604540857951
2022-05-21,"04","37  day ahead inc hosp",2022-06-27,"quantile",0.99,532.461293681017
2022-05-21,"05","1  day ahead inc hosp",2022-05-22,"quantile",0.01,0
2022-05-21,"05","1  day ahead inc hosp",2022-05-22,"quantile",0.025,0
2022-05-21,"05","1  day ahead inc hosp",2022-05-22,"quantile",0.05,0
2022-05-21,"05","1  day ahead inc hosp",2022-05-22,"quantile",0.1,0
2022-05-21,"05","1  day ahead inc hosp",2022-05-22,"quantile",0.15,3.50059329289489
2022-05-21,"05","1  day ahead inc hosp",2022-05-22,"quantile",0.2,6.54410762031946
2022-05-21,"05","1  day ahead inc hosp",2022-05-22,"quantile",0.25,9.15517191359546
2022-05-21,"05","1  day ahead inc hosp",2022-05-22,"quantile",0.3,11.4999883472918
2022-05-21,"05","1  day ahead inc hosp",2022-05-22,"quantile",0.35,13.6728102206162
2022-05-21,"05","1  day ahead inc hosp",2022-05-22,"quantile",0.4,15.7346056976868
2022-05-21,"05","1  day ahead inc hosp",2022-05-22,"quantile",0.45,17.7294166827173
2022-05-21,"05","1  day ahead inc hosp",2022-05-22,"quantile",0.5,19.6926006932275
2022-05-21,"05","1  day ahead inc hosp",2022-05-22,"quantile",0.55,21.6557847037377
2022-05-21,"05","1  day ahead inc hosp",2022-05-22,"quantile",0.6,23.6505956887682
2022-05-21,"05","1  day ahead inc hosp",2022-05-22,"quantile",0.65,25.7123911658388
2022-05-21,"05","1  day ahead inc hosp",2022-05-22,"quantile",0.7,27.8852130391632
2022-05-21,"05","1  day ahead inc hosp",2022-05-22,"quantile",0.75,30.2300294728596
2022-05-21,"05","1  day ahead inc hosp",2022-05-22,"quantile",0.8,32.8410937661356
2022-05-21,"05","1  day ahead inc hosp",2022-05-22,"quantile",0.85,35.8846080935601
2022-05-21,"05","1  day ahead inc hosp",2022-05-22,"quantile",0.9,39.7140440812499
2022-05-21,"05","1  day ahead inc hosp",2022-05-22,"quantile",0.95,45.3898450796424
2022-05-21,"05","1  day ahead inc hosp",2022-05-22,"quantile",0.975,50.3127559909628
2022-05-21,"05","1  day ahead inc hosp",2022-05-22,"quantile",0.99,56.0367038204098
2022-05-21,"05","2  day ahead inc hosp",2022-05-23,"quantile",0.01,0
2022-05-21,"05","2  day ahead inc hosp",2022-05-23,"quantile",0.025,0
2022-05-21,"05","2  day ahead inc hosp",2022-05-23,"quantile",0.05,0
2022-05-21,"05","2  day ahead inc hosp",2022-05-23,"quantile",0.1,0
2022-05-21,"05","2  day ahead inc hosp",2022-05-23,"quantile",0.15,3.56295381923714
2022-05-21,"05","2  day ahead inc hosp",2022-05-23,"quantile",0.2,7.03597759996446
2022-05-21,"05","2  day ahead inc hosp",2022-05-23,"quantile",0.25,10.0155227599273
2022-05-21,"05","2  day ahead inc hosp",2022-05-23,"quantile",0.3,12.6912464002884
2022-05-21,"05","2  day ahead inc hosp",2022-05-23,"quantile",0.35,15.1707031156198
2022-05-21,"05","2  day ahead inc hosp",2022-05-23,"quantile",0.4,17.5234650718685
2022-05-21,"05","2  day ahead inc hosp",2022-05-23,"quantile",0.45,19.7997894928313
2022-05-21,"05","2  day ahead inc hosp",2022-05-23,"quantile",0.5,22.0400236501041
2022-05-21,"05","2  day ahead inc hosp",2022-05-23,"quantile",0.55,24.2802578073769
2022-05-21,"05","2  day ahead inc hosp",2022-05-23,"quantile",0.6,26.5565822283398
2022-05-21,"05","2  day ahead inc hosp",2022-05-23,"quantile",0.65,28.9093441845884
2022-05-21,"05","2  day ahead inc hosp",2022-05-23,"quantile",0.7,31.3888008999198
2022-05-21,"05","2  day ahead inc hosp",2022-05-23,"quantile",0.75,34.0645245402809
2022-05-21,"05","2  day ahead inc hosp",2022-05-23,"quantile",0.8,37.0440697002438
2022-05-21,"05","2  day ahead inc hosp",2022-05-23,"quantile",0.85,40.5170934809711
2022-05-21,"05","2  day ahead inc hosp",2022-05-23,"quantile",0.9,44.8869504361949
2022-05-21,"05","2  day ahead inc hosp",2022-05-23,"quantile",0.95,51.3637367172614
2022-05-21,"05","2  day ahead inc hosp",2022-05-23,"quantile",0.975,56.9813829071795
2022-05-21,"05","2  day ahead inc hosp",2022-05-23,"quantile",0.99,63.5131106379091
2022-05-21,"05","3  day ahead inc hosp",2022-05-24,"quantile",0.01,0
2022-05-21,"05","3  day ahead inc hosp",2022-05-24,"quantile",0.025,0
2022-05-21,"05","3  day ahead inc hosp",2022-05-24,"quantile",0.05,0
2022-05-21,"05","3  day ahead inc hosp",2022-05-24,"quantile",0.1,1.46972609748186
2022-05-21,"05","3  day ahead inc hosp",2022-05-24,"quantile",0.15,6.02467322521908
2022-05-21,"05","3  day ahead inc hosp",2022-05-24,"quantile",0.2,9.6448008075822
2022-05-21,"05","3  day ahead inc hosp",2022-05-24,"quantile",0.25,12.7505479309777
2022-05-21,"05","3  day ahead inc hosp",2022-05-24,"quantile",0.3,15.539604834937
2022-05-21,"05","3  day ahead inc hosp",2022-05-24,"quantile",0.35,18.1240817090248
2022-05-21,"05","3  day ahead inc hosp",2022-05-24,"quantile",0.4,20.5764975259895
2022-05-21,"05","3  day ahead inc hosp",2022-05-24,"quantile",0.45,22.9492382104799
2022-05-21,"05","3  day ahead inc hosp",2022-05-24,"quantile",0.5,25.2843599878485
2022-05-21,"05","3  day ahead inc hosp",2022-05-24,"quantile",0.55,27.619481765217
2022-05-21,"05","3  day ahead inc hosp",2022-05-24,"quantile",0.6,29.9922224497074
2022-05-21,"05","3  day ahead inc hosp",2022-05-24,"quantile",0.65,32.4446382666722
2022-05-21,"05","3  day ahead inc hosp",2022-05-24,"quantile",0.7,35.02911514076
2022-05-21,"05","3  day ahead inc hosp",2022-05-24,"quantile",0.75,37.8181720447192
2022-05-21,"05","3  day ahead inc hosp",2022-05-24,"quantile",0.8,40.9239191681148
2022-05-21,"05","3  day ahead inc hosp",2022-05-24,"quantile",0.85,44.5440467504779
2022-05-21,"05","3  day ahead inc hosp",2022-05-24,"quantile",0.9,49.0989938782151
2022-05-21,"05","3  day ahead inc hosp",2022-05-24,"quantile",0.95,55.8501116768527
2022-05-21,"05","3  day ahead inc hosp",2022-05-24,"quantile",0.975,61.7056995461131
2022-05-21,"05","3  day ahead inc hosp",2022-05-24,"quantile",0.99,68.5140859008845
2022-05-21,"05","4  day ahead inc hosp",2022-05-25,"quantile",0.01,0
2022-05-21,"05","4  day ahead inc hosp",2022-05-25,"quantile",0.025,0
2022-05-21,"05","4  day ahead inc hosp",2022-05-25,"quantile",0.05,0.406225981296927
2022-05-21,"05","4  day ahead inc hosp",2022-05-25,"quantile",0.1,7.37504828397527
2022-05-21,"05","4  day ahead inc hosp",2022-05-25,"quantile",0.15,12.0768796070343
2022-05-21,"05","4  day ahead inc hosp",2022-05-25,"quantile",0.2,15.8137460915154
2022-05-21,"05","4  day ahead inc hosp",2022-05-25,"quantile",0.25,19.0196447982993
2022-05-21,"05","4  day ahead inc hosp",2022-05-25,"quantile",0.3,21.8986409194561
2022-05-21,"05","4  day ahead inc hosp",2022-05-25,"quantile",0.35,24.5664598819001
2022-05-21,"05","4  day ahead inc hosp",2022-05-25,"quantile",0.4,27.0979591906744
2022-05-21,"05","4  day ahead inc hosp",2022-05-25,"quantile",0.45,29.5472140687164
2022-05-21,"05","4  day ahead inc hosp",2022-05-25,"quantile",0.5,31.9576369360051
2022-05-21,"05","4  day ahead inc hosp",2022-05-25,"quantile",0.55,34.3680598032937
2022-05-21,"05","4  day ahead inc hosp",2022-05-25,"quantile",0.6,36.8173146813357
2022-05-21,"05","4  day ahead inc hosp",2022-05-25,"quantile",0.65,39.34881399011
2022-05-21,"05","4  day ahead inc hosp",2022-05-25,"quantile",0.7,42.0166329525541
2022-05-21,"05","4  day ahead inc hosp",2022-05-25,"quantile",0.75,44.8956290737109
2022-05-21,"05","4  day ahead inc hosp",2022-05-25,"quantile",0.8,48.1015277804947
2022-05-21,"05","4  day ahead inc hosp",2022-05-25,"quantile",0.85,51.8383942649758
2022-05-21,"05","4  day ahead inc hosp",2022-05-25,"quantile",0.9,56.5402255880348
2022-05-21,"05","4  day ahead inc hosp",2022-05-25,"quantile",0.95,63.5090478907132
2022-05-21,"05","4  day ahead inc hosp",2022-05-25,"quantile",0.975,69.55346195009
2022-05-21,"05","4  day ahead inc hosp",2022-05-25,"quantile",0.99,76.5813995582823
2022-05-21,"05","5  day ahead inc hosp",2022-05-26,"quantile",0.01,0
2022-05-21,"05","5  day ahead inc hosp",2022-05-26,"quantile",0.025,0
2022-05-21,"05","5  day ahead inc hosp",2022-05-26,"quantile",0.05,0
2022-05-21,"05","5  day ahead inc hosp",2022-05-26,"quantile",0.1,6.07525686569295
2022-05-21,"05","5  day ahead inc hosp",2022-05-26,"quantile",0.15,10.9417045963717
2022-05-21,"05","5  day ahead inc hosp",2022-05-26,"quantile",0.2,14.8094029831827
2022-05-21,"05","5  day ahead inc hosp",2022-05-26,"quantile",0.25,18.1275438126721
2022-05-21,"05","5  day ahead inc hosp",2022-05-26,"quantile",0.3,21.1073368290071
2022-05-21,"05","5  day ahead inc hosp",2022-05-26,"quantile",0.35,23.8685591365741
2022-05-21,"05","5  day ahead inc hosp",2022-05-26,"quantile",0.4,26.488689085937
2022-05-21,"05","5  day ahead inc hosp",2022-05-26,"quantile",0.45,29.0236951344625
2022-05-21,"05","5  day ahead inc hosp",2022-05-26,"quantile",0.5,31.5185096198238
2022-05-21,"05","5  day ahead inc hosp",2022-05-26,"quantile",0.55,34.0133241051852
2022-05-21,"05","5  day ahead inc hosp",2022-05-26,"quantile",0.6,36.5483301537107
2022-05-21,"05","5  day ahead inc hosp",2022-05-26,"quantile",0.65,39.1684601030736
2022-05-21,"05","5  day ahead inc hosp",2022-05-26,"quantile",0.7,41.9296824106406
2022-05-21,"05","5  day ahead inc hosp",2022-05-26,"quantile",0.75,44.9094754269756
2022-05-21,"05","5  day ahead inc hosp",2022-05-26,"quantile",0.8,48.227616256465
2022-05-21,"05","5  day ahead inc hosp",2022-05-26,"quantile",0.85,52.095314643276
2022-05-21,"05","5  day ahead inc hosp",2022-05-26,"quantile",0.9,56.9617623739547
2022-05-21,"05","5  day ahead inc hosp",2022-05-26,"quantile",0.95,64.1745709904724
2022-05-21,"05","5  day ahead inc hosp",2022-05-26,"quantile",0.975,70.4306067904551
2022-05-21,"05","5  day ahead inc hosp",2022-05-26,"quantile",0.99,77.7046004058807
2022-05-21,"05","6  day ahead inc hosp",2022-05-27,"quantile",0.01,0
2022-05-21,"05","6  day ahead inc hosp",2022-05-27,"quantile",0.025,0
2022-05-21,"05","6  day ahead inc hosp",2022-05-27,"quantile",0.05,0
2022-05-21,"05","6  day ahead inc hosp",2022-05-27,"quantile",0.1,1.34153823463729
2022-05-21,"05","6  day ahead inc hosp",2022-05-27,"quantile",0.15,6.67141723737124
2022-05-21,"05","6  day ahead inc hosp",2022-05-27,"quantile",0.2,10.9074361081414
2022-05-21,"05","6  day ahead inc hosp",2022-05-27,"quantile",0.25,14.54156311699
2022-05-21,"05","6  day ahead inc hosp",2022-05-27,"quantile",0.3,17.805121488353
2022-05-21,"05","6  day ahead inc hosp",2022-05-27,"quantile",0.35,20.8292946868452
2022-05-21,"05","6  day ahead inc hosp",2022-05-27,"quantile",0.4,23.6989393176724
2022-05-21,"05","6  day ahead inc hosp",2022-05-27,"quantile",0.45,26.4753537081245
2022-05-21,"05","6  day ahead inc hosp",2022-05-27,"quantile",0.5,29.2077490973563
2022-05-21,"05","6  day ahead inc hosp",2022-05-27,"quantile",0.55,31.940144486588
2022-05-21,"05","6  day ahead inc hosp",2022-05-27,"quantile",0.6,34.7165588770401
2022-05-21,"05","6  day ahead inc hosp",2022-05-27,"quantile",0.65,37.5862035078673
2022-05-21,"05","6  day ahead inc hosp",2022-05-27,"quantile",0.7,40.6103767063595
2022-05-21,"05","6  day ahead inc hosp",2022-05-27,"quantile",0.75,43.8739350777225
2022-05-21,"05","6  day ahead inc hosp",2022-05-27,"quantile",0.8,47.5080620865711
2022-05-21,"05","6  day ahead inc hosp",2022-05-27,"quantile",0.85,51.7440809573413
2022-05-21,"05","6  day ahead inc hosp",2022-05-27,"quantile",0.9,57.0739599600752
2022-05-21,"05","6  day ahead inc hosp",2022-05-27,"quantile",0.95,64.9736435328718
2022-05-21,"05","6  day ahead inc hosp",2022-05-27,"quantile",0.975,71.8254409210313
2022-05-21,"05","6  day ahead inc hosp",2022-05-27,"quantile",0.99,79.7921361333253
2022-05-21,"05","7  day ahead inc hosp",2022-05-28,"quantile",0.01,0
2022-05-21,"05","7  day ahead inc hosp",2022-05-28,"quantile",0.025,0
2022-05-21,"05","7  day ahead inc hosp",2022-05-28,"quantile",0.05,0
2022-05-21,"05","7  day ahead inc hosp",2022-05-28,"quantile",0.1,0
2022-05-21,"05","7  day ahead inc hosp",2022-05-28,"quantile",0.15,5.40446048890742
2022-05-21,"05","7  day ahead inc hosp",2022-05-28,"quantile",0.2,9.98062015806133
2022-05-21,"05","7  day ahead inc hosp",2022-05-28,"quantile",0.25,13.9065576852122
2022-05-21,"05","7  day ahead inc hosp",2022-05-28,"quantile",0.3,17.4321709207939
2022-05-21,"05","7  day ahead inc hosp",2022-05-28,"quantile",0.35,20.6991770049665
2022-05-21,"05","7  day ahead inc hosp",2022-05-28,"quantile",0.4,23.7992462976248
2022-05-21,"05","7  day ahead inc hosp",2022-05-28,"quantile",0.45,26.7985992150813
2022-05-21,"05","7  day ahead inc hosp",2022-05-28,"quantile",0.5,29.7503985251989
2022-05-21,"05","7  day ahead inc hosp",2022-05-28,"quantile",0.55,32.7021978353164
2022-05-21,"05","7  day ahead inc hosp",2022-05-28,"quantile",0.6,35.701550752773
2022-05-21,"05","7  day ahead inc hosp",2022-05-28,"quantile",0.65,38.8016200454313
2022-05-21,"05","7  day ahead inc hosp",2022-05-28,"quantile",0.7,42.0686261296039
2022-05-21,"05","7  day ahead inc hosp",2022-05-28,"quantile",0.75,45.5942393651856
2022-05-21,"05","7  day ahead inc hosp",2022-05-28,"quantile",0.8,49.5201768923364
2022-05-21,"05","7  day ahead inc hosp",2022-05-28,"quantile",0.85,54.0963365614903
2022-05-21,"05","7  day ahead inc hosp",2022-05-28,"quantile",0.9,59.8541903572046
2022-05-21,"05","7  day ahead inc hosp",2022-05-28,"quantile",0.95,68.3881970431419
2022-05-21,"05","7  day ahead inc hosp",2022-05-28,"quantile",0.975,75.7901751328214
2022-05-21,"05","7  day ahead inc hosp",2022-05-28,"quantile",0.99,84.3965743107157
2022-05-21,"05","8  day ahead inc hosp",2022-05-29,"quantile",0.01,0
2022-05-21,"05","8  day ahead inc hosp",2022-05-29,"quantile",0.025,0
2022-05-21,"05","8  day ahead inc hosp",2022-05-29,"quantile",0.05,0
2022-05-21,"05","8  day ahead inc hosp",2022-05-29,"quantile",0.1,0
2022-05-21,"05","8  day ahead inc hosp",2022-05-29,"quantile",0.15,2.16206762203978
2022-05-21,"05","8  day ahead inc hosp",2022-05-29,"quantile",0.2,7.14928362767238
2022-05-21,"05","8  day ahead inc hosp",2022-05-29,"quantile",0.25,11.4278708903718
2022-05-21,"05","8  day ahead inc hosp",2022-05-29,"quantile",0.3,15.2701744875742
2022-05-21,"05","8  day ahead inc hosp",2022-05-29,"quantile",0.35,18.8306413880872
2022-05-21,"05","8  day ahead inc hosp",2022-05-29,"quantile",0.4,22.2091762978566
2022-05-21,"05","8  day ahead inc hosp",2022-05-29,"quantile",0.45,25.4779479225246
2022-05-21,"05","8  day ahead inc hosp",2022-05-29,"quantile",0.5,28.6948944080381
2022-05-21,"05","8  day ahead inc hosp",2022-05-29,"quantile",0.55,31.9118408935517
2022-05-21,"05","8  day ahead inc hosp",2022-05-29,"quantile",0.6,35.1806125182196
2022-05-21,"05","8  day ahead inc hosp",2022-05-29,"quantile",0.65,38.559147427989
2022-05-21,"05","8  day ahead inc hosp",2022-05-29,"quantile",0.7,42.119614328502
2022-05-21,"05","8  day ahead inc hosp",2022-05-29,"quantile",0.75,45.9619179257045
2022-05-21,"05","8  day ahead inc hosp",2022-05-29,"quantile",0.8,50.2405051884038
2022-05-21,"05","8  day ahead inc hosp",2022-05-29,"quantile",0.85,55.2277211940364
2022-05-21,"05","8  day ahead inc hosp",2022-05-29,"quantile",0.9,61.5027777226885
2022-05-21,"05","8  day ahead inc hosp",2022-05-29,"quantile",0.95,70.8033567700431
2022-05-21,"05","8  day ahead inc hosp",2022-05-29,"quantile",0.975,78.8702220612659
2022-05-21,"05","8  day ahead inc hosp",2022-05-29,"quantile",0.99,88.2496963003704
2022-05-21,"05","9  day ahead inc hosp",2022-05-30,"quantile",0.01,0
2022-05-21,"05","9  day ahead inc hosp",2022-05-30,"quantile",0.025,0
2022-05-21,"05","9  day ahead inc hosp",2022-05-30,"quantile",0.05,0
2022-05-21,"05","9  day ahead inc hosp",2022-05-30,"quantile",0.1,0
2022-05-21,"05","9  day ahead inc hosp",2022-05-30,"quantile",0.15,4.6348742777979
2022-05-21,"05","9  day ahead inc hosp",2022-05-30,"quantile",0.2,9.87789171152922
2022-05-21,"05","9  day ahead inc hosp",2022-05-30,"quantile",0.25,14.3759338225462
2022-05-21,"05","9  day ahead inc hosp",2022-05-30,"quantile",0.3,18.4153146560752
2022-05-21,"05","9  day ahead inc hosp",2022-05-30,"quantile",0.35,22.1584029864241
2022-05-21,"05","9  day ahead inc hosp",2022-05-30,"quantile",0.4,25.7102277745193
2022-05-21,"05","9  day ahead inc hosp",2022-05-30,"quantile",0.45,29.1466593619348
2022-05-21,"05","9  day ahead inc hosp",2022-05-30,"quantile",0.5,32.5286076248292
2022-05-21,"05","9  day ahead inc hosp",2022-05-30,"quantile",0.55,35.9105558877236
2022-05-21,"05","9  day ahead inc hosp",2022-05-30,"quantile",0.6,39.3469874751391
2022-05-21,"05","9  day ahead inc hosp",2022-05-30,"quantile",0.65,42.8988122632343
2022-05-21,"05","9  day ahead inc hosp",2022-05-30,"quantile",0.7,46.6419005935832
2022-05-21,"05","9  day ahead inc hosp",2022-05-30,"quantile",0.75,50.6812814271122
2022-05-21,"05","9  day ahead inc hosp",2022-05-30,"quantile",0.8,55.1793235381292
2022-05-21,"05","9  day ahead inc hosp",2022-05-30,"quantile",0.85,60.4223409718605
2022-05-21,"05","9  day ahead inc hosp",2022-05-30,"quantile",0.9,67.0192541074084
2022-05-21,"05","9  day ahead inc hosp",2022-05-30,"quantile",0.95,76.7968731305273
2022-05-21,"05","9  day ahead inc hosp",2022-05-30,"quantile",0.975,85.277499457856
2022-05-21,"05","9  day ahead inc hosp",2022-05-30,"quantile",0.99,95.1380603197313
2022-05-21,"05","10  day ahead inc hosp",2022-05-31,"quantile",0.01,0
2022-05-21,"05","10  day ahead inc hosp",2022-05-31,"quantile",0.025,0
2022-05-21,"05","10  day ahead inc hosp",2022-05-31,"quantile",0.05,0
2022-05-21,"05","10  day ahead inc hosp",2022-05-31,"quantile",0.1,0
2022-05-21,"05","10  day ahead inc hosp",2022-05-31,"quantile",0.15,3.47592189518032
2022-05-21,"05","10  day ahead inc hosp",2022-05-31,"quantile",0.2,8.92131824992057
2022-05-21,"05","10  day ahead inc hosp",2022-05-31,"quantile",0.25,13.5929834550024
2022-05-21,"05","10  day ahead inc hosp",2022-05-31,"quantile",0.3,17.7882831930489
2022-05-21,"05","10  day ahead inc hosp",2022-05-31,"quantile",0.35,21.6758536249952
2022-05-21,"05","10  day ahead inc hosp",2022-05-31,"quantile",0.4,25.3647777985708
2022-05-21,"05","10  day ahead inc hosp",2022-05-31,"quantile",0.45,28.9338546280769
2022-05-21,"05","10  day ahead inc hosp",2022-05-31,"quantile",0.5,32.4463450928623
2022-05-21,"05","10  day ahead inc hosp",2022-05-31,"quantile",0.55,35.9588355576478
2022-05-21,"05","10  day ahead inc hosp",2022-05-31,"quantile",0.6,39.5279123871538
2022-05-21,"05","10  day ahead inc hosp",2022-05-31,"quantile",0.65,43.2168365607294
2022-05-21,"05","10  day ahead inc hosp",2022-05-31,"quantile",0.7,47.1044069926757
2022-05-21,"05","10  day ahead inc hosp",2022-05-31,"quantile",0.75,51.2997067307222
2022-05-21,"05","10  day ahead inc hosp",2022-05-31,"quantile",0.8,55.9713719358041
2022-05-21,"05","10  day ahead inc hosp",2022-05-31,"quantile",0.85,61.4167682905443
2022-05-21,"05","10  day ahead inc hosp",2022-05-31,"quantile",0.9,68.2683203204382
2022-05-21,"05","10  day ahead inc hosp",2022-05-31,"quantile",0.95,78.4233525436743
2022-05-21,"05","10  day ahead inc hosp",2022-05-31,"quantile",0.975,87.2313285369727
2022-05-21,"05","10  day ahead inc hosp",2022-05-31,"quantile",0.99,97.4725041293904
2022-05-21,"05","11  day ahead inc hosp",2022-06-01,"quantile",0.01,0
2022-05-21,"05","11  day ahead inc hosp",2022-06-01,"quantile",0.025,0
2022-05-21,"05","11  day ahead inc hosp",2022-06-01,"quantile",0.05,0
2022-05-21,"05","11  day ahead inc hosp",2022-06-01,"quantile",0.1,0
2022-05-21,"05","11  day ahead inc hosp",2022-06-01,"quantile",0.15,4.10426274261212
2022-05-21,"05","11  day ahead inc hosp",2022-06-01,"quantile",0.2,9.70325442583126
2022-05-21,"05","11  day ahead inc hosp",2022-06-01,"quantile",0.25,14.5066907463607
2022-05-21,"05","11  day ahead inc hosp",2022-06-01,"quantile",0.3,18.8203250186366
2022-05-21,"05","11  day ahead inc hosp",2022-06-01,"quantile",0.35,22.8175500319174
2022-05-21,"05","11  day ahead inc hosp",2022-06-01,"quantile",0.4,26.6105256800345
2022-05-21,"05","11  day ahead inc hosp",2022-06-01,"quantile",0.45,30.2802735153375
2022-05-21,"05","11  day ahead inc hosp",2022-06-01,"quantile",0.5,33.8918388851568
2022-05-21,"05","11  day ahead inc hosp",2022-06-01,"quantile",0.55,37.5034042549761
2022-05-21,"05","11  day ahead inc hosp",2022-06-01,"quantile",0.6,41.1731520902791
2022-05-21,"05","11  day ahead inc hosp",2022-06-01,"quantile",0.65,44.9661277383963
2022-05-21,"05","11  day ahead inc hosp",2022-06-01,"quantile",0.7,48.9633527516771
2022-05-21,"05","11  day ahead inc hosp",2022-06-01,"quantile",0.75,53.276987023953
2022-05-21,"05","11  day ahead inc hosp",2022-06-01,"quantile",0.8,58.0804233444824
2022-05-21,"05","11  day ahead inc hosp",2022-06-01,"quantile",0.85,63.6794150277015
2022-05-21,"05","11  day ahead inc hosp",2022-06-01,"quantile",0.9,70.7242250531691
2022-05-21,"05","11  day ahead inc hosp",2022-06-01,"quantile",0.95,81.1656947381492
2022-05-21,"05","11  day ahead inc hosp",2022-06-01,"quantile",0.975,90.2221125119522
2022-05-21,"05","11  day ahead inc hosp",2022-06-01,"quantile",0.99,100.7521553652
2022-05-21,"05","12  day ahead inc hosp",2022-06-02,"quantile",0.01,0
2022-05-21,"05","12  day ahead inc hosp",2022-06-02,"quantile",0.025,0
2022-05-21,"05","12  day ahead inc hosp",2022-06-02,"quantile",0.05,0
2022-05-21,"05","12  day ahead inc hosp",2022-06-02,"quantile",0.1,0
2022-05-21,"05","12  day ahead inc hosp",2022-06-02,"quantile",0.15,4.16399351296196
2022-05-21,"05","12  day ahead inc hosp",2022-06-02,"quantile",0.2,9.90124838136178
2022-05-21,"05","12  day ahead inc hosp",2022-06-02,"quantile",0.25,14.8233022035887
2022-05-21,"05","12  day ahead inc hosp",2022-06-02,"quantile",0.3,19.2434586584171
2022-05-21,"05","12  day ahead inc hosp",2022-06-02,"quantile",0.35,23.3393923488114
2022-05-21,"05","12  day ahead inc hosp",2022-06-02,"quantile",0.4,27.2260328787667
2022-05-21,"05","12  day ahead inc hosp",2022-06-02,"quantile",0.45,30.9864025712229
2022-05-21,"05","12  day ahead inc hosp",2022-06-02,"quantile",0.5,34.6871530228876
2022-05-21,"05","12  day ahead inc hosp",2022-06-02,"quantile",0.55,38.3879034745523
2022-05-21,"05","12  day ahead inc hosp",2022-06-02,"quantile",0.6,42.1482731670085
2022-05-21,"05","12  day ahead inc hosp",2022-06-02,"quantile",0.65,46.0349136969638
2022-05-21,"05","12  day ahead inc hosp",2022-06-02,"quantile",0.7,50.1308473873582
2022-05-21,"05","12  day ahead inc hosp",2022-06-02,"quantile",0.75,54.5510038421865
2022-05-21,"05","12  day ahead inc hosp",2022-06-02,"quantile",0.8,59.4730576644135
2022-05-21,"05","12  day ahead inc hosp",2022-06-02,"quantile",0.85,65.2103125328133
2022-05-21,"05","12  day ahead inc hosp",2022-06-02,"quantile",0.9,72.429089216605
2022-05-21,"05","12  day ahead inc hosp",2022-06-02,"quantile",0.95,83.1284036954861
2022-05-21,"05","12  day ahead inc hosp",2022-06-02,"quantile",0.975,92.4084633745781
2022-05-21,"05","12  day ahead inc hosp",2022-06-02,"quantile",0.99,103.198538274193
2022-05-21,"05","13  day ahead inc hosp",2022-06-03,"quantile",0.01,0
2022-05-21,"05","13  day ahead inc hosp",2022-06-03,"quantile",0.025,0
2022-05-21,"05","13  day ahead inc hosp",2022-06-03,"quantile",0.05,0
2022-05-21,"05","13  day ahead inc hosp",2022-06-03,"quantile",0.1,0
2022-05-21,"05","13  day ahead inc hosp",2022-06-03,"quantile",0.15,0.302407366769433
2022-05-21,"05","13  day ahead inc hosp",2022-06-03,"quantile",0.2,6.20628478709562
2022-05-21,"05","13  day ahead inc hosp",2022-06-03,"quantile",0.25,11.2712859225221
2022-05-21,"05","13  day ahead inc hosp",2022-06-03,"quantile",0.3,15.819813482576
2022-05-21,"05","13  day ahead inc hosp",2022-06-03,"quantile",0.35,20.0347021330808
2022-05-21,"05","13  day ahead inc hosp",2022-06-03,"quantile",0.4,24.0342192875502
2022-05-21,"05","13  day ahead inc hosp",2022-06-03,"quantile",0.45,27.9037984205342
2022-05-21,"05","13  day ahead inc hosp",2022-06-03,"quantile",0.5,31.712026838307
2022-05-21,"05","13  day ahead inc hosp",2022-06-03,"quantile",0.55,35.5202552560797
2022-05-21,"05","13  day ahead inc hosp",2022-06-03,"quantile",0.6,39.3898343890637
2022-05-21,"05","13  day ahead inc hosp",2022-06-03,"quantile",0.65,43.3893515435331
2022-05-21,"05","13  day ahead inc hosp",2022-06-03,"quantile",0.7,47.6042401940379
2022-05-21,"05","13  day ahead inc hosp",2022-06-03,"quantile",0.75,52.1527677540919
2022-05-21,"05","13  day ahead inc hosp",2022-06-03,"quantile",0.8,57.2177688895183
2022-05-21,"05","13  day ahead inc hosp",2022-06-03,"quantile",0.85,63.1216463098445
2022-05-21,"05","13  day ahead inc hosp",2022-06-03,"quantile",0.9,70.5500722109761
2022-05-21,"05","13  day ahead inc hosp",2022-06-03,"quantile",0.95,81.5601184114255
2022-05-21,"05","13  day ahead inc hosp",2022-06-03,"quantile",0.975,91.1096915183201
2022-05-21,"05","13  day ahead inc hosp",2022-06-03,"quantile",0.99,102.213134022563
2022-05-21,"05","14  day ahead inc hosp",2022-06-04,"quantile",0.01,0
2022-05-21,"05","14  day ahead inc hosp",2022-06-04,"quantile",0.025,0
2022-05-21,"05","14  day ahead inc hosp",2022-06-04,"quantile",0.05,0
2022-05-21,"05","14  day ahead inc hosp",2022-06-04,"quantile",0.1,0
2022-05-21,"05","14  day ahead inc hosp",2022-06-04,"quantile",0.15,0.173010451503558
2022-05-21,"05","14  day ahead inc hosp",2022-06-04,"quantile",0.2,6.23797815069226
2022-05-21,"05","14  day ahead inc hosp",2022-06-04,"quantile",0.25,11.4411804016323
2022-05-21,"05","14  day ahead inc hosp",2022-06-04,"quantile",0.3,16.1138168347025
2022-05-21,"05","14  day ahead inc hosp",2022-06-04,"quantile",0.35,20.4437108519765
2022-05-21,"05","14  day ahead inc hosp",2022-06-04,"quantile",0.4,24.5523568531103
2022-05-21,"05","14  day ahead inc hosp",2022-06-04,"quantile",0.45,28.5275194081801
2022-05-21,"05","14  day ahead inc hosp",2022-06-04,"quantile",0.5,32.4396572627713
2022-05-21,"05","14  day ahead inc hosp",2022-06-04,"quantile",0.55,36.3517951173625
2022-05-21,"05","14  day ahead inc hosp",2022-06-04,"quantile",0.6,40.3269576724323
2022-05-21,"05","14  day ahead inc hosp",2022-06-04,"quantile",0.65,44.4356036735662
2022-05-21,"05","14  day ahead inc hosp",2022-06-04,"quantile",0.7,48.7654976908401
2022-05-21,"05","14  day ahead inc hosp",2022-06-04,"quantile",0.75,53.4381341239103
2022-05-21,"05","14  day ahead inc hosp",2022-06-04,"quantile",0.8,58.6413363748504
2022-05-21,"05","14  day ahead inc hosp",2022-06-04,"quantile",0.85,64.7063040740391
2022-05-21,"05","14  day ahead inc hosp",2022-06-04,"quantile",0.9,72.3374183297431
2022-05-21,"05","14  day ahead inc hosp",2022-06-04,"quantile",0.95,83.6478792045577
2022-05-21,"05","14  day ahead inc hosp",2022-06-04,"quantile",0.975,93.4580172394285
2022-05-21,"05","14  day ahead inc hosp",2022-06-04,"quantile",0.99,104.864422783382
2022-05-21,"05","15  day ahead inc hosp",2022-06-05,"quantile",0.01,0
2022-05-21,"05","15  day ahead inc hosp",2022-06-05,"quantile",0.025,0
2022-05-21,"05","15  day ahead inc hosp",2022-06-05,"quantile",0.05,0
2022-05-21,"05","15  day ahead inc hosp",2022-06-05,"quantile",0.1,0
2022-05-21,"05","15  day ahead inc hosp",2022-06-05,"quantile",0.15,1.1167641298286
2022-05-21,"05","15  day ahead inc hosp",2022-06-05,"quantile",0.2,7.36456797867615
2022-05-21,"05","15  day ahead inc hosp",2022-06-05,"quantile",0.25,12.724627365984
2022-05-21,"05","15  day ahead inc hosp",2022-06-05,"quantile",0.3,17.5381263553861
2022-05-21,"05","15  day ahead inc hosp",2022-06-05,"quantile",0.35,21.9985505238191
2022-05-21,"05","15  day ahead inc hosp",2022-06-05,"quantile",0.4,26.2310568738314
2022-05-21,"05","15  day ahead inc hosp",2022-06-05,"quantile",0.45,30.3260557498654
2022-05-21,"05","15  day ahead inc hosp",2022-06-05,"quantile",0.5,34.3561299658264
2022-05-21,"05","15  day ahead inc hosp",2022-06-05,"quantile",0.55,38.3862041817874
2022-05-21,"05","15  day ahead inc hosp",2022-06-05,"quantile",0.6,42.4812030578213
2022-05-21,"05","15  day ahead inc hosp",2022-06-05,"quantile",0.65,46.7137094078337
2022-05-21,"05","15  day ahead inc hosp",2022-06-05,"quantile",0.7,51.1741335762666
2022-05-21,"05","15  day ahead inc hosp",2022-06-05,"quantile",0.75,55.9876325656687
2022-05-21,"05","15  day ahead inc hosp",2022-06-05,"quantile",0.8,61.3476919529766
2022-05-21,"05","15  day ahead inc hosp",2022-06-05,"quantile",0.85,67.5954958018242
2022-05-21,"05","15  day ahead inc hosp",2022-06-05,"quantile",0.9,75.4566596830697
2022-05-21,"05","15  day ahead inc hosp",2022-06-05,"quantile",0.95,87.1080887575162
2022-05-21,"05","15  day ahead inc hosp",2022-06-05,"quantile",0.975,97.2139658556235
2022-05-21,"05","15  day ahead inc hosp",2022-06-05,"quantile",0.99,108.964231973044
2022-05-21,"05","16  day ahead inc hosp",2022-06-06,"quantile",0.01,0
2022-05-21,"05","16  day ahead inc hosp",2022-06-06,"quantile",0.025,0
2022-05-21,"05","16  day ahead inc hosp",2022-06-06,"quantile",0.05,0
2022-05-21,"05","16  day ahead inc hosp",2022-06-06,"quantile",0.1,0
2022-05-21,"05","16  day ahead inc hosp",2022-06-06,"quantile",0.15,3.022986799943
2022-05-21,"05","16  day ahead inc hosp",2022-06-06,"quantile",0.2,9.42645595425194
2022-05-21,"05","16  day ahead inc hosp",2022-06-06,"quantile",0.25,14.9200623129441
2022-05-21,"05","16  day ahead inc hosp",2022-06-06,"quantile",0.3,19.8534906100919
2022-05-21,"05","16  day ahead inc hosp",2022-06-06,"quantile",0.35,24.425047155191
2022-05-21,"05","16  day ahead inc hosp",2022-06-06,"quantile",0.4,28.7630072630008
2022-05-21,"05","16  day ahead inc hosp",2022-06-06,"quantile",0.45,32.9600338701101
2022-05-21,"05","16  day ahead inc hosp",2022-06-06,"quantile",0.5,37.0905182060168
2022-05-21,"05","16  day ahead inc hosp",2022-06-06,"quantile",0.55,41.2210025419235
2022-05-21,"05","16  day ahead inc hosp",2022-06-06,"quantile",0.6,45.4180291490328
2022-05-21,"05","16  day ahead inc hosp",2022-06-06,"quantile",0.65,49.7559892568425
2022-05-21,"05","16  day ahead inc hosp",2022-06-06,"quantile",0.7,54.3275458019416
2022-05-21,"05","16  day ahead inc hosp",2022-06-06,"quantile",0.75,59.2609740990894
2022-05-21,"05","16  day ahead inc hosp",2022-06-06,"quantile",0.8,64.7545804577816
2022-05-21,"05","16  day ahead inc hosp",2022-06-06,"quantile",0.85,71.1580496120906
2022-05-21,"05","16  day ahead inc hosp",2022-06-06,"quantile",0.9,79.2150759926176
2022-05-21,"05","16  day ahead inc hosp",2022-06-06,"quantile",0.95,91.1568027956444
2022-05-21,"05","16  day ahead inc hosp",2022-06-06,"quantile",0.975,101.51446988004
2022-05-21,"05","16  day ahead inc hosp",2022-06-06,"quantile",0.99,113.557496271098
2022-05-21,"05","17  day ahead inc hosp",2022-06-07,"quantile",0.01,0
2022-05-21,"05","17  day ahead inc hosp",2022-06-07,"quantile",0.025,0
2022-05-21,"05","17  day ahead inc hosp",2022-06-07,"quantile",0.05,0
2022-05-21,"05","17  day ahead inc hosp",2022-06-07,"quantile",0.1,0
2022-05-21,"05","17  day ahead inc hosp",2022-06-07,"quantile",0.15,2.74668327057771
2022-05-21,"05","17  day ahead inc hosp",2022-06-07,"quantile",0.2,9.29782942514167
2022-05-21,"05","17  day ahead inc hosp",2022-06-07,"quantile",0.25,14.9181295006432
2022-05-21,"05","17  day ahead inc hosp",2022-06-07,"quantile",0.3,19.9653326711198
2022-05-21,"05","17  day ahead inc hosp",2022-06-07,"quantile",0.35,24.6423185922036
2022-05-21,"05","17  day ahead inc hosp",2022-06-07,"quantile",0.4,29.0803208678618
2022-05-21,"05","17  day ahead inc hosp",2022-06-07,"quantile",0.45,33.374139430143
2022-05-21,"05","17  day ahead inc hosp",2022-06-07,"quantile",0.5,37.5998811213407
2022-05-21,"05","17  day ahead inc hosp",2022-06-07,"quantile",0.55,41.8256228125383
2022-05-21,"05","17  day ahead inc hosp",2022-06-07,"quantile",0.6,46.1194413748195
2022-05-21,"05","17  day ahead inc hosp",2022-06-07,"quantile",0.65,50.5574436504777
2022-05-21,"05","17  day ahead inc hosp",2022-06-07,"quantile",0.7,55.2344295715615
2022-05-21,"05","17  day ahead inc hosp",2022-06-07,"quantile",0.75,60.2816327420381
2022-05-21,"05","17  day ahead inc hosp",2022-06-07,"quantile",0.8,65.9019328175396
2022-05-21,"05","17  day ahead inc hosp",2022-06-07,"quantile",0.85,72.4530789721036
2022-05-21,"05","17  day ahead inc hosp",2022-06-07,"quantile",0.9,80.6959167398927
2022-05-21,"05","17  day ahead inc hosp",2022-06-07,"quantile",0.95,92.9130440093915
2022-05-21,"05","17  day ahead inc hosp",2022-06-07,"quantile",0.975,103.509579926884
2022-05-21,"05","17  day ahead inc hosp",2022-06-07,"quantile",0.99,115.830342958592
2022-05-21,"05","18  day ahead inc hosp",2022-06-08,"quantile",0.01,0
2022-05-21,"05","18  day ahead inc hosp",2022-06-08,"quantile",0.025,0
2022-05-21,"05","18  day ahead inc hosp",2022-06-08,"quantile",0.05,0
2022-05-21,"05","18  day ahead inc hosp",2022-06-08,"quantile",0.1,0
2022-05-21,"05","18  day ahead inc hosp",2022-06-08,"quantile",0.15,2.77812467603818
2022-05-21,"05","18  day ahead inc hosp",2022-06-08,"quantile",0.2,9.45637923062096
2022-05-21,"05","18  day ahead inc hosp",2022-06-08,"quantile",0.25,15.1857269953921
2022-05-21,"05","18  day ahead inc hosp",2022-06-08,"quantile",0.3,20.3308583610933
2022-05-21,"05","18  day ahead inc hosp",2022-06-08,"quantile",0.35,25.0985893492713
2022-05-21,"05","18  day ahead inc hosp",2022-06-08,"quantile",0.4,29.6226998196223
2022-05-21,"05","18  day ahead inc hosp",2022-06-08,"quantile",0.45,33.9998290567909
2022-05-21,"05","18  day ahead inc hosp",2022-06-08,"quantile",0.5,38.3075605636007
2022-05-21,"05","18  day ahead inc hosp",2022-06-08,"quantile",0.55,42.6152920704106
2022-05-21,"05","18  day ahead inc hosp",2022-06-08,"quantile",0.6,46.9924213075791
2022-05-21,"05","18  day ahead inc hosp",2022-06-08,"quantile",0.65,51.5165317779302
2022-05-21,"05","18  day ahead inc hosp",2022-06-08,"quantile",0.7,56.2842627661081
2022-05-21,"05","18  day ahead inc hosp",2022-06-08,"quantile",0.75,61.4293941318093
2022-05-21,"05","18  day ahead inc hosp",2022-06-08,"quantile",0.8,67.1587418965805
2022-05-21,"05","18  day ahead inc hosp",2022-06-08,"quantile",0.85,73.8369964511632
2022-05-21,"05","18  day ahead inc hosp",2022-06-08,"quantile",0.9,82.2397656104308
2022-05-21,"05","18  day ahead inc hosp",2022-06-08,"quantile",0.95,94.6939352940987
2022-05-21,"05","18  day ahead inc hosp",2022-06-08,"quantile",0.975,105.496070154805
2022-05-21,"05","18  day ahead inc hosp",2022-06-08,"quantile",0.99,118.055886390185
2022-05-21,"05","19  day ahead inc hosp",2022-06-09,"quantile",0.01,0
2022-05-21,"05","19  day ahead inc hosp",2022-06-09,"quantile",0.025,0
2022-05-21,"05","19  day ahead inc hosp",2022-06-09,"quantile",0.05,0
2022-05-21,"05","19  day ahead inc hosp",2022-06-09,"quantile",0.1,0
2022-05-21,"05","19  day ahead inc hosp",2022-06-09,"quantile",0.15,4.16136508595964
2022-05-21,"05","19  day ahead inc hosp",2022-06-09,"quantile",0.2,10.9578466255315
2022-05-21,"05","19  day ahead inc hosp",2022-06-09,"quantile",0.25,16.7886226162928
2022-05-21,"05","19  day ahead inc hosp",2022-06-09,"quantile",0.3,22.0248396637044
2022-05-21,"05","19  day ahead inc hosp",2022-06-09,"quantile",0.35,26.8769751104672
2022-05-21,"05","19  day ahead inc hosp",2022-06-09,"quantile",0.4,31.4811771580852
2022-05-21,"05","19  day ahead inc hosp",2022-06-09,"quantile",0.45,35.9357959231518
2022-05-21,"05","19  day ahead inc hosp",2022-06-09,"quantile",0.5,40.3197883906708
2022-05-21,"05","19  day ahead inc hosp",2022-06-09,"quantile",0.55,44.7037808581897
2022-05-21,"05","19  day ahead inc hosp",2022-06-09,"quantile",0.6,49.1583996232564
2022-05-21,"05","19  day ahead inc hosp",2022-06-09,"quantile",0.65,53.7626016708744
2022-05-21,"05","19  day ahead inc hosp",2022-06-09,"quantile",0.7,58.6147371176372
2022-05-21,"05","19  day ahead inc hosp",2022-06-09,"quantile",0.75,63.8509541650487
2022-05-21,"05","19  day ahead inc hosp",2022-06-09,"quantile",0.8,69.6817301558101
2022-05-21,"05","19  day ahead inc hosp",2022-06-09,"quantile",0.85,76.4782116953819
2022-05-21,"05","19  day ahead inc hosp",2022-06-09,"quantile",0.9,85.0297373980156
2022-05-21,"05","19  day ahead inc hosp",2022-06-09,"quantile",0.95,97.7043866875757
2022-05-21,"05","19  day ahead inc hosp",2022-06-09,"quantile",0.975,108.697754725392
2022-05-21,"05","19  day ahead inc hosp",2022-06-09,"quantile",0.99,121.47992085675
2022-05-21,"05","20  day ahead inc hosp",2022-06-10,"quantile",0.01,0
2022-05-21,"05","20  day ahead inc hosp",2022-06-10,"quantile",0.025,0
2022-05-21,"05","20  day ahead inc hosp",2022-06-10,"quantile",0.05,0
2022-05-21,"05","20  day ahead inc hosp",2022-06-10,"quantile",0.1,0
2022-05-21,"05","20  day ahead inc hosp",2022-06-10,"quantile",0.15,2.91170922444527
2022-05-21,"05","20  day ahead inc hosp",2022-06-10,"quantile",0.2,9.82498230886788
2022-05-21,"05","20  day ahead inc hosp",2022-06-10,"quantile",0.25,15.7559550457949
2022-05-21,"05","20  day ahead inc hosp",2022-06-10,"quantile",0.3,21.0821518679738
2022-05-21,"05","20  day ahead inc hosp",2022-06-10,"quantile",0.35,26.0176669857256
2022-05-21,"05","20  day ahead inc hosp",2022-06-10,"quantile",0.4,30.7009881873965
2022-05-21,"05","20  day ahead inc hosp",2022-06-10,"quantile",0.45,35.2321556496477
2022-05-21,"05","20  day ahead inc hosp",2022-06-10,"quantile",0.5,39.6914831636778
2022-05-21,"05","20  day ahead inc hosp",2022-06-10,"quantile",0.55,44.1508106777079
2022-05-21,"05","20  day ahead inc hosp",2022-06-10,"quantile",0.6,48.6819781399591
2022-05-21,"05","20  day ahead inc hosp",2022-06-10,"quantile",0.65,53.36529934163
2022-05-21,"05","20  day ahead inc hosp",2022-06-10,"quantile",0.7,58.3008144593818
2022-05-21,"05","20  day ahead inc hosp",2022-06-10,"quantile",0.75,63.6270112815607
2022-05-21,"05","20  day ahead inc hosp",2022-06-10,"quantile",0.8,69.5579840184877
2022-05-21,"05","20  day ahead inc hosp",2022-06-10,"quantile",0.85,76.4712571029104
2022-05-21,"05","20  day ahead inc hosp",2022-06-10,"quantile",0.9,85.1697332374443
2022-05-21,"05","20  day ahead inc hosp",2022-06-10,"quantile",0.95,98.0621852036321
2022-05-21,"05","20  day ahead inc hosp",2022-06-10,"quantile",0.975,109.244464581643
2022-05-21,"05","20  day ahead inc hosp",2022-06-10,"quantile",0.99,122.24628097179
2022-05-21,"05","21  day ahead inc hosp",2022-06-11,"quantile",0.01,0
2022-05-21,"05","21  day ahead inc hosp",2022-06-11,"quantile",0.025,0
2022-05-21,"05","21  day ahead inc hosp",2022-06-11,"quantile",0.05,0
2022-05-21,"05","21  day ahead inc hosp",2022-06-11,"quantile",0.1,0
2022-05-21,"05","21  day ahead inc hosp",2022-06-11,"quantile",0.15,2.95866635638372
2022-05-21,"05","21  day ahead inc hosp",2022-06-11,"quantile",0.2,9.98388716835733
2022-05-21,"05","21  day ahead inc hosp",2022-06-11,"quantile",0.25,16.0109010875084
2022-05-21,"05","21  day ahead inc hosp",2022-06-11,"quantile",0.3,21.4233458596021
2022-05-21,"05","21  day ahead inc hosp",2022-06-11,"quantile",0.35,26.438782556464
2022-05-21,"05","21  day ahead inc hosp",2022-06-11,"quantile",0.4,31.197941521162
2022-05-21,"05","21  day ahead inc hosp",2022-06-11,"quantile",0.45,35.8024828968053
2022-05-21,"05","21  day ahead inc hosp",2022-06-11,"quantile",0.5,40.3340210085516
2022-05-21,"05","21  day ahead inc hosp",2022-06-11,"quantile",0.55,44.8655591202979
2022-05-21,"05","21  day ahead inc hosp",2022-06-11,"quantile",0.6,49.4701004959412
2022-05-21,"05","21  day ahead inc hosp",2022-06-11,"quantile",0.65,54.2292594606392
2022-05-21,"05","21  day ahead inc hosp",2022-06-11,"quantile",0.7,59.2446961575011
2022-05-21,"05","21  day ahead inc hosp",2022-06-11,"quantile",0.75,64.6571409295948
2022-05-21,"05","21  day ahead inc hosp",2022-06-11,"quantile",0.8,70.6841548487459
2022-05-21,"05","21  day ahead inc hosp",2022-06-11,"quantile",0.85,77.7093756607195
2022-05-21,"05","21  day ahead inc hosp",2022-06-11,"quantile",0.9,86.548707598941
2022-05-21,"05","21  day ahead inc hosp",2022-06-11,"quantile",0.95,99.6499290846531
2022-05-21,"05","21  day ahead inc hosp",2022-06-11,"quantile",0.975,111.013284886223
2022-05-21,"05","21  day ahead inc hosp",2022-06-11,"quantile",0.99,124.225641751357
2022-05-21,"05","22  day ahead inc hosp",2022-06-12,"quantile",0.01,0
2022-05-21,"05","22  day ahead inc hosp",2022-06-12,"quantile",0.025,0
2022-05-21,"05","22  day ahead inc hosp",2022-06-12,"quantile",0.05,0
2022-05-21,"05","22  day ahead inc hosp",2022-06-12,"quantile",0.1,0
2022-05-21,"05","22  day ahead inc hosp",2022-06-12,"quantile",0.15,6.11654244124114
2022-05-21,"05","22  day ahead inc hosp",2022-06-12,"quantile",0.2,13.4234497577782
2022-05-21,"05","22  day ahead inc hosp",2022-06-12,"quantile",0.25,19.6921256160027
2022-05-21,"05","22  day ahead inc hosp",2022-06-12,"quantile",0.3,25.3215902782606
2022-05-21,"05","22  day ahead inc hosp",2022-06-12,"quantile",0.35,30.5381282457886
2022-05-21,"05","22  day ahead inc hosp",2022-06-12,"quantile",0.4,35.4881126506126
2022-05-21,"05","22  day ahead inc hosp",2022-06-12,"quantile",0.45,40.2772798479827
2022-05-21,"05","22  day ahead inc hosp",2022-06-12,"quantile",0.5,44.9905166088046
2022-05-21,"05","22  day ahead inc hosp",2022-06-12,"quantile",0.55,49.7037533696265
2022-05-21,"05","22  day ahead inc hosp",2022-06-12,"quantile",0.6,54.4929205669966
2022-05-21,"05","22  day ahead inc hosp",2022-06-12,"quantile",0.65,59.4429049718206
2022-05-21,"05","22  day ahead inc hosp",2022-06-12,"quantile",0.7,64.6594429393487
2022-05-21,"05","22  day ahead inc hosp",2022-06-12,"quantile",0.75,70.2889076016065
2022-05-21,"05","22  day ahead inc hosp",2022-06-12,"quantile",0.8,76.5575834598311
2022-05-21,"05","22  day ahead inc hosp",2022-06-12,"quantile",0.85,83.8644907763681
2022-05-21,"05","22  day ahead inc hosp",2022-06-12,"quantile",0.9,93.0582486583421
2022-05-21,"05","22  day ahead inc hosp",2022-06-12,"quantile",0.95,106.684782783271
2022-05-21,"05","22  day ahead inc hosp",2022-06-12,"quantile",0.975,118.503768957398
2022-05-21,"05","22  day ahead inc hosp",2022-06-12,"quantile",0.99,132.24589459735
2022-05-21,"05","23  day ahead inc hosp",2022-06-13,"quantile",0.01,0
2022-05-21,"05","23  day ahead inc hosp",2022-06-13,"quantile",0.025,0
2022-05-21,"05","23  day ahead inc hosp",2022-06-13,"quantile",0.05,0
2022-05-21,"05","23  day ahead inc hosp",2022-06-13,"quantile",0.1,0
2022-05-21,"05","23  day ahead inc hosp",2022-06-13,"quantile",0.15,6.43264432413259
2022-05-21,"05","23  day ahead inc hosp",2022-06-13,"quantile",0.2,13.9224203509381
2022-05-21,"05","23  day ahead inc hosp",2022-06-13,"quantile",0.25,20.3479812796343
2022-05-21,"05","23  day ahead inc hosp",2022-06-13,"quantile",0.3,26.1183335839126
2022-05-21,"05","23  day ahead inc hosp",2022-06-13,"quantile",0.35,31.4654249482285
2022-05-21,"05","23  day ahead inc hosp",2022-06-13,"quantile",0.4,36.5392917597598
2022-05-21,"05","23  day ahead inc hosp",2022-06-13,"quantile",0.45,41.4483166192985
2022-05-21,"05","23  day ahead inc hosp",2022-06-13,"quantile",0.5,46.2795107443381
2022-05-21,"05","23  day ahead inc hosp",2022-06-13,"quantile",0.55,51.1107048693776
2022-05-21,"05","23  day ahead inc hosp",2022-06-13,"quantile",0.6,56.0197297289164
2022-05-21,"05","23  day ahead inc hosp",2022-06-13,"quantile",0.65,61.0935965404476
2022-05-21,"05","23  day ahead inc hosp",2022-06-13,"quantile",0.7,66.4406879047635
2022-05-21,"05","23  day ahead inc hosp",2022-06-13,"quantile",0.75,72.2110402090419
2022-05-21,"05","23  day ahead inc hosp",2022-06-13,"quantile",0.8,78.636601137738
2022-05-21,"05","23  day ahead inc hosp",2022-06-13,"quantile",0.85,86.1263771645435
2022-05-21,"05","23  day ahead inc hosp",2022-06-13,"quantile",0.9,95.5502256407409
2022-05-21,"05","23  day ahead inc hosp",2022-06-13,"quantile",0.95,109.51778868706
2022-05-21,"05","23  day ahead inc hosp",2022-06-13,"quantile",0.975,121.632566591493
2022-05-21,"05","23  day ahead inc hosp",2022-06-13,"quantile",0.99,135.718614041762
2022-05-21,"05","24  day ahead inc hosp",2022-06-14,"quantile",0.01,0
2022-05-21,"05","24  day ahead inc hosp",2022-06-14,"quantile",0.025,0
2022-05-21,"05","24  day ahead inc hosp",2022-06-14,"quantile",0.05,0
2022-05-21,"05","24  day ahead inc hosp",2022-06-14,"quantile",0.1,0
2022-05-21,"05","24  day ahead inc hosp",2022-06-14,"quantile",0.15,6.79239160255167
2022-05-21,"05","24  day ahead inc hosp",2022-06-14,"quantile",0.2,14.4275777288542
2022-05-21,"05","24  day ahead inc hosp",2022-06-14,"quantile",0.25,20.977887575358
2022-05-21,"05","24  day ahead inc hosp",2022-06-14,"quantile",0.3,26.860268263355
2022-05-21,"05","24  day ahead inc hosp",2022-06-14,"quantile",0.35,32.311170620753
2022-05-21,"05","24  day ahead inc hosp",2022-06-14,"quantile",0.4,37.48354391302
2022-05-21,"05","24  day ahead inc hosp",2022-06-14,"quantile",0.45,42.4878749326767
2022-05-21,"05","24  day ahead inc hosp",2022-06-14,"quantile",0.5,47.4128641746727
2022-05-21,"05","24  day ahead inc hosp",2022-06-14,"quantile",0.55,52.3378534166686
2022-05-21,"05","24  day ahead inc hosp",2022-06-14,"quantile",0.6,57.3421844363253
2022-05-21,"05","24  day ahead inc hosp",2022-06-14,"quantile",0.65,62.5145577285923
2022-05-21,"05","24  day ahead inc hosp",2022-06-14,"quantile",0.7,67.9654600859903
2022-05-21,"05","24  day ahead inc hosp",2022-06-14,"quantile",0.75,73.8478407739873
2022-05-21,"05","24  day ahead inc hosp",2022-06-14,"quantile",0.8,80.3981506204912
2022-05-21,"05","24  day ahead inc hosp",2022-06-14,"quantile",0.85,88.0333367467937
2022-05-21,"05","24  day ahead inc hosp",2022-06-14,"quantile",0.9,97.6401443314696
2022-05-21,"05","24  day ahead inc hosp",2022-06-14,"quantile",0.95,111.878880337438
2022-05-21,"05","24  day ahead inc hosp",2022-06-14,"quantile",0.975,124.228860343263
2022-05-21,"05","24  day ahead inc hosp",2022-06-14,"quantile",0.99,138.588381066156
2022-05-21,"05","25  day ahead inc hosp",2022-06-15,"quantile",0.01,0
2022-05-21,"05","25  day ahead inc hosp",2022-06-15,"quantile",0.025,0
2022-05-21,"05","25  day ahead inc hosp",2022-06-15,"quantile",0.05,0
2022-05-21,"05","25  day ahead inc hosp",2022-06-15,"quantile",0.1,0
2022-05-21,"05","25  day ahead inc hosp",2022-06-15,"quantile",0.15,7.00615578037586
2022-05-21,"05","25  day ahead inc hosp",2022-06-15,"quantile",0.2,14.772250629924
2022-05-21,"05","25  day ahead inc hosp",2022-06-15,"quantile",0.25,21.4348685046388
2022-05-21,"05","25  day ahead inc hosp",2022-06-15,"quantile",0.3,27.4181052729948
2022-05-21,"05","25  day ahead inc hosp",2022-06-15,"quantile",0.35,32.9624658194061
2022-05-21,"05","25  day ahead inc hosp",2022-06-15,"quantile",0.4,38.2235217937504
2022-05-21,"05","25  day ahead inc hosp",2022-06-15,"quantile",0.45,43.3136543346333
2022-05-21,"05","25  day ahead inc hosp",2022-06-15,"quantile",0.5,48.3230847471525
2022-05-21,"05","25  day ahead inc hosp",2022-06-15,"quantile",0.55,53.3325151596718
2022-05-21,"05","25  day ahead inc hosp",2022-06-15,"quantile",0.6,58.4226477005547
2022-05-21,"05","25  day ahead inc hosp",2022-06-15,"quantile",0.65,63.683703674899
2022-05-21,"05","25  day ahead inc hosp",2022-06-15,"quantile",0.7,69.2280642213103
2022-05-21,"05","25  day ahead inc hosp",2022-06-15,"quantile",0.75,75.2113009896663
2022-05-21,"05","25  day ahead inc hosp",2022-06-15,"quantile",0.8,81.8739188643811
2022-05-21,"05","25  day ahead inc hosp",2022-06-15,"quantile",0.85,89.6400137139292
2022-05-21,"05","25  day ahead inc hosp",2022-06-15,"quantile",0.9,99.4115343644784
2022-05-21,"05","25  day ahead inc hosp",2022-06-15,"quantile",0.95,113.894399946378
2022-05-21,"05","25  day ahead inc hosp",2022-06-15,"quantile",0.975,126.456125951309
2022-05-21,"05","25  day ahead inc hosp",2022-06-15,"quantile",0.99,141.061847158795
2022-05-21,"05","26  day ahead inc hosp",2022-06-16,"quantile",0.01,0
2022-05-21,"05","26  day ahead inc hosp",2022-06-16,"quantile",0.025,0
2022-05-21,"05","26  day ahead inc hosp",2022-06-16,"quantile",0.05,0
2022-05-21,"05","26  day ahead inc hosp",2022-06-16,"quantile",0.1,0
2022-05-21,"05","26  day ahead inc hosp",2022-06-16,"quantile",0.15,7.07925490169076
2022-05-21,"05","26  day ahead inc hosp",2022-06-16,"quantile",0.2,14.9735960535859
2022-05-21,"05","26  day ahead inc hosp",2022-06-16,"quantile",0.25,21.7462378364471
2022-05-21,"05","26  day ahead inc hosp",2022-06-16,"quantile",0.3,27.8282794747505
2022-05-21,"05","26  day ahead inc hosp",2022-06-16,"quantile",0.35,33.4641974580371
2022-05-21,"05","26  day ahead inc hosp",2022-06-16,"quantile",0.4,38.8121324865549
2022-05-21,"05","26  day ahead inc hosp",2022-06-16,"quantile",0.45,43.9863215177938
2022-05-21,"05","26  day ahead inc hosp",2022-06-16,"quantile",0.5,49.0784757367712
2022-05-21,"05","26  day ahead inc hosp",2022-06-16,"quantile",0.55,54.1706299557487
2022-05-21,"05","26  day ahead inc hosp",2022-06-16,"quantile",0.6,59.3448189869875
2022-05-21,"05","26  day ahead inc hosp",2022-06-16,"quantile",0.65,64.6927540155053
2022-05-21,"05","26  day ahead inc hosp",2022-06-16,"quantile",0.7,70.3286719987919
2022-05-21,"05","26  day ahead inc hosp",2022-06-16,"quantile",0.75,76.4107136370953
2022-05-21,"05","26  day ahead inc hosp",2022-06-16,"quantile",0.8,83.1833554199565
2022-05-21,"05","26  day ahead inc hosp",2022-06-16,"quantile",0.85,91.0776965718516
2022-05-21,"05","26  day ahead inc hosp",2022-06-16,"quantile",0.9,101.01058035484
2022-05-21,"05","26  day ahead inc hosp",2022-06-16,"quantile",0.95,115.732610406688
2022-05-21,"05","26  day ahead inc hosp",2022-06-16,"quantile",0.975,128.501775921752
2022-05-21,"05","26  day ahead inc hosp",2022-06-16,"quantile",0.99,143.348690389718
2022-05-21,"05","27  day ahead inc hosp",2022-06-17,"quantile",0.01,0
2022-05-21,"05","27  day ahead inc hosp",2022-06-17,"quantile",0.025,0
2022-05-21,"05","27  day ahead inc hosp",2022-06-17,"quantile",0.05,0
2022-05-21,"05","27  day ahead inc hosp",2022-06-17,"quantile",0.1,0
2022-05-21,"05","27  day ahead inc hosp",2022-06-17,"quantile",0.15,6.48676818080421
2022-05-21,"05","27  day ahead inc hosp",2022-06-17,"quantile",0.2,14.5366305856826
2022-05-21,"05","27  day ahead inc hosp",2022-06-17,"quantile",0.25,21.4426957557286
2022-05-21,"05","27  day ahead inc hosp",2022-06-17,"quantile",0.3,27.6445557193469
2022-05-21,"05","27  day ahead inc hosp",2022-06-17,"quantile",0.35,33.3915032375379
2022-05-21,"05","27  day ahead inc hosp",2022-06-17,"quantile",0.4,38.8447944370781
2022-05-21,"05","27  day ahead inc hosp",2022-06-17,"quantile",0.45,44.1209167830581
2022-05-21,"05","27  day ahead inc hosp",2022-06-17,"quantile",0.5,49.3133882025824
2022-05-21,"05","27  day ahead inc hosp",2022-06-17,"quantile",0.55,54.5058596221066
2022-05-21,"05","27  day ahead inc hosp",2022-06-17,"quantile",0.6,59.7819819680866
2022-05-21,"05","27  day ahead inc hosp",2022-06-17,"quantile",0.65,65.2352731676268
2022-05-21,"05","27  day ahead inc hosp",2022-06-17,"quantile",0.7,70.9822206858179
2022-05-21,"05","27  day ahead inc hosp",2022-06-17,"quantile",0.75,77.1840806494362
2022-05-21,"05","27  day ahead inc hosp",2022-06-17,"quantile",0.8,84.0901458194822
2022-05-21,"05","27  day ahead inc hosp",2022-06-17,"quantile",0.85,92.1400082243605
2022-05-21,"05","27  day ahead inc hosp",2022-06-17,"quantile",0.9,102.268573255719
2022-05-21,"05","27  day ahead inc hosp",2022-06-17,"quantile",0.95,117.280632394995
2022-05-21,"05","27  day ahead inc hosp",2022-06-17,"quantile",0.975,130.301354890209
2022-05-21,"05","27  day ahead inc hosp",2022-06-17,"quantile",0.99,145.440758711824
2022-05-21,"05","28  day ahead inc hosp",2022-06-18,"quantile",0.01,0
2022-05-21,"05","28  day ahead inc hosp",2022-06-18,"quantile",0.025,0
2022-05-21,"05","28  day ahead inc hosp",2022-06-18,"quantile",0.05,0
2022-05-21,"05","28  day ahead inc hosp",2022-06-18,"quantile",0.1,0
2022-05-21,"05","28  day ahead inc hosp",2022-06-18,"quantile",0.15,6.21850051449037
2022-05-21,"05","28  day ahead inc hosp",2022-06-18,"quantile",0.2,14.4178701691208
2022-05-21,"05","28  day ahead inc hosp",2022-06-18,"quantile",0.25,21.4521992470761
2022-05-21,"05","28  day ahead inc hosp",2022-06-18,"quantile",0.3,27.7692441641597
2022-05-21,"05","28  day ahead inc hosp",2022-06-18,"quantile",0.35,33.622927707726
2022-05-21,"05","28  day ahead inc hosp",2022-06-18,"quantile",0.4,39.1775009576086
2022-05-21,"05","28  day ahead inc hosp",2022-06-18,"quantile",0.45,44.5516148594225
2022-05-21,"05","28  day ahead inc hosp",2022-06-18,"quantile",0.5,49.8405242156845
2022-05-21,"05","28  day ahead inc hosp",2022-06-18,"quantile",0.55,55.1294335719465
2022-05-21,"05","28  day ahead inc hosp",2022-06-18,"quantile",0.6,60.5035474737604
2022-05-21,"05","28  day ahead inc hosp",2022-06-18,"quantile",0.65,66.058120723643
2022-05-21,"05","28  day ahead inc hosp",2022-06-18,"quantile",0.7,71.9118042672093
2022-05-21,"05","28  day ahead inc hosp",2022-06-18,"quantile",0.75,78.2288491842929
2022-05-21,"05","28  day ahead inc hosp",2022-06-18,"quantile",0.8,85.2631782622482
2022-05-21,"05","28  day ahead inc hosp",2022-06-18,"quantile",0.85,93.4625479168787
2022-05-21,"05","28  day ahead inc hosp",2022-06-18,"quantile",0.9,103.779227207291
2022-05-21,"05","28  day ahead inc hosp",2022-06-18,"quantile",0.95,119.070100015936
2022-05-21,"05","28  day ahead inc hosp",2022-06-18,"quantile",0.975,132.332651788737
2022-05-21,"05","28  day ahead inc hosp",2022-06-18,"quantile",0.99,147.753234407506
2022-05-21,"05","29  day ahead inc hosp",2022-06-19,"quantile",0.01,0
2022-05-21,"05","29  day ahead inc hosp",2022-06-19,"quantile",0.025,0
2022-05-21,"05","29  day ahead inc hosp",2022-06-19,"quantile",0.05,0
2022-05-21,"05","29  day ahead inc hosp",2022-06-19,"quantile",0.1,0
2022-05-21,"05","29  day ahead inc hosp",2022-06-19,"quantile",0.15,8.94901183867327
2022-05-21,"05","29  day ahead inc hosp",2022-06-19,"quantile",0.2,17.3059110075187
2022-05-21,"05","29  day ahead inc hosp",2022-06-19,"quantile",0.25,24.4753863819766
2022-05-21,"05","29  day ahead inc hosp",2022-06-19,"quantile",0.3,30.9137968501914
2022-05-21,"05","29  day ahead inc hosp",2022-06-19,"quantile",0.35,36.8799436639636
2022-05-21,"05","29  day ahead inc hosp",2022-06-19,"quantile",0.4,42.5412335594643
2022-05-21,"05","29  day ahead inc hosp",2022-06-19,"quantile",0.45,48.0185970509356
2022-05-21,"05","29  day ahead inc hosp",2022-06-19,"quantile",0.5,53.4091190136189
2022-05-21,"05","29  day ahead inc hosp",2022-06-19,"quantile",0.55,58.7996409763023
2022-05-21,"05","29  day ahead inc hosp",2022-06-19,"quantile",0.6,64.2770044677735
2022-05-21,"05","29  day ahead inc hosp",2022-06-19,"quantile",0.65,69.9382943632743
2022-05-21,"05","29  day ahead inc hosp",2022-06-19,"quantile",0.7,75.9044411770464
2022-05-21,"05","29  day ahead inc hosp",2022-06-19,"quantile",0.75,82.3428516452612
2022-05-21,"05","29  day ahead inc hosp",2022-06-19,"quantile",0.8,89.5123270197191
2022-05-21,"05","29  day ahead inc hosp",2022-06-19,"quantile",0.85,97.8692261885646
2022-05-21,"05","29  day ahead inc hosp",2022-06-19,"quantile",0.9,108.384113578548
2022-05-21,"05","29  day ahead inc hosp",2022-06-19,"quantile",0.95,123.968760648745
2022-05-21,"05","29  day ahead inc hosp",2022-06-19,"quantile",0.975,137.486117781716
2022-05-21,"05","29  day ahead inc hosp",2022-06-19,"quantile",0.99,153.202966697916
2022-05-21,"05","30  day ahead inc hosp",2022-06-20,"quantile",0.01,0
2022-05-21,"05","30  day ahead inc hosp",2022-06-20,"quantile",0.025,0
2022-05-21,"05","30  day ahead inc hosp",2022-06-20,"quantile",0.05,0
2022-05-21,"05","30  day ahead inc hosp",2022-06-20,"quantile",0.1,0
2022-05-21,"05","30  day ahead inc hosp",2022-06-20,"quantile",0.15,8.94959409689577
2022-05-21,"05","30  day ahead inc hosp",2022-06-20,"quantile",0.2,17.4413895786989
2022-05-21,"05","30  day ahead inc hosp",2022-06-20,"quantile",0.25,24.7265939782789
2022-05-21,"05","30  day ahead inc hosp",2022-06-20,"quantile",0.3,31.2689326878094
2022-05-21,"05","30  day ahead inc hosp",2022-06-20,"quantile",0.35,37.3313845055646
2022-05-21,"05","30  day ahead inc hosp",2022-06-20,"quantile",0.4,43.0840584321585
2022-05-21,"05","30  day ahead inc hosp",2022-06-20,"quantile",0.45,48.649837031291
2022-05-21,"05","30  day ahead inc hosp",2022-06-20,"quantile",0.5,54.1273723135073
2022-05-21,"05","30  day ahead inc hosp",2022-06-20,"quantile",0.55,59.6049075957236
2022-05-21,"05","30  day ahead inc hosp",2022-06-20,"quantile",0.6,65.1706861948561
2022-05-21,"05","30  day ahead inc hosp",2022-06-20,"quantile",0.65,70.92336012145
2022-05-21,"05","30  day ahead inc hosp",2022-06-20,"quantile",0.7,76.9858119392052
2022-05-21,"05","30  day ahead inc hosp",2022-06-20,"quantile",0.75,83.5281506487357
2022-05-21,"05","30  day ahead inc hosp",2022-06-20,"quantile",0.8,90.8133550483157
2022-05-21,"05","30  day ahead inc hosp",2022-06-20,"quantile",0.85,99.3051505301189
2022-05-21,"05","30  day ahead inc hosp",2022-06-20,"quantile",0.9,109.98976828437
2022-05-21,"05","30  day ahead inc hosp",2022-06-20,"quantile",0.95,125.825981322522
2022-05-21,"05","30  day ahead inc hosp",2022-06-20,"quantile",0.975,139.561534415661
2022-05-21,"05","30  day ahead inc hosp",2022-06-20,"quantile",0.99,155.532083290095
2022-05-21,"05","31  day ahead inc hosp",2022-06-21,"quantile",0.01,0
2022-05-21,"05","31  day ahead inc hosp",2022-06-21,"quantile",0.025,0
2022-05-21,"05","31  day ahead inc hosp",2022-06-21,"quantile",0.05,0
2022-05-21,"05","31  day ahead inc hosp",2022-06-21,"quantile",0.1,0
2022-05-21,"05","31  day ahead inc hosp",2022-06-21,"quantile",0.15,8.93572849229535
2022-05-21,"05","31  day ahead inc hosp",2022-06-21,"quantile",0.2,17.5527118761537
2022-05-21,"05","31  day ahead inc hosp",2022-06-21,"quantile",0.25,24.945316348755
2022-05-21,"05","31  day ahead inc hosp",2022-06-21,"quantile",0.3,31.5841036431972
2022-05-21,"05","31  day ahead inc hosp",2022-06-21,"quantile",0.35,37.7359294485858
2022-05-21,"05","31  day ahead inc hosp",2022-06-21,"quantile",0.4,43.5734105495424
2022-05-21,"05","31  day ahead inc hosp",2022-06-21,"quantile",0.45,49.2212410713364
2022-05-21,"05","31  day ahead inc hosp",2022-06-21,"quantile",0.5,54.7795273739798
2022-05-21,"05","31  day ahead inc hosp",2022-06-21,"quantile",0.55,60.3378136766232
2022-05-21,"05","31  day ahead inc hosp",2022-06-21,"quantile",0.6,65.9856441984171
2022-05-21,"05","31  day ahead inc hosp",2022-06-21,"quantile",0.65,71.8231252993737
2022-05-21,"05","31  day ahead inc hosp",2022-06-21,"quantile",0.7,77.9749511047623
2022-05-21,"05","31  day ahead inc hosp",2022-06-21,"quantile",0.75,84.6137383992045
2022-05-21,"05","31  day ahead inc hosp",2022-06-21,"quantile",0.8,92.0063428718059
2022-05-21,"05","31  day ahead inc hosp",2022-06-21,"quantile",0.85,100.623326255664
2022-05-21,"05","31  day ahead inc hosp",2022-06-21,"quantile",0.9,111.465458976424
2022-05-21,"05","31  day ahead inc hosp",2022-06-21,"quantile",0.95,127.535132922931
2022-05-21,"05","31  day ahead inc hosp",2022-06-21,"quantile",0.975,141.473178537114
2022-05-21,"05","31  day ahead inc hosp",2022-06-21,"quantile",0.99,157.679168728116
2022-05-21,"05","32  day ahead inc hosp",2022-06-22,"quantile",0.01,0
2022-05-21,"05","32  day ahead inc hosp",2022-06-22,"quantile",0.025,0
2022-05-21,"05","32  day ahead inc hosp",2022-06-22,"quantile",0.05,0
2022-05-21,"05","32  day ahead inc hosp",2022-06-22,"quantile",0.1,0
2022-05-21,"05","32  day ahead inc hosp",2022-06-22,"quantile",0.15,9.03822630570934
2022-05-21,"05","32  day ahead inc hosp",2022-06-22,"quantile",0.2,17.7682828264942
2022-05-21,"05","32  day ahead inc hosp",2022-06-22,"quantile",0.25,25.2578939823555
2022-05-21,"05","32  day ahead inc hosp",2022-06-22,"quantile",0.3,31.9837962764829
2022-05-21,"05","32  day ahead inc hosp",2022-06-22,"quantile",0.35,38.2163471118099
2022-05-21,"05","32  day ahead inc hosp",2022-06-22,"quantile",0.4,44.1304283720602
2022-05-21,"05","32  day ahead inc hosp",2022-06-22,"quantile",0.45,49.8523704344572
2022-05-21,"05","32  day ahead inc hosp",2022-06-22,"quantile",0.5,55.4835932672271
2022-05-21,"05","32  day ahead inc hosp",2022-06-22,"quantile",0.55,61.1148160999969
2022-05-21,"05","32  day ahead inc hosp",2022-06-22,"quantile",0.6,66.8367581623939
2022-05-21,"05","32  day ahead inc hosp",2022-06-22,"quantile",0.65,72.7508394226443
2022-05-21,"05","32  day ahead inc hosp",2022-06-22,"quantile",0.7,78.9833902579713
2022-05-21,"05","32  day ahead inc hosp",2022-06-22,"quantile",0.75,85.7092925520986
2022-05-21,"05","32  day ahead inc hosp",2022-06-22,"quantile",0.8,93.1989037079599
2022-05-21,"05","32  day ahead inc hosp",2022-06-22,"quantile",0.85,101.928960228745
2022-05-21,"05","32  day ahead inc hosp",2022-06-22,"quantile",0.9,112.913364775166
2022-05-21,"05","32  day ahead inc hosp",2022-06-22,"quantile",0.95,129.19390699907
2022-05-21,"05","32  day ahead inc hosp",2022-06-22,"quantile",0.975,143.31484939627
2022-05-21,"05","32  day ahead inc hosp",2022-06-22,"quantile",0.99,159.73349662353
2022-05-21,"05","33  day ahead inc hosp",2022-06-23,"quantile",0.01,0
2022-05-21,"05","33  day ahead inc hosp",2022-06-23,"quantile",0.025,0
2022-05-21,"05","33  day ahead inc hosp",2022-06-23,"quantile",0.05,0
2022-05-21,"05","33  day ahead inc hosp",2022-06-23,"quantile",0.1,0
2022-05-21,"05","33  day ahead inc hosp",2022-06-23,"quantile",0.15,9.10791173828348
2022-05-21,"05","33  day ahead inc hosp",2022-06-23,"quantile",0.2,17.9454048445966
2022-05-21,"05","33  day ahead inc hosp",2022-06-23,"quantile",0.25,25.5271870245062
2022-05-21,"05","33  day ahead inc hosp",2022-06-23,"quantile",0.3,32.3358617468941
2022-05-21,"05","33  day ahead inc hosp",2022-06-23,"quantile",0.35,38.6451135725623
2022-05-21,"05","33  day ahead inc hosp",2022-06-23,"quantile",0.4,44.6319765720402
2022-05-21,"05","33  day ahead inc hosp",2022-06-23,"quantile",0.45,50.4243358094362
2022-05-21,"05","33  day ahead inc hosp",2022-06-23,"quantile",0.5,56.1248593794992
2022-05-21,"05","33  day ahead inc hosp",2022-06-23,"quantile",0.55,61.8253829495622
2022-05-21,"05","33  day ahead inc hosp",2022-06-23,"quantile",0.6,67.6177421869581
2022-05-21,"05","33  day ahead inc hosp",2022-06-23,"quantile",0.65,73.6046051864361
2022-05-21,"05","33  day ahead inc hosp",2022-06-23,"quantile",0.7,79.9138570121043
2022-05-21,"05","33  day ahead inc hosp",2022-06-23,"quantile",0.75,86.7225317344922
2022-05-21,"05","33  day ahead inc hosp",2022-06-23,"quantile",0.8,94.3043139144018
2022-05-21,"05","33  day ahead inc hosp",2022-06-23,"quantile",0.85,103.141807020715
2022-05-21,"05","33  day ahead inc hosp",2022-06-23,"quantile",0.9,114.261391324073
2022-05-21,"05","33  day ahead inc hosp",2022-06-23,"quantile",0.95,130.74229031118
2022-05-21,"05","33  day ahead inc hosp",2022-06-23,"quantile",0.975,145.037012320458
2022-05-21,"05","33  day ahead inc hosp",2022-06-23,"quantile",0.99,161.657715902438
2022-05-21,"05","34  day ahead inc hosp",2022-06-24,"quantile",0.01,0
2022-05-21,"05","34  day ahead inc hosp",2022-06-24,"quantile",0.025,0
2022-05-21,"05","34  day ahead inc hosp",2022-06-24,"quantile",0.05,0
2022-05-21,"05","34  day ahead inc hosp",2022-06-24,"quantile",0.1,0
2022-05-21,"05","34  day ahead inc hosp",2022-06-24,"quantile",0.15,9.03277383328986
2022-05-21,"05","34  day ahead inc hosp",2022-06-24,"quantile",0.2,17.9789097562649
2022-05-21,"05","34  day ahead inc hosp",2022-06-24,"quantile",0.25,25.6538977991305
2022-05-21,"05","34  day ahead inc hosp",2022-06-24,"quantile",0.3,32.5462742671013
2022-05-21,"05","34  day ahead inc hosp",2022-06-24,"quantile",0.35,38.9330882341057
2022-05-21,"05","34  day ahead inc hosp",2022-06-24,"quantile",0.4,44.9935501208934
2022-05-21,"05","34  day ahead inc hosp",2022-06-24,"quantile",0.45,50.8571171335144
2022-05-21,"05","34  day ahead inc hosp",2022-06-24,"quantile",0.5,56.627719506429
2022-05-21,"05","34  day ahead inc hosp",2022-06-24,"quantile",0.55,62.3983218793435
2022-05-21,"05","34  day ahead inc hosp",2022-06-24,"quantile",0.6,68.2618888919646
2022-05-21,"05","34  day ahead inc hosp",2022-06-24,"quantile",0.65,74.3223507787523
2022-05-21,"05","34  day ahead inc hosp",2022-06-24,"quantile",0.7,80.7091647457567
2022-05-21,"05","34  day ahead inc hosp",2022-06-24,"quantile",0.75,87.6015412137275
2022-05-21,"05","34  day ahead inc hosp",2022-06-24,"quantile",0.8,95.2765292565931
2022-05-21,"05","34  day ahead inc hosp",2022-06-24,"quantile",0.85,104.222665179568
2022-05-21,"05","34  day ahead inc hosp",2022-06-24,"quantile",0.9,115.478946954063
2022-05-21,"05","34  day ahead inc hosp",2022-06-24,"quantile",0.95,132.162452185446
2022-05-21,"05","34  day ahead inc hosp",2022-06-24,"quantile",0.975,146.632904896157
2022-05-21,"05","34  day ahead inc hosp",2022-06-24,"quantile",0.99,163.457933395886
2022-05-21,"05","35  day ahead inc hosp",2022-06-25,"quantile",0.01,0
2022-05-21,"05","35  day ahead inc hosp",2022-06-25,"quantile",0.025,0
2022-05-21,"05","35  day ahead inc hosp",2022-06-25,"quantile",0.05,0
2022-05-21,"05","35  day ahead inc hosp",2022-06-25,"quantile",0.1,0
2022-05-21,"05","35  day ahead inc hosp",2022-06-25,"quantile",0.15,9.0219911055608
2022-05-21,"05","35  day ahead inc hosp",2022-06-25,"quantile",0.2,18.0730198609294
2022-05-21,"05","35  day ahead inc hosp",2022-06-25,"quantile",0.25,25.8379966141538
2022-05-21,"05","35  day ahead inc hosp",2022-06-25,"quantile",0.3,32.8111857252447
2022-05-21,"05","35  day ahead inc hosp",2022-06-25,"quantile",0.35,39.2728846495914
2022-05-21,"05","35  day ahead inc hosp",2022-06-25,"quantile",0.4,45.4044050378809
2022-05-21,"05","35  day ahead inc hosp",2022-06-25,"quantile",0.45,51.3367219730583
2022-05-21,"05","35  day ahead inc hosp",2022-06-25,"quantile",0.5,57.1749842644811
2022-05-21,"05","35  day ahead inc hosp",2022-06-25,"quantile",0.55,63.0132465559039
2022-05-21,"05","35  day ahead inc hosp",2022-06-25,"quantile",0.6,68.9455634910813
2022-05-21,"05","35  day ahead inc hosp",2022-06-25,"quantile",0.65,75.0770838793708
2022-05-21,"05","35  day ahead inc hosp",2022-06-25,"quantile",0.7,81.5387828037175
2022-05-21,"05","35  day ahead inc hosp",2022-06-25,"quantile",0.75,88.5119719148085
2022-05-21,"05","35  day ahead inc hosp",2022-06-25,"quantile",0.8,96.2769486680328
2022-05-21,"05","35  day ahead inc hosp",2022-06-25,"quantile",0.85,105.327977423401
2022-05-21,"05","35  day ahead inc hosp",2022-06-25,"quantile",0.9,116.716238332543
2022-05-21,"05","35  day ahead inc hosp",2022-06-25,"quantile",0.95,133.595356522755
2022-05-21,"05","35  day ahead inc hosp",2022-06-25,"quantile",0.975,148.23547430271
2022-05-21,"05","35  day ahead inc hosp",2022-06-25,"quantile",0.99,165.257775111918
2022-05-21,"05","36  day ahead inc hosp",2022-06-26,"quantile",0.01,0
2022-05-21,"05","36  day ahead inc hosp",2022-06-26,"quantile",0.025,0
2022-05-21,"05","36  day ahead inc hosp",2022-06-26,"quantile",0.05,0
2022-05-21,"05","36  day ahead inc hosp",2022-06-26,"quantile",0.1,0.770671099154882
2022-05-21,"05","36  day ahead inc hosp",2022-06-26,"quantile",0.15,12.2922043425794
2022-05-21,"05","36  day ahead inc hosp",2022-06-26,"quantile",0.2,21.4491537244167
2022-05-21,"05","36  day ahead inc hosp",2022-06-26,"quantile",0.25,29.3050009437998
2022-05-21,"05","36  day ahead inc hosp",2022-06-26,"quantile",0.3,36.3597945419712
2022-05-21,"05","36  day ahead inc hosp",2022-06-26,"quantile",0.35,42.8971121850975
2022-05-21,"05","36  day ahead inc hosp",2022-06-26,"quantile",0.4,49.1003873427383
2022-05-21,"05","36  day ahead inc hosp",2022-06-26,"quantile",0.45,55.1021278476743
2022-05-21,"05","36  day ahead inc hosp",2022-06-26,"quantile",0.5,61.0087130243856
2022-05-21,"05","36  day ahead inc hosp",2022-06-26,"quantile",0.55,66.9152982010969
2022-05-21,"05","36  day ahead inc hosp",2022-06-26,"quantile",0.6,72.9170387060329
2022-05-21,"05","36  day ahead inc hosp",2022-06-26,"quantile",0.65,79.1203138636737
2022-05-21,"05","36  day ahead inc hosp",2022-06-26,"quantile",0.7,85.6576315068
2022-05-21,"05","36  day ahead inc hosp",2022-06-26,"quantile",0.75,92.7124251049714
2022-05-21,"05","36  day ahead inc hosp",2022-06-26,"quantile",0.8,100.568272324354
2022-05-21,"05","36  day ahead inc hosp",2022-06-26,"quantile",0.85,109.725221706192
2022-05-21,"05","36  day ahead inc hosp",2022-06-26,"quantile",0.9,121.246754949616
2022-05-21,"05","36  day ahead inc hosp",2022-06-26,"quantile",0.95,138.323402815323
2022-05-21,"05","36  day ahead inc hosp",2022-06-26,"quantile",0.975,153.134848130384
2022-05-21,"05","36  day ahead inc hosp",2022-06-26,"quantile",0.99,170.356354224912
2022-05-21,"05","37  day ahead inc hosp",2022-06-27,"quantile",0.01,0
2022-05-21,"05","37  day ahead inc hosp",2022-06-27,"quantile",0.025,0
2022-05-21,"05","37  day ahead inc hosp",2022-06-27,"quantile",0.05,0
2022-05-21,"05","37  day ahead inc hosp",2022-06-27,"quantile",0.1,0.681128309251463
2022-05-21,"05","37  day ahead inc hosp",2022-06-27,"quantile",0.15,12.3272327551301
2022-05-21,"05","37  day ahead inc hosp",2022-06-27,"quantile",0.2,21.5831873796905
2022-05-21,"05","37  day ahead inc hosp",2022-06-27,"quantile",0.25,29.523972281736
2022-05-21,"05","37  day ahead inc hosp",2022-06-27,"quantile",0.3,36.6550425440476
2022-05-21,"05","37  day ahead inc hosp",2022-06-27,"quantile",0.35,43.2630418839953
2022-05-21,"05","37  day ahead inc hosp",2022-06-27,"quantile",0.4,49.5333870599413
2022-05-21,"05","37  day ahead inc hosp",2022-06-27,"quantile",0.45,55.6000185837827
2022-05-21,"05","37  day ahead inc hosp",2022-06-27,"quantile",0.5,61.5704659568106
2022-05-21,"05","37  day ahead inc hosp",2022-06-27,"quantile",0.55,67.5409133298386
2022-05-21,"05","37  day ahead inc hosp",2022-06-27,"quantile",0.6,73.6075448536799
2022-05-21,"05","37  day ahead inc hosp",2022-06-27,"quantile",0.65,79.8778900296259
2022-05-21,"05","37  day ahead inc hosp",2022-06-27,"quantile",0.7,86.4858893695736
2022-05-21,"05","37  day ahead inc hosp",2022-06-27,"quantile",0.75,93.6169596318853
2022-05-21,"05","37  day ahead inc hosp",2022-06-27,"quantile",0.8,101.557744533931
2022-05-21,"05","37  day ahead inc hosp",2022-06-27,"quantile",0.85,110.813699158491
2022-05-21,"05","37  day ahead inc hosp",2022-06-27,"quantile",0.9,122.45980360437
2022-05-21,"05","37  day ahead inc hosp",2022-06-27,"quantile",0.95,139.721084757467
2022-05-21,"05","37  day ahead inc hosp",2022-06-27,"quantile",0.975,154.692671914243
2022-05-21,"05","37  day ahead inc hosp",2022-06-27,"quantile",0.99,172.100377508173
2022-05-21,"06","1  day ahead inc hosp",2022-05-22,"quantile",0.01,236.714846792141
2022-05-21,"06","1  day ahead inc hosp",2022-05-22,"quantile",0.025,259.853166219826
2022-05-21,"06","1  day ahead inc hosp",2022-05-22,"quantile",0.05,279.753397419378
2022-05-21,"06","1  day ahead inc hosp",2022-05-22,"quantile",0.1,302.697089504263
2022-05-21,"06","1  day ahead inc hosp",2022-05-22,"quantile",0.15,318.177089628513
2022-05-21,"06","1  day ahead inc hosp",2022-05-22,"quantile",0.2,330.480103001276
2022-05-21,"06","1  day ahead inc hosp",2022-05-22,"quantile",0.25,341.034992994024
2022-05-21,"06","1  day ahead inc hosp",2022-05-22,"quantile",0.3,350.513610420101
2022-05-21,"06","1  day ahead inc hosp",2022-05-22,"quantile",0.35,359.296962061742
2022-05-21,"06","1  day ahead inc hosp",2022-05-22,"quantile",0.4,367.63150384383
2022-05-21,"06","1  day ahead inc hosp",2022-05-22,"quantile",0.45,375.695269472866
2022-05-21,"06","1  day ahead inc hosp",2022-05-22,"quantile",0.5,383.631187144376
2022-05-21,"06","1  day ahead inc hosp",2022-05-22,"quantile",0.55,391.567104815886
2022-05-21,"06","1  day ahead inc hosp",2022-05-22,"quantile",0.6,399.630870444922
2022-05-21,"06","1  day ahead inc hosp",2022-05-22,"quantile",0.65,407.965412227009
2022-05-21,"06","1  day ahead inc hosp",2022-05-22,"quantile",0.7,416.74876386865
2022-05-21,"06","1  day ahead inc hosp",2022-05-22,"quantile",0.75,426.227381294727
2022-05-21,"06","1  day ahead inc hosp",2022-05-22,"quantile",0.8,436.782271287475
2022-05-21,"06","1  day ahead inc hosp",2022-05-22,"quantile",0.85,449.085284660239
2022-05-21,"06","1  day ahead inc hosp",2022-05-22,"quantile",0.9,464.565284784488
2022-05-21,"06","1  day ahead inc hosp",2022-05-22,"quantile",0.95,487.508976869373
2022-05-21,"06","1  day ahead inc hosp",2022-05-22,"quantile",0.975,507.409208068925
2022-05-21,"06","1  day ahead inc hosp",2022-05-22,"quantile",0.99,530.54752749661
2022-05-21,"06","2  day ahead inc hosp",2022-05-23,"quantile",0.01,220.114101079782
2022-05-21,"06","2  day ahead inc hosp",2022-05-23,"quantile",0.025,249.864779218405
2022-05-21,"06","2  day ahead inc hosp",2022-05-23,"quantile",0.05,275.452003699093
2022-05-21,"06","2  day ahead inc hosp",2022-05-23,"quantile",0.1,304.952434819962
2022-05-21,"06","2  day ahead inc hosp",2022-05-23,"quantile",0.15,324.856235643602
2022-05-21,"06","2  day ahead inc hosp",2022-05-23,"quantile",0.2,340.675145574904
2022-05-21,"06","2  day ahead inc hosp",2022-05-23,"quantile",0.25,354.246361753513
2022-05-21,"06","2  day ahead inc hosp",2022-05-23,"quantile",0.3,366.433733317973
2022-05-21,"06","2  day ahead inc hosp",2022-05-23,"quantile",0.35,377.727149353891
2022-05-21,"06","2  day ahead inc hosp",2022-05-23,"quantile",0.4,388.443496786415
2022-05-21,"06","2  day ahead inc hosp",2022-05-23,"quantile",0.45,398.811686946661
2022-05-21,"06","2  day ahead inc hosp",2022-05-23,"quantile",0.5,409.015493369059
2022-05-21,"06","2  day ahead inc hosp",2022-05-23,"quantile",0.55,419.219299791456
2022-05-21,"06","2  day ahead inc hosp",2022-05-23,"quantile",0.6,429.587489951702
2022-05-21,"06","2  day ahead inc hosp",2022-05-23,"quantile",0.65,440.303837384226
2022-05-21,"06","2  day ahead inc hosp",2022-05-23,"quantile",0.7,451.597253420144
2022-05-21,"06","2  day ahead inc hosp",2022-05-23,"quantile",0.75,463.784624984604
2022-05-21,"06","2  day ahead inc hosp",2022-05-23,"quantile",0.8,477.355841163213
2022-05-21,"06","2  day ahead inc hosp",2022-05-23,"quantile",0.85,493.174751094515
2022-05-21,"06","2  day ahead inc hosp",2022-05-23,"quantile",0.9,513.078551918155
2022-05-21,"06","2  day ahead inc hosp",2022-05-23,"quantile",0.95,542.578983039024
2022-05-21,"06","2  day ahead inc hosp",2022-05-23,"quantile",0.975,568.166207519712
2022-05-21,"06","2  day ahead inc hosp",2022-05-23,"quantile",0.99,597.916885658335
2022-05-21,"06","3  day ahead inc hosp",2022-05-24,"quantile",0.01,218.443885416098
2022-05-21,"06","3  day ahead inc hosp",2022-05-24,"quantile",0.025,250.930076240971
2022-05-21,"06","3  day ahead inc hosp",2022-05-24,"quantile",0.05,278.869992544236
2022-05-21,"06","3  day ahead inc hosp",2022-05-24,"quantile",0.1,311.082926661002
2022-05-21,"06","3  day ahead inc hosp",2022-05-24,"quantile",0.15,332.816840378336
2022-05-21,"06","3  day ahead inc hosp",2022-05-24,"quantile",0.2,350.090266021788
2022-05-21,"06","3  day ahead inc hosp",2022-05-24,"quantile",0.25,364.909327168886
2022-05-21,"06","3  day ahead inc hosp",2022-05-24,"quantile",0.3,378.21730208132
2022-05-21,"06","3  day ahead inc hosp",2022-05-24,"quantile",0.35,390.549124122419
2022-05-21,"06","3  day ahead inc hosp",2022-05-24,"quantile",0.4,402.250817307915
2022-05-21,"06","3  day ahead inc hosp",2022-05-24,"quantile",0.45,413.572340887474
2022-05-21,"06","3  day ahead inc hosp",2022-05-24,"quantile",0.5,424.714365987996
2022-05-21,"06","3  day ahead inc hosp",2022-05-24,"quantile",0.55,435.856391088518
2022-05-21,"06","3  day ahead inc hosp",2022-05-24,"quantile",0.6,447.177914668077
2022-05-21,"06","3  day ahead inc hosp",2022-05-24,"quantile",0.65,458.879607853573
2022-05-21,"06","3  day ahead inc hosp",2022-05-24,"quantile",0.7,471.211429894672
2022-05-21,"06","3  day ahead inc hosp",2022-05-24,"quantile",0.75,484.519404807105
2022-05-21,"06","3  day ahead inc hosp",2022-05-24,"quantile",0.8,499.338465954204
2022-05-21,"06","3  day ahead inc hosp",2022-05-24,"quantile",0.85,516.611891597655
2022-05-21,"06","3  day ahead inc hosp",2022-05-24,"quantile",0.9,538.34580531499
2022-05-21,"06","3  day ahead inc hosp",2022-05-24,"quantile",0.95,570.558739431756
2022-05-21,"06","3  day ahead inc hosp",2022-05-24,"quantile",0.975,598.498655735021
2022-05-21,"06","3  day ahead inc hosp",2022-05-24,"quantile",0.99,630.984846559894
2022-05-21,"06","4  day ahead inc hosp",2022-05-25,"quantile",0.01,218.097904863858
2022-05-21,"06","4  day ahead inc hosp",2022-05-25,"quantile",0.025,253.269394890444
2022-05-21,"06","4  day ahead inc hosp",2022-05-25,"quantile",0.05,283.518816649413
2022-05-21,"06","4  day ahead inc hosp",2022-05-25,"quantile",0.1,318.394462646895
2022-05-21,"06","4  day ahead inc hosp",2022-05-25,"quantile",0.15,341.924895428896
2022-05-21,"06","4  day ahead inc hosp",2022-05-25,"quantile",0.2,360.62613747413
2022-05-21,"06","4  day ahead inc hosp",2022-05-25,"quantile",0.25,376.670137958776
2022-05-21,"06","4  day ahead inc hosp",2022-05-25,"quantile",0.3,391.078146254668
2022-05-21,"06","4  day ahead inc hosp",2022-05-25,"quantile",0.35,404.429313163287
2022-05-21,"06","4  day ahead inc hosp",2022-05-25,"quantile",0.4,417.098264946108
2022-05-21,"06","4  day ahead inc hosp",2022-05-25,"quantile",0.45,429.355622412573
2022-05-21,"06","4  day ahead inc hosp",2022-05-25,"quantile",0.5,441.418644107284
2022-05-21,"06","4  day ahead inc hosp",2022-05-25,"quantile",0.55,453.481665801995
2022-05-21,"06","4  day ahead inc hosp",2022-05-25,"quantile",0.6,465.739023268459
2022-05-21,"06","4  day ahead inc hosp",2022-05-25,"quantile",0.65,478.40797505128
2022-05-21,"06","4  day ahead inc hosp",2022-05-25,"quantile",0.7,491.7591419599
2022-05-21,"06","4  day ahead inc hosp",2022-05-25,"quantile",0.75,506.167150255792
2022-05-21,"06","4  day ahead inc hosp",2022-05-25,"quantile",0.8,522.211150740437
2022-05-21,"06","4  day ahead inc hosp",2022-05-25,"quantile",0.85,540.912392785672
2022-05-21,"06","4  day ahead inc hosp",2022-05-25,"quantile",0.9,564.442825567672
2022-05-21,"06","4  day ahead inc hosp",2022-05-25,"quantile",0.95,599.318471565154
2022-05-21,"06","4  day ahead inc hosp",2022-05-25,"quantile",0.975,629.567893324123
2022-05-21,"06","4  day ahead inc hosp",2022-05-25,"quantile",0.99,664.739383350709
2022-05-21,"06","5  day ahead inc hosp",2022-05-26,"quantile",0.01,201.147621889624
2022-05-21,"06","5  day ahead inc hosp",2022-05-26,"quantile",0.025,240.076966219457
2022-05-21,"06","5  day ahead inc hosp",2022-05-26,"quantile",0.05,273.558349992027
2022-05-21,"06","5  day ahead inc hosp",2022-05-26,"quantile",0.1,312.160241203774
2022-05-21,"06","5  day ahead inc hosp",2022-05-26,"quantile",0.15,338.20475394145
2022-05-21,"06","5  day ahead inc hosp",2022-05-26,"quantile",0.2,358.9041070375
2022-05-21,"06","5  day ahead inc hosp",2022-05-26,"quantile",0.25,376.662308888563
2022-05-21,"06","5  day ahead inc hosp",2022-05-26,"quantile",0.3,392.609722991118
2022-05-21,"06","5  day ahead inc hosp",2022-05-26,"quantile",0.35,407.387378796938
2022-05-21,"06","5  day ahead inc hosp",2022-05-26,"quantile",0.4,421.409929046549
2022-05-21,"06","5  day ahead inc hosp",2022-05-26,"quantile",0.45,434.9769086947
2022-05-21,"06","5  day ahead inc hosp",2022-05-26,"quantile",0.5,448.328789006187
2022-05-21,"06","5  day ahead inc hosp",2022-05-26,"quantile",0.55,461.680669317675
2022-05-21,"06","5  day ahead inc hosp",2022-05-26,"quantile",0.6,475.247648965826
2022-05-21,"06","5  day ahead inc hosp",2022-05-26,"quantile",0.65,489.270199215437
2022-05-21,"06","5  day ahead inc hosp",2022-05-26,"quantile",0.7,504.047855021257
2022-05-21,"06","5  day ahead inc hosp",2022-05-26,"quantile",0.75,519.995269123812
2022-05-21,"06","5  day ahead inc hosp",2022-05-26,"quantile",0.8,537.753470974875
2022-05-21,"06","5  day ahead inc hosp",2022-05-26,"quantile",0.85,558.452824070925
2022-05-21,"06","5  day ahead inc hosp",2022-05-26,"quantile",0.9,584.497336808601
2022-05-21,"06","5  day ahead inc hosp",2022-05-26,"quantile",0.95,623.099228020348
2022-05-21,"06","5  day ahead inc hosp",2022-05-26,"quantile",0.975,656.580611792918
2022-05-21,"06","5  day ahead inc hosp",2022-05-26,"quantile",0.99,695.509956122751
2022-05-21,"06","6  day ahead inc hosp",2022-05-27,"quantile",0.01,177.591970909022
2022-05-21,"06","6  day ahead inc hosp",2022-05-27,"quantile",0.025,221.20269622895
2022-05-21,"06","6  day ahead inc hosp",2022-05-27,"quantile",0.05,258.710325914808
2022-05-21,"06","6  day ahead inc hosp",2022-05-27,"quantile",0.1,301.95422080813
2022-05-21,"06","6  day ahead inc hosp",2022-05-27,"quantile",0.15,331.130671391803
2022-05-21,"06","6  day ahead inc hosp",2022-05-27,"quantile",0.2,354.319189403401
2022-05-21,"06","6  day ahead inc hosp",2022-05-27,"quantile",0.25,374.212873112557
2022-05-21,"06","6  day ahead inc hosp",2022-05-27,"quantile",0.3,392.078015923522
2022-05-21,"06","6  day ahead inc hosp",2022-05-27,"quantile",0.35,408.632733176393
2022-05-21,"06","6  day ahead inc hosp",2022-05-27,"quantile",0.4,424.341540960038
2022-05-21,"06","6  day ahead inc hosp",2022-05-27,"quantile",0.45,439.539994287266
2022-05-21,"06","6  day ahead inc hosp",2022-05-27,"quantile",0.5,454.497481879026
2022-05-21,"06","6  day ahead inc hosp",2022-05-27,"quantile",0.55,469.454969470786
2022-05-21,"06","6  day ahead inc hosp",2022-05-27,"quantile",0.6,484.653422798014
2022-05-21,"06","6  day ahead inc hosp",2022-05-27,"quantile",0.65,500.362230581659
2022-05-21,"06","6  day ahead inc hosp",2022-05-27,"quantile",0.7,516.91694783453
2022-05-21,"06","6  day ahead inc hosp",2022-05-27,"quantile",0.75,534.782090645495
2022-05-21,"06","6  day ahead inc hosp",2022-05-27,"quantile",0.8,554.675774354651
2022-05-21,"06","6  day ahead inc hosp",2022-05-27,"quantile",0.85,577.864292366249
2022-05-21,"06","6  day ahead inc hosp",2022-05-27,"quantile",0.9,607.040742949922
2022-05-21,"06","6  day ahead inc hosp",2022-05-27,"quantile",0.95,650.284637843244
2022-05-21,"06","6  day ahead inc hosp",2022-05-27,"quantile",0.975,687.792267529102
2022-05-21,"06","6  day ahead inc hosp",2022-05-27,"quantile",0.99,731.40299284903
2022-05-21,"06","7  day ahead inc hosp",2022-05-28,"quantile",0.01,138.676684394913
2022-05-21,"06","7  day ahead inc hosp",2022-05-28,"quantile",0.025,187.706754005518
2022-05-21,"06","7  day ahead inc hosp",2022-05-28,"quantile",0.05,229.875318755026
2022-05-21,"06","7  day ahead inc hosp",2022-05-28,"quantile",0.1,278.492973272329
2022-05-21,"06","7  day ahead inc hosp",2022-05-28,"quantile",0.15,311.295073962321
2022-05-21,"06","7  day ahead inc hosp",2022-05-28,"quantile",0.2,337.365143742973
2022-05-21,"06","7  day ahead inc hosp",2022-05-28,"quantile",0.25,359.730942291744
2022-05-21,"06","7  day ahead inc hosp",2022-05-28,"quantile",0.3,379.816120632604
2022-05-21,"06","7  day ahead inc hosp",2022-05-28,"quantile",0.35,398.428031655355
2022-05-21,"06","7  day ahead inc hosp",2022-05-28,"quantile",0.4,416.088915153199
2022-05-21,"06","7  day ahead inc hosp",2022-05-28,"quantile",0.45,433.176024325103
2022-05-21,"06","7  day ahead inc hosp",2022-05-28,"quantile",0.5,449.992223836663
2022-05-21,"06","7  day ahead inc hosp",2022-05-28,"quantile",0.55,466.808423348223
2022-05-21,"06","7  day ahead inc hosp",2022-05-28,"quantile",0.6,483.895532520127
2022-05-21,"06","7  day ahead inc hosp",2022-05-28,"quantile",0.65,501.556416017971
2022-05-21,"06","7  day ahead inc hosp",2022-05-28,"quantile",0.7,520.168327040722
2022-05-21,"06","7  day ahead inc hosp",2022-05-28,"quantile",0.75,540.253505381582
2022-05-21,"06","7  day ahead inc hosp",2022-05-28,"quantile",0.8,562.619303930353
2022-05-21,"06","7  day ahead inc hosp",2022-05-28,"quantile",0.85,588.689373711005
2022-05-21,"06","7  day ahead inc hosp",2022-05-28,"quantile",0.9,621.491474400997
2022-05-21,"06","7  day ahead inc hosp",2022-05-28,"quantile",0.95,670.1091289183
2022-05-21,"06","7  day ahead inc hosp",2022-05-28,"quantile",0.975,712.277693667808
2022-05-21,"06","7  day ahead inc hosp",2022-05-28,"quantile",0.99,761.307763278413
2022-05-21,"06","8  day ahead inc hosp",2022-05-29,"quantile",0.01,135.317459559824
2022-05-21,"06","8  day ahead inc hosp",2022-05-29,"quantile",0.025,190.331450360237
2022-05-21,"06","8  day ahead inc hosp",2022-05-29,"quantile",0.05,237.646517453153
2022-05-21,"06","8  day ahead inc hosp",2022-05-29,"quantile",0.1,292.19775957038
2022-05-21,"06","8  day ahead inc hosp",2022-05-29,"quantile",0.15,329.00322364427
2022-05-21,"06","8  day ahead inc hosp",2022-05-29,"quantile",0.2,358.255039733243
2022-05-21,"06","8  day ahead inc hosp",2022-05-29,"quantile",0.25,383.35049330649
2022-05-21,"06","8  day ahead inc hosp",2022-05-29,"quantile",0.3,405.886986222864
2022-05-21,"06","8  day ahead inc hosp",2022-05-29,"quantile",0.35,426.77040551873
2022-05-21,"06","8  day ahead inc hosp",2022-05-29,"quantile",0.4,446.586728236482
2022-05-21,"06","8  day ahead inc hosp",2022-05-29,"quantile",0.45,465.759249798341
2022-05-21,"06","8  day ahead inc hosp",2022-05-29,"quantile",0.5,484.627798274291
2022-05-21,"06","8  day ahead inc hosp",2022-05-29,"quantile",0.55,503.49634675024
2022-05-21,"06","8  day ahead inc hosp",2022-05-29,"quantile",0.6,522.668868312099
2022-05-21,"06","8  day ahead inc hosp",2022-05-29,"quantile",0.65,542.485191029851
2022-05-21,"06","8  day ahead inc hosp",2022-05-29,"quantile",0.7,563.368610325717
2022-05-21,"06","8  day ahead inc hosp",2022-05-29,"quantile",0.75,585.905103242092
2022-05-21,"06","8  day ahead inc hosp",2022-05-29,"quantile",0.8,611.000556815338
2022-05-21,"06","8  day ahead inc hosp",2022-05-29,"quantile",0.85,640.252372904311
2022-05-21,"06","8  day ahead inc hosp",2022-05-29,"quantile",0.9,677.057836978202
2022-05-21,"06","8  day ahead inc hosp",2022-05-29,"quantile",0.95,731.609079095428
2022-05-21,"06","8  day ahead inc hosp",2022-05-29,"quantile",0.975,778.924146188344
2022-05-21,"06","8  day ahead inc hosp",2022-05-29,"quantile",0.99,833.938136988757
2022-05-21,"06","9  day ahead inc hosp",2022-05-30,"quantile",0.01,112.272829005096
2022-05-21,"06","9  day ahead inc hosp",2022-05-30,"quantile",0.025,173.69161950588
2022-05-21,"06","9  day ahead inc hosp",2022-05-30,"quantile",0.05,226.515167680256
2022-05-21,"06","9  day ahead inc hosp",2022-05-30,"quantile",0.1,287.417335699856
2022-05-21,"06","9  day ahead inc hosp",2022-05-30,"quantile",0.15,328.507739328989
2022-05-21,"06","9  day ahead inc hosp",2022-05-30,"quantile",0.2,361.16508954112
2022-05-21,"06","9  day ahead inc hosp",2022-05-30,"quantile",0.25,389.182188157529
2022-05-21,"06","9  day ahead inc hosp",2022-05-30,"quantile",0.3,414.342408619899
2022-05-21,"06","9  day ahead inc hosp",2022-05-30,"quantile",0.35,437.6571025007
2022-05-21,"06","9  day ahead inc hosp",2022-05-30,"quantile",0.4,459.780467044694
2022-05-21,"06","9  day ahead inc hosp",2022-05-30,"quantile",0.45,481.185078272621
2022-05-21,"06","9  day ahead inc hosp",2022-05-30,"quantile",0.5,502.250327476275
2022-05-21,"06","9  day ahead inc hosp",2022-05-30,"quantile",0.55,523.315576679929
2022-05-21,"06","9  day ahead inc hosp",2022-05-30,"quantile",0.6,544.720187907856
2022-05-21,"06","9  day ahead inc hosp",2022-05-30,"quantile",0.65,566.84355245185
2022-05-21,"06","9  day ahead inc hosp",2022-05-30,"quantile",0.7,590.158246332651
2022-05-21,"06","9  day ahead inc hosp",2022-05-30,"quantile",0.75,615.318466795021
2022-05-21,"06","9  day ahead inc hosp",2022-05-30,"quantile",0.8,643.335565411429
2022-05-21,"06","9  day ahead inc hosp",2022-05-30,"quantile",0.85,675.992915623561
2022-05-21,"06","9  day ahead inc hosp",2022-05-30,"quantile",0.9,717.083319252694
2022-05-21,"06","9  day ahead inc hosp",2022-05-30,"quantile",0.95,777.985487272294
2022-05-21,"06","9  day ahead inc hosp",2022-05-30,"quantile",0.975,830.80903544667
2022-05-21,"06","9  day ahead inc hosp",2022-05-30,"quantile",0.99,892.227825947454
2022-05-21,"06","10  day ahead inc hosp",2022-05-31,"quantile",0.01,78.7564998340576
2022-05-21,"06","10  day ahead inc hosp",2022-05-31,"quantile",0.025,146.887896741104
2022-05-21,"06","10  day ahead inc hosp",2022-05-31,"quantile",0.05,205.484656745048
2022-05-21,"06","10  day ahead inc hosp",2022-05-31,"quantile",0.1,273.042968265201
2022-05-21,"06","10  day ahead inc hosp",2022-05-31,"quantile",0.15,318.624240314046
2022-05-21,"06","10  day ahead inc hosp",2022-05-31,"quantile",0.2,354.850790382738
2022-05-21,"06","10  day ahead inc hosp",2022-05-31,"quantile",0.25,385.929944668494
2022-05-21,"06","10  day ahead inc hosp",2022-05-31,"quantile",0.3,413.839985758747
2022-05-21,"06","10  day ahead inc hosp",2022-05-31,"quantile",0.35,439.702798256477
2022-05-21,"06","10  day ahead inc hosp",2022-05-31,"quantile",0.4,464.244078186875
2022-05-21,"06","10  day ahead inc hosp",2022-05-31,"quantile",0.45,487.988050533453
2022-05-21,"06","10  day ahead inc hosp",2022-05-31,"quantile",0.5,511.355571169042
2022-05-21,"06","10  day ahead inc hosp",2022-05-31,"quantile",0.55,534.723091804632
2022-05-21,"06","10  day ahead inc hosp",2022-05-31,"quantile",0.6,558.46706415121
2022-05-21,"06","10  day ahead inc hosp",2022-05-31,"quantile",0.65,583.008344081608
2022-05-21,"06","10  day ahead inc hosp",2022-05-31,"quantile",0.7,608.871156579338
2022-05-21,"06","10  day ahead inc hosp",2022-05-31,"quantile",0.75,636.781197669591
2022-05-21,"06","10  day ahead inc hosp",2022-05-31,"quantile",0.8,667.860351955347
2022-05-21,"06","10  day ahead inc hosp",2022-05-31,"quantile",0.85,704.086902024039
2022-05-21,"06","10  day ahead inc hosp",2022-05-31,"quantile",0.9,749.668174072884
2022-05-21,"06","10  day ahead inc hosp",2022-05-31,"quantile",0.95,817.226485593037
2022-05-21,"06","10  day ahead inc hosp",2022-05-31,"quantile",0.975,875.823245596981
2022-05-21,"06","10  day ahead inc hosp",2022-05-31,"quantile",0.99,943.954642504027
2022-05-21,"06","11  day ahead inc hosp",2022-06-01,"quantile",0.01,44.0515031968977
2022-05-21,"06","11  day ahead inc hosp",2022-06-01,"quantile",0.025,119.11600664202
2022-05-21,"06","11  day ahead inc hosp",2022-06-01,"quantile",0.05,183.675620753412
2022-05-21,"06","11  day ahead inc hosp",2022-06-01,"quantile",0.1,258.108721175087
2022-05-21,"06","11  day ahead inc hosp",2022-06-01,"quantile",0.15,308.328380657654
2022-05-21,"06","11  day ahead inc hosp",2022-06-01,"quantile",0.2,348.241374018796
2022-05-21,"06","11  day ahead inc hosp",2022-06-01,"quantile",0.25,382.483168402339
2022-05-21,"06","11  day ahead inc hosp",2022-06-01,"quantile",0.3,413.233358045906
2022-05-21,"06","11  day ahead inc hosp",2022-06-01,"quantile",0.35,441.727991445028
2022-05-21,"06","11  day ahead inc hosp",2022-06-01,"quantile",0.4,468.76661204452
2022-05-21,"06","11  day ahead inc hosp",2022-06-01,"quantile",0.45,494.926790389935
2022-05-21,"06","11  day ahead inc hosp",2022-06-01,"quantile",0.5,520.672208991102
2022-05-21,"06","11  day ahead inc hosp",2022-06-01,"quantile",0.55,546.417627592269
2022-05-21,"06","11  day ahead inc hosp",2022-06-01,"quantile",0.6,572.577805937684
2022-05-21,"06","11  day ahead inc hosp",2022-06-01,"quantile",0.65,599.616426537176
2022-05-21,"06","11  day ahead inc hosp",2022-06-01,"quantile",0.7,628.111059936299
2022-05-21,"06","11  day ahead inc hosp",2022-06-01,"quantile",0.75,658.861249579865
2022-05-21,"06","11  day ahead inc hosp",2022-06-01,"quantile",0.8,693.103043963408
2022-05-21,"06","11  day ahead inc hosp",2022-06-01,"quantile",0.85,733.01603732455
2022-05-21,"06","11  day ahead inc hosp",2022-06-01,"quantile",0.9,783.235696807117
2022-05-21,"06","11  day ahead inc hosp",2022-06-01,"quantile",0.95,857.668797228793
2022-05-21,"06","11  day ahead inc hosp",2022-06-01,"quantile",0.975,922.228411340184
2022-05-21,"06","11  day ahead inc hosp",2022-06-01,"quantile",0.99,997.292914785306
2022-05-21,"06","12  day ahead inc hosp",2022-06-02,"quantile",0.01,9.45347148303779
2022-05-21,"06","12  day ahead inc hosp",2022-06-02,"quantile",0.025,91.6043551121022
2022-05-21,"06","12  day ahead inc hosp",2022-06-02,"quantile",0.05,162.258647122168
2022-05-21,"06","12  day ahead inc hosp",2022-06-02,"quantile",0.1,243.71852083414
2022-05-21,"06","12  day ahead inc hosp",2022-06-02,"quantile",0.15,298.679110895989
2022-05-21,"06","12  day ahead inc hosp",2022-06-02,"quantile",0.2,342.360045590987
2022-05-21,"06","12  day ahead inc hosp",2022-06-02,"quantile",0.25,379.834398135119
2022-05-21,"06","12  day ahead inc hosp",2022-06-02,"quantile",0.3,413.487524913306
2022-05-21,"06","12  day ahead inc hosp",2022-06-02,"quantile",0.35,444.67216219177
2022-05-21,"06","12  day ahead inc hosp",2022-06-02,"quantile",0.4,474.263333416705
2022-05-21,"06","12  day ahead inc hosp",2022-06-02,"quantile",0.45,502.893134032663
2022-05-21,"06","12  day ahead inc hosp",2022-06-02,"quantile",0.5,531.069019976307
2022-05-21,"06","12  day ahead inc hosp",2022-06-02,"quantile",0.55,559.24490591995
2022-05-21,"06","12  day ahead inc hosp",2022-06-02,"quantile",0.6,587.874706535909
2022-05-21,"06","12  day ahead inc hosp",2022-06-02,"quantile",0.65,617.465877760844
2022-05-21,"06","12  day ahead inc hosp",2022-06-02,"quantile",0.7,648.650515039308
2022-05-21,"06","12  day ahead inc hosp",2022-06-02,"quantile",0.75,682.303641817495
2022-05-21,"06","12  day ahead inc hosp",2022-06-02,"quantile",0.8,719.777994361627
2022-05-21,"06","12  day ahead inc hosp",2022-06-02,"quantile",0.85,763.458929056624
2022-05-21,"06","12  day ahead inc hosp",2022-06-02,"quantile",0.9,818.419519118474
2022-05-21,"06","12  day ahead inc hosp",2022-06-02,"quantile",0.95,899.879392830445
2022-05-21,"06","12  day ahead inc hosp",2022-06-02,"quantile",0.975,970.533684840512
2022-05-21,"06","12  day ahead inc hosp",2022-06-02,"quantile",0.99,1052.68456846958
2022-05-21,"06","13  day ahead inc hosp",2022-06-03,"quantile",0.01,0
2022-05-21,"06","13  day ahead inc hosp",2022-06-03,"quantile",0.025,48.9148017392851
2022-05-21,"06","13  day ahead inc hosp",2022-06-03,"quantile",0.05,125.750869820057
2022-05-21,"06","13  day ahead inc hosp",2022-06-03,"quantile",0.1,214.337935436572
2022-05-21,"06","13  day ahead inc hosp",2022-06-03,"quantile",0.15,274.107208039997
2022-05-21,"06","13  day ahead inc hosp",2022-06-03,"quantile",0.2,321.6099311807
2022-05-21,"06","13  day ahead inc hosp",2022-06-03,"quantile",0.25,362.363037912752
2022-05-21,"06","13  day ahead inc hosp",2022-06-03,"quantile",0.3,398.960587285849
2022-05-21,"06","13  day ahead inc hosp",2022-06-03,"quantile",0.35,432.873670905183
2022-05-21,"06","13  day ahead inc hosp",2022-06-03,"quantile",0.4,465.053870892254
2022-05-21,"06","13  day ahead inc hosp",2022-06-03,"quantile",0.45,496.188586798166
2022-05-21,"06","13  day ahead inc hosp",2022-06-03,"quantile",0.5,526.829673546207
2022-05-21,"06","13  day ahead inc hosp",2022-06-03,"quantile",0.55,557.470760294248
2022-05-21,"06","13  day ahead inc hosp",2022-06-03,"quantile",0.6,588.605476200159
2022-05-21,"06","13  day ahead inc hosp",2022-06-03,"quantile",0.65,620.78567618723
2022-05-21,"06","13  day ahead inc hosp",2022-06-03,"quantile",0.7,654.698759806565
2022-05-21,"06","13  day ahead inc hosp",2022-06-03,"quantile",0.75,691.296309179662
2022-05-21,"06","13  day ahead inc hosp",2022-06-03,"quantile",0.8,732.049415911714
2022-05-21,"06","13  day ahead inc hosp",2022-06-03,"quantile",0.85,779.552139052417
2022-05-21,"06","13  day ahead inc hosp",2022-06-03,"quantile",0.9,839.321411655842
2022-05-21,"06","13  day ahead inc hosp",2022-06-03,"quantile",0.95,927.908477272357
2022-05-21,"06","13  day ahead inc hosp",2022-06-03,"quantile",0.975,1004.74454535313
2022-05-21,"06","13  day ahead inc hosp",2022-06-03,"quantile",0.99,1094.08307961399
2022-05-21,"06","14  day ahead inc hosp",2022-06-04,"quantile",0.01,0
2022-05-21,"06","14  day ahead inc hosp",2022-06-04,"quantile",0.025,24.6388320873581
2022-05-21,"06","14  day ahead inc hosp",2022-06-04,"quantile",0.05,107.708922772926
2022-05-21,"06","14  day ahead inc hosp",2022-06-04,"quantile",0.1,203.483417201718
2022-05-21,"06","14  day ahead inc hosp",2022-06-04,"quantile",0.15,268.102013902392
2022-05-21,"06","14  day ahead inc hosp",2022-06-04,"quantile",0.2,319.458826108887
2022-05-21,"06","14  day ahead inc hosp",2022-06-04,"quantile",0.25,363.51839808479
2022-05-21,"06","14  day ahead inc hosp",2022-06-04,"quantile",0.3,403.08525543747
2022-05-21,"06","14  day ahead inc hosp",2022-06-04,"quantile",0.35,439.749845415238
2022-05-21,"06","14  day ahead inc hosp",2022-06-04,"quantile",0.4,474.540955866069
2022-05-21,"06","14  day ahead inc hosp",2022-06-04,"quantile",0.45,508.201757861489
2022-05-21,"06","14  day ahead inc hosp",2022-06-04,"quantile",0.5,541.328880558454
2022-05-21,"06","14  day ahead inc hosp",2022-06-04,"quantile",0.55,574.456003255419
2022-05-21,"06","14  day ahead inc hosp",2022-06-04,"quantile",0.6,608.116805250839
2022-05-21,"06","14  day ahead inc hosp",2022-06-04,"quantile",0.65,642.90791570167
2022-05-21,"06","14  day ahead inc hosp",2022-06-04,"quantile",0.7,679.572505679438
2022-05-21,"06","14  day ahead inc hosp",2022-06-04,"quantile",0.75,719.139363032117
2022-05-21,"06","14  day ahead inc hosp",2022-06-04,"quantile",0.8,763.198935008021
2022-05-21,"06","14  day ahead inc hosp",2022-06-04,"quantile",0.85,814.555747214516
2022-05-21,"06","14  day ahead inc hosp",2022-06-04,"quantile",0.9,879.17434391519
2022-05-21,"06","14  day ahead inc hosp",2022-06-04,"quantile",0.95,974.948838343982
2022-05-21,"06","14  day ahead inc hosp",2022-06-04,"quantile",0.975,1058.01892902955
2022-05-21,"06","14  day ahead inc hosp",2022-06-04,"quantile",0.99,1154.60586180914
2022-05-21,"06","15  day ahead inc hosp",2022-06-05,"quantile",0.01,0
2022-05-21,"06","15  day ahead inc hosp",2022-06-05,"quantile",0.025,6.62008700920126
2022-05-21,"06","15  day ahead inc hosp",2022-06-05,"quantile",0.05,95.9490817285595
2022-05-21,"06","15  day ahead inc hosp",2022-06-05,"quantile",0.1,198.939691663757
2022-05-21,"06","15  day ahead inc hosp",2022-06-05,"quantile",0.15,268.426967238018
2022-05-21,"06","15  day ahead inc hosp",2022-06-05,"quantile",0.2,323.653251072977
2022-05-21,"06","15  day ahead inc hosp",2022-06-05,"quantile",0.25,371.032485161818
2022-05-21,"06","15  day ahead inc hosp",2022-06-05,"quantile",0.3,413.580501690385
2022-05-21,"06","15  day ahead inc hosp",2022-06-05,"quantile",0.35,453.007579926144
2022-05-21,"06","15  day ahead inc hosp",2022-06-05,"quantile",0.4,490.420021589492
2022-05-21,"06","15  day ahead inc hosp",2022-06-05,"quantile",0.45,526.616991869442
2022-05-21,"06","15  day ahead inc hosp",2022-06-05,"quantile",0.5,562.24007286096
2022-05-21,"06","15  day ahead inc hosp",2022-06-05,"quantile",0.55,597.863153852478
2022-05-21,"06","15  day ahead inc hosp",2022-06-05,"quantile",0.6,634.060124132428
2022-05-21,"06","15  day ahead inc hosp",2022-06-05,"quantile",0.65,671.472565795777
2022-05-21,"06","15  day ahead inc hosp",2022-06-05,"quantile",0.7,710.899644031536
2022-05-21,"06","15  day ahead inc hosp",2022-06-05,"quantile",0.75,753.447660560103
2022-05-21,"06","15  day ahead inc hosp",2022-06-05,"quantile",0.8,800.826894648943
2022-05-21,"06","15  day ahead inc hosp",2022-06-05,"quantile",0.85,856.053178483902
2022-05-21,"06","15  day ahead inc hosp",2022-06-05,"quantile",0.9,925.540454058163
2022-05-21,"06","15  day ahead inc hosp",2022-06-05,"quantile",0.95,1028.53106399336
2022-05-21,"06","15  day ahead inc hosp",2022-06-05,"quantile",0.975,1117.86005871272
2022-05-21,"06","15  day ahead inc hosp",2022-06-05,"quantile",0.99,1221.72432004939
2022-05-21,"06","16  day ahead inc hosp",2022-06-06,"quantile",0.01,0
2022-05-21,"06","16  day ahead inc hosp",2022-06-06,"quantile",0.025,0
2022-05-21,"06","16  day ahead inc hosp",2022-06-06,"quantile",0.05,83.8423940551578
2022-05-21,"06","16  day ahead inc hosp",2022-06-06,"quantile",0.1,194.052867350375
2022-05-21,"06","16  day ahead inc hosp",2022-06-06,"quantile",0.15,268.411350457262
2022-05-21,"06","16  day ahead inc hosp",2022-06-06,"quantile",0.2,327.509115618732
2022-05-21,"06","16  day ahead inc hosp",2022-06-06,"quantile",0.25,378.209735962485
2022-05-21,"06","16  day ahead inc hosp",2022-06-06,"quantile",0.3,423.740459999721
2022-05-21,"06","16  day ahead inc hosp",2022-06-06,"quantile",0.35,465.93146125454
2022-05-21,"06","16  day ahead inc hosp",2022-06-06,"quantile",0.4,505.966595578356
2022-05-21,"06","16  day ahead inc hosp",2022-06-06,"quantile",0.45,544.701051359482
2022-05-21,"06","16  day ahead inc hosp",2022-06-06,"quantile",0.5,582.821386978228
2022-05-21,"06","16  day ahead inc hosp",2022-06-06,"quantile",0.55,620.941722596974
2022-05-21,"06","16  day ahead inc hosp",2022-06-06,"quantile",0.6,659.6761783781
2022-05-21,"06","16  day ahead inc hosp",2022-06-06,"quantile",0.65,699.711312701916
2022-05-21,"06","16  day ahead inc hosp",2022-06-06,"quantile",0.7,741.902313956735
2022-05-21,"06","16  day ahead inc hosp",2022-06-06,"quantile",0.75,787.433037993971
2022-05-21,"06","16  day ahead inc hosp",2022-06-06,"quantile",0.8,838.133658337724
2022-05-21,"06","16  day ahead inc hosp",2022-06-06,"quantile",0.85,897.231423499194
2022-05-21,"06","16  day ahead inc hosp",2022-06-06,"quantile",0.9,971.589906606082
2022-05-21,"06","16  day ahead inc hosp",2022-06-06,"quantile",0.95,1081.8003799013
2022-05-21,"06","16  day ahead inc hosp",2022-06-06,"quantile",0.975,1177.39152935853
2022-05-21,"06","16  day ahead inc hosp",2022-06-06,"quantile",0.99,1288.53689889829
2022-05-21,"06","17  day ahead inc hosp",2022-06-07,"quantile",0.01,0
2022-05-21,"06","17  day ahead inc hosp",2022-06-07,"quantile",0.025,0
2022-05-21,"06","17  day ahead inc hosp",2022-06-07,"quantile",0.05,53.4648027754757
2022-05-21,"06","17  day ahead inc hosp",2022-06-07,"quantile",0.1,170.879073241426
2022-05-21,"06","17  day ahead inc hosp",2022-06-07,"quantile",0.15,250.097924099303
2022-05-21,"06","17  day ahead inc hosp",2022-06-07,"quantile",0.2,313.058555472467
2022-05-21,"06","17  day ahead inc hosp",2022-06-07,"quantile",0.25,367.073171069723
2022-05-21,"06","17  day ahead inc hosp",2022-06-07,"quantile",0.3,415.579965267934
2022-05-21,"06","17  day ahead inc hosp",2022-06-07,"quantile",0.35,460.528739050014
2022-05-21,"06","17  day ahead inc hosp",2022-06-07,"quantile",0.4,503.180729819036
2022-05-21,"06","17  day ahead inc hosp",2022-06-07,"quantile",0.45,544.447024495532
2022-05-21,"06","17  day ahead inc hosp",2022-06-07,"quantile",0.5,585.0590576605
2022-05-21,"06","17  day ahead inc hosp",2022-06-07,"quantile",0.55,625.671090825469
2022-05-21,"06","17  day ahead inc hosp",2022-06-07,"quantile",0.6,666.937385501965
2022-05-21,"06","17  day ahead inc hosp",2022-06-07,"quantile",0.65,709.589376270987
2022-05-21,"06","17  day ahead inc hosp",2022-06-07,"quantile",0.7,754.538150053066
2022-05-21,"06","17  day ahead inc hosp",2022-06-07,"quantile",0.75,803.044944251278
2022-05-21,"06","17  day ahead inc hosp",2022-06-07,"quantile",0.8,857.059559848534
2022-05-21,"06","17  day ahead inc hosp",2022-06-07,"quantile",0.85,920.020191221697
2022-05-21,"06","17  day ahead inc hosp",2022-06-07,"quantile",0.9,999.239042079575
2022-05-21,"06","17  day ahead inc hosp",2022-06-07,"quantile",0.95,1116.65331254552
2022-05-21,"06","17  day ahead inc hosp",2022-06-07,"quantile",0.975,1218.49268171743
2022-05-21,"06","17  day ahead inc hosp",2022-06-07,"quantile",0.99,1336.90295698431
2022-05-21,"06","18  day ahead inc hosp",2022-06-08,"quantile",0.01,0
2022-05-21,"06","18  day ahead inc hosp",2022-06-08,"quantile",0.025,0
2022-05-21,"06","18  day ahead inc hosp",2022-06-08,"quantile",0.05,28.8704203573604
2022-05-21,"06","18  day ahead inc hosp",2022-06-08,"quantile",0.1,153.456628461224
2022-05-21,"06","18  day ahead inc hosp",2022-06-08,"quantile",0.15,237.514351594552
2022-05-21,"06","18  day ahead inc hosp",2022-06-08,"quantile",0.2,304.320765256871
2022-05-21,"06","18  day ahead inc hosp",2022-06-08,"quantile",0.25,361.634719623274
2022-05-21,"06","18  day ahead inc hosp",2022-06-08,"quantile",0.3,413.10442200653
2022-05-21,"06","18  day ahead inc hosp",2022-06-08,"quantile",0.35,460.798771783644
2022-05-21,"06","18  day ahead inc hosp",2022-06-08,"quantile",0.4,506.056045681492
2022-05-21,"06","18  day ahead inc hosp",2022-06-08,"quantile",0.45,549.842981935823
2022-05-21,"06","18  day ahead inc hosp",2022-06-08,"quantile",0.5,592.935692858718
2022-05-21,"06","18  day ahead inc hosp",2022-06-08,"quantile",0.55,636.028403781612
2022-05-21,"06","18  day ahead inc hosp",2022-06-08,"quantile",0.6,679.815340035943
2022-05-21,"06","18  day ahead inc hosp",2022-06-08,"quantile",0.65,725.072613933791
2022-05-21,"06","18  day ahead inc hosp",2022-06-08,"quantile",0.7,772.766963710905
2022-05-21,"06","18  day ahead inc hosp",2022-06-08,"quantile",0.75,824.236666094161
2022-05-21,"06","18  day ahead inc hosp",2022-06-08,"quantile",0.8,881.550620460564
2022-05-21,"06","18  day ahead inc hosp",2022-06-08,"quantile",0.85,948.357034122883
2022-05-21,"06","18  day ahead inc hosp",2022-06-08,"quantile",0.9,1032.41475725621
2022-05-21,"06","18  day ahead inc hosp",2022-06-08,"quantile",0.95,1157.00096536007
2022-05-21,"06","18  day ahead inc hosp",2022-06-08,"quantile",0.975,1265.06092085327
2022-05-21,"06","18  day ahead inc hosp",2022-06-08,"quantile",0.99,1390.70397205558
2022-05-21,"06","19  day ahead inc hosp",2022-06-09,"quantile",0.01,0
2022-05-21,"06","19  day ahead inc hosp",2022-06-09,"quantile",0.025,0
2022-05-21,"06","19  day ahead inc hosp",2022-06-09,"quantile",0.05,5.66228085559692
2022-05-21,"06","19  day ahead inc hosp",2022-06-09,"quantile",0.1,137.375964260567
2022-05-21,"06","19  day ahead inc hosp",2022-06-09,"quantile",0.15,226.242561141786
2022-05-21,"06","19  day ahead inc hosp",2022-06-09,"quantile",0.2,296.870915214529
2022-05-21,"06","19  day ahead inc hosp",2022-06-09,"quantile",0.25,357.463754141049
2022-05-21,"06","19  day ahead inc hosp",2022-06-09,"quantile",0.3,411.877996197478
2022-05-21,"06","19  day ahead inc hosp",2022-06-09,"quantile",0.35,462.30090080592
2022-05-21,"06","19  day ahead inc hosp",2022-06-09,"quantile",0.4,510.14730641274
2022-05-21,"06","19  day ahead inc hosp",2022-06-09,"quantile",0.45,556.439257559278
2022-05-21,"06","19  day ahead inc hosp",2022-06-09,"quantile",0.5,601.997267309669
2022-05-21,"06","19  day ahead inc hosp",2022-06-09,"quantile",0.55,647.55527706006
2022-05-21,"06","19  day ahead inc hosp",2022-06-09,"quantile",0.6,693.847228206599
2022-05-21,"06","19  day ahead inc hosp",2022-06-09,"quantile",0.65,741.693633813418
2022-05-21,"06","19  day ahead inc hosp",2022-06-09,"quantile",0.7,792.116538421861
2022-05-21,"06","19  day ahead inc hosp",2022-06-09,"quantile",0.75,846.53078047829
2022-05-21,"06","19  day ahead inc hosp",2022-06-09,"quantile",0.8,907.12361940481
2022-05-21,"06","19  day ahead inc hosp",2022-06-09,"quantile",0.85,977.751973477552
2022-05-21,"06","19  day ahead inc hosp",2022-06-09,"quantile",0.9,1066.61857035877
2022-05-21,"06","19  day ahead inc hosp",2022-06-09,"quantile",0.95,1198.33225376374
2022-05-21,"06","19  day ahead inc hosp",2022-06-09,"quantile",0.975,1312.5742311319
2022-05-21,"06","19  day ahead inc hosp",2022-06-09,"quantile",0.99,1445.40521876658
2022-05-21,"06","20  day ahead inc hosp",2022-06-10,"quantile",0.01,0
2022-05-21,"06","20  day ahead inc hosp",2022-06-10,"quantile",0.025,0
2022-05-21,"06","20  day ahead inc hosp",2022-06-10,"quantile",0.05,0
2022-05-21,"06","20  day ahead inc hosp",2022-06-10,"quantile",0.1,113.461011237273
2022-05-21,"06","20  day ahead inc hosp",2022-06-10,"quantile",0.15,207.099706107666
2022-05-21,"06","20  day ahead inc hosp",2022-06-10,"quantile",0.2,281.520772383619
2022-05-21,"06","20  day ahead inc hosp",2022-06-10,"quantile",0.25,345.367420670995
2022-05-21,"06","20  day ahead inc hosp",2022-06-10,"quantile",0.3,402.70368409668
2022-05-21,"06","20  day ahead inc hosp",2022-06-10,"quantile",0.35,455.834276971973
2022-05-21,"06","20  day ahead inc hosp",2022-06-10,"quantile",0.4,506.250013958621
2022-05-21,"06","20  day ahead inc hosp",2022-06-10,"quantile",0.45,555.027822949773
2022-05-21,"06","20  day ahead inc hosp",2022-06-10,"quantile",0.5,603.032278207818
2022-05-21,"06","20  day ahead inc hosp",2022-06-10,"quantile",0.55,651.036733465864
2022-05-21,"06","20  day ahead inc hosp",2022-06-10,"quantile",0.6,699.814542457016
2022-05-21,"06","20  day ahead inc hosp",2022-06-10,"quantile",0.65,750.230279443664
2022-05-21,"06","20  day ahead inc hosp",2022-06-10,"quantile",0.7,803.360872318957
2022-05-21,"06","20  day ahead inc hosp",2022-06-10,"quantile",0.75,860.697135744642
2022-05-21,"06","20  day ahead inc hosp",2022-06-10,"quantile",0.8,924.543784032018
2022-05-21,"06","20  day ahead inc hosp",2022-06-10,"quantile",0.85,998.964850307971
2022-05-21,"06","20  day ahead inc hosp",2022-06-10,"quantile",0.9,1092.60354517836
2022-05-21,"06","20  day ahead inc hosp",2022-06-10,"quantile",0.95,1231.39019667013
2022-05-21,"06","20  day ahead inc hosp",2022-06-10,"quantile",0.975,1351.76691903372
2022-05-21,"06","20  day ahead inc hosp",2022-06-10,"quantile",0.99,1491.73087351126
2022-05-21,"06","21  day ahead inc hosp",2022-06-11,"quantile",0.01,0
2022-05-21,"06","21  day ahead inc hosp",2022-06-11,"quantile",0.025,0
2022-05-21,"06","21  day ahead inc hosp",2022-06-11,"quantile",0.05,0
2022-05-21,"06","21  day ahead inc hosp",2022-06-11,"quantile",0.1,95.1752546455281
2022-05-21,"06","21  day ahead inc hosp",2022-06-11,"quantile",0.15,193.543890677205
2022-05-21,"06","21  day ahead inc hosp",2022-06-11,"quantile",0.2,271.72416424596
2022-05-21,"06","21  day ahead inc hosp",2022-06-11,"quantile",0.25,338.795877664397
2022-05-21,"06","21  day ahead inc hosp",2022-06-11,"quantile",0.3,399.028349252602
2022-05-21,"06","21  day ahead inc hosp",2022-06-11,"quantile",0.35,454.842710611769
2022-05-21,"06","21  day ahead inc hosp",2022-06-11,"quantile",0.4,507.805081443321
2022-05-21,"06","21  day ahead inc hosp",2022-06-11,"quantile",0.45,559.046788151372
2022-05-21,"06","21  day ahead inc hosp",2022-06-11,"quantile",0.5,609.476076958885
2022-05-21,"06","21  day ahead inc hosp",2022-06-11,"quantile",0.55,659.905365766397
2022-05-21,"06","21  day ahead inc hosp",2022-06-11,"quantile",0.6,711.147072474448
2022-05-21,"06","21  day ahead inc hosp",2022-06-11,"quantile",0.65,764.109443306001
2022-05-21,"06","21  day ahead inc hosp",2022-06-11,"quantile",0.7,819.923804665168
2022-05-21,"06","21  day ahead inc hosp",2022-06-11,"quantile",0.75,880.156276253373
2022-05-21,"06","21  day ahead inc hosp",2022-06-11,"quantile",0.8,947.227989671809
2022-05-21,"06","21  day ahead inc hosp",2022-06-11,"quantile",0.85,1025.40826324056
2022-05-21,"06","21  day ahead inc hosp",2022-06-11,"quantile",0.9,1123.77689927224
2022-05-21,"06","21  day ahead inc hosp",2022-06-11,"quantile",0.95,1269.5740360814
2022-05-21,"06","21  day ahead inc hosp",2022-06-11,"quantile",0.975,1396.03130895624
2022-05-21,"06","21  day ahead inc hosp",2022-06-11,"quantile",0.99,1543.06521747677
2022-05-21,"06","22  day ahead inc hosp",2022-06-12,"quantile",0.01,0
2022-05-21,"06","22  day ahead inc hosp",2022-06-12,"quantile",0.025,0
2022-05-21,"06","22  day ahead inc hosp",2022-06-12,"quantile",0.05,0
2022-05-21,"06","22  day ahead inc hosp",2022-06-12,"quantile",0.1,79.6725192247598
2022-05-21,"06","22  day ahead inc hosp",2022-06-12,"quantile",0.15,184.155817470308
2022-05-21,"06","22  day ahead inc hosp",2022-06-12,"quantile",0.2,267.195830727911
2022-05-21,"06","22  day ahead inc hosp",2022-06-12,"quantile",0.25,338.436768079952
2022-05-21,"06","22  day ahead inc hosp",2022-06-12,"quantile",0.3,402.413331615816
2022-05-21,"06","22  day ahead inc hosp",2022-06-12,"quantile",0.35,461.697152145734
2022-05-21,"06","22  day ahead inc hosp",2022-06-12,"quantile",0.4,517.951700451175
2022-05-21,"06","22  day ahead inc hosp",2022-06-12,"quantile",0.45,572.378626965274
2022-05-21,"06","22  day ahead inc hosp",2022-06-12,"quantile",0.5,625.942635122198
2022-05-21,"06","22  day ahead inc hosp",2022-06-12,"quantile",0.55,679.506643279122
2022-05-21,"06","22  day ahead inc hosp",2022-06-12,"quantile",0.6,733.93356979322
2022-05-21,"06","22  day ahead inc hosp",2022-06-12,"quantile",0.65,790.188118098662
2022-05-21,"06","22  day ahead inc hosp",2022-06-12,"quantile",0.7,849.471938628579
2022-05-21,"06","22  day ahead inc hosp",2022-06-12,"quantile",0.75,913.448502164443
2022-05-21,"06","22  day ahead inc hosp",2022-06-12,"quantile",0.8,984.689439516484
2022-05-21,"06","22  day ahead inc hosp",2022-06-12,"quantile",0.85,1067.72945277409
2022-05-21,"06","22  day ahead inc hosp",2022-06-12,"quantile",0.9,1172.21275101964
2022-05-21,"06","22  day ahead inc hosp",2022-06-12,"quantile",0.95,1327.07273833991
2022-05-21,"06","22  day ahead inc hosp",2022-06-12,"quantile",0.975,1461.39068245419
2022-05-21,"06","22  day ahead inc hosp",2022-06-12,"quantile",0.99,1617.56432006783
2022-05-21,"06","23  day ahead inc hosp",2022-06-13,"quantile",0.01,0
2022-05-21,"06","23  day ahead inc hosp",2022-06-13,"quantile",0.025,0
2022-05-21,"06","23  day ahead inc hosp",2022-06-13,"quantile",0.05,0
2022-05-21,"06","23  day ahead inc hosp",2022-06-13,"quantile",0.1,58.4218063623042
2022-05-21,"06","23  day ahead inc hosp",2022-06-13,"quantile",0.15,168.576627933018
2022-05-21,"06","23  day ahead inc hosp",2022-06-13,"quantile",0.2,256.124188138516
2022-05-21,"06","23  day ahead inc hosp",2022-06-13,"quantile",0.25,331.23219941226
2022-05-21,"06","23  day ahead inc hosp",2022-06-13,"quantile",0.3,398.681514846756
2022-05-21,"06","23  day ahead inc hosp",2022-06-13,"quantile",0.35,461.183357554249
2022-05-21,"06","23  day ahead inc hosp",2022-06-13,"quantile",0.4,520.491494215135
2022-05-21,"06","23  day ahead inc hosp",2022-06-13,"quantile",0.45,577.872802802016
2022-05-21,"06","23  day ahead inc hosp",2022-06-13,"quantile",0.5,634.344352420136
2022-05-21,"06","23  day ahead inc hosp",2022-06-13,"quantile",0.55,690.815902038255
2022-05-21,"06","23  day ahead inc hosp",2022-06-13,"quantile",0.6,748.197210625136
2022-05-21,"06","23  day ahead inc hosp",2022-06-13,"quantile",0.65,807.505347286022
2022-05-21,"06","23  day ahead inc hosp",2022-06-13,"quantile",0.7,870.007189993515
2022-05-21,"06","23  day ahead inc hosp",2022-06-13,"quantile",0.75,937.456505428011
2022-05-21,"06","23  day ahead inc hosp",2022-06-13,"quantile",0.8,1012.56451670176
2022-05-21,"06","23  day ahead inc hosp",2022-06-13,"quantile",0.85,1100.11207690725
2022-05-21,"06","23  day ahead inc hosp",2022-06-13,"quantile",0.9,1210.26689847797
2022-05-21,"06","23  day ahead inc hosp",2022-06-13,"quantile",0.95,1373.53293772204
2022-05-21,"06","23  day ahead inc hosp",2022-06-13,"quantile",0.975,1515.14187825225
2022-05-21,"06","23  day ahead inc hosp",2022-06-13,"quantile",0.99,1679.79287486369
2022-05-21,"06","24  day ahead inc hosp",2022-06-14,"quantile",0.01,0
2022-05-21,"06","24  day ahead inc hosp",2022-06-14,"quantile",0.025,0
2022-05-21,"06","24  day ahead inc hosp",2022-06-14,"quantile",0.05,0
2022-05-21,"06","24  day ahead inc hosp",2022-06-14,"quantile",0.1,41.7700099330375
2022-05-21,"06","24  day ahead inc hosp",2022-06-14,"quantile",0.15,157.137049398266
2022-05-21,"06","24  day ahead inc hosp",2022-06-14,"quantile",0.2,248.827115155653
2022-05-21,"06","24  day ahead inc hosp",2022-06-14,"quantile",0.25,327.48902733723
2022-05-21,"06","24  day ahead inc hosp",2022-06-14,"quantile",0.3,398.129855624886
2022-05-21,"06","24  day ahead inc hosp",2022-06-14,"quantile",0.35,463.589110621327
2022-05-21,"06","24  day ahead inc hosp",2022-06-14,"quantile",0.4,525.703542338446
2022-05-21,"06","24  day ahead inc hosp",2022-06-14,"quantile",0.45,585.799973869221
2022-05-21,"06","24  day ahead inc hosp",2022-06-14,"quantile",0.5,644.943599182743
2022-05-21,"06","24  day ahead inc hosp",2022-06-14,"quantile",0.55,704.087224496265
2022-05-21,"06","24  day ahead inc hosp",2022-06-14,"quantile",0.6,764.183656027039
2022-05-21,"06","24  day ahead inc hosp",2022-06-14,"quantile",0.65,826.298087744159
2022-05-21,"06","24  day ahead inc hosp",2022-06-14,"quantile",0.7,891.757342740599
2022-05-21,"06","24  day ahead inc hosp",2022-06-14,"quantile",0.75,962.398171028255
2022-05-21,"06","24  day ahead inc hosp",2022-06-14,"quantile",0.8,1041.06008320983
2022-05-21,"06","24  day ahead inc hosp",2022-06-14,"quantile",0.85,1132.75014896722
2022-05-21,"06","24  day ahead inc hosp",2022-06-14,"quantile",0.9,1248.11718843245
2022-05-21,"06","24  day ahead inc hosp",2022-06-14,"quantile",0.95,1419.10851976251
2022-05-21,"06","24  day ahead inc hosp",2022-06-14,"quantile",0.975,1567.41799907378
2022-05-21,"06","24  day ahead inc hosp",2022-06-14,"quantile",0.99,1739.85982007811
2022-05-21,"06","25  day ahead inc hosp",2022-06-15,"quantile",0.01,0
2022-05-21,"06","25  day ahead inc hosp",2022-06-15,"quantile",0.025,0
2022-05-21,"06","25  day ahead inc hosp",2022-06-15,"quantile",0.05,0
2022-05-21,"06","25  day ahead inc hosp",2022-06-15,"quantile",0.1,23.8920894013788
2022-05-21,"06","25  day ahead inc hosp",2022-06-15,"quantile",0.15,144.401511117746
2022-05-21,"06","25  day ahead inc hosp",2022-06-15,"quantile",0.2,240.178579271504
2022-05-21,"06","25  day ahead inc hosp",2022-06-15,"quantile",0.25,322.346775595573
2022-05-21,"06","25  day ahead inc hosp",2022-06-15,"quantile",0.3,396.136355409455
2022-05-21,"06","25  day ahead inc hosp",2022-06-15,"quantile",0.35,464.513397952727
2022-05-21,"06","25  day ahead inc hosp",2022-06-15,"quantile",0.4,529.396524720723
2022-05-21,"06","25  day ahead inc hosp",2022-06-15,"quantile",0.45,592.171700755069
2022-05-21,"06","25  day ahead inc hosp",2022-06-15,"quantile",0.5,653.951600090097
2022-05-21,"06","25  day ahead inc hosp",2022-06-15,"quantile",0.55,715.731499425125
2022-05-21,"06","25  day ahead inc hosp",2022-06-15,"quantile",0.6,778.50667545947
2022-05-21,"06","25  day ahead inc hosp",2022-06-15,"quantile",0.65,843.389802227466
2022-05-21,"06","25  day ahead inc hosp",2022-06-15,"quantile",0.7,911.766844770739
2022-05-21,"06","25  day ahead inc hosp",2022-06-15,"quantile",0.75,985.55642458462
2022-05-21,"06","25  day ahead inc hosp",2022-06-15,"quantile",0.8,1067.72462090869
2022-05-21,"06","25  day ahead inc hosp",2022-06-15,"quantile",0.85,1163.50168906245
2022-05-21,"06","25  day ahead inc hosp",2022-06-15,"quantile",0.9,1284.01111077881
2022-05-21,"06","25  day ahead inc hosp",2022-06-15,"quantile",0.95,1462.62422725138
2022-05-21,"06","25  day ahead inc hosp",2022-06-15,"quantile",0.975,1617.54446850663
2022-05-21,"06","25  day ahead inc hosp",2022-06-15,"quantile",0.99,1797.67272892898
2022-05-21,"06","26  day ahead inc hosp",2022-06-16,"quantile",0.01,0
2022-05-21,"06","26  day ahead inc hosp",2022-06-16,"quantile",0.025,0
2022-05-21,"06","26  day ahead inc hosp",2022-06-16,"quantile",0.05,0
2022-05-21,"06","26  day ahead inc hosp",2022-06-16,"quantile",0.1,0
2022-05-21,"06","26  day ahead inc hosp",2022-06-16,"quantile",0.15,124.928047132621
2022-05-21,"06","26  day ahead inc hosp",2022-06-16,"quantile",0.2,224.859441176795
2022-05-21,"06","26  day ahead inc hosp",2022-06-16,"quantile",0.25,310.59167920665
2022-05-21,"06","26  day ahead inc hosp",2022-06-16,"quantile",0.3,387.581878623666
2022-05-21,"06","26  day ahead inc hosp",2022-06-16,"quantile",0.35,458.924772216916
2022-05-21,"06","26  day ahead inc hosp",2022-06-16,"quantile",0.4,526.622201600134
2022-05-21,"06","26  day ahead inc hosp",2022-06-16,"quantile",0.45,592.120247984365
2022-05-21,"06","26  day ahead inc hosp",2022-06-16,"quantile",0.5,656.579847588593
2022-05-21,"06","26  day ahead inc hosp",2022-06-16,"quantile",0.55,721.039447192821
2022-05-21,"06","26  day ahead inc hosp",2022-06-16,"quantile",0.6,786.537493577052
2022-05-21,"06","26  day ahead inc hosp",2022-06-16,"quantile",0.65,854.23492296027
2022-05-21,"06","26  day ahead inc hosp",2022-06-16,"quantile",0.7,925.57781655352
2022-05-21,"06","26  day ahead inc hosp",2022-06-16,"quantile",0.75,1002.56801597054
2022-05-21,"06","26  day ahead inc hosp",2022-06-16,"quantile",0.8,1088.30025400039
2022-05-21,"06","26  day ahead inc hosp",2022-06-16,"quantile",0.85,1188.23164804456
2022-05-21,"06","26  day ahead inc hosp",2022-06-16,"quantile",0.9,1313.9681603404
2022-05-21,"06","26  day ahead inc hosp",2022-06-16,"quantile",0.95,1500.32861245847
2022-05-21,"06","26  day ahead inc hosp",2022-06-16,"quantile",0.975,1661.96851199521
2022-05-21,"06","26  day ahead inc hosp",2022-06-16,"quantile",0.99,1849.90982736164
2022-05-21,"06","27  day ahead inc hosp",2022-06-17,"quantile",0.01,0
2022-05-21,"06","27  day ahead inc hosp",2022-06-17,"quantile",0.025,0
2022-05-21,"06","27  day ahead inc hosp",2022-06-17,"quantile",0.05,0
2022-05-21,"06","27  day ahead inc hosp",2022-06-17,"quantile",0.1,0
2022-05-21,"06","27  day ahead inc hosp",2022-06-17,"quantile",0.15,105.798373407809
2022-05-21,"06","27  day ahead inc hosp",2022-06-17,"quantile",0.2,209.932605657588
2022-05-21,"06","27  day ahead inc hosp",2022-06-17,"quantile",0.25,299.270504640042
2022-05-21,"06","27  day ahead inc hosp",2022-06-17,"quantile",0.3,379.498699030129
2022-05-21,"06","27  day ahead inc hosp",2022-06-17,"quantile",0.35,453.842077523645
2022-05-21,"06","27  day ahead inc hosp",2022-06-17,"quantile",0.4,524.386673659158
2022-05-21,"06","27  day ahead inc hosp",2022-06-17,"quantile",0.45,592.639386826227
2022-05-21,"06","27  day ahead inc hosp",2022-06-17,"quantile",0.5,659.809979012174
2022-05-21,"06","27  day ahead inc hosp",2022-06-17,"quantile",0.55,726.980571198122
2022-05-21,"06","27  day ahead inc hosp",2022-06-17,"quantile",0.6,795.233284365191
2022-05-21,"06","27  day ahead inc hosp",2022-06-17,"quantile",0.65,865.777880500704
2022-05-21,"06","27  day ahead inc hosp",2022-06-17,"quantile",0.7,940.12125899422
2022-05-21,"06","27  day ahead inc hosp",2022-06-17,"quantile",0.75,1020.34945338431
2022-05-21,"06","27  day ahead inc hosp",2022-06-17,"quantile",0.8,1109.68735236676
2022-05-21,"06","27  day ahead inc hosp",2022-06-17,"quantile",0.85,1213.82158461654
2022-05-21,"06","27  day ahead inc hosp",2022-06-17,"quantile",0.9,1344.84622706177
2022-05-21,"06","27  day ahead inc hosp",2022-06-17,"quantile",0.95,1539.04448466297
2022-05-21,"06","27  day ahead inc hosp",2022-06-17,"quantile",0.975,1707.4825115732
2022-05-21,"06","27  day ahead inc hosp",2022-06-17,"quantile",0.99,1903.3281191612
2022-05-21,"06","28  day ahead inc hosp",2022-06-18,"quantile",0.01,0
2022-05-21,"06","28  day ahead inc hosp",2022-06-18,"quantile",0.025,0
2022-05-21,"06","28  day ahead inc hosp",2022-06-18,"quantile",0.05,0
2022-05-21,"06","28  day ahead inc hosp",2022-06-18,"quantile",0.1,0
2022-05-21,"06","28  day ahead inc hosp",2022-06-18,"quantile",0.15,80.3357332134831
2022-05-21,"06","28  day ahead inc hosp",2022-06-18,"quantile",0.2,188.705287352468
2022-05-21,"06","28  day ahead inc hosp",2022-06-18,"quantile",0.25,281.676715395648
2022-05-21,"06","28  day ahead inc hosp",2022-06-18,"quantile",0.3,365.167931181204
2022-05-21,"06","28  day ahead inc hosp",2022-06-18,"quantile",0.35,442.534985285021
2022-05-21,"06","28  day ahead inc hosp",2022-06-18,"quantile",0.4,515.948753888828
2022-05-21,"06","28  day ahead inc hosp",2022-06-18,"quantile",0.45,586.977424623632
2022-05-21,"06","28  day ahead inc hosp",2022-06-18,"quantile",0.5,656.879962618847
2022-05-21,"06","28  day ahead inc hosp",2022-06-18,"quantile",0.55,726.782500614062
2022-05-21,"06","28  day ahead inc hosp",2022-06-18,"quantile",0.6,797.811171348867
2022-05-21,"06","28  day ahead inc hosp",2022-06-18,"quantile",0.65,871.224939952673
2022-05-21,"06","28  day ahead inc hosp",2022-06-18,"quantile",0.7,948.59199405649
2022-05-21,"06","28  day ahead inc hosp",2022-06-18,"quantile",0.75,1032.08320984205
2022-05-21,"06","28  day ahead inc hosp",2022-06-18,"quantile",0.8,1125.05463788523
2022-05-21,"06","28  day ahead inc hosp",2022-06-18,"quantile",0.85,1233.42419202421
2022-05-21,"06","28  day ahead inc hosp",2022-06-18,"quantile",0.9,1369.77783651022
2022-05-21,"06","28  day ahead inc hosp",2022-06-18,"quantile",0.95,1571.87447789448
2022-05-21,"06","28  day ahead inc hosp",2022-06-18,"quantile",0.975,1747.16317481913
2022-05-21,"06","28  day ahead inc hosp",2022-06-18,"quantile",0.99,1950.97416680381
2022-05-21,"06","29  day ahead inc hosp",2022-06-19,"quantile",0.01,0
2022-05-21,"06","29  day ahead inc hosp",2022-06-19,"quantile",0.025,0
2022-05-21,"06","29  day ahead inc hosp",2022-06-19,"quantile",0.05,0
2022-05-21,"06","29  day ahead inc hosp",2022-06-19,"quantile",0.1,0
2022-05-21,"06","29  day ahead inc hosp",2022-06-19,"quantile",0.15,72.8201320618233
2022-05-21,"06","29  day ahead inc hosp",2022-06-19,"quantile",0.2,185.443902261275
2022-05-21,"06","29  day ahead inc hosp",2022-06-19,"quantile",0.25,282.065068881756
2022-05-21,"06","29  day ahead inc hosp",2022-06-19,"quantile",0.3,368.833862709641
2022-05-21,"06","29  day ahead inc hosp",2022-06-19,"quantile",0.35,449.238081326448
2022-05-21,"06","29  day ahead inc hosp",2022-06-19,"quantile",0.4,525.533822048117
2022-05-21,"06","29  day ahead inc hosp",2022-06-19,"quantile",0.45,599.350834159745
2022-05-21,"06","29  day ahead inc hosp",2022-06-19,"quantile",0.5,671.9975054327
2022-05-21,"06","29  day ahead inc hosp",2022-06-19,"quantile",0.55,744.644176705655
2022-05-21,"06","29  day ahead inc hosp",2022-06-19,"quantile",0.6,818.461188817284
2022-05-21,"06","29  day ahead inc hosp",2022-06-19,"quantile",0.65,894.756929538952
2022-05-21,"06","29  day ahead inc hosp",2022-06-19,"quantile",0.7,975.16114815576
2022-05-21,"06","29  day ahead inc hosp",2022-06-19,"quantile",0.75,1061.92994198364
2022-05-21,"06","29  day ahead inc hosp",2022-06-19,"quantile",0.8,1158.55110860413
2022-05-21,"06","29  day ahead inc hosp",2022-06-19,"quantile",0.85,1271.17487880358
2022-05-21,"06","29  day ahead inc hosp",2022-06-19,"quantile",0.9,1412.88129851215
2022-05-21,"06","29  day ahead inc hosp",2022-06-19,"quantile",0.95,1622.91155911608
2022-05-21,"06","29  day ahead inc hosp",2022-06-19,"quantile",0.975,1805.08148754158
2022-05-21,"06","29  day ahead inc hosp",2022-06-19,"quantile",0.99,2016.8933982556
2022-05-21,"06","30  day ahead inc hosp",2022-06-20,"quantile",0.01,0
2022-05-21,"06","30  day ahead inc hosp",2022-06-20,"quantile",0.025,0
2022-05-21,"06","30  day ahead inc hosp",2022-06-20,"quantile",0.05,0
2022-05-21,"06","30  day ahead inc hosp",2022-06-20,"quantile",0.1,0
2022-05-21,"06","30  day ahead inc hosp",2022-06-20,"quantile",0.15,57.6040684334566
2022-05-21,"06","30  day ahead inc hosp",2022-06-20,"quantile",0.2,174.489475942916
2022-05-21,"06","30  day ahead inc hosp",2022-06-20,"quantile",0.25,274.766747912002
2022-05-21,"06","30  day ahead inc hosp",2022-06-20,"quantile",0.3,364.81883733962
2022-05-21,"06","30  day ahead inc hosp",2022-06-20,"quantile",0.35,448.26551863844
2022-05-21,"06","30  day ahead inc hosp",2022-06-20,"quantile",0.4,527.448258922264
2022-05-21,"06","30  day ahead inc hosp",2022-06-20,"quantile",0.45,604.058476521252
2022-05-21,"06","30  day ahead inc hosp",2022-06-20,"quantile",0.5,679.454068063848
2022-05-21,"06","30  day ahead inc hosp",2022-06-20,"quantile",0.55,754.849659606445
2022-05-21,"06","30  day ahead inc hosp",2022-06-20,"quantile",0.6,831.459877205432
2022-05-21,"06","30  day ahead inc hosp",2022-06-20,"quantile",0.65,910.642617489257
2022-05-21,"06","30  day ahead inc hosp",2022-06-20,"quantile",0.7,994.089298788077
2022-05-21,"06","30  day ahead inc hosp",2022-06-20,"quantile",0.75,1084.14138821569
2022-05-21,"06","30  day ahead inc hosp",2022-06-20,"quantile",0.8,1184.41866018478
2022-05-21,"06","30  day ahead inc hosp",2022-06-20,"quantile",0.85,1301.30406769424
2022-05-21,"06","30  day ahead inc hosp",2022-06-20,"quantile",0.9,1448.37260025189
2022-05-21,"06","30  day ahead inc hosp",2022-06-20,"quantile",0.95,1666.35031984458
2022-05-21,"06","30  day ahead inc hosp",2022-06-20,"quantile",0.975,1855.41348370666
2022-05-21,"06","30  day ahead inc hosp",2022-06-20,"quantile",0.99,2075.24027031947
2022-05-21,"06","31  day ahead inc hosp",2022-06-21,"quantile",0.01,0
2022-05-21,"06","31  day ahead inc hosp",2022-06-21,"quantile",0.025,0
2022-05-21,"06","31  day ahead inc hosp",2022-06-21,"quantile",0.05,0
2022-05-21,"06","31  day ahead inc hosp",2022-06-21,"quantile",0.1,0
2022-05-21,"06","31  day ahead inc hosp",2022-06-21,"quantile",0.15,41.7948960089068
2022-05-21,"06","31  day ahead inc hosp",2022-06-21,"quantile",0.2,162.939713431445
2022-05-21,"06","31  day ahead inc hosp",2022-06-21,"quantile",0.25,266.871179840902
2022-05-21,"06","31  day ahead inc hosp",2022-06-21,"quantile",0.3,360.204848813601
2022-05-21,"06","31  day ahead inc hosp",2022-06-21,"quantile",0.35,446.692402614054
2022-05-21,"06","31  day ahead inc hosp",2022-06-21,"quantile",0.4,528.760633534358
2022-05-21,"06","31  day ahead inc hosp",2022-06-21,"quantile",0.45,608.162596717651
2022-05-21,"06","31  day ahead inc hosp",2022-06-21,"quantile",0.5,686.305671773046
2022-05-21,"06","31  day ahead inc hosp",2022-06-21,"quantile",0.55,764.448746828441
2022-05-21,"06","31  day ahead inc hosp",2022-06-21,"quantile",0.6,843.850710011734
2022-05-21,"06","31  day ahead inc hosp",2022-06-21,"quantile",0.65,925.918940932037
2022-05-21,"06","31  day ahead inc hosp",2022-06-21,"quantile",0.7,1012.40649473249
2022-05-21,"06","31  day ahead inc hosp",2022-06-21,"quantile",0.75,1105.74016370519
2022-05-21,"06","31  day ahead inc hosp",2022-06-21,"quantile",0.8,1209.67163011465
2022-05-21,"06","31  day ahead inc hosp",2022-06-21,"quantile",0.85,1330.81644753719
2022-05-21,"06","31  day ahead inc hosp",2022-06-21,"quantile",0.9,1483.24429036996
2022-05-21,"06","31  day ahead inc hosp",2022-06-21,"quantile",0.95,1709.16531511465
2022-05-21,"06","31  day ahead inc hosp",2022-06-21,"quantile",0.975,1905.11811157939
2022-05-21,"06","31  day ahead inc hosp",2022-06-21,"quantile",0.99,2132.95558501796
2022-05-21,"06","32  day ahead inc hosp",2022-06-22,"quantile",0.01,0
2022-05-21,"06","32  day ahead inc hosp",2022-06-22,"quantile",0.025,0
2022-05-21,"06","32  day ahead inc hosp",2022-06-22,"quantile",0.05,0
2022-05-21,"06","32  day ahead inc hosp",2022-06-22,"quantile",0.1,0
2022-05-21,"06","32  day ahead inc hosp",2022-06-22,"quantile",0.15,22.6759623113994
2022-05-21,"06","32  day ahead inc hosp",2022-06-22,"quantile",0.2,148.069878867594
2022-05-21,"06","32  day ahead inc hosp",2022-06-22,"quantile",0.25,255.646693986767
2022-05-21,"06","32  day ahead inc hosp",2022-06-22,"quantile",0.3,352.253998765029
2022-05-21,"06","32  day ahead inc hosp",2022-06-22,"quantile",0.35,441.775064008599
2022-05-21,"06","32  day ahead inc hosp",2022-06-22,"quantile",0.4,526.721800640689
2022-05-21,"06","32  day ahead inc hosp",2022-06-22,"quantile",0.45,608.908751412811
2022-05-21,"06","32  day ahead inc hosp",2022-06-22,"quantile",0.5,689.792659130993
2022-05-21,"06","32  day ahead inc hosp",2022-06-22,"quantile",0.55,770.676566849176
2022-05-21,"06","32  day ahead inc hosp",2022-06-22,"quantile",0.6,852.863517621297
2022-05-21,"06","32  day ahead inc hosp",2022-06-22,"quantile",0.65,937.810254253388
2022-05-21,"06","32  day ahead inc hosp",2022-06-22,"quantile",0.7,1027.33131949696
2022-05-21,"06","32  day ahead inc hosp",2022-06-22,"quantile",0.75,1123.93862427522
2022-05-21,"06","32  day ahead inc hosp",2022-06-22,"quantile",0.8,1231.51543939439
2022-05-21,"06","32  day ahead inc hosp",2022-06-22,"quantile",0.85,1356.90935595059
2022-05-21,"06","32  day ahead inc hosp",2022-06-22,"quantile",0.9,1514.68353574359
2022-05-21,"06","32  day ahead inc hosp",2022-06-22,"quantile",0.95,1748.5286372333
2022-05-21,"06","32  day ahead inc hosp",2022-06-22,"quantile",0.975,1951.35438852524
2022-05-21,"06","32  day ahead inc hosp",2022-06-22,"quantile",0.99,2187.18315727136
2022-05-21,"06","33  day ahead inc hosp",2022-06-23,"quantile",0.01,0
2022-05-21,"06","33  day ahead inc hosp",2022-06-23,"quantile",0.025,0
2022-05-21,"06","33  day ahead inc hosp",2022-06-23,"quantile",0.05,0
2022-05-21,"06","33  day ahead inc hosp",2022-06-23,"quantile",0.1,0
2022-05-21,"06","33  day ahead inc hosp",2022-06-23,"quantile",0.15,4.97520725126969
2022-05-21,"06","33  day ahead inc hosp",2022-06-23,"quantile",0.2,134.60116789636
2022-05-21,"06","33  day ahead inc hosp",2022-06-23,"quantile",0.25,245.808700015455
2022-05-21,"06","33  day ahead inc hosp",2022-06-23,"quantile",0.3,345.676500871673
2022-05-21,"06","33  day ahead inc hosp",2022-06-23,"quantile",0.35,438.21890164252
2022-05-21,"06","33  day ahead inc hosp",2022-06-23,"quantile",0.4,526.032590232952
2022-05-21,"06","33  day ahead inc hosp",2022-06-23,"quantile",0.45,610.993350203733
2022-05-21,"06","33  day ahead inc hosp",2022-06-23,"quantile",0.5,694.607089423686
2022-05-21,"06","33  day ahead inc hosp",2022-06-23,"quantile",0.55,778.220828643639
2022-05-21,"06","33  day ahead inc hosp",2022-06-23,"quantile",0.6,863.181588614421
2022-05-21,"06","33  day ahead inc hosp",2022-06-23,"quantile",0.65,950.995277204853
2022-05-21,"06","33  day ahead inc hosp",2022-06-23,"quantile",0.7,1043.5376779757
2022-05-21,"06","33  day ahead inc hosp",2022-06-23,"quantile",0.75,1143.40547883192
2022-05-21,"06","33  day ahead inc hosp",2022-06-23,"quantile",0.8,1254.61301095101
2022-05-21,"06","33  day ahead inc hosp",2022-06-23,"quantile",0.85,1384.2389715961
2022-05-21,"06","33  day ahead inc hosp",2022-06-23,"quantile",0.9,1547.33802920863
2022-05-21,"06","33  day ahead inc hosp",2022-06-23,"quantile",0.95,1789.07540176424
2022-05-21,"06","33  day ahead inc hosp",2022-06-23,"quantile",0.975,1998.74652120007
2022-05-21,"06","33  day ahead inc hosp",2022-06-23,"quantile",0.99,2242.53450977258
2022-05-21,"06","34  day ahead inc hosp",2022-06-24,"quantile",0.01,0
2022-05-21,"06","34  day ahead inc hosp",2022-06-24,"quantile",0.025,0
2022-05-21,"06","34  day ahead inc hosp",2022-06-24,"quantile",0.05,0
2022-05-21,"06","34  day ahead inc hosp",2022-06-24,"quantile",0.1,0
2022-05-21,"06","34  day ahead inc hosp",2022-06-24,"quantile",0.15,0
2022-05-21,"06","34  day ahead inc hosp",2022-06-24,"quantile",0.2,114.525945312159
2022-05-21,"06","34  day ahead inc hosp",2022-06-24,"quantile",0.25,229.344757814016
2022-05-21,"06","34  day ahead inc hosp",2022-06-24,"quantile",0.3,332.455600065268
2022-05-21,"06","34  day ahead inc hosp",2022-06-24,"quantile",0.35,428.003161998397
2022-05-21,"06","34  day ahead inc hosp",2022-06-24,"quantile",0.4,518.668454656484
2022-05-21,"06","34  day ahead inc hosp",2022-06-24,"quantile",0.45,606.388174564067
2022-05-21,"06","34  day ahead inc hosp",2022-06-24,"quantile",0.5,692.717131453369
2022-05-21,"06","34  day ahead inc hosp",2022-06-24,"quantile",0.55,779.046088342671
2022-05-21,"06","34  day ahead inc hosp",2022-06-24,"quantile",0.6,866.765808250253
2022-05-21,"06","34  day ahead inc hosp",2022-06-24,"quantile",0.65,957.43110090834
2022-05-21,"06","34  day ahead inc hosp",2022-06-24,"quantile",0.7,1052.97866284147
2022-05-21,"06","34  day ahead inc hosp",2022-06-24,"quantile",0.75,1156.08950509272
2022-05-21,"06","34  day ahead inc hosp",2022-06-24,"quantile",0.8,1270.90831759458
2022-05-21,"06","34  day ahead inc hosp",2022-06-24,"quantile",0.85,1404.74366657744
2022-05-21,"06","34  day ahead inc hosp",2022-06-24,"quantile",0.9,1573.1390959013
2022-05-21,"06","34  day ahead inc hosp",2022-06-24,"quantile",0.95,1822.72648917634
2022-05-21,"06","34  day ahead inc hosp",2022-06-24,"quantile",0.975,2039.20633088145
2022-05-21,"06","34  day ahead inc hosp",2022-06-24,"quantile",0.99,2290.91093053154
2022-05-21,"06","35  day ahead inc hosp",2022-06-25,"quantile",0.01,0
2022-05-21,"06","35  day ahead inc hosp",2022-06-25,"quantile",0.025,0
2022-05-21,"06","35  day ahead inc hosp",2022-06-25,"quantile",0.05,0
2022-05-21,"06","35  day ahead inc hosp",2022-06-25,"quantile",0.1,0
2022-05-21,"06","35  day ahead inc hosp",2022-06-25,"quantile",0.15,0
2022-05-21,"06","35  day ahead inc hosp",2022-06-25,"quantile",0.2,105.925092634648
2022-05-21,"06","35  day ahead inc hosp",2022-06-25,"quantile",0.25,224.3317808879
2022-05-21,"06","35  day ahead inc hosp",2022-06-25,"quantile",0.3,330.664646451865
2022-05-21,"06","35  day ahead inc hosp",2022-06-25,"quantile",0.35,429.197893161687
2022-05-21,"06","35  day ahead inc hosp",2022-06-25,"quantile",0.4,522.696308702105
2022-05-21,"06","35  day ahead inc hosp",2022-06-25,"quantile",0.45,613.157107785806
2022-05-21,"06","35  day ahead inc hosp",2022-06-25,"quantile",0.5,702.18368507648
2022-05-21,"06","35  day ahead inc hosp",2022-06-25,"quantile",0.55,791.210262367154
2022-05-21,"06","35  day ahead inc hosp",2022-06-25,"quantile",0.6,881.671061450856
2022-05-21,"06","35  day ahead inc hosp",2022-06-25,"quantile",0.65,975.169476991273
2022-05-21,"06","35  day ahead inc hosp",2022-06-25,"quantile",0.7,1073.7027237011
2022-05-21,"06","35  day ahead inc hosp",2022-06-25,"quantile",0.75,1180.03558926506
2022-05-21,"06","35  day ahead inc hosp",2022-06-25,"quantile",0.8,1298.44227751831
2022-05-21,"06","35  day ahead inc hosp",2022-06-25,"quantile",0.85,1436.45973388264
2022-05-21,"06","35  day ahead inc hosp",2022-06-25,"quantile",0.9,1610.1172092454
2022-05-21,"06","35  day ahead inc hosp",2022-06-25,"quantile",0.95,1867.50374742251
2022-05-21,"06","35  day ahead inc hosp",2022-06-25,"quantile",0.975,2090.74818421265
2022-05-21,"06","35  day ahead inc hosp",2022-06-25,"quantile",0.99,2350.31808755228
2022-05-21,"06","36  day ahead inc hosp",2022-06-26,"quantile",0.01,0
2022-05-21,"06","36  day ahead inc hosp",2022-06-26,"quantile",0.025,0
2022-05-21,"06","36  day ahead inc hosp",2022-06-26,"quantile",0.05,0
2022-05-21,"06","36  day ahead inc hosp",2022-06-26,"quantile",0.1,0
2022-05-21,"06","36  day ahead inc hosp",2022-06-26,"quantile",0.15,0
2022-05-21,"06","36  day ahead inc hosp",2022-06-26,"quantile",0.2,91.2188420382076
2022-05-21,"06","36  day ahead inc hosp",2022-06-26,"quantile",0.25,213.186746865812
2022-05-21,"06","36  day ahead inc hosp",2022-06-26,"quantile",0.3,322.717694977571
2022-05-21,"06","36  day ahead inc hosp",2022-06-26,"quantile",0.35,424.2144417775
2022-05-21,"06","36  day ahead inc hosp",2022-06-26,"quantile",0.4,520.524929102123
2022-05-21,"06","36  day ahead inc hosp",2022-06-26,"quantile",0.45,613.706440180885
2022-05-21,"06","36  day ahead inc hosp",2022-06-26,"quantile",0.5,705.410593605834
2022-05-21,"06","36  day ahead inc hosp",2022-06-26,"quantile",0.55,797.114747030782
2022-05-21,"06","36  day ahead inc hosp",2022-06-26,"quantile",0.6,890.296258109544
2022-05-21,"06","36  day ahead inc hosp",2022-06-26,"quantile",0.65,986.606745434167
2022-05-21,"06","36  day ahead inc hosp",2022-06-26,"quantile",0.7,1088.1034922341
2022-05-21,"06","36  day ahead inc hosp",2022-06-26,"quantile",0.75,1197.63444034585
2022-05-21,"06","36  day ahead inc hosp",2022-06-26,"quantile",0.8,1319.60234517346
2022-05-21,"06","36  day ahead inc hosp",2022-06-26,"quantile",0.85,1461.77083439248
2022-05-21,"06","36  day ahead inc hosp",2022-06-26,"quantile",0.9,1640.65125694383
2022-05-21,"06","36  day ahead inc hosp",2022-06-26,"quantile",0.95,1905.77898963699
2022-05-21,"06","36  day ahead inc hosp",2022-06-26,"quantile",0.975,2135.73775819469
2022-05-21,"06","36  day ahead inc hosp",2022-06-26,"quantile",0.99,2403.11452325482
2022-05-21,"06","37  day ahead inc hosp",2022-06-27,"quantile",0.01,0
2022-05-21,"06","37  day ahead inc hosp",2022-06-27,"quantile",0.025,0
2022-05-21,"06","37  day ahead inc hosp",2022-06-27,"quantile",0.05,0
2022-05-21,"06","37  day ahead inc hosp",2022-06-27,"quantile",0.1,0
2022-05-21,"06","37  day ahead inc hosp",2022-06-27,"quantile",0.15,0
2022-05-21,"06","37  day ahead inc hosp",2022-06-27,"quantile",0.2,79.6321677539273
2022-05-21,"06","37  day ahead inc hosp",2022-06-27,"quantile",0.25,205.131983479091
2022-05-21,"06","37  day ahead inc hosp",2022-06-27,"quantile",0.3,317.834696735154
2022-05-21,"06","37  day ahead inc hosp",2022-06-27,"quantile",0.35,422.270556628779
2022-05-21,"06","37  day ahead inc hosp",2022-06-27,"quantile",0.4,521.369974862824
2022-05-21,"06","37  day ahead inc hosp",2022-06-27,"quantile",0.45,617.249808872486
2022-05-21,"06","37  day ahead inc hosp",2022-06-27,"quantile",0.5,711.609504337702
2022-05-21,"06","37  day ahead inc hosp",2022-06-27,"quantile",0.55,805.969199802918
2022-05-21,"06","37  day ahead inc hosp",2022-06-27,"quantile",0.6,901.849033812579
2022-05-21,"06","37  day ahead inc hosp",2022-06-27,"quantile",0.65,1000.94845204662
2022-05-21,"06","37  day ahead inc hosp",2022-06-27,"quantile",0.7,1105.38431194025
2022-05-21,"06","37  day ahead inc hosp",2022-06-27,"quantile",0.75,1218.08702519631
2022-05-21,"06","37  day ahead inc hosp",2022-06-27,"quantile",0.8,1343.58684092148
2022-05-21,"06","37  day ahead inc hosp",2022-06-27,"quantile",0.85,1489.87220364973
2022-05-21,"06","37  day ahead inc hosp",2022-06-27,"quantile",0.9,1673.93259313306
2022-05-21,"06","37  day ahead inc hosp",2022-06-27,"quantile",0.95,1946.73781712746
2022-05-21,"06","37  day ahead inc hosp",2022-06-27,"quantile",0.975,2183.35566441415
2022-05-21,"06","37  day ahead inc hosp",2022-06-27,"quantile",0.99,2458.4750475967
2022-05-21,"08","1  day ahead inc hosp",2022-05-22,"quantile",0.01,13.0326239098841
2022-05-21,"08","1  day ahead inc hosp",2022-05-22,"quantile",0.025,20.8461948951874
2022-05-21,"08","1  day ahead inc hosp",2022-05-22,"quantile",0.05,27.5662970005977
2022-05-21,"08","1  day ahead inc hosp",2022-05-22,"quantile",0.1,35.3141443466626
2022-05-21,"08","1  day ahead inc hosp",2022-05-22,"quantile",0.15,40.5415801680648
2022-05-21,"08","1  day ahead inc hosp",2022-05-22,"quantile",0.2,44.6961804458274
2022-05-21,"08","1  day ahead inc hosp",2022-05-22,"quantile",0.25,48.2604575515245
2022-05-21,"08","1  day ahead inc hosp",2022-05-22,"quantile",0.3,51.4612885510554
2022-05-21,"08","1  day ahead inc hosp",2022-05-22,"quantile",0.35,54.4273354912981
2022-05-21,"08","1  day ahead inc hosp",2022-05-22,"quantile",0.4,57.2418239872257
2022-05-21,"08","1  day ahead inc hosp",2022-05-22,"quantile",0.45,59.9648741788456
2022-05-21,"08","1  day ahead inc hosp",2022-05-22,"quantile",0.5,62.6447514384565
2022-05-21,"08","1  day ahead inc hosp",2022-05-22,"quantile",0.55,65.3246286980673
2022-05-21,"08","1  day ahead inc hosp",2022-05-22,"quantile",0.6,68.0476788896873
2022-05-21,"08","1  day ahead inc hosp",2022-05-22,"quantile",0.65,70.8621673856149
2022-05-21,"08","1  day ahead inc hosp",2022-05-22,"quantile",0.7,73.8282143258575
2022-05-21,"08","1  day ahead inc hosp",2022-05-22,"quantile",0.75,77.0290453253885
2022-05-21,"08","1  day ahead inc hosp",2022-05-22,"quantile",0.8,80.5933224310856
2022-05-21,"08","1  day ahead inc hosp",2022-05-22,"quantile",0.85,84.7479227088482
2022-05-21,"08","1  day ahead inc hosp",2022-05-22,"quantile",0.9,89.9753585302504
2022-05-21,"08","1  day ahead inc hosp",2022-05-22,"quantile",0.95,97.7232058763152
2022-05-21,"08","1  day ahead inc hosp",2022-05-22,"quantile",0.975,104.443307981726
2022-05-21,"08","1  day ahead inc hosp",2022-05-22,"quantile",0.99,112.256878967029
2022-05-21,"08","2  day ahead inc hosp",2022-05-23,"quantile",0.01,6.65378104518857
2022-05-21,"08","2  day ahead inc hosp",2022-05-23,"quantile",0.025,15.8631774092945
2022-05-21,"08","2  day ahead inc hosp",2022-05-23,"quantile",0.05,23.7837663451849
2022-05-21,"08","2  day ahead inc hosp",2022-05-23,"quantile",0.1,32.9156981229479
2022-05-21,"08","2  day ahead inc hosp",2022-05-23,"quantile",0.15,39.0769691394612
2022-05-21,"08","2  day ahead inc hosp",2022-05-23,"quantile",0.2,43.9737520271201
2022-05-21,"08","2  day ahead inc hosp",2022-05-23,"quantile",0.25,48.1747557269155
2022-05-21,"08","2  day ahead inc hosp",2022-05-23,"quantile",0.3,51.9473868868094
2022-05-21,"08","2  day ahead inc hosp",2022-05-23,"quantile",0.35,55.4432918908871
2022-05-21,"08","2  day ahead inc hosp",2022-05-23,"quantile",0.4,58.7605638744612
2022-05-21,"08","2  day ahead inc hosp",2022-05-23,"quantile",0.45,61.970062909045
2022-05-21,"08","2  day ahead inc hosp",2022-05-23,"quantile",0.5,65.1286765489968
2022-05-21,"08","2  day ahead inc hosp",2022-05-23,"quantile",0.55,68.2872901889486
2022-05-21,"08","2  day ahead inc hosp",2022-05-23,"quantile",0.6,71.4967892235324
2022-05-21,"08","2  day ahead inc hosp",2022-05-23,"quantile",0.65,74.8140612071064
2022-05-21,"08","2  day ahead inc hosp",2022-05-23,"quantile",0.7,78.3099662111842
2022-05-21,"08","2  day ahead inc hosp",2022-05-23,"quantile",0.75,82.0825973710781
2022-05-21,"08","2  day ahead inc hosp",2022-05-23,"quantile",0.8,86.2836010708735
2022-05-21,"08","2  day ahead inc hosp",2022-05-23,"quantile",0.85,91.1803839585323
2022-05-21,"08","2  day ahead inc hosp",2022-05-23,"quantile",0.9,97.3416549750457
2022-05-21,"08","2  day ahead inc hosp",2022-05-23,"quantile",0.95,106.473586752809
2022-05-21,"08","2  day ahead inc hosp",2022-05-23,"quantile",0.975,114.394175688699
2022-05-21,"08","2  day ahead inc hosp",2022-05-23,"quantile",0.99,123.603572052805
2022-05-21,"08","3  day ahead inc hosp",2022-05-24,"quantile",0.01,0
2022-05-21,"08","3  day ahead inc hosp",2022-05-24,"quantile",0.025,7.77550692477451
2022-05-21,"08","3  day ahead inc hosp",2022-05-24,"quantile",0.05,16.4020278757061
2022-05-21,"08","3  day ahead inc hosp",2022-05-24,"quantile",0.1,26.34785405618
2022-05-21,"08","3  day ahead inc hosp",2022-05-24,"quantile",0.15,33.05825576223
2022-05-21,"08","3  day ahead inc hosp",2022-05-24,"quantile",0.2,38.3914703141355
2022-05-21,"08","3  day ahead inc hosp",2022-05-24,"quantile",0.25,42.9668935212423
2022-05-21,"08","3  day ahead inc hosp",2022-05-24,"quantile",0.3,47.0757649706232
2022-05-21,"08","3  day ahead inc hosp",2022-05-24,"quantile",0.35,50.883246712731
2022-05-21,"08","3  day ahead inc hosp",2022-05-24,"quantile",0.4,54.4961745515398
2022-05-21,"08","3  day ahead inc hosp",2022-05-24,"quantile",0.45,57.9917240476607
2022-05-21,"08","3  day ahead inc hosp",2022-05-24,"quantile",0.5,61.4318529271528
2022-05-21,"08","3  day ahead inc hosp",2022-05-24,"quantile",0.55,64.871981806645
2022-05-21,"08","3  day ahead inc hosp",2022-05-24,"quantile",0.6,68.3675313027658
2022-05-21,"08","3  day ahead inc hosp",2022-05-24,"quantile",0.65,71.9804591415747
2022-05-21,"08","3  day ahead inc hosp",2022-05-24,"quantile",0.7,75.7879408836824
2022-05-21,"08","3  day ahead inc hosp",2022-05-24,"quantile",0.75,79.8968123330633
2022-05-21,"08","3  day ahead inc hosp",2022-05-24,"quantile",0.8,84.4722355401701
2022-05-21,"08","3  day ahead inc hosp",2022-05-24,"quantile",0.85,89.8054500920756
2022-05-21,"08","3  day ahead inc hosp",2022-05-24,"quantile",0.9,96.5158517981257
2022-05-21,"08","3  day ahead inc hosp",2022-05-24,"quantile",0.95,106.4616779786
2022-05-21,"08","3  day ahead inc hosp",2022-05-24,"quantile",0.975,115.088198929531
2022-05-21,"08","3  day ahead inc hosp",2022-05-24,"quantile",0.99,125.118393820773
2022-05-21,"08","4  day ahead inc hosp",2022-05-25,"quantile",0.01,0
2022-05-21,"08","4  day ahead inc hosp",2022-05-25,"quantile",0.025,3.81905940791852
2022-05-21,"08","4  day ahead inc hosp",2022-05-25,"quantile",0.05,13.0979601155656
2022-05-21,"08","4  day ahead inc hosp",2022-05-25,"quantile",0.1,23.7959383745958
2022-05-21,"08","4  day ahead inc hosp",2022-05-25,"quantile",0.15,31.0138135171977
2022-05-21,"08","4  day ahead inc hosp",2022-05-25,"quantile",0.2,36.7503518692394
2022-05-21,"08","4  day ahead inc hosp",2022-05-25,"quantile",0.25,41.6717909842309
2022-05-21,"08","4  day ahead inc hosp",2022-05-25,"quantile",0.3,46.0913954129635
2022-05-21,"08","4  day ahead inc hosp",2022-05-25,"quantile",0.35,50.1868175689117
2022-05-21,"08","4  day ahead inc hosp",2022-05-25,"quantile",0.4,54.0729727027008
2022-05-21,"08","4  day ahead inc hosp",2022-05-25,"quantile",0.45,57.8328727687486
2022-05-21,"08","4  day ahead inc hosp",2022-05-25,"quantile",0.5,61.5331610397543
2022-05-21,"08","4  day ahead inc hosp",2022-05-25,"quantile",0.55,65.23344931076
2022-05-21,"08","4  day ahead inc hosp",2022-05-25,"quantile",0.6,68.9933493768079
2022-05-21,"08","4  day ahead inc hosp",2022-05-25,"quantile",0.65,72.8795045105969
2022-05-21,"08","4  day ahead inc hosp",2022-05-25,"quantile",0.7,76.9749266665452
2022-05-21,"08","4  day ahead inc hosp",2022-05-25,"quantile",0.75,81.3945310952778
2022-05-21,"08","4  day ahead inc hosp",2022-05-25,"quantile",0.8,86.3159702102692
2022-05-21,"08","4  day ahead inc hosp",2022-05-25,"quantile",0.85,92.0525085623109
2022-05-21,"08","4  day ahead inc hosp",2022-05-25,"quantile",0.9,99.2703837049129
2022-05-21,"08","4  day ahead inc hosp",2022-05-25,"quantile",0.95,109.968361963943
2022-05-21,"08","4  day ahead inc hosp",2022-05-25,"quantile",0.975,119.24726267159
2022-05-21,"08","4  day ahead inc hosp",2022-05-25,"quantile",0.99,130.035990016434
2022-05-21,"08","5  day ahead inc hosp",2022-05-26,"quantile",0.01,0
2022-05-21,"08","5  day ahead inc hosp",2022-05-26,"quantile",0.025,0.918049698928051
2022-05-21,"08","5  day ahead inc hosp",2022-05-26,"quantile",0.05,10.8063828733254
2022-05-21,"08","5  day ahead inc hosp",2022-05-26,"quantile",0.1,22.2069977360932
2022-05-21,"08","5  day ahead inc hosp",2022-05-26,"quantile",0.15,29.8989384594623
2022-05-21,"08","5  day ahead inc hosp",2022-05-26,"quantile",0.2,36.0122491069129
2022-05-21,"08","5  day ahead inc hosp",2022-05-26,"quantile",0.25,41.256925302924
2022-05-21,"08","5  day ahead inc hosp",2022-05-26,"quantile",0.3,45.9668066204741
2022-05-21,"08","5  day ahead inc hosp",2022-05-26,"quantile",0.35,50.331213573816
2022-05-21,"08","5  day ahead inc hosp",2022-05-26,"quantile",0.4,54.4726089762511
2022-05-21,"08","5  day ahead inc hosp",2022-05-26,"quantile",0.45,58.4794569560855
2022-05-21,"08","5  day ahead inc hosp",2022-05-26,"quantile",0.5,62.4227778750025
2022-05-21,"08","5  day ahead inc hosp",2022-05-26,"quantile",0.55,66.3660987939195
2022-05-21,"08","5  day ahead inc hosp",2022-05-26,"quantile",0.6,70.3729467737539
2022-05-21,"08","5  day ahead inc hosp",2022-05-26,"quantile",0.65,74.514342176189
2022-05-21,"08","5  day ahead inc hosp",2022-05-26,"quantile",0.7,78.8787491295309
2022-05-21,"08","5  day ahead inc hosp",2022-05-26,"quantile",0.75,83.588630447081
2022-05-21,"08","5  day ahead inc hosp",2022-05-26,"quantile",0.8,88.8333066430921
2022-05-21,"08","5  day ahead inc hosp",2022-05-26,"quantile",0.85,94.9466172905427
2022-05-21,"08","5  day ahead inc hosp",2022-05-26,"quantile",0.9,102.638558013912
2022-05-21,"08","5  day ahead inc hosp",2022-05-26,"quantile",0.95,114.03917287668
2022-05-21,"08","5  day ahead inc hosp",2022-05-26,"quantile",0.975,123.927506051077
2022-05-21,"08","5  day ahead inc hosp",2022-05-26,"quantile",0.99,135.424830343557
2022-05-21,"08","6  day ahead inc hosp",2022-05-27,"quantile",0.01,0
2022-05-21,"08","6  day ahead inc hosp",2022-05-27,"quantile",0.025,0
2022-05-21,"08","6  day ahead inc hosp",2022-05-27,"quantile",0.05,5.22757921464081
2022-05-21,"08","6  day ahead inc hosp",2022-05-27,"quantile",0.1,17.2899711692925
2022-05-21,"08","6  day ahead inc hosp",2022-05-27,"quantile",0.15,25.4284097547618
2022-05-21,"08","6  day ahead inc hosp",2022-05-27,"quantile",0.2,31.8965827487394
2022-05-21,"08","6  day ahead inc hosp",2022-05-27,"quantile",0.25,37.4456992405281
2022-05-21,"08","6  day ahead inc hosp",2022-05-27,"quantile",0.3,42.4289773528095
2022-05-21,"08","6  day ahead inc hosp",2022-05-27,"quantile",0.35,47.0467271807374
2022-05-21,"08","6  day ahead inc hosp",2022-05-27,"quantile",0.4,51.4285201967007
2022-05-21,"08","6  day ahead inc hosp",2022-05-27,"quantile",0.45,55.6679556497226
2022-05-21,"08","6  day ahead inc hosp",2022-05-27,"quantile",0.5,59.8401764553122
2022-05-21,"08","6  day ahead inc hosp",2022-05-27,"quantile",0.55,64.0123972609018
2022-05-21,"08","6  day ahead inc hosp",2022-05-27,"quantile",0.6,68.2518327139238
2022-05-21,"08","6  day ahead inc hosp",2022-05-27,"quantile",0.65,72.6336257298871
2022-05-21,"08","6  day ahead inc hosp",2022-05-27,"quantile",0.7,77.251375557815
2022-05-21,"08","6  day ahead inc hosp",2022-05-27,"quantile",0.75,82.2346536700963
2022-05-21,"08","6  day ahead inc hosp",2022-05-27,"quantile",0.8,87.7837701618851
2022-05-21,"08","6  day ahead inc hosp",2022-05-27,"quantile",0.85,94.2519431558627
2022-05-21,"08","6  day ahead inc hosp",2022-05-27,"quantile",0.9,102.390381741332
2022-05-21,"08","6  day ahead inc hosp",2022-05-27,"quantile",0.95,114.452773695984
2022-05-21,"08","6  day ahead inc hosp",2022-05-27,"quantile",0.975,124.915099804139
2022-05-21,"08","6  day ahead inc hosp",2022-05-27,"quantile",0.99,137.079814928282
2022-05-21,"08","7  day ahead inc hosp",2022-05-28,"quantile",0.01,0
2022-05-21,"08","7  day ahead inc hosp",2022-05-28,"quantile",0.025,0
2022-05-21,"08","7  day ahead inc hosp",2022-05-28,"quantile",0.05,3.06820635871007
2022-05-21,"08","7  day ahead inc hosp",2022-05-28,"quantile",0.1,15.7579100623483
2022-05-21,"08","7  day ahead inc hosp",2022-05-28,"quantile",0.15,24.3195929066895
2022-05-21,"08","7  day ahead inc hosp",2022-05-28,"quantile",0.2,31.1241470205025
2022-05-21,"08","7  day ahead inc hosp",2022-05-28,"quantile",0.25,36.9618485611672
2022-05-21,"08","7  day ahead inc hosp",2022-05-28,"quantile",0.3,42.204284966435
2022-05-21,"08","7  day ahead inc hosp",2022-05-28,"quantile",0.35,47.0621835751212
2022-05-21,"08","7  day ahead inc hosp",2022-05-28,"quantile",0.4,51.6718542998238
2022-05-21,"08","7  day ahead inc hosp",2022-05-28,"quantile",0.45,56.1317640732582
2022-05-21,"08","7  day ahead inc hosp",2022-05-28,"quantile",0.5,60.5209636622062
2022-05-21,"08","7  day ahead inc hosp",2022-05-28,"quantile",0.55,64.9101632511542
2022-05-21,"08","7  day ahead inc hosp",2022-05-28,"quantile",0.6,69.3700730245885
2022-05-21,"08","7  day ahead inc hosp",2022-05-28,"quantile",0.65,73.9797437492911
2022-05-21,"08","7  day ahead inc hosp",2022-05-28,"quantile",0.7,78.8376423579773
2022-05-21,"08","7  day ahead inc hosp",2022-05-28,"quantile",0.75,84.0800787632452
2022-05-21,"08","7  day ahead inc hosp",2022-05-28,"quantile",0.8,89.9177803039098
2022-05-21,"08","7  day ahead inc hosp",2022-05-28,"quantile",0.85,96.7223344177228
2022-05-21,"08","7  day ahead inc hosp",2022-05-28,"quantile",0.9,105.284017262064
2022-05-21,"08","7  day ahead inc hosp",2022-05-28,"quantile",0.95,117.973720965702
2022-05-21,"08","7  day ahead inc hosp",2022-05-28,"quantile",0.975,128.980146462607
2022-05-21,"08","7  day ahead inc hosp",2022-05-28,"quantile",0.99,141.777494712015
2022-05-21,"08","8  day ahead inc hosp",2022-05-29,"quantile",0.01,0
2022-05-21,"08","8  day ahead inc hosp",2022-05-29,"quantile",0.025,0
2022-05-21,"08","8  day ahead inc hosp",2022-05-29,"quantile",0.05,4.19048246512989
2022-05-21,"08","8  day ahead inc hosp",2022-05-29,"quantile",0.1,17.4779148922247
2022-05-21,"08","8  day ahead inc hosp",2022-05-29,"quantile",0.15,26.4428824685587
2022-05-21,"08","8  day ahead inc hosp",2022-05-29,"quantile",0.2,33.5679545029733
2022-05-21,"08","8  day ahead inc hosp",2022-05-29,"quantile",0.25,39.6806318800574
2022-05-21,"08","8  day ahead inc hosp",2022-05-29,"quantile",0.3,45.1700050849153
2022-05-21,"08","8  day ahead inc hosp",2022-05-29,"quantile",0.35,50.2567274393616
2022-05-21,"08","8  day ahead inc hosp",2022-05-29,"quantile",0.4,55.0835295220676
2022-05-21,"08","8  day ahead inc hosp",2022-05-29,"quantile",0.45,59.753516397211
2022-05-21,"08","8  day ahead inc hosp",2022-05-29,"quantile",0.5,64.3494623947884
2022-05-21,"08","8  day ahead inc hosp",2022-05-29,"quantile",0.55,68.9454083923658
2022-05-21,"08","8  day ahead inc hosp",2022-05-29,"quantile",0.6,73.6153952675092
2022-05-21,"08","8  day ahead inc hosp",2022-05-29,"quantile",0.65,78.4421973502152
2022-05-21,"08","8  day ahead inc hosp",2022-05-29,"quantile",0.7,83.5289197046615
2022-05-21,"08","8  day ahead inc hosp",2022-05-29,"quantile",0.75,89.0182929095194
2022-05-21,"08","8  day ahead inc hosp",2022-05-29,"quantile",0.8,95.1309702866035
2022-05-21,"08","8  day ahead inc hosp",2022-05-29,"quantile",0.85,102.256042321018
2022-05-21,"08","8  day ahead inc hosp",2022-05-29,"quantile",0.9,111.221009897352
2022-05-21,"08","8  day ahead inc hosp",2022-05-29,"quantile",0.95,124.508442324447
2022-05-21,"08","8  day ahead inc hosp",2022-05-29,"quantile",0.975,136.033308347287
2022-05-21,"08","8  day ahead inc hosp",2022-05-29,"quantile",0.99,149.433455748779
2022-05-21,"08","9  day ahead inc hosp",2022-05-30,"quantile",0.01,0
2022-05-21,"08","9  day ahead inc hosp",2022-05-30,"quantile",0.025,0
2022-05-21,"08","9  day ahead inc hosp",2022-05-30,"quantile",0.05,3.6571286473682
2022-05-21,"08","9  day ahead inc hosp",2022-05-30,"quantile",0.1,17.5165348728561
2022-05-21,"08","9  day ahead inc hosp",2022-05-30,"quantile",0.15,26.8674104555142
2022-05-21,"08","9  day ahead inc hosp",2022-05-30,"quantile",0.2,34.2991899398225
2022-05-21,"08","9  day ahead inc hosp",2022-05-30,"quantile",0.25,40.6749949991662
2022-05-21,"08","9  day ahead inc hosp",2022-05-30,"quantile",0.3,46.4006649949961
2022-05-21,"08","9  day ahead inc hosp",2022-05-30,"quantile",0.35,51.7063515415395
2022-05-21,"08","9  day ahead inc hosp",2022-05-30,"quantile",0.4,56.7409292299906
2022-05-21,"08","9  day ahead inc hosp",2022-05-30,"quantile",0.45,61.6119414082599
2022-05-21,"08","9  day ahead inc hosp",2022-05-30,"quantile",0.5,66.4057255287303
2022-05-21,"08","9  day ahead inc hosp",2022-05-30,"quantile",0.55,71.1995096492007
2022-05-21,"08","9  day ahead inc hosp",2022-05-30,"quantile",0.6,76.07052182747
2022-05-21,"08","9  day ahead inc hosp",2022-05-30,"quantile",0.65,81.1050995159211
2022-05-21,"08","9  day ahead inc hosp",2022-05-30,"quantile",0.7,86.4107860624645
2022-05-21,"08","9  day ahead inc hosp",2022-05-30,"quantile",0.75,92.1364560582944
2022-05-21,"08","9  day ahead inc hosp",2022-05-30,"quantile",0.8,98.5122611176381
2022-05-21,"08","9  day ahead inc hosp",2022-05-30,"quantile",0.85,105.944040601946
2022-05-21,"08","9  day ahead inc hosp",2022-05-30,"quantile",0.9,115.294916184604
2022-05-21,"08","9  day ahead inc hosp",2022-05-30,"quantile",0.95,129.154322410092
2022-05-21,"08","9  day ahead inc hosp",2022-05-30,"quantile",0.975,141.175290402311
2022-05-21,"08","9  day ahead inc hosp",2022-05-30,"quantile",0.99,155.15226355628
2022-05-21,"08","10  day ahead inc hosp",2022-05-31,"quantile",0.01,0
2022-05-21,"08","10  day ahead inc hosp",2022-05-31,"quantile",0.025,0
2022-05-21,"08","10  day ahead inc hosp",2022-05-31,"quantile",0.05,4.68874174336047
2022-05-21,"08","10  day ahead inc hosp",2022-05-31,"quantile",0.1,19.0974343051988
2022-05-21,"08","10  day ahead inc hosp",2022-05-31,"quantile",0.15,28.8189107712498
2022-05-21,"08","10  day ahead inc hosp",2022-05-31,"quantile",0.2,36.5452320893917
2022-05-21,"08","10  day ahead inc hosp",2022-05-31,"quantile",0.25,43.1737278156624
2022-05-21,"08","10  day ahead inc hosp",2022-05-31,"quantile",0.3,49.1263218401262
2022-05-21,"08","10  day ahead inc hosp",2022-05-31,"quantile",0.35,54.6422873176396
2022-05-21,"08","10  day ahead inc hosp",2022-05-31,"quantile",0.4,59.8763991483597
2022-05-21,"08","10  day ahead inc hosp",2022-05-31,"quantile",0.45,64.9404629184642
2022-05-21,"08","10  day ahead inc hosp",2022-05-31,"quantile",0.5,69.9242378707168
2022-05-21,"08","10  day ahead inc hosp",2022-05-31,"quantile",0.55,74.9080128229693
2022-05-21,"08","10  day ahead inc hosp",2022-05-31,"quantile",0.6,79.9720765930738
2022-05-21,"08","10  day ahead inc hosp",2022-05-31,"quantile",0.65,85.2061884237939
2022-05-21,"08","10  day ahead inc hosp",2022-05-31,"quantile",0.7,90.7221539013073
2022-05-21,"08","10  day ahead inc hosp",2022-05-31,"quantile",0.75,96.6747479257711
2022-05-21,"08","10  day ahead inc hosp",2022-05-31,"quantile",0.8,103.303243652042
2022-05-21,"08","10  day ahead inc hosp",2022-05-31,"quantile",0.85,111.029564970184
2022-05-21,"08","10  day ahead inc hosp",2022-05-31,"quantile",0.9,120.751041436235
2022-05-21,"08","10  day ahead inc hosp",2022-05-31,"quantile",0.95,135.159733998073
2022-05-21,"08","10  day ahead inc hosp",2022-05-31,"quantile",0.975,147.657125969819
2022-05-21,"08","10  day ahead inc hosp",2022-05-31,"quantile",0.99,162.188044960436
2022-05-21,"08","11  day ahead inc hosp",2022-06-01,"quantile",0.01,0
2022-05-21,"08","11  day ahead inc hosp",2022-06-01,"quantile",0.025,0
2022-05-21,"08","11  day ahead inc hosp",2022-06-01,"quantile",0.05,0
2022-05-21,"08","11  day ahead inc hosp",2022-06-01,"quantile",0.1,11.0115234938682
2022-05-21,"08","11  day ahead inc hosp",2022-06-01,"quantile",0.15,21.0899824632551
2022-05-21,"08","11  day ahead inc hosp",2022-06-01,"quantile",0.2,29.1000221584728
2022-05-21,"08","11  day ahead inc hosp",2022-06-01,"quantile",0.25,35.9719229895111
2022-05-21,"08","11  day ahead inc hosp",2022-06-01,"quantile",0.3,42.1431023208073
2022-05-21,"08","11  day ahead inc hosp",2022-06-01,"quantile",0.35,47.8616196608237
2022-05-21,"08","11  day ahead inc hosp",2022-06-01,"quantile",0.4,53.2879334014693
2022-05-21,"08","11  day ahead inc hosp",2022-06-01,"quantile",0.45,58.5379547437612
2022-05-21,"08","11  day ahead inc hosp",2022-06-01,"quantile",0.5,63.7047389811497
2022-05-21,"08","11  day ahead inc hosp",2022-06-01,"quantile",0.55,68.8715232185382
2022-05-21,"08","11  day ahead inc hosp",2022-06-01,"quantile",0.6,74.1215445608302
2022-05-21,"08","11  day ahead inc hosp",2022-06-01,"quantile",0.65,79.5478583014758
2022-05-21,"08","11  day ahead inc hosp",2022-06-01,"quantile",0.7,85.2663756414921
2022-05-21,"08","11  day ahead inc hosp",2022-06-01,"quantile",0.75,91.4375549727883
2022-05-21,"08","11  day ahead inc hosp",2022-06-01,"quantile",0.8,98.3094558038267
2022-05-21,"08","11  day ahead inc hosp",2022-06-01,"quantile",0.85,106.319495499044
2022-05-21,"08","11  day ahead inc hosp",2022-06-01,"quantile",0.9,116.397954468431
2022-05-21,"08","11  day ahead inc hosp",2022-06-01,"quantile",0.95,131.335748875908
2022-05-21,"08","11  day ahead inc hosp",2022-06-01,"quantile",0.975,144.292057791682
2022-05-21,"08","11  day ahead inc hosp",2022-06-01,"quantile",0.99,159.356566906717
2022-05-21,"08","12  day ahead inc hosp",2022-06-02,"quantile",0.01,0
2022-05-21,"08","12  day ahead inc hosp",2022-06-02,"quantile",0.025,0
2022-05-21,"08","12  day ahead inc hosp",2022-06-02,"quantile",0.05,0.0053344761685139
2022-05-21,"08","12  day ahead inc hosp",2022-06-02,"quantile",0.1,15.4541202594765
2022-05-21,"08","12  day ahead inc hosp",2022-06-02,"quantile",0.15,25.8773426841995
2022-05-21,"08","12  day ahead inc hosp",2022-06-02,"quantile",0.2,34.1613894444942
2022-05-21,"08","12  day ahead inc hosp",2022-06-02,"quantile",0.25,41.2683639393171
2022-05-21,"08","12  day ahead inc hosp",2022-06-02,"quantile",0.3,47.6506466859487
2022-05-21,"08","12  day ahead inc hosp",2022-06-02,"quantile",0.35,53.5647828009714
2022-05-21,"08","12  day ahead inc hosp",2022-06-02,"quantile",0.4,59.1767196294963
2022-05-21,"08","12  day ahead inc hosp",2022-06-02,"quantile",0.45,64.60633345751
2022-05-21,"08","12  day ahead inc hosp",2022-06-02,"quantile",0.5,69.9498628096099
2022-05-21,"08","12  day ahead inc hosp",2022-06-02,"quantile",0.55,75.2933921617097
2022-05-21,"08","12  day ahead inc hosp",2022-06-02,"quantile",0.6,80.7230059897234
2022-05-21,"08","12  day ahead inc hosp",2022-06-02,"quantile",0.65,86.3349428182483
2022-05-21,"08","12  day ahead inc hosp",2022-06-02,"quantile",0.7,92.249078933271
2022-05-21,"08","12  day ahead inc hosp",2022-06-02,"quantile",0.75,98.6313616799026
2022-05-21,"08","12  day ahead inc hosp",2022-06-02,"quantile",0.8,105.738336174725
2022-05-21,"08","12  day ahead inc hosp",2022-06-02,"quantile",0.85,114.02238293502
2022-05-21,"08","12  day ahead inc hosp",2022-06-02,"quantile",0.9,124.445605359743
2022-05-21,"08","12  day ahead inc hosp",2022-06-02,"quantile",0.95,139.894391143051
2022-05-21,"08","12  day ahead inc hosp",2022-06-02,"quantile",0.975,153.293908871181
2022-05-21,"08","12  day ahead inc hosp",2022-06-02,"quantile",0.99,168.873744012865
2022-05-21,"08","13  day ahead inc hosp",2022-06-03,"quantile",0.01,0
2022-05-21,"08","13  day ahead inc hosp",2022-06-03,"quantile",0.025,0
2022-05-21,"08","13  day ahead inc hosp",2022-06-03,"quantile",0.05,0
2022-05-21,"08","13  day ahead inc hosp",2022-06-03,"quantile",0.1,12.2346651035578
2022-05-21,"08","13  day ahead inc hosp",2022-06-03,"quantile",0.15,22.9916068730794
2022-05-21,"08","13  day ahead inc hosp",2022-06-03,"quantile",0.2,31.5408831895017
2022-05-21,"08","13  day ahead inc hosp",2022-06-03,"quantile",0.25,38.8754010269944
2022-05-21,"08","13  day ahead inc hosp",2022-06-03,"quantile",0.3,45.4620247278663
2022-05-21,"08","13  day ahead inc hosp",2022-06-03,"quantile",0.35,51.5655131898824
2022-05-21,"08","13  day ahead inc hosp",2022-06-03,"quantile",0.4,57.3571268788977
2022-05-21,"08","13  day ahead inc hosp",2022-06-03,"quantile",0.45,62.9605801488191
2022-05-21,"08","13  day ahead inc hosp",2022-06-03,"quantile",0.5,68.4751927841526
2022-05-21,"08","13  day ahead inc hosp",2022-06-03,"quantile",0.55,73.989805419486
2022-05-21,"08","13  day ahead inc hosp",2022-06-03,"quantile",0.6,79.5932586894074
2022-05-21,"08","13  day ahead inc hosp",2022-06-03,"quantile",0.65,85.3848723784227
2022-05-21,"08","13  day ahead inc hosp",2022-06-03,"quantile",0.7,91.4883608404388
2022-05-21,"08","13  day ahead inc hosp",2022-06-03,"quantile",0.75,98.0749845413107
2022-05-21,"08","13  day ahead inc hosp",2022-06-03,"quantile",0.8,105.409502378803
2022-05-21,"08","13  day ahead inc hosp",2022-06-03,"quantile",0.85,113.958778695226
2022-05-21,"08","13  day ahead inc hosp",2022-06-03,"quantile",0.9,124.715720464747
2022-05-21,"08","13  day ahead inc hosp",2022-06-03,"quantile",0.95,140.65912858839
2022-05-21,"08","13  day ahead inc hosp",2022-06-03,"quantile",0.975,154.487657431762
2022-05-21,"08","13  day ahead inc hosp",2022-06-03,"quantile",0.99,170.566310708922
2022-05-21,"08","14  day ahead inc hosp",2022-06-04,"quantile",0.01,0
2022-05-21,"08","14  day ahead inc hosp",2022-06-04,"quantile",0.025,0
2022-05-21,"08","14  day ahead inc hosp",2022-06-04,"quantile",0.05,0
2022-05-21,"08","14  day ahead inc hosp",2022-06-04,"quantile",0.1,11.1851636170412
2022-05-21,"08","14  day ahead inc hosp",2022-06-04,"quantile",0.15,22.265778525543
2022-05-21,"08","14  day ahead inc hosp",2022-06-04,"quantile",0.2,31.0722999921793
2022-05-21,"08","14  day ahead inc hosp",2022-06-04,"quantile",0.25,38.6275112630132
2022-05-21,"08","14  day ahead inc hosp",2022-06-04,"quantile",0.3,45.4123244878428
2022-05-21,"08","14  day ahead inc hosp",2022-06-04,"quantile",0.35,51.6994650799492
2022-05-21,"08","14  day ahead inc hosp",2022-06-04,"quantile",0.4,57.6653466810391
2022-05-21,"08","14  day ahead inc hosp",2022-06-04,"quantile",0.45,63.437406172679
2022-05-21,"08","14  day ahead inc hosp",2022-06-04,"quantile",0.5,69.1179518417856
2022-05-21,"08","14  day ahead inc hosp",2022-06-04,"quantile",0.55,74.7984975108921
2022-05-21,"08","14  day ahead inc hosp",2022-06-04,"quantile",0.6,80.570557002532
2022-05-21,"08","14  day ahead inc hosp",2022-06-04,"quantile",0.65,86.5364386036219
2022-05-21,"08","14  day ahead inc hosp",2022-06-04,"quantile",0.7,92.8235791957283
2022-05-21,"08","14  day ahead inc hosp",2022-06-04,"quantile",0.75,99.6083924205579
2022-05-21,"08","14  day ahead inc hosp",2022-06-04,"quantile",0.8,107.163603691392
2022-05-21,"08","14  day ahead inc hosp",2022-06-04,"quantile",0.85,115.970125158028
2022-05-21,"08","14  day ahead inc hosp",2022-06-04,"quantile",0.9,127.05074006653
2022-05-21,"08","14  day ahead inc hosp",2022-06-04,"quantile",0.95,143.473880540127
2022-05-21,"08","14  day ahead inc hosp",2022-06-04,"quantile",0.975,157.718505652691
2022-05-21,"08","14  day ahead inc hosp",2022-06-04,"quantile",0.99,174.280960765754
2022-05-21,"08","15  day ahead inc hosp",2022-06-05,"quantile",0.01,0
2022-05-21,"08","15  day ahead inc hosp",2022-06-05,"quantile",0.025,0
2022-05-21,"08","15  day ahead inc hosp",2022-06-05,"quantile",0.05,0
2022-05-21,"08","15  day ahead inc hosp",2022-06-05,"quantile",0.1,10.4283408767524
2022-05-21,"08","15  day ahead inc hosp",2022-06-05,"quantile",0.15,21.8234388257893
2022-05-21,"08","15  day ahead inc hosp",2022-06-05,"quantile",0.2,30.8799014437276
2022-05-21,"08","15  day ahead inc hosp",2022-06-05,"quantile",0.25,38.6495399671965
2022-05-21,"08","15  day ahead inc hosp",2022-06-05,"quantile",0.3,45.6269154920452
2022-05-21,"08","15  day ahead inc hosp",2022-06-05,"quantile",0.35,52.0924937526387
2022-05-21,"08","15  day ahead inc hosp",2022-06-05,"quantile",0.4,58.2276952516654
2022-05-21,"08","15  day ahead inc hosp",2022-06-05,"quantile",0.45,64.1635737040822
2022-05-21,"08","15  day ahead inc hosp",2022-06-05,"quantile",0.5,70.005341046234
2022-05-21,"08","15  day ahead inc hosp",2022-06-05,"quantile",0.55,75.8471083883859
2022-05-21,"08","15  day ahead inc hosp",2022-06-05,"quantile",0.6,81.7829868408026
2022-05-21,"08","15  day ahead inc hosp",2022-06-05,"quantile",0.65,87.9181883398293
2022-05-21,"08","15  day ahead inc hosp",2022-06-05,"quantile",0.7,94.3837666004228
2022-05-21,"08","15  day ahead inc hosp",2022-06-05,"quantile",0.75,101.361142125271
2022-05-21,"08","15  day ahead inc hosp",2022-06-05,"quantile",0.8,109.13078064874
2022-05-21,"08","15  day ahead inc hosp",2022-06-05,"quantile",0.85,118.187243266679
2022-05-21,"08","15  day ahead inc hosp",2022-06-05,"quantile",0.9,129.582341215716
2022-05-21,"08","15  day ahead inc hosp",2022-06-05,"quantile",0.95,146.471592928979
2022-05-21,"08","15  day ahead inc hosp",2022-06-05,"quantile",0.975,161.120500028931
2022-05-21,"08","15  day ahead inc hosp",2022-06-05,"quantile",0.99,178.153020322102
2022-05-21,"08","16  day ahead inc hosp",2022-06-06,"quantile",0.01,0
2022-05-21,"08","16  day ahead inc hosp",2022-06-06,"quantile",0.025,0
2022-05-21,"08","16  day ahead inc hosp",2022-06-06,"quantile",0.05,0
2022-05-21,"08","16  day ahead inc hosp",2022-06-06,"quantile",0.1,12.4985019662996
2022-05-21,"08","16  day ahead inc hosp",2022-06-06,"quantile",0.15,24.1996338682045
2022-05-21,"08","16  day ahead inc hosp",2022-06-06,"quantile",0.2,33.4993225704086
2022-05-21,"08","16  day ahead inc hosp",2022-06-06,"quantile",0.25,41.4776274169163
2022-05-21,"08","16  day ahead inc hosp",2022-06-06,"quantile",0.3,48.6423917489577
2022-05-21,"08","16  day ahead inc hosp",2022-06-06,"quantile",0.35,55.2816136659302
2022-05-21,"08","16  day ahead inc hosp",2022-06-06,"quantile",0.4,61.5815860142103
2022-05-21,"08","16  day ahead inc hosp",2022-06-06,"quantile",0.45,67.6768821701572
2022-05-21,"08","16  day ahead inc hosp",2022-06-06,"quantile",0.5,73.6755397083785
2022-05-21,"08","16  day ahead inc hosp",2022-06-06,"quantile",0.55,79.6741972465997
2022-05-21,"08","16  day ahead inc hosp",2022-06-06,"quantile",0.6,85.7694934025467
2022-05-21,"08","16  day ahead inc hosp",2022-06-06,"quantile",0.65,92.0694657508268
2022-05-21,"08","16  day ahead inc hosp",2022-06-06,"quantile",0.7,98.7086876677992
2022-05-21,"08","16  day ahead inc hosp",2022-06-06,"quantile",0.75,105.873451999841
2022-05-21,"08","16  day ahead inc hosp",2022-06-06,"quantile",0.8,113.851756846348
2022-05-21,"08","16  day ahead inc hosp",2022-06-06,"quantile",0.85,123.151445548552
2022-05-21,"08","16  day ahead inc hosp",2022-06-06,"quantile",0.9,134.852577450457
2022-05-21,"08","16  day ahead inc hosp",2022-06-06,"quantile",0.95,152.195417582698
2022-05-21,"08","16  day ahead inc hosp",2022-06-06,"quantile",0.975,167.237744990667
2022-05-21,"08","16  day ahead inc hosp",2022-06-06,"quantile",0.99,184.727701414351
2022-05-21,"08","17  day ahead inc hosp",2022-06-07,"quantile",0.01,0
2022-05-21,"08","17  day ahead inc hosp",2022-06-07,"quantile",0.025,0
2022-05-21,"08","17  day ahead inc hosp",2022-06-07,"quantile",0.05,0
2022-05-21,"08","17  day ahead inc hosp",2022-06-07,"quantile",0.1,9.48920739711661
2022-05-21,"08","17  day ahead inc hosp",2022-06-07,"quantile",0.15,21.4885706428646
2022-05-21,"08","17  day ahead inc hosp",2022-06-07,"quantile",0.2,31.0252841630292
2022-05-21,"08","17  day ahead inc hosp",2022-06-07,"quantile",0.25,39.2069351982571
2022-05-21,"08","17  day ahead inc hosp",2022-06-07,"quantile",0.3,46.5543106924474
2022-05-21,"08","17  day ahead inc hosp",2022-06-07,"quantile",0.35,53.3627490656542
2022-05-21,"08","17  day ahead inc hosp",2022-06-07,"quantile",0.4,59.8232912831874
2022-05-21,"08","17  day ahead inc hosp",2022-06-07,"quantile",0.45,66.0739406458967
2022-05-21,"08","17  day ahead inc hosp",2022-06-07,"quantile",0.5,72.2254883244801
2022-05-21,"08","17  day ahead inc hosp",2022-06-07,"quantile",0.55,78.3770360030635
2022-05-21,"08","17  day ahead inc hosp",2022-06-07,"quantile",0.6,84.6276853657728
2022-05-21,"08","17  day ahead inc hosp",2022-06-07,"quantile",0.65,91.088227583306
2022-05-21,"08","17  day ahead inc hosp",2022-06-07,"quantile",0.7,97.8966659565128
2022-05-21,"08","17  day ahead inc hosp",2022-06-07,"quantile",0.75,105.244041450703
2022-05-21,"08","17  day ahead inc hosp",2022-06-07,"quantile",0.8,113.425692485931
2022-05-21,"08","17  day ahead inc hosp",2022-06-07,"quantile",0.85,122.962406006096
2022-05-21,"08","17  day ahead inc hosp",2022-06-07,"quantile",0.9,134.961769251844
2022-05-21,"08","17  day ahead inc hosp",2022-06-07,"quantile",0.95,152.746633161105
2022-05-21,"08","17  day ahead inc hosp",2022-06-07,"quantile",0.975,168.172350274874
2022-05-21,"08","17  day ahead inc hosp",2022-06-07,"quantile",0.99,186.108080086272
2022-05-21,"08","18  day ahead inc hosp",2022-06-08,"quantile",0.01,0
2022-05-21,"08","18  day ahead inc hosp",2022-06-08,"quantile",0.025,0
2022-05-21,"08","18  day ahead inc hosp",2022-06-08,"quantile",0.05,0
2022-05-21,"08","18  day ahead inc hosp",2022-06-08,"quantile",0.1,9.0977855730837
2022-05-21,"08","18  day ahead inc hosp",2022-06-08,"quantile",0.15,21.3881455686672
2022-05-21,"08","18  day ahead inc hosp",2022-06-08,"quantile",0.2,31.1561340808164
2022-05-21,"08","18  day ahead inc hosp",2022-06-08,"quantile",0.25,39.5361984660514
2022-05-21,"08","18  day ahead inc hosp",2022-06-08,"quantile",0.3,47.0617552807703
2022-05-21,"08","18  day ahead inc hosp",2022-06-08,"quantile",0.35,54.035305201772
2022-05-21,"08","18  day ahead inc hosp",2022-06-08,"quantile",0.4,60.6525221318691
2022-05-21,"08","18  day ahead inc hosp",2022-06-08,"quantile",0.45,67.0547560921657
2022-05-21,"08","18  day ahead inc hosp",2022-06-08,"quantile",0.5,73.3554850518108
2022-05-21,"08","18  day ahead inc hosp",2022-06-08,"quantile",0.55,79.6562140114559
2022-05-21,"08","18  day ahead inc hosp",2022-06-08,"quantile",0.6,86.0584479717525
2022-05-21,"08","18  day ahead inc hosp",2022-06-08,"quantile",0.65,92.6756649018496
2022-05-21,"08","18  day ahead inc hosp",2022-06-08,"quantile",0.7,99.6492148228513
2022-05-21,"08","18  day ahead inc hosp",2022-06-08,"quantile",0.75,107.17477163757
2022-05-21,"08","18  day ahead inc hosp",2022-06-08,"quantile",0.8,115.554836022805
2022-05-21,"08","18  day ahead inc hosp",2022-06-08,"quantile",0.85,125.322824534954
2022-05-21,"08","18  day ahead inc hosp",2022-06-08,"quantile",0.9,137.613184530538
2022-05-21,"08","18  day ahead inc hosp",2022-06-08,"quantile",0.95,155.829349458684
2022-05-21,"08","18  day ahead inc hosp",2022-06-08,"quantile",0.975,171.629155884699
2022-05-21,"08","18  day ahead inc hosp",2022-06-08,"quantile",0.99,189.999845366386
2022-05-21,"08","19  day ahead inc hosp",2022-06-09,"quantile",0.01,0
2022-05-21,"08","19  day ahead inc hosp",2022-06-09,"quantile",0.025,0
2022-05-21,"08","19  day ahead inc hosp",2022-06-09,"quantile",0.05,0
2022-05-21,"08","19  day ahead inc hosp",2022-06-09,"quantile",0.1,11.7385786412357
2022-05-21,"08","19  day ahead inc hosp",2022-06-09,"quantile",0.15,24.313203062612
2022-05-21,"08","19  day ahead inc hosp",2022-06-09,"quantile",0.2,34.3071159290155
2022-05-21,"08","19  day ahead inc hosp",2022-06-09,"quantile",0.25,42.8810032935148
2022-05-21,"08","19  day ahead inc hosp",2022-06-09,"quantile",0.3,50.580619133964
2022-05-21,"08","19  day ahead inc hosp",2022-06-09,"quantile",0.35,57.7154606822853
2022-05-21,"08","19  day ahead inc hosp",2022-06-09,"quantile",0.4,64.485727593966
2022-05-21,"08","19  day ahead inc hosp",2022-06-09,"quantile",0.45,71.0360391826777
2022-05-21,"08","19  day ahead inc hosp",2022-06-09,"quantile",0.5,77.4824980558838
2022-05-21,"08","19  day ahead inc hosp",2022-06-09,"quantile",0.55,83.9289569290899
2022-05-21,"08","19  day ahead inc hosp",2022-06-09,"quantile",0.6,90.4792685178016
2022-05-21,"08","19  day ahead inc hosp",2022-06-09,"quantile",0.65,97.2495354294822
2022-05-21,"08","19  day ahead inc hosp",2022-06-09,"quantile",0.7,104.384376977804
2022-05-21,"08","19  day ahead inc hosp",2022-06-09,"quantile",0.75,112.083992818253
2022-05-21,"08","19  day ahead inc hosp",2022-06-09,"quantile",0.8,120.657880182752
2022-05-21,"08","19  day ahead inc hosp",2022-06-09,"quantile",0.85,130.651793049156
2022-05-21,"08","19  day ahead inc hosp",2022-06-09,"quantile",0.9,143.226417470532
2022-05-21,"08","19  day ahead inc hosp",2022-06-09,"quantile",0.95,161.863905099177
2022-05-21,"08","19  day ahead inc hosp",2022-06-09,"quantile",0.975,178.029146134345
2022-05-21,"08","19  day ahead inc hosp",2022-06-09,"quantile",0.99,196.824732323597
2022-05-21,"08","20  day ahead inc hosp",2022-06-10,"quantile",0.01,0
2022-05-21,"08","20  day ahead inc hosp",2022-06-10,"quantile",0.025,0
2022-05-21,"08","20  day ahead inc hosp",2022-06-10,"quantile",0.05,0
2022-05-21,"08","20  day ahead inc hosp",2022-06-10,"quantile",0.1,7.29249194370944
2022-05-21,"08","20  day ahead inc hosp",2022-06-10,"quantile",0.15,20.1450951763741
2022-05-21,"08","20  day ahead inc hosp",2022-06-10,"quantile",0.2,30.3599367898822
2022-05-21,"08","20  day ahead inc hosp",2022-06-10,"quantile",0.25,39.1233613475284
2022-05-21,"08","20  day ahead inc hosp",2022-06-10,"quantile",0.3,46.9931874453168
2022-05-21,"08","20  day ahead inc hosp",2022-06-10,"quantile",0.35,54.2857541634621
2022-05-21,"08","20  day ahead inc hosp",2022-06-10,"quantile",0.4,61.2056868373277
2022-05-21,"08","20  day ahead inc hosp",2022-06-10,"quantile",0.45,67.9008017830211
2022-05-21,"08","20  day ahead inc hosp",2022-06-10,"quantile",0.5,74.4897682106912
2022-05-21,"08","20  day ahead inc hosp",2022-06-10,"quantile",0.55,81.0787346383613
2022-05-21,"08","20  day ahead inc hosp",2022-06-10,"quantile",0.6,87.7738495840547
2022-05-21,"08","20  day ahead inc hosp",2022-06-10,"quantile",0.65,94.6937822579203
2022-05-21,"08","20  day ahead inc hosp",2022-06-10,"quantile",0.7,101.986348976066
2022-05-21,"08","20  day ahead inc hosp",2022-06-10,"quantile",0.75,109.856175073854
2022-05-21,"08","20  day ahead inc hosp",2022-06-10,"quantile",0.8,118.6195996315
2022-05-21,"08","20  day ahead inc hosp",2022-06-10,"quantile",0.85,128.834441245008
2022-05-21,"08","20  day ahead inc hosp",2022-06-10,"quantile",0.9,141.687044477673
2022-05-21,"08","20  day ahead inc hosp",2022-06-10,"quantile",0.95,160.73653857926
2022-05-21,"08","20  day ahead inc hosp",2022-06-10,"quantile",0.975,177.25913378554
2022-05-21,"08","20  day ahead inc hosp",2022-06-10,"quantile",0.99,196.470221426865
2022-05-21,"08","21  day ahead inc hosp",2022-06-11,"quantile",0.01,0
2022-05-21,"08","21  day ahead inc hosp",2022-06-11,"quantile",0.025,0
2022-05-21,"08","21  day ahead inc hosp",2022-06-11,"quantile",0.05,0
2022-05-21,"08","21  day ahead inc hosp",2022-06-11,"quantile",0.1,5.24958329101277
2022-05-21,"08","21  day ahead inc hosp",2022-06-11,"quantile",0.15,18.3742791112569
2022-05-21,"08","21  day ahead inc hosp",2022-06-11,"quantile",0.2,28.8053712878626
2022-05-21,"08","21  day ahead inc hosp",2022-06-11,"quantile",0.25,37.7543195733313
2022-05-21,"08","21  day ahead inc hosp",2022-06-11,"quantile",0.3,45.7907517125562
2022-05-21,"08","21  day ahead inc hosp",2022-06-11,"quantile",0.35,53.237703757356
2022-05-21,"08","21  day ahead inc hosp",2022-06-11,"quantile",0.4,60.3041330088428
2022-05-21,"08","21  day ahead inc hosp",2022-06-11,"quantile",0.45,67.1409850887757
2022-05-21,"08","21  day ahead inc hosp",2022-06-11,"quantile",0.5,73.8694414619708
2022-05-21,"08","21  day ahead inc hosp",2022-06-11,"quantile",0.55,80.597897835166
2022-05-21,"08","21  day ahead inc hosp",2022-06-11,"quantile",0.6,87.4347499150989
2022-05-21,"08","21  day ahead inc hosp",2022-06-11,"quantile",0.65,94.5011791665857
2022-05-21,"08","21  day ahead inc hosp",2022-06-11,"quantile",0.7,101.948131211385
2022-05-21,"08","21  day ahead inc hosp",2022-06-11,"quantile",0.75,109.98456335061
2022-05-21,"08","21  day ahead inc hosp",2022-06-11,"quantile",0.8,118.933511636079
2022-05-21,"08","21  day ahead inc hosp",2022-06-11,"quantile",0.85,129.364603812685
2022-05-21,"08","21  day ahead inc hosp",2022-06-11,"quantile",0.9,142.489299632929
2022-05-21,"08","21  day ahead inc hosp",2022-06-11,"quantile",0.95,161.942075937222
2022-05-21,"08","21  day ahead inc hosp",2022-06-11,"quantile",0.975,178.81445831127
2022-05-21,"08","21  day ahead inc hosp",2022-06-11,"quantile",0.99,198.43224912797
2022-05-21,"08","22  day ahead inc hosp",2022-06-12,"quantile",0.01,0
2022-05-21,"08","22  day ahead inc hosp",2022-06-12,"quantile",0.025,0
2022-05-21,"08","22  day ahead inc hosp",2022-06-12,"quantile",0.05,0
2022-05-21,"08","22  day ahead inc hosp",2022-06-12,"quantile",0.1,9.29543146916201
2022-05-21,"08","22  day ahead inc hosp",2022-06-12,"quantile",0.15,23.0204273337264
2022-05-21,"08","22  day ahead inc hosp",2022-06-12,"quantile",0.2,33.9286189556591
2022-05-21,"08","22  day ahead inc hosp",2022-06-12,"quantile",0.25,43.2868760834783
2022-05-21,"08","22  day ahead inc hosp",2022-06-12,"quantile",0.3,51.6908802133555
2022-05-21,"08","22  day ahead inc hosp",2022-06-12,"quantile",0.35,59.4784424866718
2022-05-21,"08","22  day ahead inc hosp",2022-06-12,"quantile",0.4,66.8680775366739
2022-05-21,"08","22  day ahead inc hosp",2022-06-12,"quantile",0.45,74.0176349671007
2022-05-21,"08","22  day ahead inc hosp",2022-06-12,"quantile",0.5,81.0538388655989
2022-05-21,"08","22  day ahead inc hosp",2022-06-12,"quantile",0.55,88.0900427640971
2022-05-21,"08","22  day ahead inc hosp",2022-06-12,"quantile",0.6,95.2396001945238
2022-05-21,"08","22  day ahead inc hosp",2022-06-12,"quantile",0.65,102.629235244526
2022-05-21,"08","22  day ahead inc hosp",2022-06-12,"quantile",0.7,110.416797517842
2022-05-21,"08","22  day ahead inc hosp",2022-06-12,"quantile",0.75,118.82080164772
2022-05-21,"08","22  day ahead inc hosp",2022-06-12,"quantile",0.8,128.179058775539
2022-05-21,"08","22  day ahead inc hosp",2022-06-12,"quantile",0.85,139.087250397471
2022-05-21,"08","22  day ahead inc hosp",2022-06-12,"quantile",0.9,152.812246262036
2022-05-21,"08","22  day ahead inc hosp",2022-06-12,"quantile",0.95,173.154757660959
2022-05-21,"08","22  day ahead inc hosp",2022-06-12,"quantile",0.975,190.798852539865
2022-05-21,"08","22  day ahead inc hosp",2022-06-12,"quantile",0.99,211.313925918996
2022-05-21,"08","23  day ahead inc hosp",2022-06-13,"quantile",0.01,0
2022-05-21,"08","23  day ahead inc hosp",2022-06-13,"quantile",0.025,0
2022-05-21,"08","23  day ahead inc hosp",2022-06-13,"quantile",0.05,0
2022-05-21,"08","23  day ahead inc hosp",2022-06-13,"quantile",0.1,8.6508955113363
2022-05-21,"08","23  day ahead inc hosp",2022-06-13,"quantile",0.15,22.8162712004567
2022-05-21,"08","23  day ahead inc hosp",2022-06-13,"quantile",0.2,34.0744627466219
2022-05-21,"08","23  day ahead inc hosp",2022-06-13,"quantile",0.25,43.7329886448485
2022-05-21,"08","23  day ahead inc hosp",2022-06-13,"quantile",0.3,52.4066434107479
2022-05-21,"08","23  day ahead inc hosp",2022-06-13,"quantile",0.35,60.4440771843171
2022-05-21,"08","23  day ahead inc hosp",2022-06-13,"quantile",0.4,68.0708158530718
2022-05-21,"08","23  day ahead inc hosp",2022-06-13,"quantile",0.45,75.4497737786195
2022-05-21,"08","23  day ahead inc hosp",2022-06-13,"quantile",0.5,82.711741114057
2022-05-21,"08","23  day ahead inc hosp",2022-06-13,"quantile",0.55,89.9737084494944
2022-05-21,"08","23  day ahead inc hosp",2022-06-13,"quantile",0.6,97.3526663750421
2022-05-21,"08","23  day ahead inc hosp",2022-06-13,"quantile",0.65,104.979405043797
2022-05-21,"08","23  day ahead inc hosp",2022-06-13,"quantile",0.7,113.016838817366
2022-05-21,"08","23  day ahead inc hosp",2022-06-13,"quantile",0.75,121.690493583265
2022-05-21,"08","23  day ahead inc hosp",2022-06-13,"quantile",0.8,131.349019481492
2022-05-21,"08","23  day ahead inc hosp",2022-06-13,"quantile",0.85,142.607211027657
2022-05-21,"08","23  day ahead inc hosp",2022-06-13,"quantile",0.9,156.772586716778
2022-05-21,"08","23  day ahead inc hosp",2022-06-13,"quantile",0.95,177.767807354326
2022-05-21,"08","23  day ahead inc hosp",2022-06-13,"quantile",0.975,195.978030156612
2022-05-21,"08","23  day ahead inc hosp",2022-06-13,"quantile",0.99,217.151349593128
2022-05-21,"08","24  day ahead inc hosp",2022-06-14,"quantile",0.01,0
2022-05-21,"08","24  day ahead inc hosp",2022-06-14,"quantile",0.025,0
2022-05-21,"08","24  day ahead inc hosp",2022-06-14,"quantile",0.05,0
2022-05-21,"08","24  day ahead inc hosp",2022-06-14,"quantile",0.1,4.09039973116955
2022-05-21,"08","24  day ahead inc hosp",2022-06-14,"quantile",0.15,18.6461213609852
2022-05-21,"08","24  day ahead inc hosp",2022-06-14,"quantile",0.2,30.2145474865968
2022-05-21,"08","24  day ahead inc hosp",2022-06-14,"quantile",0.25,40.1392270301777
2022-05-21,"08","24  day ahead inc hosp",2022-06-14,"quantile",0.3,49.0518959954295
2022-05-21,"08","24  day ahead inc hosp",2022-06-14,"quantile",0.35,57.310812044935
2022-05-21,"08","24  day ahead inc hosp",2022-06-14,"quantile",0.4,65.1477157347543
2022-05-21,"08","24  day ahead inc hosp",2022-06-14,"quantile",0.45,72.730010750402
2022-05-21,"08","24  day ahead inc hosp",2022-06-14,"quantile",0.5,80.1920913431974
2022-05-21,"08","24  day ahead inc hosp",2022-06-14,"quantile",0.55,87.6541719359927
2022-05-21,"08","24  day ahead inc hosp",2022-06-14,"quantile",0.6,95.2364669516405
2022-05-21,"08","24  day ahead inc hosp",2022-06-14,"quantile",0.65,103.07337064146
2022-05-21,"08","24  day ahead inc hosp",2022-06-14,"quantile",0.7,111.332286690965
2022-05-21,"08","24  day ahead inc hosp",2022-06-14,"quantile",0.75,120.244955656217
2022-05-21,"08","24  day ahead inc hosp",2022-06-14,"quantile",0.8,130.169635199798
2022-05-21,"08","24  day ahead inc hosp",2022-06-14,"quantile",0.85,141.73806132541
2022-05-21,"08","24  day ahead inc hosp",2022-06-14,"quantile",0.9,156.293782955225
2022-05-21,"08","24  day ahead inc hosp",2022-06-14,"quantile",0.95,177.867555078433
2022-05-21,"08","24  day ahead inc hosp",2022-06-14,"quantile",0.975,196.579585012844
2022-05-21,"08","24  day ahead inc hosp",2022-06-14,"quantile",0.99,218.336363686479
2022-05-21,"08","25  day ahead inc hosp",2022-06-15,"quantile",0.01,0
2022-05-21,"08","25  day ahead inc hosp",2022-06-15,"quantile",0.025,0
2022-05-21,"08","25  day ahead inc hosp",2022-06-15,"quantile",0.05,0
2022-05-21,"08","25  day ahead inc hosp",2022-06-15,"quantile",0.1,2.88809665466579
2022-05-21,"08","25  day ahead inc hosp",2022-06-15,"quantile",0.15,17.8239660942211
2022-05-21,"08","25  day ahead inc hosp",2022-06-15,"quantile",0.2,29.694521648083
2022-05-21,"08","25  day ahead inc hosp",2022-06-15,"quantile",0.25,39.8784013389882
2022-05-21,"08","25  day ahead inc hosp",2022-06-15,"quantile",0.3,49.0238400474546
2022-05-21,"08","25  day ahead inc hosp",2022-06-15,"quantile",0.35,57.4984519536747
2022-05-21,"08","25  day ahead inc hosp",2022-06-15,"quantile",0.4,65.5400299185725
2022-05-21,"08","25  day ahead inc hosp",2022-06-15,"quantile",0.45,73.3203496640346
2022-05-21,"08","25  day ahead inc hosp",2022-06-15,"quantile",0.5,80.9773153793677
2022-05-21,"08","25  day ahead inc hosp",2022-06-15,"quantile",0.55,88.6342810947009
2022-05-21,"08","25  day ahead inc hosp",2022-06-15,"quantile",0.6,96.414600840163
2022-05-21,"08","25  day ahead inc hosp",2022-06-15,"quantile",0.65,104.456178805061
2022-05-21,"08","25  day ahead inc hosp",2022-06-15,"quantile",0.7,112.930790711281
2022-05-21,"08","25  day ahead inc hosp",2022-06-15,"quantile",0.75,122.076229419747
2022-05-21,"08","25  day ahead inc hosp",2022-06-15,"quantile",0.8,132.260109110652
2022-05-21,"08","25  day ahead inc hosp",2022-06-15,"quantile",0.85,144.130664664514
2022-05-21,"08","25  day ahead inc hosp",2022-06-15,"quantile",0.9,159.06653410407
2022-05-21,"08","25  day ahead inc hosp",2022-06-15,"quantile",0.95,181.203742546619
2022-05-21,"08","25  day ahead inc hosp",2022-06-15,"quantile",0.975,200.404469460559
2022-05-21,"08","25  day ahead inc hosp",2022-06-15,"quantile",0.99,222.729463985672
2022-05-21,"08","26  day ahead inc hosp",2022-06-16,"quantile",0.01,0
2022-05-21,"08","26  day ahead inc hosp",2022-06-16,"quantile",0.025,0
2022-05-21,"08","26  day ahead inc hosp",2022-06-16,"quantile",0.05,0
2022-05-21,"08","26  day ahead inc hosp",2022-06-16,"quantile",0.1,0.336144860249036
2022-05-21,"08","26  day ahead inc hosp",2022-06-16,"quantile",0.15,15.6427238270267
2022-05-21,"08","26  day ahead inc hosp",2022-06-16,"quantile",0.2,27.8079075613938
2022-05-21,"08","26  day ahead inc hosp",2022-06-16,"quantile",0.25,38.2445519969818
2022-05-21,"08","26  day ahead inc hosp",2022-06-16,"quantile",0.3,47.6169812581963
2022-05-21,"08","26  day ahead inc hosp",2022-06-16,"quantile",0.35,56.3019337398923
2022-05-21,"08","26  day ahead inc hosp",2022-06-16,"quantile",0.4,64.5431043416668
2022-05-21,"08","26  day ahead inc hosp",2022-06-16,"quantile",0.45,72.5165322731741
2022-05-21,"08","26  day ahead inc hosp",2022-06-16,"quantile",0.5,80.3635445172196
2022-05-21,"08","26  day ahead inc hosp",2022-06-16,"quantile",0.55,88.2105567612652
2022-05-21,"08","26  day ahead inc hosp",2022-06-16,"quantile",0.6,96.1839846927724
2022-05-21,"08","26  day ahead inc hosp",2022-06-16,"quantile",0.65,104.425155294547
2022-05-21,"08","26  day ahead inc hosp",2022-06-16,"quantile",0.7,113.110107776243
2022-05-21,"08","26  day ahead inc hosp",2022-06-16,"quantile",0.75,122.482537037457
2022-05-21,"08","26  day ahead inc hosp",2022-06-16,"quantile",0.8,132.919181473045
2022-05-21,"08","26  day ahead inc hosp",2022-06-16,"quantile",0.85,145.084365207413
2022-05-21,"08","26  day ahead inc hosp",2022-06-16,"quantile",0.9,160.39094417419
2022-05-21,"08","26  day ahead inc hosp",2022-06-16,"quantile",0.95,183.077599979611
2022-05-21,"08","26  day ahead inc hosp",2022-06-16,"quantile",0.975,202.754890539571
2022-05-21,"08","26  day ahead inc hosp",2022-06-16,"quantile",0.99,225.633993293813
2022-05-21,"08","27  day ahead inc hosp",2022-06-17,"quantile",0.01,0
2022-05-21,"08","27  day ahead inc hosp",2022-06-17,"quantile",0.025,0
2022-05-21,"08","27  day ahead inc hosp",2022-06-17,"quantile",0.05,0
2022-05-21,"08","27  day ahead inc hosp",2022-06-17,"quantile",0.1,0
2022-05-21,"08","27  day ahead inc hosp",2022-06-17,"quantile",0.15,13.0035129202524
2022-05-21,"08","27  day ahead inc hosp",2022-06-17,"quantile",0.2,25.4563560263266
2022-05-21,"08","27  day ahead inc hosp",2022-06-17,"quantile",0.25,36.1397865891631
2022-05-21,"08","27  day ahead inc hosp",2022-06-17,"quantile",0.3,45.7338374198926
2022-05-21,"08","27  day ahead inc hosp",2022-06-17,"quantile",0.35,54.6241553139606
2022-05-21,"08","27  day ahead inc hosp",2022-06-17,"quantile",0.4,63.0601976093488
2022-05-21,"08","27  day ahead inc hosp",2022-06-17,"quantile",0.45,71.222166159659
2022-05-21,"08","27  day ahead inc hosp",2022-06-17,"quantile",0.5,79.2547297822277
2022-05-21,"08","27  day ahead inc hosp",2022-06-17,"quantile",0.55,87.2872934047964
2022-05-21,"08","27  day ahead inc hosp",2022-06-17,"quantile",0.6,95.4492619551066
2022-05-21,"08","27  day ahead inc hosp",2022-06-17,"quantile",0.65,103.885304250495
2022-05-21,"08","27  day ahead inc hosp",2022-06-17,"quantile",0.7,112.775622144563
2022-05-21,"08","27  day ahead inc hosp",2022-06-17,"quantile",0.75,122.369672975292
2022-05-21,"08","27  day ahead inc hosp",2022-06-17,"quantile",0.8,133.053103538129
2022-05-21,"08","27  day ahead inc hosp",2022-06-17,"quantile",0.85,145.505946644203
2022-05-21,"08","27  day ahead inc hosp",2022-06-17,"quantile",0.9,161.174466785459
2022-05-21,"08","27  day ahead inc hosp",2022-06-17,"quantile",0.95,184.397573934125
2022-05-21,"08","27  day ahead inc hosp",2022-06-17,"quantile",0.975,204.540156031227
2022-05-21,"08","27  day ahead inc hosp",2022-06-17,"quantile",0.99,227.960260752
2022-05-21,"08","28  day ahead inc hosp",2022-06-18,"quantile",0.01,0
2022-05-21,"08","28  day ahead inc hosp",2022-06-18,"quantile",0.025,0
2022-05-21,"08","28  day ahead inc hosp",2022-06-18,"quantile",0.05,0
2022-05-21,"08","28  day ahead inc hosp",2022-06-18,"quantile",0.1,0
2022-05-21,"08","28  day ahead inc hosp",2022-06-18,"quantile",0.15,11.4275111929273
2022-05-21,"08","28  day ahead inc hosp",2022-06-18,"quantile",0.2,24.1615171438481
2022-05-21,"08","28  day ahead inc hosp",2022-06-18,"quantile",0.25,35.0861603923486
2022-05-21,"08","28  day ahead inc hosp",2022-06-18,"quantile",0.3,44.8968276697959
2022-05-21,"08","28  day ahead inc hosp",2022-06-18,"quantile",0.35,53.9878729840518
2022-05-21,"08","28  day ahead inc hosp",2022-06-18,"quantile",0.4,62.6143859720211
2022-05-21,"08","28  day ahead inc hosp",2022-06-18,"quantile",0.45,70.9606371217029
2022-05-21,"08","28  day ahead inc hosp",2022-06-18,"quantile",0.5,79.1745616126529
2022-05-21,"08","28  day ahead inc hosp",2022-06-18,"quantile",0.55,87.3884861036029
2022-05-21,"08","28  day ahead inc hosp",2022-06-18,"quantile",0.6,95.7347372532846
2022-05-21,"08","28  day ahead inc hosp",2022-06-18,"quantile",0.65,104.361250241254
2022-05-21,"08","28  day ahead inc hosp",2022-06-18,"quantile",0.7,113.45229555551
2022-05-21,"08","28  day ahead inc hosp",2022-06-18,"quantile",0.75,123.262962832957
2022-05-21,"08","28  day ahead inc hosp",2022-06-18,"quantile",0.8,134.187606081458
2022-05-21,"08","28  day ahead inc hosp",2022-06-18,"quantile",0.85,146.921612032379
2022-05-21,"08","28  day ahead inc hosp",2022-06-18,"quantile",0.9,162.94389923389
2022-05-21,"08","28  day ahead inc hosp",2022-06-18,"quantile",0.95,186.691342457176
2022-05-21,"08","28  day ahead inc hosp",2022-06-18,"quantile",0.975,207.288707902685
2022-05-21,"08","28  day ahead inc hosp",2022-06-18,"quantile",0.99,231.237596549652
2022-05-21,"08","29  day ahead inc hosp",2022-06-19,"quantile",0.01,0
2022-05-21,"08","29  day ahead inc hosp",2022-06-19,"quantile",0.025,0
2022-05-21,"08","29  day ahead inc hosp",2022-06-19,"quantile",0.05,0
2022-05-21,"08","29  day ahead inc hosp",2022-06-19,"quantile",0.1,0
2022-05-21,"08","29  day ahead inc hosp",2022-06-19,"quantile",0.15,13.5190573124304
2022-05-21,"08","29  day ahead inc hosp",2022-06-19,"quantile",0.2,26.5281508124278
2022-05-21,"08","29  day ahead inc hosp",2022-06-19,"quantile",0.25,37.6887946837762
2022-05-21,"08","29  day ahead inc hosp",2022-06-19,"quantile",0.3,47.7113978144468
2022-05-21,"08","29  day ahead inc hosp",2022-06-19,"quantile",0.35,56.9988332814702
2022-05-21,"08","29  day ahead inc hosp",2022-06-19,"quantile",0.4,65.8117013193809
2022-05-21,"08","29  day ahead inc hosp",2022-06-19,"quantile",0.45,74.3382531365504
2022-05-21,"08","29  day ahead inc hosp",2022-06-19,"quantile",0.5,82.7296196960234
2022-05-21,"08","29  day ahead inc hosp",2022-06-19,"quantile",0.55,91.1209862554964
2022-05-21,"08","29  day ahead inc hosp",2022-06-19,"quantile",0.6,99.6475380726659
2022-05-21,"08","29  day ahead inc hosp",2022-06-19,"quantile",0.65,108.460406110577
2022-05-21,"08","29  day ahead inc hosp",2022-06-19,"quantile",0.7,117.7478415776
2022-05-21,"08","29  day ahead inc hosp",2022-06-19,"quantile",0.75,127.770444708271
2022-05-21,"08","29  day ahead inc hosp",2022-06-19,"quantile",0.8,138.931088579619
2022-05-21,"08","29  day ahead inc hosp",2022-06-19,"quantile",0.85,151.940182079616
2022-05-21,"08","29  day ahead inc hosp",2022-06-19,"quantile",0.9,168.308592232056
2022-05-21,"08","29  day ahead inc hosp",2022-06-19,"quantile",0.95,192.569041808433
2022-05-21,"08","29  day ahead inc hosp",2022-06-19,"quantile",0.975,213.611363758571
2022-05-21,"08","29  day ahead inc hosp",2022-06-19,"quantile",0.99,238.077610502149
2022-05-21,"08","30  day ahead inc hosp",2022-06-20,"quantile",0.01,0
2022-05-21,"08","30  day ahead inc hosp",2022-06-20,"quantile",0.025,0
2022-05-21,"08","30  day ahead inc hosp",2022-06-20,"quantile",0.05,0
2022-05-21,"08","30  day ahead inc hosp",2022-06-20,"quantile",0.1,0
2022-05-21,"08","30  day ahead inc hosp",2022-06-20,"quantile",0.15,12.1072584200664
2022-05-21,"08","30  day ahead inc hosp",2022-06-20,"quantile",0.2,25.3857417606164
2022-05-21,"08","30  day ahead inc hosp",2022-06-20,"quantile",0.25,36.7774981282327
2022-05-21,"08","30  day ahead inc hosp",2022-06-20,"quantile",0.3,47.0076474233838
2022-05-21,"08","30  day ahead inc hosp",2022-06-20,"quantile",0.35,56.48740534236
2022-05-21,"08","30  day ahead inc hosp",2022-06-20,"quantile",0.4,65.4827685799204
2022-05-21,"08","30  day ahead inc hosp",2022-06-20,"quantile",0.45,74.1858866147507
2022-05-21,"08","30  day ahead inc hosp",2022-06-20,"quantile",0.5,82.7510200012109
2022-05-21,"08","30  day ahead inc hosp",2022-06-20,"quantile",0.55,91.3161533876711
2022-05-21,"08","30  day ahead inc hosp",2022-06-20,"quantile",0.6,100.019271422501
2022-05-21,"08","30  day ahead inc hosp",2022-06-20,"quantile",0.65,109.014634660062
2022-05-21,"08","30  day ahead inc hosp",2022-06-20,"quantile",0.7,118.494392579038
2022-05-21,"08","30  day ahead inc hosp",2022-06-20,"quantile",0.75,128.724541874189
2022-05-21,"08","30  day ahead inc hosp",2022-06-20,"quantile",0.8,140.116298241805
2022-05-21,"08","30  day ahead inc hosp",2022-06-20,"quantile",0.85,153.394781582355
2022-05-21,"08","30  day ahead inc hosp",2022-06-20,"quantile",0.9,170.10214566737
2022-05-21,"08","30  day ahead inc hosp",2022-06-20,"quantile",0.95,194.864976031703
2022-05-21,"08","30  day ahead inc hosp",2022-06-20,"quantile",0.975,216.343038393346
2022-05-21,"08","30  day ahead inc hosp",2022-06-20,"quantile",0.99,241.315927533581
2022-05-21,"08","31  day ahead inc hosp",2022-06-21,"quantile",0.01,0
2022-05-21,"08","31  day ahead inc hosp",2022-06-21,"quantile",0.025,0
2022-05-21,"08","31  day ahead inc hosp",2022-06-21,"quantile",0.05,0
2022-05-21,"08","31  day ahead inc hosp",2022-06-21,"quantile",0.1,0
2022-05-21,"08","31  day ahead inc hosp",2022-06-21,"quantile",0.15,11.88797720692
2022-05-21,"08","31  day ahead inc hosp",2022-06-21,"quantile",0.2,25.4304927028997
2022-05-21,"08","31  day ahead inc hosp",2022-06-21,"quantile",0.25,37.0487651500058
2022-05-21,"08","31  day ahead inc hosp",2022-06-21,"quantile",0.3,47.4823328853125
2022-05-21,"08","31  day ahead inc hosp",2022-06-21,"quantile",0.35,57.1505883045007
2022-05-21,"08","31  day ahead inc hosp",2022-06-21,"quantile",0.4,66.3248172365515
2022-05-21,"08","31  day ahead inc hosp",2022-06-21,"quantile",0.45,75.2009899007971
2022-05-21,"08","31  day ahead inc hosp",2022-06-21,"quantile",0.5,83.9364342009039
2022-05-21,"08","31  day ahead inc hosp",2022-06-21,"quantile",0.55,92.6718785010107
2022-05-21,"08","31  day ahead inc hosp",2022-06-21,"quantile",0.6,101.548051165256
2022-05-21,"08","31  day ahead inc hosp",2022-06-21,"quantile",0.65,110.722280097307
2022-05-21,"08","31  day ahead inc hosp",2022-06-21,"quantile",0.7,120.390535516495
2022-05-21,"08","31  day ahead inc hosp",2022-06-21,"quantile",0.75,130.824103251802
2022-05-21,"08","31  day ahead inc hosp",2022-06-21,"quantile",0.8,142.442375698908
2022-05-21,"08","31  day ahead inc hosp",2022-06-21,"quantile",0.85,155.984891194888
2022-05-21,"08","31  day ahead inc hosp",2022-06-21,"quantile",0.9,173.024468021206
2022-05-21,"08","31  day ahead inc hosp",2022-06-21,"quantile",0.95,198.279687712539
2022-05-21,"08","31  day ahead inc hosp",2022-06-21,"quantile",0.975,220.184824383376
2022-05-21,"08","31  day ahead inc hosp",2022-06-21,"quantile",0.99,245.654279703489
2022-05-21,"08","32  day ahead inc hosp",2022-06-22,"quantile",0.01,0
2022-05-21,"08","32  day ahead inc hosp",2022-06-22,"quantile",0.025,0
2022-05-21,"08","32  day ahead inc hosp",2022-06-22,"quantile",0.05,0
2022-05-21,"08","32  day ahead inc hosp",2022-06-22,"quantile",0.1,0
2022-05-21,"08","32  day ahead inc hosp",2022-06-22,"quantile",0.15,7.51627849585464
2022-05-21,"08","32  day ahead inc hosp",2022-06-22,"quantile",0.2,21.3177759541901
2022-05-21,"08","32  day ahead inc hosp",2022-06-22,"quantile",0.25,33.1582318648062
2022-05-21,"08","32  day ahead inc hosp",2022-06-22,"quantile",0.3,43.7913272172135
2022-05-21,"08","32  day ahead inc hosp",2022-06-22,"quantile",0.35,53.6444747092046
2022-05-21,"08","32  day ahead inc hosp",2022-06-22,"quantile",0.4,62.9941481377101
2022-05-21,"08","32  day ahead inc hosp",2022-06-22,"quantile",0.45,72.0400653826783
2022-05-21,"08","32  day ahead inc hosp",2022-06-22,"quantile",0.5,80.9425630273105
2022-05-21,"08","32  day ahead inc hosp",2022-06-22,"quantile",0.55,89.8450606719427
2022-05-21,"08","32  day ahead inc hosp",2022-06-22,"quantile",0.6,98.8909779169109
2022-05-21,"08","32  day ahead inc hosp",2022-06-22,"quantile",0.65,108.240651345416
2022-05-21,"08","32  day ahead inc hosp",2022-06-22,"quantile",0.7,118.093798837408
2022-05-21,"08","32  day ahead inc hosp",2022-06-22,"quantile",0.75,128.726894189815
2022-05-21,"08","32  day ahead inc hosp",2022-06-22,"quantile",0.8,140.567350100431
2022-05-21,"08","32  day ahead inc hosp",2022-06-22,"quantile",0.85,154.368847558766
2022-05-21,"08","32  day ahead inc hosp",2022-06-22,"quantile",0.9,171.734282830327
2022-05-21,"08","32  day ahead inc hosp",2022-06-22,"quantile",0.95,197.472473824689
2022-05-21,"08","32  day ahead inc hosp",2022-06-22,"quantile",0.975,219.796516073471
2022-05-21,"08","32  day ahead inc hosp",2022-06-22,"quantile",0.99,245.753039658037
2022-05-21,"08","33  day ahead inc hosp",2022-06-23,"quantile",0.01,0
2022-05-21,"08","33  day ahead inc hosp",2022-06-23,"quantile",0.025,0
2022-05-21,"08","33  day ahead inc hosp",2022-06-23,"quantile",0.05,0
2022-05-21,"08","33  day ahead inc hosp",2022-06-23,"quantile",0.1,0
2022-05-21,"08","33  day ahead inc hosp",2022-06-23,"quantile",0.15,10.0489234669307
2022-05-21,"08","33  day ahead inc hosp",2022-06-23,"quantile",0.2,24.1046318527086
2022-05-21,"08","33  day ahead inc hosp",2022-06-23,"quantile",0.25,36.1631781037001
2022-05-21,"08","33  day ahead inc hosp",2022-06-23,"quantile",0.3,46.99212532213
2022-05-21,"08","33  day ahead inc hosp",2022-06-23,"quantile",0.35,57.0267587557537
2022-05-21,"08","33  day ahead inc hosp",2022-06-23,"quantile",0.4,66.5486445953197
2022-05-21,"08","33  day ahead inc hosp",2022-06-23,"quantile",0.45,75.7611793409869
2022-05-21,"08","33  day ahead inc hosp",2022-06-23,"quantile",0.5,84.8276528287933
2022-05-21,"08","33  day ahead inc hosp",2022-06-23,"quantile",0.55,93.8941263165996
2022-05-21,"08","33  day ahead inc hosp",2022-06-23,"quantile",0.6,103.106661062267
2022-05-21,"08","33  day ahead inc hosp",2022-06-23,"quantile",0.65,112.628546901833
2022-05-21,"08","33  day ahead inc hosp",2022-06-23,"quantile",0.7,122.663180335457
2022-05-21,"08","33  day ahead inc hosp",2022-06-23,"quantile",0.75,133.492127553886
2022-05-21,"08","33  day ahead inc hosp",2022-06-23,"quantile",0.8,145.550673804878
2022-05-21,"08","33  day ahead inc hosp",2022-06-23,"quantile",0.85,159.606382190656
2022-05-21,"08","33  day ahead inc hosp",2022-06-23,"quantile",0.9,177.291672856108
2022-05-21,"08","33  day ahead inc hosp",2022-06-23,"quantile",0.95,203.5039377271
2022-05-21,"08","33  day ahead inc hosp",2022-06-23,"quantile",0.975,226.239168363335
2022-05-21,"08","33  day ahead inc hosp",2022-06-23,"quantile",0.99,252.673787310634
2022-05-21,"08","34  day ahead inc hosp",2022-06-24,"quantile",0.01,0
2022-05-21,"08","34  day ahead inc hosp",2022-06-24,"quantile",0.025,0
2022-05-21,"08","34  day ahead inc hosp",2022-06-24,"quantile",0.05,0
2022-05-21,"08","34  day ahead inc hosp",2022-06-24,"quantile",0.1,0
2022-05-21,"08","34  day ahead inc hosp",2022-06-24,"quantile",0.15,7.88007521528425
2022-05-21,"08","34  day ahead inc hosp",2022-06-24,"quantile",0.2,22.1854778436487
2022-05-21,"08","34  day ahead inc hosp",2022-06-24,"quantile",0.25,34.4582395215825
2022-05-21,"08","34  day ahead inc hosp",2022-06-24,"quantile",0.3,45.4795588140126
2022-05-21,"08","34  day ahead inc hosp",2022-06-24,"quantile",0.35,55.6924536433678
2022-05-21,"08","34  day ahead inc hosp",2022-06-24,"quantile",0.4,65.3834921152629
2022-05-21,"08","34  day ahead inc hosp",2022-06-24,"quantile",0.45,74.759683990296
2022-05-21,"08","34  day ahead inc hosp",2022-06-24,"quantile",0.5,83.9872198855126
2022-05-21,"08","34  day ahead inc hosp",2022-06-24,"quantile",0.55,93.2147557807291
2022-05-21,"08","34  day ahead inc hosp",2022-06-24,"quantile",0.6,102.590947655762
2022-05-21,"08","34  day ahead inc hosp",2022-06-24,"quantile",0.65,112.281986127657
2022-05-21,"08","34  day ahead inc hosp",2022-06-24,"quantile",0.7,122.494880957013
2022-05-21,"08","34  day ahead inc hosp",2022-06-24,"quantile",0.75,133.516200249443
2022-05-21,"08","34  day ahead inc hosp",2022-06-24,"quantile",0.8,145.788961927376
2022-05-21,"08","34  day ahead inc hosp",2022-06-24,"quantile",0.85,160.094364555741
2022-05-21,"08","34  day ahead inc hosp",2022-06-24,"quantile",0.9,178.093827594184
2022-05-21,"08","34  day ahead inc hosp",2022-06-24,"quantile",0.95,204.771743248744
2022-05-21,"08","34  day ahead inc hosp",2022-06-24,"quantile",0.975,227.91085649537
2022-05-21,"08","34  day ahead inc hosp",2022-06-24,"quantile",0.99,254.81507626071
2022-05-21,"08","35  day ahead inc hosp",2022-06-25,"quantile",0.01,0
2022-05-21,"08","35  day ahead inc hosp",2022-06-25,"quantile",0.025,0
2022-05-21,"08","35  day ahead inc hosp",2022-06-25,"quantile",0.05,0
2022-05-21,"08","35  day ahead inc hosp",2022-06-25,"quantile",0.1,0
2022-05-21,"08","35  day ahead inc hosp",2022-06-25,"quantile",0.15,6.89499866155964
2022-05-21,"08","35  day ahead inc hosp",2022-06-25,"quantile",0.2,21.4458113705874
2022-05-21,"08","35  day ahead inc hosp",2022-06-25,"quantile",0.25,33.9291130460025
2022-05-21,"08","35  day ahead inc hosp",2022-06-25,"quantile",0.3,45.1395037631829
2022-05-21,"08","35  day ahead inc hosp",2022-06-25,"quantile",0.35,55.5276014448442
2022-05-21,"08","35  day ahead inc hosp",2022-06-25,"quantile",0.4,65.3848902904537
2022-05-21,"08","35  day ahead inc hosp",2022-06-25,"quantile",0.45,74.9219313260553
2022-05-21,"08","35  day ahead inc hosp",2022-06-25,"quantile",0.5,84.307766179169
2022-05-21,"08","35  day ahead inc hosp",2022-06-25,"quantile",0.55,93.6936010322826
2022-05-21,"08","35  day ahead inc hosp",2022-06-25,"quantile",0.6,103.230642067884
2022-05-21,"08","35  day ahead inc hosp",2022-06-25,"quantile",0.65,113.087930913494
2022-05-21,"08","35  day ahead inc hosp",2022-06-25,"quantile",0.7,123.476028595155
2022-05-21,"08","35  day ahead inc hosp",2022-06-25,"quantile",0.75,134.686419312335
2022-05-21,"08","35  day ahead inc hosp",2022-06-25,"quantile",0.8,147.169720987751
2022-05-21,"08","35  day ahead inc hosp",2022-06-25,"quantile",0.85,161.720533696778
2022-05-21,"08","35  day ahead inc hosp",2022-06-25,"quantile",0.9,180.028778654257
2022-05-21,"08","35  day ahead inc hosp",2022-06-25,"quantile",0.95,207.164355627606
2022-05-21,"08","35  day ahead inc hosp",2022-06-25,"quantile",0.975,230.700421815429
2022-05-21,"08","35  day ahead inc hosp",2022-06-25,"quantile",0.99,258.066185160795
2022-05-21,"08","36  day ahead inc hosp",2022-06-26,"quantile",0.01,0
2022-05-21,"08","36  day ahead inc hosp",2022-06-26,"quantile",0.025,0
2022-05-21,"08","36  day ahead inc hosp",2022-06-26,"quantile",0.05,0
2022-05-21,"08","36  day ahead inc hosp",2022-06-26,"quantile",0.1,0
2022-05-21,"08","36  day ahead inc hosp",2022-06-26,"quantile",0.15,5.61353604723055
2022-05-21,"08","36  day ahead inc hosp",2022-06-26,"quantile",0.2,20.4056879064697
2022-05-21,"08","36  day ahead inc hosp",2022-06-26,"quantile",0.25,33.0960370835207
2022-05-21,"08","36  day ahead inc hosp",2022-06-26,"quantile",0.3,44.4923628562422
2022-05-21,"08","36  day ahead inc hosp",2022-06-26,"quantile",0.35,55.0527570767251
2022-05-21,"08","36  day ahead inc hosp",2022-06-26,"quantile",0.4,65.0735384887609
2022-05-21,"08","36  day ahead inc hosp",2022-06-26,"quantile",0.45,74.768760474464
2022-05-21,"08","36  day ahead inc hosp",2022-06-26,"quantile",0.5,84.3102683784767
2022-05-21,"08","36  day ahead inc hosp",2022-06-26,"quantile",0.55,93.8517762824894
2022-05-21,"08","36  day ahead inc hosp",2022-06-26,"quantile",0.6,103.546998268192
2022-05-21,"08","36  day ahead inc hosp",2022-06-26,"quantile",0.65,113.567779680228
2022-05-21,"08","36  day ahead inc hosp",2022-06-26,"quantile",0.7,124.128173900711
2022-05-21,"08","36  day ahead inc hosp",2022-06-26,"quantile",0.75,135.524499673433
2022-05-21,"08","36  day ahead inc hosp",2022-06-26,"quantile",0.8,148.214848850484
2022-05-21,"08","36  day ahead inc hosp",2022-06-26,"quantile",0.85,163.007000709723
2022-05-21,"08","36  day ahead inc hosp",2022-06-26,"quantile",0.9,181.618905426161
2022-05-21,"08","36  day ahead inc hosp",2022-06-26,"quantile",0.95,209.204551905469
2022-05-21,"08","36  day ahead inc hosp",2022-06-26,"quantile",0.975,233.130986269055
2022-05-21,"08","36  day ahead inc hosp",2022-06-26,"quantile",0.99,260.950636981588
2022-05-21,"08","37  day ahead inc hosp",2022-06-27,"quantile",0.01,0
2022-05-21,"08","37  day ahead inc hosp",2022-06-27,"quantile",0.025,0
2022-05-21,"08","37  day ahead inc hosp",2022-06-27,"quantile",0.05,0
2022-05-21,"08","37  day ahead inc hosp",2022-06-27,"quantile",0.1,0
2022-05-21,"08","37  day ahead inc hosp",2022-06-27,"quantile",0.15,6.19779935817624
2022-05-21,"08","37  day ahead inc hosp",2022-06-27,"quantile",0.2,21.2274155462357
2022-05-21,"08","37  day ahead inc hosp",2022-06-27,"quantile",0.25,34.1214879731899
2022-05-21,"08","37  day ahead inc hosp",2022-06-27,"quantile",0.3,45.7007635206561
2022-05-21,"08","37  day ahead inc hosp",2022-06-27,"quantile",0.35,56.4306879724067
2022-05-21,"08","37  day ahead inc hosp",2022-06-27,"quantile",0.4,66.6123369955182
2022-05-21,"08","37  day ahead inc hosp",2022-06-27,"quantile",0.45,76.4632002566428
2022-05-21,"08","37  day ahead inc hosp",2022-06-27,"quantile",0.5,86.157881802457
2022-05-21,"08","37  day ahead inc hosp",2022-06-27,"quantile",0.55,95.8525633482711
2022-05-21,"08","37  day ahead inc hosp",2022-06-27,"quantile",0.6,105.703426609396
2022-05-21,"08","37  day ahead inc hosp",2022-06-27,"quantile",0.65,115.885075632507
2022-05-21,"08","37  day ahead inc hosp",2022-06-27,"quantile",0.7,126.615000084258
2022-05-21,"08","37  day ahead inc hosp",2022-06-27,"quantile",0.75,138.194275631724
2022-05-21,"08","37  day ahead inc hosp",2022-06-27,"quantile",0.8,151.088348058678
2022-05-21,"08","37  day ahead inc hosp",2022-06-27,"quantile",0.85,166.117964246738
2022-05-21,"08","37  day ahead inc hosp",2022-06-27,"quantile",0.9,185.02865331204
2022-05-21,"08","37  day ahead inc hosp",2022-06-27,"quantile",0.95,213.057143205114
2022-05-21,"08","37  day ahead inc hosp",2022-06-27,"quantile",0.975,237.367678187141
2022-05-21,"08","37  day ahead inc hosp",2022-06-27,"quantile",0.99,265.633928876968
2022-05-21,"09","1  day ahead inc hosp",2022-05-22,"quantile",0.01,34.4381165467342
2022-05-21,"09","1  day ahead inc hosp",2022-05-22,"quantile",0.025,40.2186721571857
2022-05-21,"09","1  day ahead inc hosp",2022-05-22,"quantile",0.05,45.1902688831004
2022-05-21,"09","1  day ahead inc hosp",2022-05-22,"quantile",0.1,50.9222015076913
2022-05-21,"09","1  day ahead inc hosp",2022-05-22,"quantile",0.15,54.7895092370916
2022-05-21,"09","1  day ahead inc hosp",2022-05-22,"quantile",0.2,57.8631228242691
2022-05-21,"09","1  day ahead inc hosp",2022-05-22,"quantile",0.25,60.5000096023242
2022-05-21,"09","1  day ahead inc hosp",2022-05-22,"quantile",0.3,62.8680154254296
2022-05-21,"09","1  day ahead inc hosp",2022-05-22,"quantile",0.35,65.0623257239514
2022-05-21,"09","1  day ahead inc hosp",2022-05-22,"quantile",0.4,67.1445116151766
2022-05-21,"09","1  day ahead inc hosp",2022-05-22,"quantile",0.45,69.159050561878
2022-05-21,"09","1  day ahead inc hosp",2022-05-22,"quantile",0.5,71.1416497546802
2022-05-21,"09","1  day ahead inc hosp",2022-05-22,"quantile",0.55,73.1242489474823
2022-05-21,"09","1  day ahead inc hosp",2022-05-22,"quantile",0.6,75.1387878941838
2022-05-21,"09","1  day ahead inc hosp",2022-05-22,"quantile",0.65,77.220973785409
2022-05-21,"09","1  day ahead inc hosp",2022-05-22,"quantile",0.7,79.4152840839308
2022-05-21,"09","1  day ahead inc hosp",2022-05-22,"quantile",0.75,81.7832899070362
2022-05-21,"09","1  day ahead inc hosp",2022-05-22,"quantile",0.8,84.4201766850913
2022-05-21,"09","1  day ahead inc hosp",2022-05-22,"quantile",0.85,87.4937902722687
2022-05-21,"09","1  day ahead inc hosp",2022-05-22,"quantile",0.9,91.361098001669
2022-05-21,"09","1  day ahead inc hosp",2022-05-22,"quantile",0.95,97.0930306262599
2022-05-21,"09","1  day ahead inc hosp",2022-05-22,"quantile",0.975,102.064627352175
2022-05-21,"09","1  day ahead inc hosp",2022-05-22,"quantile",0.99,107.845182962626
2022-05-21,"09","2  day ahead inc hosp",2022-05-23,"quantile",0.01,30.340772700941
2022-05-21,"09","2  day ahead inc hosp",2022-05-23,"quantile",0.025,37.047793488439
2022-05-21,"09","2  day ahead inc hosp",2022-05-23,"quantile",0.05,42.8162013777221
2022-05-21,"09","2  day ahead inc hosp",2022-05-23,"quantile",0.1,49.466806242791
2022-05-21,"09","2  day ahead inc hosp",2022-05-23,"quantile",0.15,53.9539377714355
2022-05-21,"09","2  day ahead inc hosp",2022-05-23,"quantile",0.2,57.5201676654381
2022-05-21,"09","2  day ahead inc hosp",2022-05-23,"quantile",0.25,60.5796753713613
2022-05-21,"09","2  day ahead inc hosp",2022-05-23,"quantile",0.3,63.3272078493413
2022-05-21,"09","2  day ahead inc hosp",2022-05-23,"quantile",0.35,65.8732061543826
2022-05-21,"09","2  day ahead inc hosp",2022-05-23,"quantile",0.4,68.2891095721498
2022-05-21,"09","2  day ahead inc hosp",2022-05-23,"quantile",0.45,70.626524087862
2022-05-21,"09","2  day ahead inc hosp",2022-05-23,"quantile",0.5,72.926879779512
2022-05-21,"09","2  day ahead inc hosp",2022-05-23,"quantile",0.55,75.2272354711619
2022-05-21,"09","2  day ahead inc hosp",2022-05-23,"quantile",0.6,77.5646499868741
2022-05-21,"09","2  day ahead inc hosp",2022-05-23,"quantile",0.65,79.9805534046413
2022-05-21,"09","2  day ahead inc hosp",2022-05-23,"quantile",0.7,82.5265517096827
2022-05-21,"09","2  day ahead inc hosp",2022-05-23,"quantile",0.75,85.2740841876626
2022-05-21,"09","2  day ahead inc hosp",2022-05-23,"quantile",0.8,88.3335918935859
2022-05-21,"09","2  day ahead inc hosp",2022-05-23,"quantile",0.85,91.8998217875884
2022-05-21,"09","2  day ahead inc hosp",2022-05-23,"quantile",0.9,96.386953316233
2022-05-21,"09","2  day ahead inc hosp",2022-05-23,"quantile",0.95,103.037558181302
2022-05-21,"09","2  day ahead inc hosp",2022-05-23,"quantile",0.975,108.805966070585
2022-05-21,"09","2  day ahead inc hosp",2022-05-23,"quantile",0.99,115.512986858083
2022-05-21,"09","3  day ahead inc hosp",2022-05-24,"quantile",0.01,26.7871197768437
2022-05-21,"09","3  day ahead inc hosp",2022-05-24,"quantile",0.025,34.1631781692637
2022-05-21,"09","3  day ahead inc hosp",2022-05-24,"quantile",0.05,40.5069953081577
2022-05-21,"09","3  day ahead inc hosp",2022-05-24,"quantile",0.1,47.8210101865818
2022-05-21,"09","3  day ahead inc hosp",2022-05-24,"quantile",0.15,52.755741301691
2022-05-21,"09","3  day ahead inc hosp",2022-05-24,"quantile",0.2,56.67770915782
2022-05-21,"09","3  day ahead inc hosp",2022-05-24,"quantile",0.25,60.042408359739
2022-05-21,"09","3  day ahead inc hosp",2022-05-24,"quantile",0.3,63.0640122334629
2022-05-21,"09","3  day ahead inc hosp",2022-05-24,"quantile",0.35,65.863978531464
2022-05-21,"09","3  day ahead inc hosp",2022-05-24,"quantile",0.4,68.5208727389658
2022-05-21,"09","3  day ahead inc hosp",2022-05-24,"quantile",0.45,71.0914486327099
2022-05-21,"09","3  day ahead inc hosp",2022-05-24,"quantile",0.5,73.6212690168324
2022-05-21,"09","3  day ahead inc hosp",2022-05-24,"quantile",0.55,76.1510894009549
2022-05-21,"09","3  day ahead inc hosp",2022-05-24,"quantile",0.6,78.7216652946991
2022-05-21,"09","3  day ahead inc hosp",2022-05-24,"quantile",0.65,81.3785595022009
2022-05-21,"09","3  day ahead inc hosp",2022-05-24,"quantile",0.7,84.178525800202
2022-05-21,"09","3  day ahead inc hosp",2022-05-24,"quantile",0.75,87.2001296739258
2022-05-21,"09","3  day ahead inc hosp",2022-05-24,"quantile",0.8,90.5648288758449
2022-05-21,"09","3  day ahead inc hosp",2022-05-24,"quantile",0.85,94.4867967319739
2022-05-21,"09","3  day ahead inc hosp",2022-05-24,"quantile",0.9,99.4215278470831
2022-05-21,"09","3  day ahead inc hosp",2022-05-24,"quantile",0.95,106.735542725507
2022-05-21,"09","3  day ahead inc hosp",2022-05-24,"quantile",0.975,113.079359864401
2022-05-21,"09","3  day ahead inc hosp",2022-05-24,"quantile",0.99,120.455418256821
2022-05-21,"09","4  day ahead inc hosp",2022-05-25,"quantile",0.01,25.8396840161242
2022-05-21,"09","4  day ahead inc hosp",2022-05-25,"quantile",0.025,33.8289484987188
2022-05-21,"09","4  day ahead inc hosp",2022-05-25,"quantile",0.05,40.7001567044354
2022-05-21,"09","4  day ahead inc hosp",2022-05-25,"quantile",0.1,48.622219706731
2022-05-21,"09","4  day ahead inc hosp",2022-05-25,"quantile",0.15,53.9671980043014
2022-05-21,"09","4  day ahead inc hosp",2022-05-25,"quantile",0.2,58.2152173159502
2022-05-21,"09","4  day ahead inc hosp",2022-05-25,"quantile",0.25,61.8596396345331
2022-05-21,"09","4  day ahead inc hosp",2022-05-25,"quantile",0.3,65.1324435122275
2022-05-21,"09","4  day ahead inc hosp",2022-05-25,"quantile",0.35,68.1651840501916
2022-05-21,"09","4  day ahead inc hosp",2022-05-25,"quantile",0.4,71.0429582483757
2022-05-21,"09","4  day ahead inc hosp",2022-05-25,"quantile",0.45,73.8272380893282
2022-05-21,"09","4  day ahead inc hosp",2022-05-25,"quantile",0.5,76.5673742253144
2022-05-21,"09","4  day ahead inc hosp",2022-05-25,"quantile",0.55,79.3075103613005
2022-05-21,"09","4  day ahead inc hosp",2022-05-25,"quantile",0.6,82.0917902022531
2022-05-21,"09","4  day ahead inc hosp",2022-05-25,"quantile",0.65,84.9695644004372
2022-05-21,"09","4  day ahead inc hosp",2022-05-25,"quantile",0.7,88.0023049384012
2022-05-21,"09","4  day ahead inc hosp",2022-05-25,"quantile",0.75,91.2751088160956
2022-05-21,"09","4  day ahead inc hosp",2022-05-25,"quantile",0.8,94.9195311346785
2022-05-21,"09","4  day ahead inc hosp",2022-05-25,"quantile",0.85,99.1675504463273
2022-05-21,"09","4  day ahead inc hosp",2022-05-25,"quantile",0.9,104.512528743898
2022-05-21,"09","4  day ahead inc hosp",2022-05-25,"quantile",0.95,112.434591746193
2022-05-21,"09","4  day ahead inc hosp",2022-05-25,"quantile",0.975,119.30579995191
2022-05-21,"09","4  day ahead inc hosp",2022-05-25,"quantile",0.99,127.295064434505
2022-05-21,"09","5  day ahead inc hosp",2022-05-26,"quantile",0.01,19.4319960226366
2022-05-21,"09","5  day ahead inc hosp",2022-05-26,"quantile",0.025,27.9906440781011
2022-05-21,"09","5  day ahead inc hosp",2022-05-26,"quantile",0.05,35.3515535681634
2022-05-21,"09","5  day ahead inc hosp",2022-05-26,"quantile",0.1,43.8382107889348
2022-05-21,"09","5  day ahead inc hosp",2022-05-26,"quantile",0.15,49.5641181252938
2022-05-21,"09","5  day ahead inc hosp",2022-05-26,"quantile",0.2,54.1148877612755
2022-05-21,"09","5  day ahead inc hosp",2022-05-26,"quantile",0.25,58.019042900736
2022-05-21,"09","5  day ahead inc hosp",2022-05-26,"quantile",0.3,61.5250948789588
2022-05-21,"09","5  day ahead inc hosp",2022-05-26,"quantile",0.35,64.7739745429782
2022-05-21,"09","5  day ahead inc hosp",2022-05-26,"quantile",0.4,67.8568436354977
2022-05-21,"09","5  day ahead inc hosp",2022-05-26,"quantile",0.45,70.8395551602636
2022-05-21,"09","5  day ahead inc hosp",2022-05-26,"quantile",0.5,73.7749769206844
2022-05-21,"09","5  day ahead inc hosp",2022-05-26,"quantile",0.55,76.7103986811053
2022-05-21,"09","5  day ahead inc hosp",2022-05-26,"quantile",0.6,79.6931102058712
2022-05-21,"09","5  day ahead inc hosp",2022-05-26,"quantile",0.65,82.7759792983906
2022-05-21,"09","5  day ahead inc hosp",2022-05-26,"quantile",0.7,86.0248589624101
2022-05-21,"09","5  day ahead inc hosp",2022-05-26,"quantile",0.75,89.5309109406328
2022-05-21,"09","5  day ahead inc hosp",2022-05-26,"quantile",0.8,93.4350660800934
2022-05-21,"09","5  day ahead inc hosp",2022-05-26,"quantile",0.85,97.9858357160751
2022-05-21,"09","5  day ahead inc hosp",2022-05-26,"quantile",0.9,103.711743052434
2022-05-21,"09","5  day ahead inc hosp",2022-05-26,"quantile",0.95,112.198400273205
2022-05-21,"09","5  day ahead inc hosp",2022-05-26,"quantile",0.975,119.559309763268
2022-05-21,"09","5  day ahead inc hosp",2022-05-26,"quantile",0.99,128.117957818732
2022-05-21,"09","6  day ahead inc hosp",2022-05-27,"quantile",0.01,18.9528593141336
2022-05-21,"09","6  day ahead inc hosp",2022-05-27,"quantile",0.025,28.0453048653463
2022-05-21,"09","6  day ahead inc hosp",2022-05-27,"quantile",0.05,35.8653096502214
2022-05-21,"09","6  day ahead inc hosp",2022-05-27,"quantile",0.1,44.881274343664
2022-05-21,"09","6  day ahead inc hosp",2022-05-27,"quantile",0.15,50.9643029189414
2022-05-21,"09","6  day ahead inc hosp",2022-05-27,"quantile",0.2,55.7989011946417
2022-05-21,"09","6  day ahead inc hosp",2022-05-27,"quantile",0.25,59.9465560343996
2022-05-21,"09","6  day ahead inc hosp",2022-05-27,"quantile",0.3,63.6712782691639
2022-05-21,"09","6  day ahead inc hosp",2022-05-27,"quantile",0.35,67.122788514252
2022-05-21,"09","6  day ahead inc hosp",2022-05-27,"quantile",0.4,70.3979342129178
2022-05-21,"09","6  day ahead inc hosp",2022-05-27,"quantile",0.45,73.5666755793294
2022-05-21,"09","6  day ahead inc hosp",2022-05-27,"quantile",0.5,76.6851777485394
2022-05-21,"09","6  day ahead inc hosp",2022-05-27,"quantile",0.55,79.8036799177494
2022-05-21,"09","6  day ahead inc hosp",2022-05-27,"quantile",0.6,82.9724212841609
2022-05-21,"09","6  day ahead inc hosp",2022-05-27,"quantile",0.65,86.2475669828267
2022-05-21,"09","6  day ahead inc hosp",2022-05-27,"quantile",0.7,89.6990772279148
2022-05-21,"09","6  day ahead inc hosp",2022-05-27,"quantile",0.75,93.4237994626792
2022-05-21,"09","6  day ahead inc hosp",2022-05-27,"quantile",0.8,97.571454302437
2022-05-21,"09","6  day ahead inc hosp",2022-05-27,"quantile",0.85,102.406052578137
2022-05-21,"09","6  day ahead inc hosp",2022-05-27,"quantile",0.9,108.489081153415
2022-05-21,"09","6  day ahead inc hosp",2022-05-27,"quantile",0.95,117.505045846857
2022-05-21,"09","6  day ahead inc hosp",2022-05-27,"quantile",0.975,125.325050631732
2022-05-21,"09","6  day ahead inc hosp",2022-05-27,"quantile",0.99,134.417496182945
2022-05-21,"09","7  day ahead inc hosp",2022-05-28,"quantile",0.01,12.8326036071137
2022-05-21,"09","7  day ahead inc hosp",2022-05-28,"quantile",0.025,22.4292006949477
2022-05-21,"09","7  day ahead inc hosp",2022-05-28,"quantile",0.05,30.6828036142825
2022-05-21,"09","7  day ahead inc hosp",2022-05-28,"quantile",0.1,40.1986791874463
2022-05-21,"09","7  day ahead inc hosp",2022-05-28,"quantile",0.15,46.6189952599393
2022-05-21,"09","7  day ahead inc hosp",2022-05-28,"quantile",0.2,51.7216589461954
2022-05-21,"09","7  day ahead inc hosp",2022-05-28,"quantile",0.25,56.0992900392133
2022-05-21,"09","7  day ahead inc hosp",2022-05-28,"quantile",0.3,60.0305380571202
2022-05-21,"09","7  day ahead inc hosp",2022-05-28,"quantile",0.35,63.6734252187842
2022-05-21,"09","7  day ahead inc hosp",2022-05-28,"quantile",0.4,67.1301688964911
2022-05-21,"09","7  day ahead inc hosp",2022-05-28,"quantile",0.45,70.4746084092412
2022-05-21,"09","7  day ahead inc hosp",2022-05-28,"quantile",0.5,73.766023097059
2022-05-21,"09","7  day ahead inc hosp",2022-05-28,"quantile",0.55,77.0574377848768
2022-05-21,"09","7  day ahead inc hosp",2022-05-28,"quantile",0.6,80.4018772976269
2022-05-21,"09","7  day ahead inc hosp",2022-05-28,"quantile",0.65,83.8586209753338
2022-05-21,"09","7  day ahead inc hosp",2022-05-28,"quantile",0.7,87.5015081369978
2022-05-21,"09","7  day ahead inc hosp",2022-05-28,"quantile",0.75,91.4327561549047
2022-05-21,"09","7  day ahead inc hosp",2022-05-28,"quantile",0.8,95.8103872479226
2022-05-21,"09","7  day ahead inc hosp",2022-05-28,"quantile",0.85,100.913050934179
2022-05-21,"09","7  day ahead inc hosp",2022-05-28,"quantile",0.9,107.333367006672
2022-05-21,"09","7  day ahead inc hosp",2022-05-28,"quantile",0.95,116.849242579835
2022-05-21,"09","7  day ahead inc hosp",2022-05-28,"quantile",0.975,125.10284549917
2022-05-21,"09","7  day ahead inc hosp",2022-05-28,"quantile",0.99,134.699442587004
2022-05-21,"09","8  day ahead inc hosp",2022-05-29,"quantile",0.01,13.5493846114489
2022-05-21,"09","8  day ahead inc hosp",2022-05-29,"quantile",0.025,23.6249384538282
2022-05-21,"09","8  day ahead inc hosp",2022-05-29,"quantile",0.05,32.2904706050947
2022-05-21,"09","8  day ahead inc hosp",2022-05-29,"quantile",0.1,42.2812742011257
2022-05-21,"09","8  day ahead inc hosp",2022-05-29,"quantile",0.15,49.0220219559214
2022-05-21,"09","8  day ahead inc hosp",2022-05-29,"quantile",0.2,54.3793545853807
2022-05-21,"09","8  day ahead inc hosp",2022-05-29,"quantile",0.25,58.9754689555142
2022-05-21,"09","8  day ahead inc hosp",2022-05-29,"quantile",0.3,63.1029217087804
2022-05-21,"09","8  day ahead inc hosp",2022-05-29,"quantile",0.35,66.9276217981058
2022-05-21,"09","8  day ahead inc hosp",2022-05-29,"quantile",0.4,70.5568881646383
2022-05-21,"09","8  day ahead inc hosp",2022-05-29,"quantile",0.45,74.068245375416
2022-05-21,"09","8  day ahead inc hosp",2022-05-29,"quantile",0.5,77.5239313442213
2022-05-21,"09","8  day ahead inc hosp",2022-05-29,"quantile",0.55,80.9796173130267
2022-05-21,"09","8  day ahead inc hosp",2022-05-29,"quantile",0.6,84.4909745238043
2022-05-21,"09","8  day ahead inc hosp",2022-05-29,"quantile",0.65,88.1202408903369
2022-05-21,"09","8  day ahead inc hosp",2022-05-29,"quantile",0.7,91.9449409796622
2022-05-21,"09","8  day ahead inc hosp",2022-05-29,"quantile",0.75,96.0723937329284
2022-05-21,"09","8  day ahead inc hosp",2022-05-29,"quantile",0.8,100.668508103062
2022-05-21,"09","8  day ahead inc hosp",2022-05-29,"quantile",0.85,106.025840732521
2022-05-21,"09","8  day ahead inc hosp",2022-05-29,"quantile",0.9,112.766588487317
2022-05-21,"09","8  day ahead inc hosp",2022-05-29,"quantile",0.95,122.757392083348
2022-05-21,"09","8  day ahead inc hosp",2022-05-29,"quantile",0.975,131.422924234614
2022-05-21,"09","8  day ahead inc hosp",2022-05-29,"quantile",0.99,141.498478076994
2022-05-21,"09","9  day ahead inc hosp",2022-05-30,"quantile",0.01,5.77356143144614
2022-05-21,"09","9  day ahead inc hosp",2022-05-30,"quantile",0.025,16.3063148604001
2022-05-21,"09","9  day ahead inc hosp",2022-05-30,"quantile",0.05,25.3650638788472
2022-05-21,"09","9  day ahead inc hosp",2022-05-30,"quantile",0.1,35.8092213396
2022-05-21,"09","9  day ahead inc hosp",2022-05-30,"quantile",0.15,42.8558447946211
2022-05-21,"09","9  day ahead inc hosp",2022-05-30,"quantile",0.2,48.4562777341626
2022-05-21,"09","9  day ahead inc hosp",2022-05-30,"quantile",0.25,53.2609505242846
2022-05-21,"09","9  day ahead inc hosp",2022-05-30,"quantile",0.3,57.5756951844694
2022-05-21,"09","9  day ahead inc hosp",2022-05-30,"quantile",0.35,61.5739491376286
2022-05-21,"09","9  day ahead inc hosp",2022-05-30,"quantile",0.4,65.3679011490702
2022-05-21,"09","9  day ahead inc hosp",2022-05-30,"quantile",0.45,69.0385936271889
2022-05-21,"09","9  day ahead inc hosp",2022-05-30,"quantile",0.5,72.651088662869
2022-05-21,"09","9  day ahead inc hosp",2022-05-30,"quantile",0.55,76.2635836985491
2022-05-21,"09","9  day ahead inc hosp",2022-05-30,"quantile",0.6,79.9342761766677
2022-05-21,"09","9  day ahead inc hosp",2022-05-30,"quantile",0.65,83.7282281881093
2022-05-21,"09","9  day ahead inc hosp",2022-05-30,"quantile",0.7,87.7264821412686
2022-05-21,"09","9  day ahead inc hosp",2022-05-30,"quantile",0.75,92.0412268014534
2022-05-21,"09","9  day ahead inc hosp",2022-05-30,"quantile",0.8,96.8458995915754
2022-05-21,"09","9  day ahead inc hosp",2022-05-30,"quantile",0.85,102.446332531117
2022-05-21,"09","9  day ahead inc hosp",2022-05-30,"quantile",0.9,109.492955986138
2022-05-21,"09","9  day ahead inc hosp",2022-05-30,"quantile",0.95,119.937113446891
2022-05-21,"09","9  day ahead inc hosp",2022-05-30,"quantile",0.975,128.995862465338
2022-05-21,"09","9  day ahead inc hosp",2022-05-30,"quantile",0.99,139.528615894292
2022-05-21,"09","10  day ahead inc hosp",2022-05-31,"quantile",0.01,4.53081891592498
2022-05-21,"09","10  day ahead inc hosp",2022-05-31,"quantile",0.025,15.5017352112761
2022-05-21,"09","10  day ahead inc hosp",2022-05-31,"quantile",0.05,24.9373284673357
2022-05-21,"09","10  day ahead inc hosp",2022-05-31,"quantile",0.1,35.8159631994852
2022-05-21,"09","10  day ahead inc hosp",2022-05-31,"quantile",0.15,43.1557264068323
2022-05-21,"09","10  day ahead inc hosp",2022-05-31,"quantile",0.2,48.9891375288031
2022-05-21,"09","10  day ahead inc hosp",2022-05-31,"quantile",0.25,53.9936848546788
2022-05-21,"09","10  day ahead inc hosp",2022-05-31,"quantile",0.3,58.4879230253526
2022-05-21,"09","10  day ahead inc hosp",2022-05-31,"quantile",0.35,62.6525044658604
2022-05-21,"09","10  day ahead inc hosp",2022-05-31,"quantile",0.4,66.6042849975953
2022-05-21,"09","10  day ahead inc hosp",2022-05-31,"quantile",0.45,70.4276783956324
2022-05-21,"09","10  day ahead inc hosp",2022-05-31,"quantile",0.5,74.1904533358366
2022-05-21,"09","10  day ahead inc hosp",2022-05-31,"quantile",0.55,77.9532282760408
2022-05-21,"09","10  day ahead inc hosp",2022-05-31,"quantile",0.6,81.7766216740778
2022-05-21,"09","10  day ahead inc hosp",2022-05-31,"quantile",0.65,85.7284022058127
2022-05-21,"09","10  day ahead inc hosp",2022-05-31,"quantile",0.7,89.8929836463206
2022-05-21,"09","10  day ahead inc hosp",2022-05-31,"quantile",0.75,94.3872218169944
2022-05-21,"09","10  day ahead inc hosp",2022-05-31,"quantile",0.8,99.3917691428701
2022-05-21,"09","10  day ahead inc hosp",2022-05-31,"quantile",0.85,105.225180264841
2022-05-21,"09","10  day ahead inc hosp",2022-05-31,"quantile",0.9,112.564943472188
2022-05-21,"09","10  day ahead inc hosp",2022-05-31,"quantile",0.95,123.443578204337
2022-05-21,"09","10  day ahead inc hosp",2022-05-31,"quantile",0.975,132.879171460397
2022-05-21,"09","10  day ahead inc hosp",2022-05-31,"quantile",0.99,143.850087755748
2022-05-21,"09","11  day ahead inc hosp",2022-06-01,"quantile",0.01,9.43194946664892
2022-05-21,"09","11  day ahead inc hosp",2022-06-01,"quantile",0.025,20.8241886637541
2022-05-21,"09","11  day ahead inc hosp",2022-06-01,"quantile",0.05,30.6221428588082
2022-05-21,"09","11  day ahead inc hosp",2022-06-01,"quantile",0.1,41.9185565466147
2022-05-21,"09","11  day ahead inc hosp",2022-06-01,"quantile",0.15,49.5401932319334
2022-05-21,"09","11  day ahead inc hosp",2022-06-01,"quantile",0.2,55.5976284586251
2022-05-21,"09","11  day ahead inc hosp",2022-06-01,"quantile",0.25,60.7943685188667
2022-05-21,"09","11  day ahead inc hosp",2022-06-01,"quantile",0.3,65.4612017049673
2022-05-21,"09","11  day ahead inc hosp",2022-06-01,"quantile",0.35,69.7857181490673
2022-05-21,"09","11  day ahead inc hosp",2022-06-01,"quantile",0.4,73.889261359133
2022-05-21,"09","11  day ahead inc hosp",2022-06-01,"quantile",0.45,77.8594869047903
2022-05-21,"09","11  day ahead inc hosp",2022-06-01,"quantile",0.5,81.7667660243879
2022-05-21,"09","11  day ahead inc hosp",2022-06-01,"quantile",0.55,85.6740451439856
2022-05-21,"09","11  day ahead inc hosp",2022-06-01,"quantile",0.6,89.6442706896429
2022-05-21,"09","11  day ahead inc hosp",2022-06-01,"quantile",0.65,93.7478138997086
2022-05-21,"09","11  day ahead inc hosp",2022-06-01,"quantile",0.7,98.0723303438086
2022-05-21,"09","11  day ahead inc hosp",2022-06-01,"quantile",0.75,102.739163529909
2022-05-21,"09","11  day ahead inc hosp",2022-06-01,"quantile",0.8,107.935903590151
2022-05-21,"09","11  day ahead inc hosp",2022-06-01,"quantile",0.85,113.993338816842
2022-05-21,"09","11  day ahead inc hosp",2022-06-01,"quantile",0.9,121.614975502161
2022-05-21,"09","11  day ahead inc hosp",2022-06-01,"quantile",0.95,132.911389189968
2022-05-21,"09","11  day ahead inc hosp",2022-06-01,"quantile",0.975,142.709343385022
2022-05-21,"09","11  day ahead inc hosp",2022-06-01,"quantile",0.99,154.101582582127
2022-05-21,"09","12  day ahead inc hosp",2022-06-02,"quantile",0.01,0.695753465252082
2022-05-21,"09","12  day ahead inc hosp",2022-06-02,"quantile",0.025,12.4942797922354
2022-05-21,"09","12  day ahead inc hosp",2022-06-02,"quantile",0.05,22.6416633329793
2022-05-21,"09","12  day ahead inc hosp",2022-06-02,"quantile",0.1,34.3409466775518
2022-05-21,"09","12  day ahead inc hosp",2022-06-02,"quantile",0.15,42.2343976076627
2022-05-21,"09","12  day ahead inc hosp",2022-06-02,"quantile",0.2,48.5078621794282
2022-05-21,"09","12  day ahead inc hosp",2022-06-02,"quantile",0.25,53.8899361821256
2022-05-21,"09","12  day ahead inc hosp",2022-06-02,"quantile",0.3,58.7232049765377
2022-05-21,"09","12  day ahead inc hosp",2022-06-02,"quantile",0.35,63.2019488156023
2022-05-21,"09","12  day ahead inc hosp",2022-06-02,"quantile",0.4,67.4518387415597
2022-05-21,"09","12  day ahead inc hosp",2022-06-02,"quantile",0.45,71.5636564284989
2022-05-21,"09","12  day ahead inc hosp",2022-06-02,"quantile",0.5,75.6102827994726
2022-05-21,"09","12  day ahead inc hosp",2022-06-02,"quantile",0.55,79.6569091704462
2022-05-21,"09","12  day ahead inc hosp",2022-06-02,"quantile",0.6,83.7687268573854
2022-05-21,"09","12  day ahead inc hosp",2022-06-02,"quantile",0.65,88.0186167833428
2022-05-21,"09","12  day ahead inc hosp",2022-06-02,"quantile",0.7,92.4973606224075
2022-05-21,"09","12  day ahead inc hosp",2022-06-02,"quantile",0.75,97.3306294168196
2022-05-21,"09","12  day ahead inc hosp",2022-06-02,"quantile",0.8,102.712703419517
2022-05-21,"09","12  day ahead inc hosp",2022-06-02,"quantile",0.85,108.986167991282
2022-05-21,"09","12  day ahead inc hosp",2022-06-02,"quantile",0.9,116.879618921393
2022-05-21,"09","12  day ahead inc hosp",2022-06-02,"quantile",0.95,128.578902265966
2022-05-21,"09","12  day ahead inc hosp",2022-06-02,"quantile",0.975,138.72628580671
2022-05-21,"09","12  day ahead inc hosp",2022-06-02,"quantile",0.99,150.524812133693
2022-05-21,"09","13  day ahead inc hosp",2022-06-03,"quantile",0.01,0
2022-05-21,"09","13  day ahead inc hosp",2022-06-03,"quantile",0.025,10.777490748156
2022-05-21,"09","13  day ahead inc hosp",2022-06-03,"quantile",0.05,21.2626649974253
2022-05-21,"09","13  day ahead inc hosp",2022-06-03,"quantile",0.1,33.3513993954971
2022-05-21,"09","13  day ahead inc hosp",2022-06-03,"quantile",0.15,41.5076111024809
2022-05-21,"09","13  day ahead inc hosp",2022-06-03,"quantile",0.2,47.9899096100189
2022-05-21,"09","13  day ahead inc hosp",2022-06-03,"quantile",0.25,53.5511445346828
2022-05-21,"09","13  day ahead inc hosp",2022-06-03,"quantile",0.3,58.545305374222
2022-05-21,"09","13  day ahead inc hosp",2022-06-03,"quantile",0.35,63.1731396708048
2022-05-21,"09","13  day ahead inc hosp",2022-06-03,"quantile",0.4,67.5645018613593
2022-05-21,"09","13  day ahead inc hosp",2022-06-03,"quantile",0.45,71.8131956015414
2022-05-21,"09","13  day ahead inc hosp",2022-06-03,"quantile",0.5,75.994527907646
2022-05-21,"09","13  day ahead inc hosp",2022-06-03,"quantile",0.55,80.1758602137507
2022-05-21,"09","13  day ahead inc hosp",2022-06-03,"quantile",0.6,84.4245539539328
2022-05-21,"09","13  day ahead inc hosp",2022-06-03,"quantile",0.65,88.8159161444873
2022-05-21,"09","13  day ahead inc hosp",2022-06-03,"quantile",0.7,93.4437504410701
2022-05-21,"09","13  day ahead inc hosp",2022-06-03,"quantile",0.75,98.4379112806093
2022-05-21,"09","13  day ahead inc hosp",2022-06-03,"quantile",0.8,103.999146205273
2022-05-21,"09","13  day ahead inc hosp",2022-06-03,"quantile",0.85,110.481444712811
2022-05-21,"09","13  day ahead inc hosp",2022-06-03,"quantile",0.9,118.637656419795
2022-05-21,"09","13  day ahead inc hosp",2022-06-03,"quantile",0.95,130.726390817867
2022-05-21,"09","13  day ahead inc hosp",2022-06-03,"quantile",0.975,141.211565067136
2022-05-21,"09","13  day ahead inc hosp",2022-06-03,"quantile",0.99,153.402846093057
2022-05-21,"09","14  day ahead inc hosp",2022-06-04,"quantile",0.01,0
2022-05-21,"09","14  day ahead inc hosp",2022-06-04,"quantile",0.025,7.58507280497938
2022-05-21,"09","14  day ahead inc hosp",2022-06-04,"quantile",0.05,18.3974899885754
2022-05-21,"09","14  day ahead inc hosp",2022-06-04,"quantile",0.1,30.8635145320157
2022-05-21,"09","14  day ahead inc hosp",2022-06-04,"quantile",0.15,39.2742821088907
2022-05-21,"09","14  day ahead inc hosp",2022-06-04,"quantile",0.2,45.9588935522328
2022-05-21,"09","14  day ahead inc hosp",2022-06-04,"quantile",0.25,51.6936949615313
2022-05-21,"09","14  day ahead inc hosp",2022-06-04,"quantile",0.3,56.8437238685701
2022-05-21,"09","14  day ahead inc hosp",2022-06-04,"quantile",0.35,61.6159931586769
2022-05-21,"09","14  day ahead inc hosp",2022-06-04,"quantile",0.4,66.1444100337569
2022-05-21,"09","14  day ahead inc hosp",2022-06-04,"quantile",0.45,70.5257057673383
2022-05-21,"09","14  day ahead inc hosp",2022-06-04,"quantile",0.5,74.8375377123345
2022-05-21,"09","14  day ahead inc hosp",2022-06-04,"quantile",0.55,79.1493696573308
2022-05-21,"09","14  day ahead inc hosp",2022-06-04,"quantile",0.6,83.5306653909122
2022-05-21,"09","14  day ahead inc hosp",2022-06-04,"quantile",0.65,88.0590822659922
2022-05-21,"09","14  day ahead inc hosp",2022-06-04,"quantile",0.7,92.831351556099
2022-05-21,"09","14  day ahead inc hosp",2022-06-04,"quantile",0.75,97.9813804631378
2022-05-21,"09","14  day ahead inc hosp",2022-06-04,"quantile",0.8,103.716181872436
2022-05-21,"09","14  day ahead inc hosp",2022-06-04,"quantile",0.85,110.400793315778
2022-05-21,"09","14  day ahead inc hosp",2022-06-04,"quantile",0.9,118.811560892653
2022-05-21,"09","14  day ahead inc hosp",2022-06-04,"quantile",0.95,131.277585436094
2022-05-21,"09","14  day ahead inc hosp",2022-06-04,"quantile",0.975,142.09000261969
2022-05-21,"09","14  day ahead inc hosp",2022-06-04,"quantile",0.99,154.661774277552
2022-05-21,"09","15  day ahead inc hosp",2022-06-05,"quantile",0.01,0
2022-05-21,"09","15  day ahead inc hosp",2022-06-05,"quantile",0.025,2.53403701070047
2022-05-21,"09","15  day ahead inc hosp",2022-06-05,"quantile",0.05,13.6640797629411
2022-05-21,"09","15  day ahead inc hosp",2022-06-05,"quantile",0.1,26.496306245052
2022-05-21,"09","15  day ahead inc hosp",2022-06-05,"quantile",0.15,35.1541485314004
2022-05-21,"09","15  day ahead inc hosp",2022-06-05,"quantile",0.2,42.0351271214043
2022-05-21,"09","15  day ahead inc hosp",2022-06-05,"quantile",0.25,47.9383940576764
2022-05-21,"09","15  day ahead inc hosp",2022-06-05,"quantile",0.3,53.2397102145834
2022-05-21,"09","15  day ahead inc hosp",2022-06-05,"quantile",0.35,58.1521696880005
2022-05-21,"09","15  day ahead inc hosp",2022-06-05,"quantile",0.4,62.813613337814
2022-05-21,"09","15  day ahead inc hosp",2022-06-05,"quantile",0.45,67.3236140154564
2022-05-21,"09","15  day ahead inc hosp",2022-06-05,"quantile",0.5,71.7621103362508
2022-05-21,"09","15  day ahead inc hosp",2022-06-05,"quantile",0.55,76.2006066570451
2022-05-21,"09","15  day ahead inc hosp",2022-06-05,"quantile",0.6,80.7106073346876
2022-05-21,"09","15  day ahead inc hosp",2022-06-05,"quantile",0.65,85.3720509845011
2022-05-21,"09","15  day ahead inc hosp",2022-06-05,"quantile",0.7,90.2845104579182
2022-05-21,"09","15  day ahead inc hosp",2022-06-05,"quantile",0.75,95.5858266148252
2022-05-21,"09","15  day ahead inc hosp",2022-06-05,"quantile",0.8,101.489093551097
2022-05-21,"09","15  day ahead inc hosp",2022-06-05,"quantile",0.85,108.370072141101
2022-05-21,"09","15  day ahead inc hosp",2022-06-05,"quantile",0.9,117.02791442745
2022-05-21,"09","15  day ahead inc hosp",2022-06-05,"quantile",0.95,129.86014090956
2022-05-21,"09","15  day ahead inc hosp",2022-06-05,"quantile",0.975,140.990183661801
2022-05-21,"09","15  day ahead inc hosp",2022-06-05,"quantile",0.99,153.931263685582
2022-05-21,"09","16  day ahead inc hosp",2022-06-06,"quantile",0.01,0
2022-05-21,"09","16  day ahead inc hosp",2022-06-06,"quantile",0.025,12.2456747726247
2022-05-21,"09","16  day ahead inc hosp",2022-06-06,"quantile",0.05,23.6845268995335
2022-05-21,"09","16  day ahead inc hosp",2022-06-06,"quantile",0.1,36.8727908132835
2022-05-21,"09","16  day ahead inc hosp",2022-06-06,"quantile",0.15,45.7708498644672
2022-05-21,"09","16  day ahead inc hosp",2022-06-06,"quantile",0.2,52.8427451241359
2022-05-21,"09","16  day ahead inc hosp",2022-06-06,"quantile",0.25,58.9098015634377
2022-05-21,"09","16  day ahead inc hosp",2022-06-06,"quantile",0.3,64.3582057561929
2022-05-21,"09","16  day ahead inc hosp",2022-06-06,"quantile",0.35,69.4069642153226
2022-05-21,"09","16  day ahead inc hosp",2022-06-06,"quantile",0.4,74.1977422738705
2022-05-21,"09","16  day ahead inc hosp",2022-06-06,"quantile",0.45,78.8328754887384
2022-05-21,"09","16  day ahead inc hosp",2022-06-06,"quantile",0.5,83.3945204176561
2022-05-21,"09","16  day ahead inc hosp",2022-06-06,"quantile",0.55,87.9561653465738
2022-05-21,"09","16  day ahead inc hosp",2022-06-06,"quantile",0.6,92.5912985614417
2022-05-21,"09","16  day ahead inc hosp",2022-06-06,"quantile",0.65,97.3820766199896
2022-05-21,"09","16  day ahead inc hosp",2022-06-06,"quantile",0.7,102.430835079119
2022-05-21,"09","16  day ahead inc hosp",2022-06-06,"quantile",0.75,107.879239271874
2022-05-21,"09","16  day ahead inc hosp",2022-06-06,"quantile",0.8,113.946295711176
2022-05-21,"09","16  day ahead inc hosp",2022-06-06,"quantile",0.85,121.018190970845
2022-05-21,"09","16  day ahead inc hosp",2022-06-06,"quantile",0.9,129.916250022029
2022-05-21,"09","16  day ahead inc hosp",2022-06-06,"quantile",0.95,143.104513935779
2022-05-21,"09","16  day ahead inc hosp",2022-06-06,"quantile",0.975,154.543366062687
2022-05-21,"09","16  day ahead inc hosp",2022-06-06,"quantile",0.99,167.843503721612
2022-05-21,"09","17  day ahead inc hosp",2022-06-07,"quantile",0.01,0
2022-05-21,"09","17  day ahead inc hosp",2022-06-07,"quantile",0.025,3.20352928349423
2022-05-21,"09","17  day ahead inc hosp",2022-06-07,"quantile",0.05,14.9430703433427
2022-05-21,"09","17  day ahead inc hosp",2022-06-07,"quantile",0.1,28.4780093394834
2022-05-21,"09","17  day ahead inc hosp",2022-06-07,"quantile",0.15,37.6099684229126
2022-05-21,"09","17  day ahead inc hosp",2022-06-07,"quantile",0.2,44.867760013428
2022-05-21,"09","17  day ahead inc hosp",2022-06-07,"quantile",0.25,51.0942989520732
2022-05-21,"09","17  day ahead inc hosp",2022-06-07,"quantile",0.3,56.6859233582525
2022-05-21,"09","17  day ahead inc hosp",2022-06-07,"quantile",0.35,61.8673966891982
2022-05-21,"09","17  day ahead inc hosp",2022-06-07,"quantile",0.4,66.784108182884
2022-05-21,"09","17  day ahead inc hosp",2022-06-07,"quantile",0.45,71.5410834536636
2022-05-21,"09","17  day ahead inc hosp",2022-06-07,"quantile",0.5,76.2226386787288
2022-05-21,"09","17  day ahead inc hosp",2022-06-07,"quantile",0.55,80.904193903794
2022-05-21,"09","17  day ahead inc hosp",2022-06-07,"quantile",0.6,85.6611691745736
2022-05-21,"09","17  day ahead inc hosp",2022-06-07,"quantile",0.65,90.5778806682594
2022-05-21,"09","17  day ahead inc hosp",2022-06-07,"quantile",0.7,95.7593539992051
2022-05-21,"09","17  day ahead inc hosp",2022-06-07,"quantile",0.75,101.350978405384
2022-05-21,"09","17  day ahead inc hosp",2022-06-07,"quantile",0.8,107.57751734403
2022-05-21,"09","17  day ahead inc hosp",2022-06-07,"quantile",0.85,114.835308934545
2022-05-21,"09","17  day ahead inc hosp",2022-06-07,"quantile",0.9,123.967268017974
2022-05-21,"09","17  day ahead inc hosp",2022-06-07,"quantile",0.95,137.502207014115
2022-05-21,"09","17  day ahead inc hosp",2022-06-07,"quantile",0.975,149.241748073963
2022-05-21,"09","17  day ahead inc hosp",2022-06-07,"quantile",0.99,162.891501599607
2022-05-21,"09","18  day ahead inc hosp",2022-06-08,"quantile",0.01,0
2022-05-21,"09","18  day ahead inc hosp",2022-06-08,"quantile",0.025,0.698421736590845
2022-05-21,"09","18  day ahead inc hosp",2022-06-08,"quantile",0.05,12.7311400749569
2022-05-21,"09","18  day ahead inc hosp",2022-06-08,"quantile",0.1,26.6040936970152
2022-05-21,"09","18  day ahead inc hosp",2022-06-08,"quantile",0.15,35.964109643823
2022-05-21,"09","18  day ahead inc hosp",2022-06-08,"quantile",0.2,43.403153599802
2022-05-21,"09","18  day ahead inc hosp",2022-06-08,"quantile",0.25,49.7851909289983
2022-05-21,"09","18  day ahead inc hosp",2022-06-08,"quantile",0.3,55.5164576957723
2022-05-21,"09","18  day ahead inc hosp",2022-06-08,"quantile",0.35,60.8273304846811
2022-05-21,"09","18  day ahead inc hosp",2022-06-08,"quantile",0.4,65.8668294099731
2022-05-21,"09","18  day ahead inc hosp",2022-06-08,"quantile",0.45,70.742602941839
2022-05-21,"09","18  day ahead inc hosp",2022-06-08,"quantile",0.5,75.5410729264436
2022-05-21,"09","18  day ahead inc hosp",2022-06-08,"quantile",0.55,80.3395429110481
2022-05-21,"09","18  day ahead inc hosp",2022-06-08,"quantile",0.6,85.2153164429141
2022-05-21,"09","18  day ahead inc hosp",2022-06-08,"quantile",0.65,90.2548153682061
2022-05-21,"09","18  day ahead inc hosp",2022-06-08,"quantile",0.7,95.5656881571148
2022-05-21,"09","18  day ahead inc hosp",2022-06-08,"quantile",0.75,101.296954923889
2022-05-21,"09","18  day ahead inc hosp",2022-06-08,"quantile",0.8,107.678992253085
2022-05-21,"09","18  day ahead inc hosp",2022-06-08,"quantile",0.85,115.118036209064
2022-05-21,"09","18  day ahead inc hosp",2022-06-08,"quantile",0.9,124.478052155872
2022-05-21,"09","18  day ahead inc hosp",2022-06-08,"quantile",0.95,138.35100577793
2022-05-21,"09","18  day ahead inc hosp",2022-06-08,"quantile",0.975,150.383724116296
2022-05-21,"09","18  day ahead inc hosp",2022-06-08,"quantile",0.99,164.374359587041
2022-05-21,"09","19  day ahead inc hosp",2022-06-09,"quantile",0.01,0
2022-05-21,"09","19  day ahead inc hosp",2022-06-09,"quantile",0.025,2.92218066858199
2022-05-21,"09","19  day ahead inc hosp",2022-06-09,"quantile",0.05,15.2411009510187
2022-05-21,"09","19  day ahead inc hosp",2022-06-09,"quantile",0.1,29.4440270851051
2022-05-21,"09","19  day ahead inc hosp",2022-06-09,"quantile",0.15,39.0266739192302
2022-05-21,"09","19  day ahead inc hosp",2022-06-09,"quantile",0.2,46.6426578469062
2022-05-21,"09","19  day ahead inc hosp",2022-06-09,"quantile",0.25,53.1764939167848
2022-05-21,"09","19  day ahead inc hosp",2022-06-09,"quantile",0.3,59.0440806442287
2022-05-21,"09","19  day ahead inc hosp",2022-06-09,"quantile",0.35,64.4812741924335
2022-05-21,"09","19  day ahead inc hosp",2022-06-09,"quantile",0.4,69.6406391653635
2022-05-21,"09","19  day ahead inc hosp",2022-06-09,"quantile",0.45,74.6323844855176
2022-05-21,"09","19  day ahead inc hosp",2022-06-09,"quantile",0.5,79.5449875695217
2022-05-21,"09","19  day ahead inc hosp",2022-06-09,"quantile",0.55,84.4575906535258
2022-05-21,"09","19  day ahead inc hosp",2022-06-09,"quantile",0.6,89.4493359736799
2022-05-21,"09","19  day ahead inc hosp",2022-06-09,"quantile",0.65,94.6087009466099
2022-05-21,"09","19  day ahead inc hosp",2022-06-09,"quantile",0.7,100.045894494815
2022-05-21,"09","19  day ahead inc hosp",2022-06-09,"quantile",0.75,105.913481222259
2022-05-21,"09","19  day ahead inc hosp",2022-06-09,"quantile",0.8,112.447317292137
2022-05-21,"09","19  day ahead inc hosp",2022-06-09,"quantile",0.85,120.063301219813
2022-05-21,"09","19  day ahead inc hosp",2022-06-09,"quantile",0.9,129.645948053938
2022-05-21,"09","19  day ahead inc hosp",2022-06-09,"quantile",0.95,143.848874188025
2022-05-21,"09","19  day ahead inc hosp",2022-06-09,"quantile",0.975,156.167794470461
2022-05-21,"09","19  day ahead inc hosp",2022-06-09,"quantile",0.99,170.491201552568
2022-05-21,"09","20  day ahead inc hosp",2022-06-10,"quantile",0.01,0
2022-05-21,"09","20  day ahead inc hosp",2022-06-10,"quantile",0.025,1.42389137638614
2022-05-21,"09","20  day ahead inc hosp",2022-06-10,"quantile",0.05,14.022513651842
2022-05-21,"09","20  day ahead inc hosp",2022-06-10,"quantile",0.1,28.547918270676
2022-05-21,"09","20  day ahead inc hosp",2022-06-10,"quantile",0.15,38.3481398074903
2022-05-21,"09","20  day ahead inc hosp",2022-06-10,"quantile",0.2,46.1370452116053
2022-05-21,"09","20  day ahead inc hosp",2022-06-10,"quantile",0.25,52.8192325110483
2022-05-21,"09","20  day ahead inc hosp",2022-06-10,"quantile",0.3,58.8200432276286
2022-05-21,"09","20  day ahead inc hosp",2022-06-10,"quantile",0.35,64.3806886561115
2022-05-21,"09","20  day ahead inc hosp",2022-06-10,"quantile",0.4,69.6571973910398
2022-05-21,"09","20  day ahead inc hosp",2022-06-10,"quantile",0.45,74.762280656621
2022-05-21,"09","20  day ahead inc hosp",2022-06-10,"quantile",0.5,79.7864247557469
2022-05-21,"09","20  day ahead inc hosp",2022-06-10,"quantile",0.55,84.8105688548728
2022-05-21,"09","20  day ahead inc hosp",2022-06-10,"quantile",0.6,89.915652120454
2022-05-21,"09","20  day ahead inc hosp",2022-06-10,"quantile",0.65,95.1921608553822
2022-05-21,"09","20  day ahead inc hosp",2022-06-10,"quantile",0.7,100.752806283865
2022-05-21,"09","20  day ahead inc hosp",2022-06-10,"quantile",0.75,106.753617000446
2022-05-21,"09","20  day ahead inc hosp",2022-06-10,"quantile",0.8,113.435804299888
2022-05-21,"09","20  day ahead inc hosp",2022-06-10,"quantile",0.85,121.224709704003
2022-05-21,"09","20  day ahead inc hosp",2022-06-10,"quantile",0.9,131.024931240818
2022-05-21,"09","20  day ahead inc hosp",2022-06-10,"quantile",0.95,145.550335859652
2022-05-21,"09","20  day ahead inc hosp",2022-06-10,"quantile",0.975,158.148958135108
2022-05-21,"09","20  day ahead inc hosp",2022-06-10,"quantile",0.99,172.797579230767
2022-05-21,"09","21  day ahead inc hosp",2022-06-11,"quantile",0.01,0
2022-05-21,"09","21  day ahead inc hosp",2022-06-11,"quantile",0.025,0
2022-05-21,"09","21  day ahead inc hosp",2022-06-11,"quantile",0.05,11.8224269402232
2022-05-21,"09","21  day ahead inc hosp",2022-06-11,"quantile",0.1,26.6633045393201
2022-05-21,"09","21  day ahead inc hosp",2022-06-11,"quantile",0.15,36.6763741982064
2022-05-21,"09","21  day ahead inc hosp",2022-06-11,"quantile",0.2,44.6344445423215
2022-05-21,"09","21  day ahead inc hosp",2022-06-11,"quantile",0.25,51.4617602975527
2022-05-21,"09","21  day ahead inc hosp",2022-06-11,"quantile",0.3,57.5929008528143
2022-05-21,"09","21  day ahead inc hosp",2022-06-11,"quantile",0.35,63.2743162998641
2022-05-21,"09","21  day ahead inc hosp",2022-06-11,"quantile",0.4,68.6654239722865
2022-05-21,"09","21  day ahead inc hosp",2022-06-11,"quantile",0.45,73.881383036136
2022-05-21,"09","21  day ahead inc hosp",2022-06-11,"quantile",0.5,79.014645039638
2022-05-21,"09","21  day ahead inc hosp",2022-06-11,"quantile",0.55,84.1479070431399
2022-05-21,"09","21  day ahead inc hosp",2022-06-11,"quantile",0.6,89.3638661069894
2022-05-21,"09","21  day ahead inc hosp",2022-06-11,"quantile",0.65,94.7549737794118
2022-05-21,"09","21  day ahead inc hosp",2022-06-11,"quantile",0.7,100.436389226462
2022-05-21,"09","21  day ahead inc hosp",2022-06-11,"quantile",0.75,106.567529781723
2022-05-21,"09","21  day ahead inc hosp",2022-06-11,"quantile",0.8,113.394845536954
2022-05-21,"09","21  day ahead inc hosp",2022-06-11,"quantile",0.85,121.352915881069
2022-05-21,"09","21  day ahead inc hosp",2022-06-11,"quantile",0.9,131.365985539956
2022-05-21,"09","21  day ahead inc hosp",2022-06-11,"quantile",0.95,146.206863139053
2022-05-21,"09","21  day ahead inc hosp",2022-06-11,"quantile",0.975,159.079111177146
2022-05-21,"09","21  day ahead inc hosp",2022-06-11,"quantile",0.99,174.045881355399
2022-05-21,"09","22  day ahead inc hosp",2022-06-12,"quantile",0.01,0
2022-05-21,"09","22  day ahead inc hosp",2022-06-12,"quantile",0.025,0
2022-05-21,"09","22  day ahead inc hosp",2022-06-12,"quantile",0.05,5.21483704168858
2022-05-21,"09","22  day ahead inc hosp",2022-06-12,"quantile",0.1,20.6892276523833
2022-05-21,"09","22  day ahead inc hosp",2022-06-12,"quantile",0.15,31.1297255325849
2022-05-21,"09","22  day ahead inc hosp",2022-06-12,"quantile",0.2,39.427502277251
2022-05-21,"09","22  day ahead inc hosp",2022-06-12,"quantile",0.25,46.5462558761235
2022-05-21,"09","22  day ahead inc hosp",2022-06-12,"quantile",0.3,52.9391166222402
2022-05-21,"09","22  day ahead inc hosp",2022-06-12,"quantile",0.35,58.8630548302229
2022-05-21,"09","22  day ahead inc hosp",2022-06-12,"quantile",0.4,64.4842928864181
2022-05-21,"09","22  day ahead inc hosp",2022-06-12,"quantile",0.45,69.922905759845
2022-05-21,"09","22  day ahead inc hosp",2022-06-12,"quantile",0.5,75.2752914808929
2022-05-21,"09","22  day ahead inc hosp",2022-06-12,"quantile",0.55,80.6276772019408
2022-05-21,"09","22  day ahead inc hosp",2022-06-12,"quantile",0.6,86.0662900753677
2022-05-21,"09","22  day ahead inc hosp",2022-06-12,"quantile",0.65,91.6875281315628
2022-05-21,"09","22  day ahead inc hosp",2022-06-12,"quantile",0.7,97.6114663395455
2022-05-21,"09","22  day ahead inc hosp",2022-06-12,"quantile",0.75,104.004327085662
2022-05-21,"09","22  day ahead inc hosp",2022-06-12,"quantile",0.8,111.123080684535
2022-05-21,"09","22  day ahead inc hosp",2022-06-12,"quantile",0.85,119.420857429201
2022-05-21,"09","22  day ahead inc hosp",2022-06-12,"quantile",0.9,129.861355309402
2022-05-21,"09","22  day ahead inc hosp",2022-06-12,"quantile",0.95,145.335745920097
2022-05-21,"09","22  day ahead inc hosp",2022-06-12,"quantile",0.975,158.757472017436
2022-05-21,"09","22  day ahead inc hosp",2022-06-12,"quantile",0.99,174.363129187796
2022-05-21,"09","23  day ahead inc hosp",2022-06-13,"quantile",0.01,0
2022-05-21,"09","23  day ahead inc hosp",2022-06-13,"quantile",0.025,0
2022-05-21,"09","23  day ahead inc hosp",2022-06-13,"quantile",0.05,2.57318772560865
2022-05-21,"09","23  day ahead inc hosp",2022-06-13,"quantile",0.1,18.5148439104357
2022-05-21,"09","23  day ahead inc hosp",2022-06-13,"quantile",0.15,29.270603655156
2022-05-21,"09","23  day ahead inc hosp",2022-06-13,"quantile",0.2,37.8189405357371
2022-05-21,"09","23  day ahead inc hosp",2022-06-13,"quantile",0.25,45.1526524209271
2022-05-21,"09","23  day ahead inc hosp",2022-06-13,"quantile",0.3,51.7385523517221
2022-05-21,"09","23  day ahead inc hosp",2022-06-13,"quantile",0.35,57.8413701328987
2022-05-21,"09","23  day ahead inc hosp",2022-06-13,"quantile",0.4,63.6323474113833
2022-05-21,"09","23  day ahead inc hosp",2022-06-13,"quantile",0.45,69.2351849467512
2022-05-21,"09","23  day ahead inc hosp",2022-06-13,"quantile",0.5,74.7491916097698
2022-05-21,"09","23  day ahead inc hosp",2022-06-13,"quantile",0.55,80.2631982727884
2022-05-21,"09","23  day ahead inc hosp",2022-06-13,"quantile",0.6,85.8660358081563
2022-05-21,"09","23  day ahead inc hosp",2022-06-13,"quantile",0.65,91.6570130866409
2022-05-21,"09","23  day ahead inc hosp",2022-06-13,"quantile",0.7,97.7598308678175
2022-05-21,"09","23  day ahead inc hosp",2022-06-13,"quantile",0.75,104.345730798613
2022-05-21,"09","23  day ahead inc hosp",2022-06-13,"quantile",0.8,111.679442683803
2022-05-21,"09","23  day ahead inc hosp",2022-06-13,"quantile",0.85,120.227779564384
2022-05-21,"09","23  day ahead inc hosp",2022-06-13,"quantile",0.9,130.983539309104
2022-05-21,"09","23  day ahead inc hosp",2022-06-13,"quantile",0.95,146.925195493931
2022-05-21,"09","23  day ahead inc hosp",2022-06-13,"quantile",0.975,160.752204791655
2022-05-21,"09","23  day ahead inc hosp",2022-06-13,"quantile",0.99,176.829091268608
2022-05-21,"09","24  day ahead inc hosp",2022-06-14,"quantile",0.01,0
2022-05-21,"09","24  day ahead inc hosp",2022-06-14,"quantile",0.025,0
2022-05-21,"09","24  day ahead inc hosp",2022-06-14,"quantile",0.05,0.474158578686968
2022-05-21,"09","24  day ahead inc hosp",2022-06-14,"quantile",0.1,16.851982532937
2022-05-21,"09","24  day ahead inc hosp",2022-06-14,"quantile",0.15,27.9020226009759
2022-05-21,"09","24  day ahead inc hosp",2022-06-14,"quantile",0.2,36.6842441536545
2022-05-21,"09","24  day ahead inc hosp",2022-06-14,"quantile",0.25,44.2186082620181
2022-05-21,"09","24  day ahead inc hosp",2022-06-14,"quantile",0.3,50.9847000906407
2022-05-21,"09","24  day ahead inc hosp",2022-06-14,"quantile",0.35,57.2544925191155
2022-05-21,"09","24  day ahead inc hosp",2022-06-14,"quantile",0.4,63.2039124093997
2022-05-21,"09","24  day ahead inc hosp",2022-06-14,"quantile",0.45,68.9600450053252
2022-05-21,"09","24  day ahead inc hosp",2022-06-14,"quantile",0.5,74.6249162936317
2022-05-21,"09","24  day ahead inc hosp",2022-06-14,"quantile",0.55,80.2897875819382
2022-05-21,"09","24  day ahead inc hosp",2022-06-14,"quantile",0.6,86.0459201778637
2022-05-21,"09","24  day ahead inc hosp",2022-06-14,"quantile",0.65,91.9953400681479
2022-05-21,"09","24  day ahead inc hosp",2022-06-14,"quantile",0.7,98.2651324966227
2022-05-21,"09","24  day ahead inc hosp",2022-06-14,"quantile",0.75,105.031224325245
2022-05-21,"09","24  day ahead inc hosp",2022-06-14,"quantile",0.8,112.565588433609
2022-05-21,"09","24  day ahead inc hosp",2022-06-14,"quantile",0.85,121.347809986287
2022-05-21,"09","24  day ahead inc hosp",2022-06-14,"quantile",0.9,132.397850054326
2022-05-21,"09","24  day ahead inc hosp",2022-06-14,"quantile",0.95,148.775674008576
2022-05-21,"09","24  day ahead inc hosp",2022-06-14,"quantile",0.975,162.98099379884
2022-05-21,"09","24  day ahead inc hosp",2022-06-14,"quantile",0.99,179.497747980416
2022-05-21,"09","25  day ahead inc hosp",2022-06-15,"quantile",0.01,0
2022-05-21,"09","25  day ahead inc hosp",2022-06-15,"quantile",0.025,0
2022-05-21,"09","25  day ahead inc hosp",2022-06-15,"quantile",0.05,0.182802612603709
2022-05-21,"09","25  day ahead inc hosp",2022-06-15,"quantile",0.1,16.9854760022039
2022-05-21,"09","25  day ahead inc hosp",2022-06-15,"quantile",0.15,28.3221599672964
2022-05-21,"09","25  day ahead inc hosp",2022-06-15,"quantile",0.2,37.3321970025567
2022-05-21,"09","25  day ahead inc hosp",2022-06-15,"quantile",0.25,45.0620065099002
2022-05-21,"09","25  day ahead inc hosp",2022-06-15,"quantile",0.3,52.0036143473007
2022-05-21,"09","25  day ahead inc hosp",2022-06-15,"quantile",0.35,58.4360485150225
2022-05-21,"09","25  day ahead inc hosp",2022-06-15,"quantile",0.4,64.5397995110818
2022-05-21,"09","25  day ahead inc hosp",2022-06-15,"quantile",0.45,70.4452492379039
2022-05-21,"09","25  day ahead inc hosp",2022-06-15,"quantile",0.5,76.2570702904093
2022-05-21,"09","25  day ahead inc hosp",2022-06-15,"quantile",0.55,82.0688913429148
2022-05-21,"09","25  day ahead inc hosp",2022-06-15,"quantile",0.6,87.9743410697369
2022-05-21,"09","25  day ahead inc hosp",2022-06-15,"quantile",0.65,94.0780920657962
2022-05-21,"09","25  day ahead inc hosp",2022-06-15,"quantile",0.7,100.510526233518
2022-05-21,"09","25  day ahead inc hosp",2022-06-15,"quantile",0.75,107.452134070918
2022-05-21,"09","25  day ahead inc hosp",2022-06-15,"quantile",0.8,115.181943578262
2022-05-21,"09","25  day ahead inc hosp",2022-06-15,"quantile",0.85,124.191980613522
2022-05-21,"09","25  day ahead inc hosp",2022-06-15,"quantile",0.9,135.528664578615
2022-05-21,"09","25  day ahead inc hosp",2022-06-15,"quantile",0.95,152.331337968215
2022-05-21,"09","25  day ahead inc hosp",2022-06-15,"quantile",0.975,166.905151284158
2022-05-21,"09","25  day ahead inc hosp",2022-06-15,"quantile",0.99,183.850358824829
2022-05-21,"09","26  day ahead inc hosp",2022-06-16,"quantile",0.01,0
2022-05-21,"09","26  day ahead inc hosp",2022-06-16,"quantile",0.025,0
2022-05-21,"09","26  day ahead inc hosp",2022-06-16,"quantile",0.05,0
2022-05-21,"09","26  day ahead inc hosp",2022-06-16,"quantile",0.1,15.1040875062248
2022-05-21,"09","26  day ahead inc hosp",2022-06-16,"quantile",0.15,26.7203442674841
2022-05-21,"09","26  day ahead inc hosp",2022-06-16,"quantile",0.2,35.9525768984999
2022-05-21,"09","26  day ahead inc hosp",2022-06-16,"quantile",0.25,43.8730104423306
2022-05-21,"09","26  day ahead inc hosp",2022-06-16,"quantile",0.3,50.9858045559801
2022-05-21,"09","26  day ahead inc hosp",2022-06-16,"quantile",0.35,57.5768683205017
2022-05-21,"09","26  day ahead inc hosp",2022-06-16,"quantile",0.4,63.8311432915019
2022-05-21,"09","26  day ahead inc hosp",2022-06-16,"quantile",0.45,69.8822267060791
2022-05-21,"09","26  day ahead inc hosp",2022-06-16,"quantile",0.5,75.8373724792413
2022-05-21,"09","26  day ahead inc hosp",2022-06-16,"quantile",0.55,81.7925182524035
2022-05-21,"09","26  day ahead inc hosp",2022-06-16,"quantile",0.6,87.8436016669807
2022-05-21,"09","26  day ahead inc hosp",2022-06-16,"quantile",0.65,94.0978766379809
2022-05-21,"09","26  day ahead inc hosp",2022-06-16,"quantile",0.7,100.688940402503
2022-05-21,"09","26  day ahead inc hosp",2022-06-16,"quantile",0.75,107.801734516152
2022-05-21,"09","26  day ahead inc hosp",2022-06-16,"quantile",0.8,115.722168059983
2022-05-21,"09","26  day ahead inc hosp",2022-06-16,"quantile",0.85,124.954400690999
2022-05-21,"09","26  day ahead inc hosp",2022-06-16,"quantile",0.9,136.570657452258
2022-05-21,"09","26  day ahead inc hosp",2022-06-16,"quantile",0.95,153.787699840506
2022-05-21,"09","26  day ahead inc hosp",2022-06-16,"quantile",0.975,168.72091646628
2022-05-21,"09","26  day ahead inc hosp",2022-06-16,"quantile",0.99,186.084008025625
2022-05-21,"09","27  day ahead inc hosp",2022-06-17,"quantile",0.01,0
2022-05-21,"09","27  day ahead inc hosp",2022-06-17,"quantile",0.025,0
2022-05-21,"09","27  day ahead inc hosp",2022-06-17,"quantile",0.05,0
2022-05-21,"09","27  day ahead inc hosp",2022-06-17,"quantile",0.1,16.0316240104108
2022-05-21,"09","27  day ahead inc hosp",2022-06-17,"quantile",0.15,27.9208813027156
2022-05-21,"09","27  day ahead inc hosp",2022-06-17,"quantile",0.2,37.3700861015134
2022-05-21,"09","27  day ahead inc hosp",2022-06-17,"quantile",0.25,45.4766624457328
2022-05-21,"09","27  day ahead inc hosp",2022-06-17,"quantile",0.3,52.7566185471165
2022-05-21,"09","27  day ahead inc hosp",2022-06-17,"quantile",0.35,59.5025828053901
2022-05-21,"09","27  day ahead inc hosp",2022-06-17,"quantile",0.4,65.9038431972086
2022-05-21,"09","27  day ahead inc hosp",2022-06-17,"quantile",0.45,72.097136707476
2022-05-21,"09","27  day ahead inc hosp",2022-06-17,"quantile",0.5,78.1922378889887
2022-05-21,"09","27  day ahead inc hosp",2022-06-17,"quantile",0.55,84.2873390705013
2022-05-21,"09","27  day ahead inc hosp",2022-06-17,"quantile",0.6,90.4806325807687
2022-05-21,"09","27  day ahead inc hosp",2022-06-17,"quantile",0.65,96.8818929725872
2022-05-21,"09","27  day ahead inc hosp",2022-06-17,"quantile",0.7,103.627857230861
2022-05-21,"09","27  day ahead inc hosp",2022-06-17,"quantile",0.75,110.907813332245
2022-05-21,"09","27  day ahead inc hosp",2022-06-17,"quantile",0.8,119.014389676464
2022-05-21,"09","27  day ahead inc hosp",2022-06-17,"quantile",0.85,128.463594475262
2022-05-21,"09","27  day ahead inc hosp",2022-06-17,"quantile",0.9,140.352851767567
2022-05-21,"09","27  day ahead inc hosp",2022-06-17,"quantile",0.95,157.97452206751
2022-05-21,"09","27  day ahead inc hosp",2022-06-17,"quantile",0.975,173.258693062909
2022-05-21,"09","27  day ahead inc hosp",2022-06-17,"quantile",0.99,191.029844922032
2022-05-21,"09","28  day ahead inc hosp",2022-06-18,"quantile",0.01,0
2022-05-21,"09","28  day ahead inc hosp",2022-06-18,"quantile",0.025,0
2022-05-21,"09","28  day ahead inc hosp",2022-06-18,"quantile",0.05,0
2022-05-21,"09","28  day ahead inc hosp",2022-06-18,"quantile",0.1,13.5068938462695
2022-05-21,"09","28  day ahead inc hosp",2022-06-18,"quantile",0.15,25.6630222094343
2022-05-21,"09","28  day ahead inc hosp",2022-06-18,"quantile",0.2,35.3243276753666
2022-05-21,"09","28  day ahead inc hosp",2022-06-18,"quantile",0.25,43.6128675061859
2022-05-21,"09","28  day ahead inc hosp",2022-06-18,"quantile",0.3,51.0562324423543
2022-05-21,"09","28  day ahead inc hosp",2022-06-18,"quantile",0.35,57.9536193388405
2022-05-21,"09","28  day ahead inc hosp",2022-06-18,"quantile",0.4,64.4985650066707
2022-05-21,"09","28  day ahead inc hosp",2022-06-18,"quantile",0.45,70.8308756843356
2022-05-21,"09","28  day ahead inc hosp",2022-06-18,"quantile",0.5,77.0627899685778
2022-05-21,"09","28  day ahead inc hosp",2022-06-18,"quantile",0.55,83.2947042528201
2022-05-21,"09","28  day ahead inc hosp",2022-06-18,"quantile",0.6,89.627014930485
2022-05-21,"09","28  day ahead inc hosp",2022-06-18,"quantile",0.65,96.1719605983152
2022-05-21,"09","28  day ahead inc hosp",2022-06-18,"quantile",0.7,103.069347494801
2022-05-21,"09","28  day ahead inc hosp",2022-06-18,"quantile",0.75,110.51271243097
2022-05-21,"09","28  day ahead inc hosp",2022-06-18,"quantile",0.8,118.801252261789
2022-05-21,"09","28  day ahead inc hosp",2022-06-18,"quantile",0.85,128.462557727721
2022-05-21,"09","28  day ahead inc hosp",2022-06-18,"quantile",0.9,140.618686090886
2022-05-21,"09","28  day ahead inc hosp",2022-06-18,"quantile",0.95,158.635899519191
2022-05-21,"09","28  day ahead inc hosp",2022-06-18,"quantile",0.975,174.263145189523
2022-05-21,"09","28  day ahead inc hosp",2022-06-18,"quantile",0.99,192.433195500455
2022-05-21,"09","29  day ahead inc hosp",2022-06-19,"quantile",0.01,0
2022-05-21,"09","29  day ahead inc hosp",2022-06-19,"quantile",0.025,0
2022-05-21,"09","29  day ahead inc hosp",2022-06-19,"quantile",0.05,0
2022-05-21,"09","29  day ahead inc hosp",2022-06-19,"quantile",0.1,11.6376962849404
2022-05-21,"09","29  day ahead inc hosp",2022-06-19,"quantile",0.15,24.0549614669707
2022-05-21,"09","29  day ahead inc hosp",2022-06-19,"quantile",0.2,33.9238101983315
2022-05-21,"09","29  day ahead inc hosp",2022-06-19,"quantile",0.25,42.3904036708858
2022-05-21,"09","29  day ahead inc hosp",2022-06-19,"quantile",0.3,49.9936662803113
2022-05-21,"09","29  day ahead inc hosp",2022-06-19,"quantile",0.35,57.0392222005872
2022-05-21,"09","29  day ahead inc hosp",2022-06-19,"quantile",0.4,63.7247657825134
2022-05-21,"09","29  day ahead inc hosp",2022-06-19,"quantile",0.45,70.1931065691925
2022-05-21,"09","29  day ahead inc hosp",2022-06-19,"quantile",0.5,76.5588942564633
2022-05-21,"09","29  day ahead inc hosp",2022-06-19,"quantile",0.55,82.9246819437341
2022-05-21,"09","29  day ahead inc hosp",2022-06-19,"quantile",0.6,89.3930227304132
2022-05-21,"09","29  day ahead inc hosp",2022-06-19,"quantile",0.65,96.0785663123394
2022-05-21,"09","29  day ahead inc hosp",2022-06-19,"quantile",0.7,103.124122232615
2022-05-21,"09","29  day ahead inc hosp",2022-06-19,"quantile",0.75,110.727384842041
2022-05-21,"09","29  day ahead inc hosp",2022-06-19,"quantile",0.8,119.193978314595
2022-05-21,"09","29  day ahead inc hosp",2022-06-19,"quantile",0.85,129.062827045956
2022-05-21,"09","29  day ahead inc hosp",2022-06-19,"quantile",0.9,141.480092227986
2022-05-21,"09","29  day ahead inc hosp",2022-06-19,"quantile",0.95,159.884349759391
2022-05-21,"09","29  day ahead inc hosp",2022-06-19,"quantile",0.975,175.847298467734
2022-05-21,"09","29  day ahead inc hosp",2022-06-19,"quantile",0.99,194.407676109464
2022-05-21,"09","30  day ahead inc hosp",2022-06-20,"quantile",0.01,0
2022-05-21,"09","30  day ahead inc hosp",2022-06-20,"quantile",0.025,0
2022-05-21,"09","30  day ahead inc hosp",2022-06-20,"quantile",0.05,0
2022-05-21,"09","30  day ahead inc hosp",2022-06-20,"quantile",0.1,6.93135865063637
2022-05-21,"09","30  day ahead inc hosp",2022-06-20,"quantile",0.15,19.6043808797646
2022-05-21,"09","30  day ahead inc hosp",2022-06-20,"quantile",0.2,29.6764972044956
2022-05-21,"09","30  day ahead inc hosp",2022-06-20,"quantile",0.25,38.3174761728718
2022-05-21,"09","30  day ahead inc hosp",2022-06-20,"quantile",0.3,46.0773423471557
2022-05-21,"09","30  day ahead inc hosp",2022-06-20,"quantile",0.35,53.2680148088695
2022-05-21,"09","30  day ahead inc hosp",2022-06-20,"quantile",0.4,60.0912597976427
2022-05-21,"09","30  day ahead inc hosp",2022-06-20,"quantile",0.45,66.6928282890517
2022-05-21,"09","30  day ahead inc hosp",2022-06-20,"quantile",0.5,73.189731406128
2022-05-21,"09","30  day ahead inc hosp",2022-06-20,"quantile",0.55,79.6866345232042
2022-05-21,"09","30  day ahead inc hosp",2022-06-20,"quantile",0.6,86.2882030146132
2022-05-21,"09","30  day ahead inc hosp",2022-06-20,"quantile",0.65,93.1114480033865
2022-05-21,"09","30  day ahead inc hosp",2022-06-20,"quantile",0.7,100.3021204651
2022-05-21,"09","30  day ahead inc hosp",2022-06-20,"quantile",0.75,108.061986639384
2022-05-21,"09","30  day ahead inc hosp",2022-06-20,"quantile",0.8,116.70296560776
2022-05-21,"09","30  day ahead inc hosp",2022-06-20,"quantile",0.85,126.775081932491
2022-05-21,"09","30  day ahead inc hosp",2022-06-20,"quantile",0.9,139.44810416162
2022-05-21,"09","30  day ahead inc hosp",2022-06-20,"quantile",0.95,158.231432163958
2022-05-21,"09","30  day ahead inc hosp",2022-06-20,"quantile",0.975,174.523167973549
2022-05-21,"09","30  day ahead inc hosp",2022-06-20,"quantile",0.99,193.465831674977
2022-05-21,"09","31  day ahead inc hosp",2022-06-21,"quantile",0.01,0
2022-05-21,"09","31  day ahead inc hosp",2022-06-21,"quantile",0.025,0
2022-05-21,"09","31  day ahead inc hosp",2022-06-21,"quantile",0.05,0
2022-05-21,"09","31  day ahead inc hosp",2022-06-21,"quantile",0.1,6.62882659874377
2022-05-21,"09","31  day ahead inc hosp",2022-06-21,"quantile",0.15,19.5525455000159
2022-05-21,"09","31  day ahead inc hosp",2022-06-21,"quantile",0.2,29.8239075925206
2022-05-21,"09","31  day ahead inc hosp",2022-06-21,"quantile",0.25,38.635821688467
2022-05-21,"09","31  day ahead inc hosp",2022-06-21,"quantile",0.3,46.5491928902812
2022-05-21,"09","31  day ahead inc hosp",2022-06-21,"quantile",0.35,53.8821106368241
2022-05-21,"09","31  day ahead inc hosp",2022-06-21,"quantile",0.4,60.8403324907035
2022-05-21,"09","31  day ahead inc hosp",2022-06-21,"quantile",0.45,67.5724926611772
2022-05-21,"09","31  day ahead inc hosp",2022-06-21,"quantile",0.5,74.1979169755846
2022-05-21,"09","31  day ahead inc hosp",2022-06-21,"quantile",0.55,80.823341289992
2022-05-21,"09","31  day ahead inc hosp",2022-06-21,"quantile",0.6,87.5555014604657
2022-05-21,"09","31  day ahead inc hosp",2022-06-21,"quantile",0.65,94.513723314345
2022-05-21,"09","31  day ahead inc hosp",2022-06-21,"quantile",0.7,101.846641060888
2022-05-21,"09","31  day ahead inc hosp",2022-06-21,"quantile",0.75,109.760012262702
2022-05-21,"09","31  day ahead inc hosp",2022-06-21,"quantile",0.8,118.571926358649
2022-05-21,"09","31  day ahead inc hosp",2022-06-21,"quantile",0.85,128.843288451153
2022-05-21,"09","31  day ahead inc hosp",2022-06-21,"quantile",0.9,141.767007352425
2022-05-21,"09","31  day ahead inc hosp",2022-06-21,"quantile",0.95,160.921905587723
2022-05-21,"09","31  day ahead inc hosp",2022-06-21,"quantile",0.975,177.535923160659
2022-05-21,"09","31  day ahead inc hosp",2022-06-21,"quantile",0.99,196.853309060599
2022-05-21,"09","32  day ahead inc hosp",2022-06-22,"quantile",0.01,0
2022-05-21,"09","32  day ahead inc hosp",2022-06-22,"quantile",0.025,0
2022-05-21,"09","32  day ahead inc hosp",2022-06-22,"quantile",0.05,0
2022-05-21,"09","32  day ahead inc hosp",2022-06-22,"quantile",0.1,8.07424988458477
2022-05-21,"09","32  day ahead inc hosp",2022-06-22,"quantile",0.15,21.2438940733325
2022-05-21,"09","32  day ahead inc hosp",2022-06-22,"quantile",0.2,31.7107097883326
2022-05-21,"09","32  day ahead inc hosp",2022-06-22,"quantile",0.25,40.6903056888595
2022-05-21,"09","32  day ahead inc hosp",2022-06-22,"quantile",0.3,48.754260333611
2022-05-21,"09","32  day ahead inc hosp",2022-06-22,"quantile",0.35,56.2267160814544
2022-05-21,"09","32  day ahead inc hosp",2022-06-22,"quantile",0.4,63.3173458531171
2022-05-21,"09","32  day ahead inc hosp",2022-06-22,"quantile",0.45,70.1776122163906
2022-05-21,"09","32  day ahead inc hosp",2022-06-22,"quantile",0.5,76.9291116483098
2022-05-21,"09","32  day ahead inc hosp",2022-06-22,"quantile",0.55,83.6806110802291
2022-05-21,"09","32  day ahead inc hosp",2022-06-22,"quantile",0.6,90.5408774435026
2022-05-21,"09","32  day ahead inc hosp",2022-06-22,"quantile",0.65,97.6315072151652
2022-05-21,"09","32  day ahead inc hosp",2022-06-22,"quantile",0.7,105.103962963009
2022-05-21,"09","32  day ahead inc hosp",2022-06-22,"quantile",0.75,113.16791760776
2022-05-21,"09","32  day ahead inc hosp",2022-06-22,"quantile",0.8,122.147513508287
2022-05-21,"09","32  day ahead inc hosp",2022-06-22,"quantile",0.85,132.614329223287
2022-05-21,"09","32  day ahead inc hosp",2022-06-22,"quantile",0.9,145.783973412035
2022-05-21,"09","32  day ahead inc hosp",2022-06-22,"quantile",0.95,165.303369969454
2022-05-21,"09","32  day ahead inc hosp",2022-06-22,"quantile",0.975,182.233535477745
2022-05-21,"09","32  day ahead inc hosp",2022-06-22,"quantile",0.99,201.918511675572
2022-05-21,"09","33  day ahead inc hosp",2022-06-23,"quantile",0.01,0
2022-05-21,"09","33  day ahead inc hosp",2022-06-23,"quantile",0.025,0
2022-05-21,"09","33  day ahead inc hosp",2022-06-23,"quantile",0.05,0
2022-05-21,"09","33  day ahead inc hosp",2022-06-23,"quantile",0.1,5.92404146841491
2022-05-21,"09","33  day ahead inc hosp",2022-06-23,"quantile",0.15,19.3351020482996
2022-05-21,"09","33  day ahead inc hosp",2022-06-23,"quantile",0.2,29.9937878579199
2022-05-21,"09","33  day ahead inc hosp",2022-06-23,"quantile",0.25,39.1379912151938
2022-05-21,"09","33  day ahead inc hosp",2022-06-23,"quantile",0.3,47.3497684435115
2022-05-21,"09","33  day ahead inc hosp",2022-06-23,"quantile",0.35,54.9592038449978
2022-05-21,"09","33  day ahead inc hosp",2022-06-23,"quantile",0.4,62.1798139126981
2022-05-21,"09","33  day ahead inc hosp",2022-06-23,"quantile",0.45,69.1658377166376
2022-05-21,"09","33  day ahead inc hosp",2022-06-23,"quantile",0.5,76.0411007525128
2022-05-21,"09","33  day ahead inc hosp",2022-06-23,"quantile",0.55,82.916363788388
2022-05-21,"09","33  day ahead inc hosp",2022-06-23,"quantile",0.6,89.9023875923275
2022-05-21,"09","33  day ahead inc hosp",2022-06-23,"quantile",0.65,97.1229976600278
2022-05-21,"09","33  day ahead inc hosp",2022-06-23,"quantile",0.7,104.732433061514
2022-05-21,"09","33  day ahead inc hosp",2022-06-23,"quantile",0.75,112.944210289832
2022-05-21,"09","33  day ahead inc hosp",2022-06-23,"quantile",0.8,122.088413647106
2022-05-21,"09","33  day ahead inc hosp",2022-06-23,"quantile",0.85,132.747099456726
2022-05-21,"09","33  day ahead inc hosp",2022-06-23,"quantile",0.9,146.158160036611
2022-05-21,"09","33  day ahead inc hosp",2022-06-23,"quantile",0.95,166.035372052559
2022-05-21,"09","33  day ahead inc hosp",2022-06-23,"quantile",0.975,183.275889108681
2022-05-21,"09","33  day ahead inc hosp",2022-06-23,"quantile",0.99,203.321716051234
2022-05-21,"09","34  day ahead inc hosp",2022-06-24,"quantile",0.01,0
2022-05-21,"09","34  day ahead inc hosp",2022-06-24,"quantile",0.025,0
2022-05-21,"09","34  day ahead inc hosp",2022-06-24,"quantile",0.05,0
2022-05-21,"09","34  day ahead inc hosp",2022-06-24,"quantile",0.1,6.31692954852657
2022-05-21,"09","34  day ahead inc hosp",2022-06-24,"quantile",0.15,19.9651368922203
2022-05-21,"09","34  day ahead inc hosp",2022-06-24,"quantile",0.2,30.8122994320106
2022-05-21,"09","34  day ahead inc hosp",2022-06-24,"quantile",0.25,40.1181990414842
2022-05-21,"09","34  day ahead inc hosp",2022-06-24,"quantile",0.3,48.4751845017099
2022-05-21,"09","34  day ahead inc hosp",2022-06-24,"quantile",0.35,56.2191769704116
2022-05-21,"09","34  day ahead inc hosp",2022-06-24,"quantile",0.4,63.5674685365349
2022-05-21,"09","34  day ahead inc hosp",2022-06-24,"quantile",0.45,70.6770256678447
2022-05-21,"09","34  day ahead inc hosp",2022-06-24,"quantile",0.5,77.6738634568561
2022-05-21,"09","34  day ahead inc hosp",2022-06-24,"quantile",0.55,84.6707012458675
2022-05-21,"09","34  day ahead inc hosp",2022-06-24,"quantile",0.6,91.7802583771773
2022-05-21,"09","34  day ahead inc hosp",2022-06-24,"quantile",0.65,99.1285499433006
2022-05-21,"09","34  day ahead inc hosp",2022-06-24,"quantile",0.7,106.872542412002
2022-05-21,"09","34  day ahead inc hosp",2022-06-24,"quantile",0.75,115.229527872228
2022-05-21,"09","34  day ahead inc hosp",2022-06-24,"quantile",0.8,124.535427481702
2022-05-21,"09","34  day ahead inc hosp",2022-06-24,"quantile",0.85,135.382590021492
2022-05-21,"09","34  day ahead inc hosp",2022-06-24,"quantile",0.9,149.030797365186
2022-05-21,"09","34  day ahead inc hosp",2022-06-24,"quantile",0.95,169.259496608788
2022-05-21,"09","34  day ahead inc hosp",2022-06-24,"quantile",0.975,186.804876416212
2022-05-21,"09","34  day ahead inc hosp",2022-06-24,"quantile",0.99,207.205172191337
2022-05-21,"09","35  day ahead inc hosp",2022-06-25,"quantile",0.01,0
2022-05-21,"09","35  day ahead inc hosp",2022-06-25,"quantile",0.025,0
2022-05-21,"09","35  day ahead inc hosp",2022-06-25,"quantile",0.05,0
2022-05-21,"09","35  day ahead inc hosp",2022-06-25,"quantile",0.1,1.60339665037576
2022-05-21,"09","35  day ahead inc hosp",2022-06-25,"quantile",0.15,15.4846999579033
2022-05-21,"09","35  day ahead inc hosp",2022-06-25,"quantile",0.2,26.5171197804563
2022-05-21,"09","35  day ahead inc hosp",2022-06-25,"quantile",0.25,35.981953642919
2022-05-21,"09","35  day ahead inc hosp",2022-06-25,"quantile",0.3,44.4816669743985
2022-05-21,"09","35  day ahead inc hosp",2022-06-25,"quantile",0.35,52.3579180865218
2022-05-21,"09","35  day ahead inc hosp",2022-06-25,"quantile",0.4,59.8317101716513
2022-05-21,"09","35  day ahead inc hosp",2022-06-25,"quantile",0.45,67.0626905075052
2022-05-21,"09","35  day ahead inc hosp",2022-06-25,"quantile",0.5,74.1790263820268
2022-05-21,"09","35  day ahead inc hosp",2022-06-25,"quantile",0.55,81.2953622565485
2022-05-21,"09","35  day ahead inc hosp",2022-06-25,"quantile",0.6,88.5263425924024
2022-05-21,"09","35  day ahead inc hosp",2022-06-25,"quantile",0.65,96.0001346775318
2022-05-21,"09","35  day ahead inc hosp",2022-06-25,"quantile",0.7,103.876385789655
2022-05-21,"09","35  day ahead inc hosp",2022-06-25,"quantile",0.75,112.376099121135
2022-05-21,"09","35  day ahead inc hosp",2022-06-25,"quantile",0.8,121.840932983597
2022-05-21,"09","35  day ahead inc hosp",2022-06-25,"quantile",0.85,132.87335280615
2022-05-21,"09","35  day ahead inc hosp",2022-06-25,"quantile",0.9,146.754656113678
2022-05-21,"09","35  day ahead inc hosp",2022-06-25,"quantile",0.95,167.328838689161
2022-05-21,"09","35  day ahead inc hosp",2022-06-25,"quantile",0.975,185.173873763687
2022-05-21,"09","35  day ahead inc hosp",2022-06-25,"quantile",0.99,205.922583545608
2022-05-21,"09","36  day ahead inc hosp",2022-06-26,"quantile",0.01,0
2022-05-21,"09","36  day ahead inc hosp",2022-06-26,"quantile",0.025,0
2022-05-21,"09","36  day ahead inc hosp",2022-06-26,"quantile",0.05,0
2022-05-21,"09","36  day ahead inc hosp",2022-06-26,"quantile",0.1,0
2022-05-21,"09","36  day ahead inc hosp",2022-06-26,"quantile",0.15,12.1711350798327
2022-05-21,"09","36  day ahead inc hosp",2022-06-26,"quantile",0.2,23.385752287633
2022-05-21,"09","36  day ahead inc hosp",2022-06-26,"quantile",0.25,33.006895283475
2022-05-21,"09","36  day ahead inc hosp",2022-06-26,"quantile",0.3,41.6469790476661
2022-05-21,"09","36  day ahead inc hosp",2022-06-26,"quantile",0.35,49.653304285073
2022-05-21,"09","36  day ahead inc hosp",2022-06-26,"quantile",0.4,57.2505239951201
2022-05-21,"09","36  day ahead inc hosp",2022-06-26,"quantile",0.45,64.6009219864981
2022-05-21,"09","36  day ahead inc hosp",2022-06-26,"quantile",0.5,71.834782194732
2022-05-21,"09","36  day ahead inc hosp",2022-06-26,"quantile",0.55,79.0686424029659
2022-05-21,"09","36  day ahead inc hosp",2022-06-26,"quantile",0.6,86.4190403943439
2022-05-21,"09","36  day ahead inc hosp",2022-06-26,"quantile",0.65,94.0162601043911
2022-05-21,"09","36  day ahead inc hosp",2022-06-26,"quantile",0.7,102.022585341798
2022-05-21,"09","36  day ahead inc hosp",2022-06-26,"quantile",0.75,110.662669105989
2022-05-21,"09","36  day ahead inc hosp",2022-06-26,"quantile",0.8,120.283812101831
2022-05-21,"09","36  day ahead inc hosp",2022-06-26,"quantile",0.85,131.498429309631
2022-05-21,"09","36  day ahead inc hosp",2022-06-26,"quantile",0.9,145.608978531214
2022-05-21,"09","36  day ahead inc hosp",2022-06-26,"quantile",0.95,166.522938084834
2022-05-21,"09","36  day ahead inc hosp",2022-06-26,"quantile",0.975,184.662679015602
2022-05-21,"09","36  day ahead inc hosp",2022-06-26,"quantile",0.99,205.754048044572
2022-05-21,"09","37  day ahead inc hosp",2022-06-27,"quantile",0.01,0
2022-05-21,"09","37  day ahead inc hosp",2022-06-27,"quantile",0.025,0
2022-05-21,"09","37  day ahead inc hosp",2022-06-27,"quantile",0.05,0
2022-05-21,"09","37  day ahead inc hosp",2022-06-27,"quantile",0.1,3.26105173198776
2022-05-21,"09","37  day ahead inc hosp",2022-06-27,"quantile",0.15,17.5971815149457
2022-05-21,"09","37  day ahead inc hosp",2022-06-27,"quantile",0.2,28.9910830018781
2022-05-21,"09","37  day ahead inc hosp",2022-06-27,"quantile",0.25,38.7660359454405
2022-05-21,"09","37  day ahead inc hosp",2022-06-27,"quantile",0.3,47.5442457963808
2022-05-21,"09","37  day ahead inc hosp",2022-06-27,"quantile",0.35,55.6785654380628
2022-05-21,"09","37  day ahead inc hosp",2022-06-27,"quantile",0.4,63.3972393211669
2022-05-21,"09","37  day ahead inc hosp",2022-06-27,"quantile",0.45,70.8651456305553
2022-05-21,"09","37  day ahead inc hosp",2022-06-27,"quantile",0.5,78.2146511068125
2022-05-21,"09","37  day ahead inc hosp",2022-06-27,"quantile",0.55,85.5641565830698
2022-05-21,"09","37  day ahead inc hosp",2022-06-27,"quantile",0.6,93.0320628924582
2022-05-21,"09","37  day ahead inc hosp",2022-06-27,"quantile",0.65,100.750736775562
2022-05-21,"09","37  day ahead inc hosp",2022-06-27,"quantile",0.7,108.885056417244
2022-05-21,"09","37  day ahead inc hosp",2022-06-27,"quantile",0.75,117.663266268185
2022-05-21,"09","37  day ahead inc hosp",2022-06-27,"quantile",0.8,127.438219211747
2022-05-21,"09","37  day ahead inc hosp",2022-06-27,"quantile",0.85,138.832120698679
2022-05-21,"09","37  day ahead inc hosp",2022-06-27,"quantile",0.9,153.168250481637
2022-05-21,"09","37  day ahead inc hosp",2022-06-27,"quantile",0.95,174.416554408578
2022-05-21,"09","37  day ahead inc hosp",2022-06-27,"quantile",0.975,192.846289221095
2022-05-21,"09","37  day ahead inc hosp",2022-06-27,"quantile",0.99,214.274838808455
2022-05-21,"10","1  day ahead inc hosp",2022-05-22,"quantile",0.01,11.0709347049787
2022-05-21,"10","1  day ahead inc hosp",2022-05-22,"quantile",0.025,13.345225423374
2022-05-21,"10","1  day ahead inc hosp",2022-05-22,"quantile",0.05,15.3012409089633
2022-05-21,"10","1  day ahead inc hosp",2022-05-22,"quantile",0.1,17.556401493009
2022-05-21,"10","1  day ahead inc hosp",2022-05-22,"quantile",0.15,19.0779476326658
2022-05-21,"10","1  day ahead inc hosp",2022-05-22,"quantile",0.2,20.2872242704708
2022-05-21,"10","1  day ahead inc hosp",2022-05-22,"quantile",0.25,21.3246759496739
2022-05-21,"10","1  day ahead inc hosp",2022-05-22,"quantile",0.3,22.2563396213905
2022-05-21,"10","1  day ahead inc hosp",2022-05-22,"quantile",0.35,23.1196648588788
2022-05-21,"10","1  day ahead inc hosp",2022-05-22,"quantile",0.4,23.9388760844962
2022-05-21,"10","1  day ahead inc hosp",2022-05-22,"quantile",0.45,24.7314724259352
2022-05-21,"10","1  day ahead inc hosp",2022-05-22,"quantile",0.5,25.5115024518268
2022-05-21,"10","1  day ahead inc hosp",2022-05-22,"quantile",0.55,26.2915324777184
2022-05-21,"10","1  day ahead inc hosp",2022-05-22,"quantile",0.6,27.0841288191575
2022-05-21,"10","1  day ahead inc hosp",2022-05-22,"quantile",0.65,27.9033400447748
2022-05-21,"10","1  day ahead inc hosp",2022-05-22,"quantile",0.7,28.7666652822632
2022-05-21,"10","1  day ahead inc hosp",2022-05-22,"quantile",0.75,29.6983289539797
2022-05-21,"10","1  day ahead inc hosp",2022-05-22,"quantile",0.8,30.7357806331829
2022-05-21,"10","1  day ahead inc hosp",2022-05-22,"quantile",0.85,31.9450572709879
2022-05-21,"10","1  day ahead inc hosp",2022-05-22,"quantile",0.9,33.4666034106446
2022-05-21,"10","1  day ahead inc hosp",2022-05-22,"quantile",0.95,35.7217639946904
2022-05-21,"10","1  day ahead inc hosp",2022-05-22,"quantile",0.975,37.6777794802796
2022-05-21,"10","1  day ahead inc hosp",2022-05-22,"quantile",0.99,39.9520701986749
2022-05-21,"10","2  day ahead inc hosp",2022-05-23,"quantile",0.01,11.123671155203
2022-05-21,"10","2  day ahead inc hosp",2022-05-23,"quantile",0.025,13.5353528573225
2022-05-21,"10","2  day ahead inc hosp",2022-05-23,"quantile",0.05,15.609532168482
2022-05-21,"10","2  day ahead inc hosp",2022-05-23,"quantile",0.1,18.0009280757394
2022-05-21,"10","2  day ahead inc hosp",2022-05-23,"quantile",0.15,19.6143915411884
2022-05-21,"10","2  day ahead inc hosp",2022-05-23,"quantile",0.2,20.8967211556946
2022-05-21,"10","2  day ahead inc hosp",2022-05-23,"quantile",0.25,21.996845784147
2022-05-21,"10","2  day ahead inc hosp",2022-05-23,"quantile",0.3,22.9847917012782
2022-05-21,"10","2  day ahead inc hosp",2022-05-23,"quantile",0.35,23.9002708268746
2022-05-21,"10","2  day ahead inc hosp",2022-05-23,"quantile",0.4,24.7689709921667
2022-05-21,"10","2  day ahead inc hosp",2022-05-23,"quantile",0.45,25.6094484554719
2022-05-21,"10","2  day ahead inc hosp",2022-05-23,"quantile",0.5,26.436600466132
2022-05-21,"10","2  day ahead inc hosp",2022-05-23,"quantile",0.55,27.2637524767922
2022-05-21,"10","2  day ahead inc hosp",2022-05-23,"quantile",0.6,28.1042299400974
2022-05-21,"10","2  day ahead inc hosp",2022-05-23,"quantile",0.65,28.9729301053895
2022-05-21,"10","2  day ahead inc hosp",2022-05-23,"quantile",0.7,29.8884092309858
2022-05-21,"10","2  day ahead inc hosp",2022-05-23,"quantile",0.75,30.8763551481171
2022-05-21,"10","2  day ahead inc hosp",2022-05-23,"quantile",0.8,31.9764797765695
2022-05-21,"10","2  day ahead inc hosp",2022-05-23,"quantile",0.85,33.2588093910756
2022-05-21,"10","2  day ahead inc hosp",2022-05-23,"quantile",0.9,34.8722728565247
2022-05-21,"10","2  day ahead inc hosp",2022-05-23,"quantile",0.95,37.2636687637821
2022-05-21,"10","2  day ahead inc hosp",2022-05-23,"quantile",0.975,39.3378480749416
2022-05-21,"10","2  day ahead inc hosp",2022-05-23,"quantile",0.99,41.7495297770611
2022-05-21,"10","3  day ahead inc hosp",2022-05-24,"quantile",0.01,9.55875048123633
2022-05-21,"10","3  day ahead inc hosp",2022-05-24,"quantile",0.025,12.2168964932237
2022-05-21,"10","3  day ahead inc hosp",2022-05-24,"quantile",0.05,14.50304870778
2022-05-21,"10","3  day ahead inc hosp",2022-05-24,"quantile",0.1,17.1388357970848
2022-05-21,"10","3  day ahead inc hosp",2022-05-24,"quantile",0.15,18.9171888328115
2022-05-21,"10","3  day ahead inc hosp",2022-05-24,"quantile",0.2,20.3305674506686
2022-05-21,"10","3  day ahead inc hosp",2022-05-24,"quantile",0.25,21.5431204551716
2022-05-21,"10","3  day ahead inc hosp",2022-05-24,"quantile",0.3,22.6320305287413
2022-05-21,"10","3  day ahead inc hosp",2022-05-24,"quantile",0.35,23.6410679919451
2022-05-21,"10","3  day ahead inc hosp",2022-05-24,"quantile",0.4,24.5985458705368
2022-05-21,"10","3  day ahead inc hosp",2022-05-24,"quantile",0.45,25.5249167988755
2022-05-21,"10","3  day ahead inc hosp",2022-05-24,"quantile",0.5,26.436600466132
2022-05-21,"10","3  day ahead inc hosp",2022-05-24,"quantile",0.55,27.3482841333885
2022-05-21,"10","3  day ahead inc hosp",2022-05-24,"quantile",0.6,28.2746550617273
2022-05-21,"10","3  day ahead inc hosp",2022-05-24,"quantile",0.65,29.232132940319
2022-05-21,"10","3  day ahead inc hosp",2022-05-24,"quantile",0.7,30.2411704035228
2022-05-21,"10","3  day ahead inc hosp",2022-05-24,"quantile",0.75,31.3300804770925
2022-05-21,"10","3  day ahead inc hosp",2022-05-24,"quantile",0.8,32.5426334815955
2022-05-21,"10","3  day ahead inc hosp",2022-05-24,"quantile",0.85,33.9560120994526
2022-05-21,"10","3  day ahead inc hosp",2022-05-24,"quantile",0.9,35.7343651351792
2022-05-21,"10","3  day ahead inc hosp",2022-05-24,"quantile",0.95,38.370152224484
2022-05-21,"10","3  day ahead inc hosp",2022-05-24,"quantile",0.975,40.6563044390404
2022-05-21,"10","3  day ahead inc hosp",2022-05-24,"quantile",0.99,43.3144504510277
2022-05-21,"10","4  day ahead inc hosp",2022-05-25,"quantile",0.01,8.1270992128543
2022-05-21,"10","4  day ahead inc hosp",2022-05-25,"quantile",0.025,11.0107205142305
2022-05-21,"10","4  day ahead inc hosp",2022-05-25,"quantile",0.05,13.4907939166522
2022-05-21,"10","4  day ahead inc hosp",2022-05-25,"quantile",0.1,16.3501597160987
2022-05-21,"10","4  day ahead inc hosp",2022-05-25,"quantile",0.15,18.2793602461157
2022-05-21,"10","4  day ahead inc hosp",2022-05-25,"quantile",0.2,19.8126276704719
2022-05-21,"10","4  day ahead inc hosp",2022-05-25,"quantile",0.25,21.1280345958492
2022-05-21,"10","4  day ahead inc hosp",2022-05-25,"quantile",0.3,22.3093106691983
2022-05-21,"10","4  day ahead inc hosp",2022-05-25,"quantile",0.35,23.4039389964833
2022-05-21,"10","4  day ahead inc hosp",2022-05-25,"quantile",0.4,24.4426342351393
2022-05-21,"10","4  day ahead inc hosp",2022-05-25,"quantile",0.45,25.447583899261
2022-05-21,"10","4  day ahead inc hosp",2022-05-25,"quantile",0.5,26.436600466132
2022-05-21,"10","4  day ahead inc hosp",2022-05-25,"quantile",0.55,27.425617033003
2022-05-21,"10","4  day ahead inc hosp",2022-05-25,"quantile",0.6,28.4305666971248
2022-05-21,"10","4  day ahead inc hosp",2022-05-25,"quantile",0.65,29.4692619357808
2022-05-21,"10","4  day ahead inc hosp",2022-05-25,"quantile",0.7,30.5638902630658
2022-05-21,"10","4  day ahead inc hosp",2022-05-25,"quantile",0.75,31.7451663364148
2022-05-21,"10","4  day ahead inc hosp",2022-05-25,"quantile",0.8,33.0605732617922
2022-05-21,"10","4  day ahead inc hosp",2022-05-25,"quantile",0.85,34.5938406861484
2022-05-21,"10","4  day ahead inc hosp",2022-05-25,"quantile",0.9,36.5230412161654
2022-05-21,"10","4  day ahead inc hosp",2022-05-25,"quantile",0.95,39.3824070156119
2022-05-21,"10","4  day ahead inc hosp",2022-05-25,"quantile",0.975,41.8624804180336
2022-05-21,"10","4  day ahead inc hosp",2022-05-25,"quantile",0.99,44.7461017194098
2022-05-21,"10","5  day ahead inc hosp",2022-05-26,"quantile",0.01,6.79954742411696
2022-05-21,"10","5  day ahead inc hosp",2022-05-26,"quantile",0.025,9.89224905836121
2022-05-21,"10","5  day ahead inc hosp",2022-05-26,"quantile",0.05,12.5521430815655
2022-05-21,"10","5  day ahead inc hosp",2022-05-26,"quantile",0.1,15.6188305403625
2022-05-21,"10","5  day ahead inc hosp",2022-05-26,"quantile",0.15,17.6879100096815
2022-05-21,"10","5  day ahead inc hosp",2022-05-26,"quantile",0.2,19.3323487807423
2022-05-21,"10","5  day ahead inc hosp",2022-05-26,"quantile",0.25,20.7431308227078
2022-05-21,"10","5  day ahead inc hosp",2022-05-26,"quantile",0.3,22.0100566984449
2022-05-21,"10","5  day ahead inc hosp",2022-05-26,"quantile",0.35,23.1840523320147
2022-05-21,"10","5  day ahead inc hosp",2022-05-26,"quantile",0.4,24.2980593829891
2022-05-21,"10","5  day ahead inc hosp",2022-05-26,"quantile",0.45,25.3758740971054
2022-05-21,"10","5  day ahead inc hosp",2022-05-26,"quantile",0.5,26.436600466132
2022-05-21,"10","5  day ahead inc hosp",2022-05-26,"quantile",0.55,27.4973268351587
2022-05-21,"10","5  day ahead inc hosp",2022-05-26,"quantile",0.6,28.575141549275
2022-05-21,"10","5  day ahead inc hosp",2022-05-26,"quantile",0.65,29.6891486002494
2022-05-21,"10","5  day ahead inc hosp",2022-05-26,"quantile",0.7,30.8631442338192
2022-05-21,"10","5  day ahead inc hosp",2022-05-26,"quantile",0.75,32.1300701095562
2022-05-21,"10","5  day ahead inc hosp",2022-05-26,"quantile",0.8,33.5408521515218
2022-05-21,"10","5  day ahead inc hosp",2022-05-26,"quantile",0.85,35.1852909225825
2022-05-21,"10","5  day ahead inc hosp",2022-05-26,"quantile",0.9,37.2543703919015
2022-05-21,"10","5  day ahead inc hosp",2022-05-26,"quantile",0.95,40.3210578506985
2022-05-21,"10","5  day ahead inc hosp",2022-05-26,"quantile",0.975,42.9809518739029
2022-05-21,"10","5  day ahead inc hosp",2022-05-26,"quantile",0.99,46.0736535081471
2022-05-21,"10","6  day ahead inc hosp",2022-05-27,"quantile",0.01,5.55623006218449
2022-05-21,"10","6  day ahead inc hosp",2022-05-27,"quantile",0.025,8.84474568281996
2022-05-21,"10","6  day ahead inc hosp",2022-05-27,"quantile",0.05,11.6730505369608
2022-05-21,"10","6  day ahead inc hosp",2022-05-27,"quantile",0.1,14.9339048981431
2022-05-21,"10","6  day ahead inc hosp",2022-05-27,"quantile",0.15,17.1339878546919
2022-05-21,"10","6  day ahead inc hosp",2022-05-27,"quantile",0.2,18.882544044508
2022-05-21,"10","6  day ahead inc hosp",2022-05-27,"quantile",0.25,20.3826495609748
2022-05-21,"10","6  day ahead inc hosp",2022-05-27,"quantile",0.3,21.729790677472
2022-05-21,"10","6  day ahead inc hosp",2022-05-27,"quantile",0.35,22.9781176860667
2022-05-21,"10","6  day ahead inc hosp",2022-05-27,"quantile",0.4,24.1626579430588
2022-05-21,"10","6  day ahead inc hosp",2022-05-27,"quantile",0.45,25.3087143502713
2022-05-21,"10","6  day ahead inc hosp",2022-05-27,"quantile",0.5,26.436600466132
2022-05-21,"10","6  day ahead inc hosp",2022-05-27,"quantile",0.55,27.5644865819928
2022-05-21,"10","6  day ahead inc hosp",2022-05-27,"quantile",0.6,28.7105429892053
2022-05-21,"10","6  day ahead inc hosp",2022-05-27,"quantile",0.65,29.8950832461974
2022-05-21,"10","6  day ahead inc hosp",2022-05-27,"quantile",0.7,31.1434102547921
2022-05-21,"10","6  day ahead inc hosp",2022-05-27,"quantile",0.75,32.4905513712893
2022-05-21,"10","6  day ahead inc hosp",2022-05-27,"quantile",0.8,33.9906568877561
2022-05-21,"10","6  day ahead inc hosp",2022-05-27,"quantile",0.85,35.7392130775721
2022-05-21,"10","6  day ahead inc hosp",2022-05-27,"quantile",0.9,37.939296034121
2022-05-21,"10","6  day ahead inc hosp",2022-05-27,"quantile",0.95,41.2001503953033
2022-05-21,"10","6  day ahead inc hosp",2022-05-27,"quantile",0.975,44.0284552494441
2022-05-21,"10","6  day ahead inc hosp",2022-05-27,"quantile",0.99,47.3169708700796
2022-05-21,"10","7  day ahead inc hosp",2022-05-28,"quantile",0.01,4.38289591934028
2022-05-21,"10","7  day ahead inc hosp",2022-05-28,"quantile",0.025,7.85620364769807
2022-05-21,"10","7  day ahead inc hosp",2022-05-28,"quantile",0.05,10.8434399090666
2022-05-21,"10","7  day ahead inc hosp",2022-05-28,"quantile",0.1,14.2875320041971
2022-05-21,"10","7  day ahead inc hosp",2022-05-28,"quantile",0.15,16.6112445899177
2022-05-21,"10","7  day ahead inc hosp",2022-05-28,"quantile",0.2,18.4580576898604
2022-05-21,"10","7  day ahead inc hosp",2022-05-28,"quantile",0.25,20.0424588862547
2022-05-21,"10","7  day ahead inc hosp",2022-05-28,"quantile",0.3,21.4653001285944
2022-05-21,"10","7  day ahead inc hosp",2022-05-28,"quantile",0.35,22.7837745853561
2022-05-21,"10","7  day ahead inc hosp",2022-05-28,"quantile",0.4,24.0348779109247
2022-05-21,"10","7  day ahead inc hosp",2022-05-28,"quantile",0.45,25.2453348573132
2022-05-21,"10","7  day ahead inc hosp",2022-05-28,"quantile",0.5,26.436600466132
2022-05-21,"10","7  day ahead inc hosp",2022-05-28,"quantile",0.55,27.6278660749509
2022-05-21,"10","7  day ahead inc hosp",2022-05-28,"quantile",0.6,28.8383230213394
2022-05-21,"10","7  day ahead inc hosp",2022-05-28,"quantile",0.65,30.089426346908
2022-05-21,"10","7  day ahead inc hosp",2022-05-28,"quantile",0.7,31.4079008036697
2022-05-21,"10","7  day ahead inc hosp",2022-05-28,"quantile",0.75,32.8307420460094
2022-05-21,"10","7  day ahead inc hosp",2022-05-28,"quantile",0.8,34.4151432424037
2022-05-21,"10","7  day ahead inc hosp",2022-05-28,"quantile",0.85,36.2619563423464
2022-05-21,"10","7  day ahead inc hosp",2022-05-28,"quantile",0.9,38.585668928067
2022-05-21,"10","7  day ahead inc hosp",2022-05-28,"quantile",0.95,42.0297610231974
2022-05-21,"10","7  day ahead inc hosp",2022-05-28,"quantile",0.975,45.016997284566
2022-05-21,"10","7  day ahead inc hosp",2022-05-28,"quantile",0.99,48.4903050129238
2022-05-21,"10","8  day ahead inc hosp",2022-05-29,"quantile",0.01,3.32672417957848
2022-05-21,"10","8  day ahead inc hosp",2022-05-29,"quantile",0.025,6.97547713977958
2022-05-21,"10","8  day ahead inc hosp",2022-05-29,"quantile",0.05,10.1136059794727
2022-05-21,"10","8  day ahead inc hosp",2022-05-29,"quantile",0.1,13.7316675536639
2022-05-21,"10","8  day ahead inc hosp",2022-05-29,"quantile",0.15,16.1727565209848
2022-05-21,"10","8  day ahead inc hosp",2022-05-29,"quantile",0.2,18.1128566481164
2022-05-21,"10","8  day ahead inc hosp",2022-05-29,"quantile",0.25,19.7772898074044
2022-05-21,"10","8  day ahead inc hosp",2022-05-29,"quantile",0.3,21.2720022259144
2022-05-21,"10","8  day ahead inc hosp",2022-05-29,"quantile",0.35,22.6570760383443
2022-05-21,"10","8  day ahead inc hosp",2022-05-29,"quantile",0.4,23.9713756396769
2022-05-21,"10","8  day ahead inc hosp",2022-05-29,"quantile",0.45,25.2429757142315
2022-05-21,"10","8  day ahead inc hosp",2022-05-29,"quantile",0.5,26.4944150500195
2022-05-21,"10","8  day ahead inc hosp",2022-05-29,"quantile",0.55,27.7458543858076
2022-05-21,"10","8  day ahead inc hosp",2022-05-29,"quantile",0.6,29.0174544603622
2022-05-21,"10","8  day ahead inc hosp",2022-05-29,"quantile",0.65,30.3317540616948
2022-05-21,"10","8  day ahead inc hosp",2022-05-29,"quantile",0.7,31.7168278741247
2022-05-21,"10","8  day ahead inc hosp",2022-05-29,"quantile",0.75,33.2115402926347
2022-05-21,"10","8  day ahead inc hosp",2022-05-29,"quantile",0.8,34.8759734519227
2022-05-21,"10","8  day ahead inc hosp",2022-05-29,"quantile",0.85,36.8160735790543
2022-05-21,"10","8  day ahead inc hosp",2022-05-29,"quantile",0.9,39.2571625463752
2022-05-21,"10","8  day ahead inc hosp",2022-05-29,"quantile",0.95,42.8752241205663
2022-05-21,"10","8  day ahead inc hosp",2022-05-29,"quantile",0.975,46.0133529602595
2022-05-21,"10","8  day ahead inc hosp",2022-05-29,"quantile",0.99,49.6621059204606
2022-05-21,"10","9  day ahead inc hosp",2022-05-30,"quantile",0.01,2.26389882977667
2022-05-21,"10","9  day ahead inc hosp",2022-05-30,"quantile",0.025,6.08003951812698
2022-05-21,"10","9  day ahead inc hosp",2022-05-30,"quantile",0.05,9.36213103845246
2022-05-21,"10","9  day ahead inc hosp",2022-05-30,"quantile",0.1,13.1461723634827
2022-05-21,"10","9  day ahead inc hosp",2022-05-30,"quantile",0.15,15.6992470807042
2022-05-21,"10","9  day ahead inc hosp",2022-05-30,"quantile",0.2,17.7283499318362
2022-05-21,"10","9  day ahead inc hosp",2022-05-30,"quantile",0.25,19.4691395033638
2022-05-21,"10","9  day ahead inc hosp",2022-05-30,"quantile",0.3,21.032422339959
2022-05-21,"10","9  day ahead inc hosp",2022-05-30,"quantile",0.35,22.4810368637801
2022-05-21,"10","9  day ahead inc hosp",2022-05-30,"quantile",0.4,23.8556303865631
2022-05-21,"10","9  day ahead inc hosp",2022-05-30,"quantile",0.45,25.1855655278969
2022-05-21,"10","9  day ahead inc hosp",2022-05-30,"quantile",0.5,26.4944150500195
2022-05-21,"10","9  day ahead inc hosp",2022-05-30,"quantile",0.55,27.8032645721422
2022-05-21,"10","9  day ahead inc hosp",2022-05-30,"quantile",0.6,29.133199713476
2022-05-21,"10","9  day ahead inc hosp",2022-05-30,"quantile",0.65,30.507793236259
2022-05-21,"10","9  day ahead inc hosp",2022-05-30,"quantile",0.7,31.9564077600801
2022-05-21,"10","9  day ahead inc hosp",2022-05-30,"quantile",0.75,33.5196905966753
2022-05-21,"10","9  day ahead inc hosp",2022-05-30,"quantile",0.8,35.2604801682028
2022-05-21,"10","9  day ahead inc hosp",2022-05-30,"quantile",0.85,37.2895830193349
2022-05-21,"10","9  day ahead inc hosp",2022-05-30,"quantile",0.9,39.8426577365563
2022-05-21,"10","9  day ahead inc hosp",2022-05-30,"quantile",0.95,43.6266990615866
2022-05-21,"10","9  day ahead inc hosp",2022-05-30,"quantile",0.975,46.9087905819121
2022-05-21,"10","9  day ahead inc hosp",2022-05-30,"quantile",0.99,50.7249312702624
2022-05-21,"10","10  day ahead inc hosp",2022-05-31,"quantile",0.01,1.24577286215947
2022-05-21,"10","10  day ahead inc hosp",2022-05-31,"quantile",0.025,5.22226143148658
2022-05-21,"10","10  day ahead inc hosp",2022-05-31,"quantile",0.05,8.64226097550279
2022-05-21,"10","10  day ahead inc hosp",2022-05-31,"quantile",0.1,12.5853014196823
2022-05-21,"10","10  day ahead inc hosp",2022-05-31,"quantile",0.15,15.2456520877437
2022-05-21,"10","10  day ahead inc hosp",2022-05-31,"quantile",0.2,17.3600144638865
2022-05-21,"10","10  day ahead inc hosp",2022-05-31,"quantile",0.25,19.1739491162213
2022-05-21,"10","10  day ahead inc hosp",2022-05-31,"quantile",0.3,20.8029184960251
2022-05-21,"10","10  day ahead inc hosp",2022-05-31,"quantile",0.35,22.3124013913808
2022-05-21,"10","10  day ahead inc hosp",2022-05-31,"quantile",0.4,23.7447530464191
2022-05-21,"10","10  day ahead inc hosp",2022-05-31,"quantile",0.45,25.1305698491394
2022-05-21,"10","10  day ahead inc hosp",2022-05-31,"quantile",0.5,26.4944150500195
2022-05-21,"10","10  day ahead inc hosp",2022-05-31,"quantile",0.55,27.8582602508997
2022-05-21,"10","10  day ahead inc hosp",2022-05-31,"quantile",0.6,29.2440770536199
2022-05-21,"10","10  day ahead inc hosp",2022-05-31,"quantile",0.65,30.6764287086583
2022-05-21,"10","10  day ahead inc hosp",2022-05-31,"quantile",0.7,32.185911604014
2022-05-21,"10","10  day ahead inc hosp",2022-05-31,"quantile",0.75,33.8148809838178
2022-05-21,"10","10  day ahead inc hosp",2022-05-31,"quantile",0.8,35.6288156361525
2022-05-21,"10","10  day ahead inc hosp",2022-05-31,"quantile",0.85,37.7431780122954
2022-05-21,"10","10  day ahead inc hosp",2022-05-31,"quantile",0.9,40.4035286803568
2022-05-21,"10","10  day ahead inc hosp",2022-05-31,"quantile",0.95,44.3465691245363
2022-05-21,"10","10  day ahead inc hosp",2022-05-31,"quantile",0.975,47.7665686685525
2022-05-21,"10","10  day ahead inc hosp",2022-05-31,"quantile",0.99,51.7430572378796
2022-05-21,"10","11  day ahead inc hosp",2022-06-01,"quantile",0.01,0.267140156090463
2022-05-21,"10","11  day ahead inc hosp",2022-06-01,"quantile",0.025,4.39775668763822
2022-05-21,"10","11  day ahead inc hosp",2022-06-01,"quantile",0.05,7.9503147820752
2022-05-21,"10","11  day ahead inc hosp",2022-06-01,"quantile",0.1,12.0461867453248
2022-05-21,"10","11  day ahead inc hosp",2022-06-01,"quantile",0.15,14.8096521137335
2022-05-21,"10","11  day ahead inc hosp",2022-06-01,"quantile",0.2,17.0059667849098
2022-05-21,"10","11  day ahead inc hosp",2022-06-01,"quantile",0.25,18.8902092092126
2022-05-21,"10","11  day ahead inc hosp",2022-06-01,"quantile",0.3,20.5823171411968
2022-05-21,"10","11  day ahead inc hosp",2022-06-01,"quantile",0.35,22.1503073146728
2022-05-21,"10","11  day ahead inc hosp",2022-06-01,"quantile",0.4,23.6381766552082
2022-05-21,"10","11  day ahead inc hosp",2022-06-01,"quantile",0.45,25.0777074611478
2022-05-21,"10","11  day ahead inc hosp",2022-06-01,"quantile",0.5,26.4944150500195
2022-05-21,"10","11  day ahead inc hosp",2022-06-01,"quantile",0.55,27.9111226388913
2022-05-21,"10","11  day ahead inc hosp",2022-06-01,"quantile",0.6,29.3506534448309
2022-05-21,"10","11  day ahead inc hosp",2022-06-01,"quantile",0.65,30.8385227853663
2022-05-21,"10","11  day ahead inc hosp",2022-06-01,"quantile",0.7,32.4065129588423
2022-05-21,"10","11  day ahead inc hosp",2022-06-01,"quantile",0.75,34.0986208908265
2022-05-21,"10","11  day ahead inc hosp",2022-06-01,"quantile",0.8,35.9828633151293
2022-05-21,"10","11  day ahead inc hosp",2022-06-01,"quantile",0.85,38.1791779863056
2022-05-21,"10","11  day ahead inc hosp",2022-06-01,"quantile",0.9,40.9426433547143
2022-05-21,"10","11  day ahead inc hosp",2022-06-01,"quantile",0.95,45.0385153179639
2022-05-21,"10","11  day ahead inc hosp",2022-06-01,"quantile",0.975,48.5910734124009
2022-05-21,"10","11  day ahead inc hosp",2022-06-01,"quantile",0.99,52.7216899439486
2022-05-21,"10","12  day ahead inc hosp",2022-06-02,"quantile",0.01,0
2022-05-21,"10","12  day ahead inc hosp",2022-06-02,"quantile",0.025,3.60292968980039
2022-05-21,"10","12  day ahead inc hosp",2022-06-02,"quantile",0.05,7.28327493822862
2022-05-21,"10","12  day ahead inc hosp",2022-06-02,"quantile",0.1,11.5264773060438
2022-05-21,"10","12  day ahead inc hosp",2022-06-02,"quantile",0.15,14.3893457989603
2022-05-21,"10","12  day ahead inc hosp",2022-06-02,"quantile",0.2,16.6646629223522
2022-05-21,"10","12  day ahead inc hosp",2022-06-02,"quantile",0.25,18.6166824161442
2022-05-21,"10","12  day ahead inc hosp",2022-06-02,"quantile",0.3,20.3696562512681
2022-05-21,"10","12  day ahead inc hosp",2022-06-02,"quantile",0.35,21.994047754836
2022-05-21,"10","12  day ahead inc hosp",2022-06-02,"quantile",0.4,23.5354364421304
2022-05-21,"10","12  day ahead inc hosp",2022-06-02,"quantile",0.45,25.0267478354338
2022-05-21,"10","12  day ahead inc hosp",2022-06-02,"quantile",0.5,26.4944150500195
2022-05-21,"10","12  day ahead inc hosp",2022-06-02,"quantile",0.55,27.9620822646053
2022-05-21,"10","12  day ahead inc hosp",2022-06-02,"quantile",0.6,29.4533936579086
2022-05-21,"10","12  day ahead inc hosp",2022-06-02,"quantile",0.65,30.9947823452031
2022-05-21,"10","12  day ahead inc hosp",2022-06-02,"quantile",0.7,32.6191738487709
2022-05-21,"10","12  day ahead inc hosp",2022-06-02,"quantile",0.75,34.3721476838949
2022-05-21,"10","12  day ahead inc hosp",2022-06-02,"quantile",0.8,36.3241671776869
2022-05-21,"10","12  day ahead inc hosp",2022-06-02,"quantile",0.85,38.5994843010788
2022-05-21,"10","12  day ahead inc hosp",2022-06-02,"quantile",0.9,41.4623527939953
2022-05-21,"10","12  day ahead inc hosp",2022-06-02,"quantile",0.95,45.7055551618105
2022-05-21,"10","12  day ahead inc hosp",2022-06-02,"quantile",0.975,49.3859004102387
2022-05-21,"10","12  day ahead inc hosp",2022-06-02,"quantile",0.99,53.6650971245067
2022-05-21,"10","13  day ahead inc hosp",2022-06-03,"quantile",0.01,0
2022-05-21,"10","13  day ahead inc hosp",2022-06-03,"quantile",0.025,2.83478924548792
2022-05-21,"10","13  day ahead inc hosp",2022-06-03,"quantile",0.05,6.63863115609709
2022-05-21,"10","13  day ahead inc hosp",2022-06-03,"quantile",0.1,11.0242172662004
2022-05-21,"10","13  day ahead inc hosp",2022-06-03,"quantile",0.15,13.9831513940703
2022-05-21,"10","13  day ahead inc hosp",2022-06-03,"quantile",0.2,16.3348184387806
2022-05-21,"10","13  day ahead inc hosp",2022-06-03,"quantile",0.25,18.3523393667379
2022-05-21,"10","13  day ahead inc hosp",2022-06-03,"quantile",0.3,20.1641355141492
2022-05-21,"10","13  day ahead inc hosp",2022-06-03,"quantile",0.35,21.8430346563283
2022-05-21,"10","13  day ahead inc hosp",2022-06-03,"quantile",0.4,23.4361457623511
2022-05-21,"10","13  day ahead inc hosp",2022-06-03,"quantile",0.45,24.9774991943528
2022-05-21,"10","13  day ahead inc hosp",2022-06-03,"quantile",0.5,26.4944150500195
2022-05-21,"10","13  day ahead inc hosp",2022-06-03,"quantile",0.55,28.0113309056862
2022-05-21,"10","13  day ahead inc hosp",2022-06-03,"quantile",0.6,29.552684337688
2022-05-21,"10","13  day ahead inc hosp",2022-06-03,"quantile",0.65,31.1457954437108
2022-05-21,"10","13  day ahead inc hosp",2022-06-03,"quantile",0.7,32.8246945858899
2022-05-21,"10","13  day ahead inc hosp",2022-06-03,"quantile",0.75,34.6364907333011
2022-05-21,"10","13  day ahead inc hosp",2022-06-03,"quantile",0.8,36.6540116612585
2022-05-21,"10","13  day ahead inc hosp",2022-06-03,"quantile",0.85,39.0056787059688
2022-05-21,"10","13  day ahead inc hosp",2022-06-03,"quantile",0.9,41.9646128338387
2022-05-21,"10","13  day ahead inc hosp",2022-06-03,"quantile",0.95,46.350198943942
2022-05-21,"10","13  day ahead inc hosp",2022-06-03,"quantile",0.975,50.1540408545512
2022-05-21,"10","13  day ahead inc hosp",2022-06-03,"quantile",0.99,54.5768291275876
2022-05-21,"10","14  day ahead inc hosp",2022-06-04,"quantile",0.01,0
2022-05-21,"10","14  day ahead inc hosp",2022-06-04,"quantile",0.025,2.09081522491607
2022-05-21,"10","14  day ahead inc hosp",2022-06-04,"quantile",0.05,6.01426847609487
2022-05-21,"10","14  day ahead inc hosp",2022-06-04,"quantile",0.1,10.5377588014995
2022-05-21,"10","14  day ahead inc hosp",2022-06-04,"quantile",0.15,13.5897362487315
2022-05-21,"10","14  day ahead inc hosp",2022-06-04,"quantile",0.2,16.0153511741376
2022-05-21,"10","14  day ahead inc hosp",2022-06-04,"quantile",0.25,18.0963127992877
2022-05-21,"10","14  day ahead inc hosp",2022-06-04,"quantile",0.3,19.9650806534953
2022-05-21,"10","14  day ahead inc hosp",2022-06-04,"quantile",0.35,21.6967725725027
2022-05-21,"10","14  day ahead inc hosp",2022-06-04,"quantile",0.4,23.3399788611188
2022-05-21,"10","14  day ahead inc hosp",2022-06-04,"quantile",0.45,24.9297999620263
2022-05-21,"10","14  day ahead inc hosp",2022-06-04,"quantile",0.5,26.4944150500195
2022-05-21,"10","14  day ahead inc hosp",2022-06-04,"quantile",0.55,28.0590301380128
2022-05-21,"10","14  day ahead inc hosp",2022-06-04,"quantile",0.6,29.6488512389203
2022-05-21,"10","14  day ahead inc hosp",2022-06-04,"quantile",0.65,31.2920575275364
2022-05-21,"10","14  day ahead inc hosp",2022-06-04,"quantile",0.7,33.0237494465438
2022-05-21,"10","14  day ahead inc hosp",2022-06-04,"quantile",0.75,34.8925173007514
2022-05-21,"10","14  day ahead inc hosp",2022-06-04,"quantile",0.8,36.9734789259015
2022-05-21,"10","14  day ahead inc hosp",2022-06-04,"quantile",0.85,39.3990938513076
2022-05-21,"10","14  day ahead inc hosp",2022-06-04,"quantile",0.9,42.4510712985396
2022-05-21,"10","14  day ahead inc hosp",2022-06-04,"quantile",0.95,46.9745616239442
2022-05-21,"10","14  day ahead inc hosp",2022-06-04,"quantile",0.975,50.898014875123
2022-05-21,"10","14  day ahead inc hosp",2022-06-04,"quantile",0.99,55.4598771808941
2022-05-21,"10","15  day ahead inc hosp",2022-06-05,"quantile",0.01,0
2022-05-21,"10","15  day ahead inc hosp",2022-06-05,"quantile",0.025,1.28858914360245
2022-05-21,"10","15  day ahead inc hosp",2022-06-05,"quantile",0.05,5.32811356455401
2022-05-21,"10","15  day ahead inc hosp",2022-06-05,"quantile",0.1,9.98542651505752
2022-05-21,"10","15  day ahead inc hosp",2022-06-05,"quantile",0.15,13.1276934521194
2022-05-21,"10","15  day ahead inc hosp",2022-06-05,"quantile",0.2,15.6250676018072
2022-05-21,"10","15  day ahead inc hosp",2022-06-05,"quantile",0.25,17.7675922518285
2022-05-21,"10","15  day ahead inc hosp",2022-06-05,"quantile",0.3,19.6916456050558
2022-05-21,"10","15  day ahead inc hosp",2022-06-05,"quantile",0.35,21.4745677780913
2022-05-21,"10","15  day ahead inc hosp",2022-06-05,"quantile",0.4,23.1663865679626
2022-05-21,"10","15  day ahead inc hosp",2022-06-05,"quantile",0.45,24.8032408264223
2022-05-21,"10","15  day ahead inc hosp",2022-06-05,"quantile",0.5,26.4141433790242
2022-05-21,"10","15  day ahead inc hosp",2022-06-05,"quantile",0.55,28.0250459316261
2022-05-21,"10","15  day ahead inc hosp",2022-06-05,"quantile",0.6,29.6619001900859
2022-05-21,"10","15  day ahead inc hosp",2022-06-05,"quantile",0.65,31.3537189799572
2022-05-21,"10","15  day ahead inc hosp",2022-06-05,"quantile",0.7,33.1366411529927
2022-05-21,"10","15  day ahead inc hosp",2022-06-05,"quantile",0.75,35.0606945062199
2022-05-21,"10","15  day ahead inc hosp",2022-06-05,"quantile",0.8,37.2032191562412
2022-05-21,"10","15  day ahead inc hosp",2022-06-05,"quantile",0.85,39.700593305929
2022-05-21,"10","15  day ahead inc hosp",2022-06-05,"quantile",0.9,42.8428602429909
2022-05-21,"10","15  day ahead inc hosp",2022-06-05,"quantile",0.95,47.5001731934944
2022-05-21,"10","15  day ahead inc hosp",2022-06-05,"quantile",0.975,51.539697614446
2022-05-21,"10","15  day ahead inc hosp",2022-06-05,"quantile",0.99,56.2365177393306
2022-05-21,"10","16  day ahead inc hosp",2022-06-06,"quantile",0.01,0
2022-05-21,"10","16  day ahead inc hosp",2022-06-06,"quantile",0.025,0.586807727616964
2022-05-21,"10","16  day ahead inc hosp",2022-06-06,"quantile",0.05,4.739160034532
2022-05-21,"10","16  day ahead inc hosp",2022-06-06,"quantile",0.1,9.5265563116148
2022-05-21,"10","16  day ahead inc hosp",2022-06-06,"quantile",0.15,12.7565898515478
2022-05-21,"10","16  day ahead inc hosp",2022-06-06,"quantile",0.2,15.3237181149395
2022-05-21,"10","16  day ahead inc hosp",2022-06-06,"quantile",0.25,17.5260855834948
2022-05-21,"10","16  day ahead inc hosp",2022-06-06,"quantile",0.3,19.5038796372856
2022-05-21,"10","16  day ahead inc hosp",2022-06-06,"quantile",0.35,21.3366005783587
2022-05-21,"10","16  day ahead inc hosp",2022-06-06,"quantile",0.4,23.0756735292655
2022-05-21,"10","16  day ahead inc hosp",2022-06-06,"quantile",0.45,24.7582467353951
2022-05-21,"10","16  day ahead inc hosp",2022-06-06,"quantile",0.5,26.4141433790242
2022-05-21,"10","16  day ahead inc hosp",2022-06-06,"quantile",0.55,28.0700400226534
2022-05-21,"10","16  day ahead inc hosp",2022-06-06,"quantile",0.6,29.752613228783
2022-05-21,"10","16  day ahead inc hosp",2022-06-06,"quantile",0.65,31.4916861796897
2022-05-21,"10","16  day ahead inc hosp",2022-06-06,"quantile",0.7,33.3244071207628
2022-05-21,"10","16  day ahead inc hosp",2022-06-06,"quantile",0.75,35.3022011745536
2022-05-21,"10","16  day ahead inc hosp",2022-06-06,"quantile",0.8,37.5045686431089
2022-05-21,"10","16  day ahead inc hosp",2022-06-06,"quantile",0.85,40.0716969065007
2022-05-21,"10","16  day ahead inc hosp",2022-06-06,"quantile",0.9,43.3017304464336
2022-05-21,"10","16  day ahead inc hosp",2022-06-06,"quantile",0.95,48.0891267235164
2022-05-21,"10","16  day ahead inc hosp",2022-06-06,"quantile",0.975,52.2414790304315
2022-05-21,"10","16  day ahead inc hosp",2022-06-06,"quantile",0.99,57.0694859560922
2022-05-21,"10","17  day ahead inc hosp",2022-06-07,"quantile",0.01,0
2022-05-21,"10","17  day ahead inc hosp",2022-06-07,"quantile",0.025,0
2022-05-21,"10","17  day ahead inc hosp",2022-06-07,"quantile",0.05,4.16579169555554
2022-05-21,"10","17  day ahead inc hosp",2022-06-07,"quantile",0.1,9.0798289673642
2022-05-21,"10","17  day ahead inc hosp",2022-06-07,"quantile",0.15,12.3953065852092
2022-05-21,"10","17  day ahead inc hosp",2022-06-07,"quantile",0.2,15.0303430930931
2022-05-21,"10","17  day ahead inc hosp",2022-06-07,"quantile",0.25,17.2909697887579
2022-05-21,"10","17  day ahead inc hosp",2022-06-07,"quantile",0.3,19.3210824290702
2022-05-21,"10","17  day ahead inc hosp",2022-06-07,"quantile",0.35,21.2022843375834
2022-05-21,"10","17  day ahead inc hosp",2022-06-07,"quantile",0.4,22.9873609856267
2022-05-21,"10","17  day ahead inc hosp",2022-06-07,"quantile",0.45,24.7144433011324
2022-05-21,"10","17  day ahead inc hosp",2022-06-07,"quantile",0.5,26.4141433790242
2022-05-21,"10","17  day ahead inc hosp",2022-06-07,"quantile",0.55,28.113843456916
2022-05-21,"10","17  day ahead inc hosp",2022-06-07,"quantile",0.6,29.8409257724217
2022-05-21,"10","17  day ahead inc hosp",2022-06-07,"quantile",0.65,31.626002420465
2022-05-21,"10","17  day ahead inc hosp",2022-06-07,"quantile",0.7,33.5072043289783
2022-05-21,"10","17  day ahead inc hosp",2022-06-07,"quantile",0.75,35.5373169692905
2022-05-21,"10","17  day ahead inc hosp",2022-06-07,"quantile",0.8,37.7979436649553
2022-05-21,"10","17  day ahead inc hosp",2022-06-07,"quantile",0.85,40.4329801728392
2022-05-21,"10","17  day ahead inc hosp",2022-06-07,"quantile",0.9,43.7484577906842
2022-05-21,"10","17  day ahead inc hosp",2022-06-07,"quantile",0.95,48.6624950624929
2022-05-21,"10","17  day ahead inc hosp",2022-06-07,"quantile",0.975,52.9246895458572
2022-05-21,"10","17  day ahead inc hosp",2022-06-07,"quantile",0.99,57.8804117397392
2022-05-21,"10","18  day ahead inc hosp",2022-06-08,"quantile",0.01,0
2022-05-21,"10","18  day ahead inc hosp",2022-06-08,"quantile",0.025,0
2022-05-21,"10","18  day ahead inc hosp",2022-06-08,"quantile",0.05,3.60683309748089
2022-05-21,"10","18  day ahead inc hosp",2022-06-08,"quantile",0.1,8.64432865615121
2022-05-21,"10","18  day ahead inc hosp",2022-06-08,"quantile",0.15,12.0431029940223
2022-05-21,"10","18  day ahead inc hosp",2022-06-08,"quantile",0.2,14.7443410944231
2022-05-21,"10","18  day ahead inc hosp",2022-06-08,"quantile",0.25,17.0617628617659
2022-05-21,"10","18  day ahead inc hosp",2022-06-08,"quantile",0.3,19.1428792317704
2022-05-21,"10","18  day ahead inc hosp",2022-06-08,"quantile",0.35,21.0713436969187
2022-05-21,"10","18  day ahead inc hosp",2022-06-08,"quantile",0.4,22.9012678893933
2022-05-21,"10","18  day ahead inc hosp",2022-06-08,"quantile",0.45,24.6717407231526
2022-05-21,"10","18  day ahead inc hosp",2022-06-08,"quantile",0.5,26.4141433790242
2022-05-21,"10","18  day ahead inc hosp",2022-06-08,"quantile",0.55,28.1565460348958
2022-05-21,"10","18  day ahead inc hosp",2022-06-08,"quantile",0.6,29.9270188686551
2022-05-21,"10","18  day ahead inc hosp",2022-06-08,"quantile",0.65,31.7569430611297
2022-05-21,"10","18  day ahead inc hosp",2022-06-08,"quantile",0.7,33.6854075262781
2022-05-21,"10","18  day ahead inc hosp",2022-06-08,"quantile",0.75,35.7665238962826
2022-05-21,"10","18  day ahead inc hosp",2022-06-08,"quantile",0.8,38.0839456636253
2022-05-21,"10","18  day ahead inc hosp",2022-06-08,"quantile",0.85,40.7851837640262
2022-05-21,"10","18  day ahead inc hosp",2022-06-08,"quantile",0.9,44.1839581018972
2022-05-21,"10","18  day ahead inc hosp",2022-06-08,"quantile",0.95,49.2214536605676
2022-05-21,"10","18  day ahead inc hosp",2022-06-08,"quantile",0.975,53.5907297959588
2022-05-21,"10","18  day ahead inc hosp",2022-06-08,"quantile",0.99,58.6709575518415
2022-05-21,"10","19  day ahead inc hosp",2022-06-09,"quantile",0.01,0
2022-05-21,"10","19  day ahead inc hosp",2022-06-09,"quantile",0.025,0
2022-05-21,"10","19  day ahead inc hosp",2022-06-09,"quantile",0.05,3.06124951282682
2022-05-21,"10","19  day ahead inc hosp",2022-06-09,"quantile",0.1,8.21924919279208
2022-05-21,"10","19  day ahead inc hosp",2022-06-09,"quantile",0.15,11.6993270892062
2022-05-21,"10","19  day ahead inc hosp",2022-06-09,"quantile",0.2,14.4651826805619
2022-05-21,"10","19  day ahead inc hosp",2022-06-09,"quantile",0.25,16.8380405014933
2022-05-21,"10","19  day ahead inc hosp",2022-06-09,"quantile",0.3,18.9689401609438
2022-05-21,"10","19  day ahead inc hosp",2022-06-09,"quantile",0.35,20.9435362629571
2022-05-21,"10","19  day ahead inc hosp",2022-06-09,"quantile",0.4,22.8172348675938
2022-05-21,"10","19  day ahead inc hosp",2022-06-09,"quantile",0.45,24.6300599517172
2022-05-21,"10","19  day ahead inc hosp",2022-06-09,"quantile",0.5,26.4141433790242
2022-05-21,"10","19  day ahead inc hosp",2022-06-09,"quantile",0.55,28.1982268063312
2022-05-21,"10","19  day ahead inc hosp",2022-06-09,"quantile",0.6,30.0110518904546
2022-05-21,"10","19  day ahead inc hosp",2022-06-09,"quantile",0.65,31.8847504950914
2022-05-21,"10","19  day ahead inc hosp",2022-06-09,"quantile",0.7,33.8593465971047
2022-05-21,"10","19  day ahead inc hosp",2022-06-09,"quantile",0.75,35.9902462565551
2022-05-21,"10","19  day ahead inc hosp",2022-06-09,"quantile",0.8,38.3631040774866
2022-05-21,"10","19  day ahead inc hosp",2022-06-09,"quantile",0.85,41.1289596688422
2022-05-21,"10","19  day ahead inc hosp",2022-06-09,"quantile",0.9,44.6090375652564
2022-05-21,"10","19  day ahead inc hosp",2022-06-09,"quantile",0.95,49.7670372452216
2022-05-21,"10","19  day ahead inc hosp",2022-06-09,"quantile",0.975,54.2408327345772
2022-05-21,"10","19  day ahead inc hosp",2022-06-09,"quantile",0.99,59.442586827222
2022-05-21,"10","20  day ahead inc hosp",2022-06-10,"quantile",0.01,0
2022-05-21,"10","20  day ahead inc hosp",2022-06-10,"quantile",0.025,0
2022-05-21,"10","20  day ahead inc hosp",2022-06-10,"quantile",0.05,2.52812442288235
2022-05-21,"10","20  day ahead inc hosp",2022-06-10,"quantile",0.1,7.80387649186931
2022-05-21,"10","20  day ahead inc hosp",2022-06-10,"quantile",0.15,11.3634013661257
2022-05-21,"10","20  day ahead inc hosp",2022-06-10,"quantile",0.2,14.1923988969499
2022-05-21,"10","20  day ahead inc hosp",2022-06-10,"quantile",0.25,16.6194268796805
2022-05-21,"10","20  day ahead inc hosp",2022-06-10,"quantile",0.3,18.7989730186257
2022-05-21,"10","20  day ahead inc hosp",2022-06-10,"quantile",0.35,20.8186473336657
2022-05-21,"10","20  day ahead inc hosp",2022-06-10,"quantile",0.4,22.7351207542567
2022-05-21,"10","20  day ahead inc hosp",2022-06-10,"quantile",0.45,24.5893309678447
2022-05-21,"10","20  day ahead inc hosp",2022-06-10,"quantile",0.5,26.4141433790242
2022-05-21,"10","20  day ahead inc hosp",2022-06-10,"quantile",0.55,28.2389557902037
2022-05-21,"10","20  day ahead inc hosp",2022-06-10,"quantile",0.6,30.0931660037917
2022-05-21,"10","20  day ahead inc hosp",2022-06-10,"quantile",0.65,32.0096394243827
2022-05-21,"10","20  day ahead inc hosp",2022-06-10,"quantile",0.7,34.0293137394227
2022-05-21,"10","20  day ahead inc hosp",2022-06-10,"quantile",0.75,36.208859878368
2022-05-21,"10","20  day ahead inc hosp",2022-06-10,"quantile",0.8,38.6358878610986
2022-05-21,"10","20  day ahead inc hosp",2022-06-10,"quantile",0.85,41.4648853919227
2022-05-21,"10","20  day ahead inc hosp",2022-06-10,"quantile",0.9,45.0244102661791
2022-05-21,"10","20  day ahead inc hosp",2022-06-10,"quantile",0.95,50.3001623351661
2022-05-21,"10","20  day ahead inc hosp",2022-06-10,"quantile",0.975,54.8760904611157
2022-05-21,"10","20  day ahead inc hosp",2022-06-10,"quantile",0.99,60.196595815784
2022-05-21,"10","21  day ahead inc hosp",2022-06-11,"quantile",0.01,0
2022-05-21,"10","21  day ahead inc hosp",2022-06-11,"quantile",0.025,0
2022-05-21,"10","21  day ahead inc hosp",2022-06-11,"quantile",0.05,2.00664143350638
2022-05-21,"10","21  day ahead inc hosp",2022-06-11,"quantile",0.1,7.39757447782429
2022-05-21,"10","21  day ahead inc hosp",2022-06-11,"quantile",0.15,11.0348114093136
2022-05-21,"10","21  day ahead inc hosp",2022-06-11,"quantile",0.2,13.9255720197041
2022-05-21,"10","21  day ahead inc hosp",2022-06-11,"quantile",0.25,16.4055872252137
2022-05-21,"10","21  day ahead inc hosp",2022-06-11,"quantile",0.3,18.6327175278535
2022-05-21,"10","21  day ahead inc hosp",2022-06-11,"quantile",0.35,20.6964856620145
2022-05-21,"10","21  day ahead inc hosp",2022-06-11,"quantile",0.4,22.6547998050074
2022-05-21,"10","21  day ahead inc hosp",2022-06-11,"quantile",0.45,24.5494914017379
2022-05-21,"10","21  day ahead inc hosp",2022-06-11,"quantile",0.5,26.4141433790242
2022-05-21,"10","21  day ahead inc hosp",2022-06-11,"quantile",0.55,28.2787953563105
2022-05-21,"10","21  day ahead inc hosp",2022-06-11,"quantile",0.6,30.1734869530411
2022-05-21,"10","21  day ahead inc hosp",2022-06-11,"quantile",0.65,32.131801096034
2022-05-21,"10","21  day ahead inc hosp",2022-06-11,"quantile",0.7,34.1955692301949
2022-05-21,"10","21  day ahead inc hosp",2022-06-11,"quantile",0.75,36.4226995328347
2022-05-21,"10","21  day ahead inc hosp",2022-06-11,"quantile",0.8,38.9027147383444
2022-05-21,"10","21  day ahead inc hosp",2022-06-11,"quantile",0.85,41.7934753487349
2022-05-21,"10","21  day ahead inc hosp",2022-06-11,"quantile",0.9,45.4307122802242
2022-05-21,"10","21  day ahead inc hosp",2022-06-11,"quantile",0.95,50.8216453245421
2022-05-21,"10","21  day ahead inc hosp",2022-06-11,"quantile",0.975,55.4974757691942
2022-05-21,"10","21  day ahead inc hosp",2022-06-11,"quantile",0.99,60.9341391593407
2022-05-21,"10","22  day ahead inc hosp",2022-06-12,"quantile",0.01,0
2022-05-21,"10","22  day ahead inc hosp",2022-06-12,"quantile",0.025,0
2022-05-21,"10","22  day ahead inc hosp",2022-06-12,"quantile",0.05,0.750060813706835
2022-05-21,"10","22  day ahead inc hosp",2022-06-12,"quantile",0.1,6.25376486490882
2022-05-21,"10","22  day ahead inc hosp",2022-06-12,"quantile",0.15,9.96708785936123
2022-05-21,"10","22  day ahead inc hosp",2022-06-12,"quantile",0.2,12.9183192606176
2022-05-21,"10","22  day ahead inc hosp",2022-06-12,"quantile",0.25,15.4502130202688
2022-05-21,"10","22  day ahead inc hosp",2022-06-12,"quantile",0.3,17.7239318679018
2022-05-21,"10","22  day ahead inc hosp",2022-06-12,"quantile",0.35,19.8308712320802
2022-05-21,"10","22  day ahead inc hosp",2022-06-12,"quantile",0.4,21.8301506506358
2022-05-21,"10","22  day ahead inc hosp",2022-06-12,"quantile",0.45,23.7644766255605
2022-05-21,"10","22  day ahead inc hosp",2022-06-12,"quantile",0.5,25.6681345929488
2022-05-21,"10","22  day ahead inc hosp",2022-06-12,"quantile",0.55,27.5717925603371
2022-05-21,"10","22  day ahead inc hosp",2022-06-12,"quantile",0.6,29.5061185352618
2022-05-21,"10","22  day ahead inc hosp",2022-06-12,"quantile",0.65,31.5053979538174
2022-05-21,"10","22  day ahead inc hosp",2022-06-12,"quantile",0.7,33.6123373179958
2022-05-21,"10","22  day ahead inc hosp",2022-06-12,"quantile",0.75,35.8860561656288
2022-05-21,"10","22  day ahead inc hosp",2022-06-12,"quantile",0.8,38.41794992528
2022-05-21,"10","22  day ahead inc hosp",2022-06-12,"quantile",0.85,41.3691813265363
2022-05-21,"10","22  day ahead inc hosp",2022-06-12,"quantile",0.9,45.0825043209888
2022-05-21,"10","22  day ahead inc hosp",2022-06-12,"quantile",0.95,50.5862083721907
2022-05-21,"10","22  day ahead inc hosp",2022-06-12,"quantile",0.975,55.3598508473259
2022-05-21,"10","22  day ahead inc hosp",2022-06-12,"quantile",0.99,60.9102418611614
2022-05-21,"10","23  day ahead inc hosp",2022-06-13,"quantile",0.01,0
2022-05-21,"10","23  day ahead inc hosp",2022-06-13,"quantile",0.025,0
2022-05-21,"10","23  day ahead inc hosp",2022-06-13,"quantile",0.05,0.249742619516759
2022-05-21,"10","23  day ahead inc hosp",2022-06-13,"quantile",0.1,5.86395293603641
2022-05-21,"10","23  day ahead inc hosp",2022-06-13,"quantile",0.15,9.65183398306897
2022-05-21,"10","23  day ahead inc hosp",2022-06-13,"quantile",0.2,12.6623217609776
2022-05-21,"10","23  day ahead inc hosp",2022-06-13,"quantile",0.25,15.2450522155087
2022-05-21,"10","23  day ahead inc hosp",2022-06-13,"quantile",0.3,17.564423986318
2022-05-21,"10","23  day ahead inc hosp",2022-06-13,"quantile",0.35,19.7136675874648
2022-05-21,"10","23  day ahead inc hosp",2022-06-13,"quantile",0.4,21.7530895899631
2022-05-21,"10","23  day ahead inc hosp",2022-06-13,"quantile",0.45,23.7262539794187
2022-05-21,"10","23  day ahead inc hosp",2022-06-13,"quantile",0.5,25.6681345929488
2022-05-21,"10","23  day ahead inc hosp",2022-06-13,"quantile",0.55,27.6100152064789
2022-05-21,"10","23  day ahead inc hosp",2022-06-13,"quantile",0.6,29.5831795959345
2022-05-21,"10","23  day ahead inc hosp",2022-06-13,"quantile",0.65,31.6226015984328
2022-05-21,"10","23  day ahead inc hosp",2022-06-13,"quantile",0.7,33.7718451995795
2022-05-21,"10","23  day ahead inc hosp",2022-06-13,"quantile",0.75,36.0912169703889
2022-05-21,"10","23  day ahead inc hosp",2022-06-13,"quantile",0.8,38.6739474249199
2022-05-21,"10","23  day ahead inc hosp",2022-06-13,"quantile",0.85,41.6844352028286
2022-05-21,"10","23  day ahead inc hosp",2022-06-13,"quantile",0.9,45.4723162498612
2022-05-21,"10","23  day ahead inc hosp",2022-06-13,"quantile",0.95,51.0865265663808
2022-05-21,"10","23  day ahead inc hosp",2022-06-13,"quantile",0.975,55.95601674644
2022-05-21,"10","23  day ahead inc hosp",2022-06-13,"quantile",0.99,61.6178514309899
2022-05-21,"10","24  day ahead inc hosp",2022-06-14,"quantile",0.01,0
2022-05-21,"10","24  day ahead inc hosp",2022-06-14,"quantile",0.025,0
2022-05-21,"10","24  day ahead inc hosp",2022-06-14,"quantile",0.05,0
2022-05-21,"10","24  day ahead inc hosp",2022-06-14,"quantile",0.1,5.48166708962036
2022-05-21,"10","24  day ahead inc hosp",2022-06-14,"quantile",0.15,9.34266670005908
2022-05-21,"10","24  day ahead inc hosp",2022-06-14,"quantile",0.2,12.4112667942573
2022-05-21,"10","24  day ahead inc hosp",2022-06-14,"quantile",0.25,15.0438524417461
2022-05-21,"10","24  day ahead inc hosp",2022-06-14,"quantile",0.3,17.407995716671
2022-05-21,"10","24  day ahead inc hosp",2022-06-14,"quantile",0.35,19.5987267886687
2022-05-21,"10","24  day ahead inc hosp",2022-06-14,"quantile",0.4,21.677516343936
2022-05-21,"10","24  day ahead inc hosp",2022-06-14,"quantile",0.45,23.6887692962926
2022-05-21,"10","24  day ahead inc hosp",2022-06-14,"quantile",0.5,25.6681345929488
2022-05-21,"10","24  day ahead inc hosp",2022-06-14,"quantile",0.55,27.647499889605
2022-05-21,"10","24  day ahead inc hosp",2022-06-14,"quantile",0.6,29.6587528419616
2022-05-21,"10","24  day ahead inc hosp",2022-06-14,"quantile",0.65,31.7375423972288
2022-05-21,"10","24  day ahead inc hosp",2022-06-14,"quantile",0.7,33.9282734692266
2022-05-21,"10","24  day ahead inc hosp",2022-06-14,"quantile",0.75,36.2924167441514
2022-05-21,"10","24  day ahead inc hosp",2022-06-14,"quantile",0.8,38.9250023916402
2022-05-21,"10","24  day ahead inc hosp",2022-06-14,"quantile",0.85,41.9936024858385
2022-05-21,"10","24  day ahead inc hosp",2022-06-14,"quantile",0.9,45.8546020962772
2022-05-21,"10","24  day ahead inc hosp",2022-06-14,"quantile",0.95,51.5771851383146
2022-05-21,"10","24  day ahead inc hosp",2022-06-14,"quantile",0.975,56.5406724957047
2022-05-21,"10","24  day ahead inc hosp",2022-06-14,"quantile",0.99,62.3117992127228
2022-05-21,"10","25  day ahead inc hosp",2022-06-15,"quantile",0.01,0
2022-05-21,"10","25  day ahead inc hosp",2022-06-15,"quantile",0.025,0
2022-05-21,"10","25  day ahead inc hosp",2022-06-15,"quantile",0.05,0
2022-05-21,"10","25  day ahead inc hosp",2022-06-15,"quantile",0.1,5.10648754253269
2022-05-21,"10","25  day ahead inc hosp",2022-06-15,"quantile",0.15,9.03924651774939
2022-05-21,"10","25  day ahead inc hosp",2022-06-15,"quantile",0.2,12.164878680255
2022-05-21,"10","25  day ahead inc hosp",2022-06-15,"quantile",0.25,14.8463927641199
2022-05-21,"10","25  day ahead inc hosp",2022-06-15,"quantile",0.3,17.2544752871074
2022-05-21,"10","25  day ahead inc hosp",2022-06-15,"quantile",0.35,19.4859226206921
2022-05-21,"10","25  day ahead inc hosp",2022-06-15,"quantile",0.4,21.6033479265535
2022-05-21,"10","25  day ahead inc hosp",2022-06-15,"quantile",0.45,23.6519814147379
2022-05-21,"10","25  day ahead inc hosp",2022-06-15,"quantile",0.5,25.6681345929488
2022-05-21,"10","25  day ahead inc hosp",2022-06-15,"quantile",0.55,27.6842877711597
2022-05-21,"10","25  day ahead inc hosp",2022-06-15,"quantile",0.6,29.7329212593441
2022-05-21,"10","25  day ahead inc hosp",2022-06-15,"quantile",0.65,31.8503465652055
2022-05-21,"10","25  day ahead inc hosp",2022-06-15,"quantile",0.7,34.0817938987902
2022-05-21,"10","25  day ahead inc hosp",2022-06-15,"quantile",0.75,36.4898764217777
2022-05-21,"10","25  day ahead inc hosp",2022-06-15,"quantile",0.8,39.1713905056425
2022-05-21,"10","25  day ahead inc hosp",2022-06-15,"quantile",0.85,42.2970226681482
2022-05-21,"10","25  day ahead inc hosp",2022-06-15,"quantile",0.9,46.2297816433649
2022-05-21,"10","25  day ahead inc hosp",2022-06-15,"quantile",0.95,52.058722873804
2022-05-21,"10","25  day ahead inc hosp",2022-06-15,"quantile",0.975,57.1144600980127
2022-05-21,"10","25  day ahead inc hosp",2022-06-15,"quantile",0.99,62.9928472214153
2022-05-21,"10","26  day ahead inc hosp",2022-06-16,"quantile",0.01,0
2022-05-21,"10","26  day ahead inc hosp",2022-06-16,"quantile",0.025,0
2022-05-21,"10","26  day ahead inc hosp",2022-06-16,"quantile",0.05,0
2022-05-21,"10","26  day ahead inc hosp",2022-06-16,"quantile",0.1,4.73803214243902
2022-05-21,"10","26  day ahead inc hosp",2022-06-16,"quantile",0.15,8.7412643768325
2022-05-21,"10","26  day ahead inc hosp",2022-06-16,"quantile",0.2,11.9229064516841
2022-05-21,"10","26  day ahead inc hosp",2022-06-16,"quantile",0.25,14.6524720531246
2022-05-21,"10","26  day ahead inc hosp",2022-06-16,"quantile",0.3,17.1037063239896
2022-05-21,"10","26  day ahead inc hosp",2022-06-16,"quantile",0.35,19.3751401828788
2022-05-21,"10","26  day ahead inc hosp",2022-06-16,"quantile",0.4,21.5305087909634
2022-05-21,"10","26  day ahead inc hosp",2022-06-16,"quantile",0.45,23.6158528631629
2022-05-21,"10","26  day ahead inc hosp",2022-06-16,"quantile",0.5,25.6681345929488
2022-05-21,"10","26  day ahead inc hosp",2022-06-16,"quantile",0.55,27.7204163227347
2022-05-21,"10","26  day ahead inc hosp",2022-06-16,"quantile",0.6,29.8057603949342
2022-05-21,"10","26  day ahead inc hosp",2022-06-16,"quantile",0.65,31.9611290030188
2022-05-21,"10","26  day ahead inc hosp",2022-06-16,"quantile",0.7,34.232562861908
2022-05-21,"10","26  day ahead inc hosp",2022-06-16,"quantile",0.75,36.683797132773
2022-05-21,"10","26  day ahead inc hosp",2022-06-16,"quantile",0.8,39.4133627342135
2022-05-21,"10","26  day ahead inc hosp",2022-06-16,"quantile",0.85,42.5950048090651
2022-05-21,"10","26  day ahead inc hosp",2022-06-16,"quantile",0.9,46.5982370434586
2022-05-21,"10","26  day ahead inc hosp",2022-06-16,"quantile",0.95,52.5316302600599
2022-05-21,"10","26  day ahead inc hosp",2022-06-16,"quantile",0.975,57.6779640049242
2022-05-21,"10","26  day ahead inc hosp",2022-06-16,"quantile",0.99,63.6616891624905
2022-05-21,"10","27  day ahead inc hosp",2022-06-17,"quantile",0.01,0
2022-05-21,"10","27  day ahead inc hosp",2022-06-17,"quantile",0.025,0
2022-05-21,"10","27  day ahead inc hosp",2022-06-17,"quantile",0.05,0
2022-05-21,"10","27  day ahead inc hosp",2022-06-17,"quantile",0.1,4.37595180790335
2022-05-21,"10","27  day ahead inc hosp",2022-06-17,"quantile",0.15,8.44843796353685
2022-05-21,"10","27  day ahead inc hosp",2022-06-17,"quantile",0.2,11.685120859596
2022-05-21,"10","27  day ahead inc hosp",2022-06-17,"quantile",0.25,14.461906584705
2022-05-21,"10","27  day ahead inc hosp",2022-06-17,"quantile",0.3,16.9555459860235
2022-05-21,"10","27  day ahead inc hosp",2022-06-17,"quantile",0.35,19.2662745179057
2022-05-21,"10","27  day ahead inc hosp",2022-06-17,"quantile",0.4,21.4589299280262
2022-05-21,"10","27  day ahead inc hosp",2022-06-17,"quantile",0.45,23.580349412712
2022-05-21,"10","27  day ahead inc hosp",2022-06-17,"quantile",0.5,25.6681345929488
2022-05-21,"10","27  day ahead inc hosp",2022-06-17,"quantile",0.55,27.7559197731855
2022-05-21,"10","27  day ahead inc hosp",2022-06-17,"quantile",0.6,29.8773392578714
2022-05-21,"10","27  day ahead inc hosp",2022-06-17,"quantile",0.65,32.0699946679918
2022-05-21,"10","27  day ahead inc hosp",2022-06-17,"quantile",0.7,34.3807231998741
2022-05-21,"10","27  day ahead inc hosp",2022-06-17,"quantile",0.75,36.8743626011926
2022-05-21,"10","27  day ahead inc hosp",2022-06-17,"quantile",0.8,39.6511483263016
2022-05-21,"10","27  day ahead inc hosp",2022-06-17,"quantile",0.85,42.8878312223607
2022-05-21,"10","27  day ahead inc hosp",2022-06-17,"quantile",0.9,46.9603173779942
2022-05-21,"10","27  day ahead inc hosp",2022-06-17,"quantile",0.95,52.996355338255
2022-05-21,"10","27  day ahead inc hosp",2022-06-17,"quantile",0.975,58.2317180904249
2022-05-21,"10","27  day ahead inc hosp",2022-06-17,"quantile",0.99,64.3189587091288
2022-05-21,"10","28  day ahead inc hosp",2022-06-18,"quantile",0.01,0
2022-05-21,"10","28  day ahead inc hosp",2022-06-18,"quantile",0.025,0
2022-05-21,"10","28  day ahead inc hosp",2022-06-18,"quantile",0.05,0
2022-05-21,"10","28  day ahead inc hosp",2022-06-18,"quantile",0.1,4.01992665522943
2022-05-21,"10","28  day ahead inc hosp",2022-06-18,"quantile",0.15,8.16050857727445
2022-05-21,"10","28  day ahead inc hosp",2022-06-18,"quantile",0.2,11.4513118297978
2022-05-21,"10","28  day ahead inc hosp",2022-06-18,"quantile",0.25,14.2745280017851
2022-05-21,"10","28  day ahead inc hosp",2022-06-18,"quantile",0.3,16.8098633793936
2022-05-21,"10","28  day ahead inc hosp",2022-06-18,"quantile",0.35,19.1592294472512
2022-05-21,"10","28  day ahead inc hosp",2022-06-18,"quantile",0.4,21.3885481006394
2022-05-21,"10","28  day ahead inc hosp",2022-06-18,"quantile",0.45,23.5454396974871
2022-05-21,"10","28  day ahead inc hosp",2022-06-18,"quantile",0.5,25.6681345929488
2022-05-21,"10","28  day ahead inc hosp",2022-06-18,"quantile",0.55,27.7908294884105
2022-05-21,"10","28  day ahead inc hosp",2022-06-18,"quantile",0.6,29.9477210852582
2022-05-21,"10","28  day ahead inc hosp",2022-06-18,"quantile",0.65,32.1770397386464
2022-05-21,"10","28  day ahead inc hosp",2022-06-18,"quantile",0.7,34.526405806504
2022-05-21,"10","28  day ahead inc hosp",2022-06-18,"quantile",0.75,37.0617411841125
2022-05-21,"10","28  day ahead inc hosp",2022-06-18,"quantile",0.8,39.8849573560998
2022-05-21,"10","28  day ahead inc hosp",2022-06-18,"quantile",0.85,43.1757606086231
2022-05-21,"10","28  day ahead inc hosp",2022-06-18,"quantile",0.9,47.3163425306682
2022-05-21,"10","28  day ahead inc hosp",2022-06-18,"quantile",0.95,53.4533086746686
2022-05-21,"10","28  day ahead inc hosp",2022-06-18,"quantile",0.975,58.776211574411
2022-05-21,"10","28  day ahead inc hosp",2022-06-18,"quantile",0.99,64.9652365330539
2022-05-21,"10","29  day ahead inc hosp",2022-06-19,"quantile",0.01,0
2022-05-21,"10","29  day ahead inc hosp",2022-06-19,"quantile",0.025,0
2022-05-21,"10","29  day ahead inc hosp",2022-06-19,"quantile",0.05,0
2022-05-21,"10","29  day ahead inc hosp",2022-06-19,"quantile",0.1,3.33760472942221
2022-05-21,"10","29  day ahead inc hosp",2022-06-19,"quantile",0.15,7.5451804944567
2022-05-21,"10","29  day ahead inc hosp",2022-06-19,"quantile",0.2,10.88922832964
2022-05-21,"10","29  day ahead inc hosp",2022-06-19,"quantile",0.25,13.758123612562
2022-05-21,"10","29  day ahead inc hosp",2022-06-19,"quantile",0.3,16.3344802435622
2022-05-21,"10","29  day ahead inc hosp",2022-06-19,"quantile",0.35,18.7218586160761
2022-05-21,"10","29  day ahead inc hosp",2022-06-19,"quantile",0.4,20.9872472293516
2022-05-21,"10","29  day ahead inc hosp",2022-06-19,"quantile",0.45,23.1790369298246
2022-05-21,"10","29  day ahead inc hosp",2022-06-19,"quantile",0.5,25.3360766326633
2022-05-21,"10","29  day ahead inc hosp",2022-06-19,"quantile",0.55,27.4931163355019
2022-05-21,"10","29  day ahead inc hosp",2022-06-19,"quantile",0.6,29.6849060359749
2022-05-21,"10","29  day ahead inc hosp",2022-06-19,"quantile",0.65,31.9502946492504
2022-05-21,"10","29  day ahead inc hosp",2022-06-19,"quantile",0.7,34.3376730217643
2022-05-21,"10","29  day ahead inc hosp",2022-06-19,"quantile",0.75,36.9140296527645
2022-05-21,"10","29  day ahead inc hosp",2022-06-19,"quantile",0.8,39.7829249356865
2022-05-21,"10","29  day ahead inc hosp",2022-06-19,"quantile",0.85,43.1269727708698
2022-05-21,"10","29  day ahead inc hosp",2022-06-19,"quantile",0.9,47.3345485359043
2022-05-21,"10","29  day ahead inc hosp",2022-06-19,"quantile",0.95,53.5708096471397
2022-05-21,"10","29  day ahead inc hosp",2022-06-19,"quantile",0.975,58.9798361227048
2022-05-21,"10","29  day ahead inc hosp",2022-06-19,"quantile",0.99,65.2689983504909
2022-05-21,"10","30  day ahead inc hosp",2022-06-20,"quantile",0.01,0
2022-05-21,"10","30  day ahead inc hosp",2022-06-20,"quantile",0.025,0
2022-05-21,"10","30  day ahead inc hosp",2022-06-20,"quantile",0.05,0
2022-05-21,"10","30  day ahead inc hosp",2022-06-20,"quantile",0.1,2.99283100360042
2022-05-21,"10","30  day ahead inc hosp",2022-06-20,"quantile",0.15,7.26635051143527
2022-05-21,"10","30  day ahead inc hosp",2022-06-20,"quantile",0.2,10.6628083429371
2022-05-21,"10","30  day ahead inc hosp",2022-06-20,"quantile",0.25,13.5766667360259
2022-05-21,"10","30  day ahead inc hosp",2022-06-20,"quantile",0.3,16.1934016295992
2022-05-21,"10","30  day ahead inc hosp",2022-06-20,"quantile",0.35,18.618196479951
2022-05-21,"10","30  day ahead inc hosp",2022-06-20,"quantile",0.4,20.9190896717295
2022-05-21,"10","30  day ahead inc hosp",2022-06-20,"quantile",0.45,23.1452304627952
2022-05-21,"10","30  day ahead inc hosp",2022-06-20,"quantile",0.5,25.3360766326633
2022-05-21,"10","30  day ahead inc hosp",2022-06-20,"quantile",0.55,27.5269228025313
2022-05-21,"10","30  day ahead inc hosp",2022-06-20,"quantile",0.6,29.753063593597
2022-05-21,"10","30  day ahead inc hosp",2022-06-20,"quantile",0.65,32.0539567853755
2022-05-21,"10","30  day ahead inc hosp",2022-06-20,"quantile",0.7,34.4787516357273
2022-05-21,"10","30  day ahead inc hosp",2022-06-20,"quantile",0.75,37.0954865293006
2022-05-21,"10","30  day ahead inc hosp",2022-06-20,"quantile",0.8,40.0093449223894
2022-05-21,"10","30  day ahead inc hosp",2022-06-20,"quantile",0.85,43.4058027538912
2022-05-21,"10","30  day ahead inc hosp",2022-06-20,"quantile",0.9,47.6793222617261
2022-05-21,"10","30  day ahead inc hosp",2022-06-20,"quantile",0.95,54.0133219335295
2022-05-21,"10","30  day ahead inc hosp",2022-06-20,"quantile",0.975,59.5071220342469
2022-05-21,"10","30  day ahead inc hosp",2022-06-20,"quantile",0.99,65.8948519217826
2022-05-21,"10","31  day ahead inc hosp",2022-06-21,"quantile",0.01,0
2022-05-21,"10","31  day ahead inc hosp",2022-06-21,"quantile",0.025,0
2022-05-21,"10","31  day ahead inc hosp",2022-06-21,"quantile",0.05,0
2022-05-21,"10","31  day ahead inc hosp",2022-06-21,"quantile",0.1,2.65329716445025
2022-05-21,"10","31  day ahead inc hosp",2022-06-21,"quantile",0.15,6.99175819910119
2022-05-21,"10","31  day ahead inc hosp",2022-06-21,"quantile",0.2,10.4398294974282
2022-05-21,"10","31  day ahead inc hosp",2022-06-21,"quantile",0.25,13.3979676493027
2022-05-21,"10","31  day ahead inc hosp",2022-06-21,"quantile",0.3,16.0544671347891
2022-05-21,"10","31  day ahead inc hosp",2022-06-21,"quantile",0.35,18.5161098056572
2022-05-21,"10","31  day ahead inc hosp",2022-06-21,"quantile",0.4,20.8519679757495
2022-05-21,"10","31  day ahead inc hosp",2022-06-21,"quantile",0.45,23.1119377879801
2022-05-21,"10","31  day ahead inc hosp",2022-06-21,"quantile",0.5,25.3360766326633
2022-05-21,"10","31  day ahead inc hosp",2022-06-21,"quantile",0.55,27.5602154773464
2022-05-21,"10","31  day ahead inc hosp",2022-06-21,"quantile",0.6,29.820185289577
2022-05-21,"10","31  day ahead inc hosp",2022-06-21,"quantile",0.65,32.1560434596693
2022-05-21,"10","31  day ahead inc hosp",2022-06-21,"quantile",0.7,34.6176861305375
2022-05-21,"10","31  day ahead inc hosp",2022-06-21,"quantile",0.75,37.2741856160238
2022-05-21,"10","31  day ahead inc hosp",2022-06-21,"quantile",0.8,40.2323237678984
2022-05-21,"10","31  day ahead inc hosp",2022-06-21,"quantile",0.85,43.6803950662253
2022-05-21,"10","31  day ahead inc hosp",2022-06-21,"quantile",0.9,48.0188561008763
2022-05-21,"10","31  day ahead inc hosp",2022-06-21,"quantile",0.95,54.4491088981855
2022-05-21,"10","31  day ahead inc hosp",2022-06-21,"quantile",0.975,60.0263942306678
2022-05-21,"10","31  day ahead inc hosp",2022-06-21,"quantile",0.99,66.5111937422043
2022-05-21,"10","32  day ahead inc hosp",2022-06-22,"quantile",0.01,0
2022-05-21,"10","32  day ahead inc hosp",2022-06-22,"quantile",0.025,0
2022-05-21,"10","32  day ahead inc hosp",2022-06-22,"quantile",0.05,0
2022-05-21,"10","32  day ahead inc hosp",2022-06-22,"quantile",0.1,2.31877132629571
2022-05-21,"10","32  day ahead inc hosp",2022-06-22,"quantile",0.15,6.72121602379323
2022-05-21,"10","32  day ahead inc hosp",2022-06-22,"quantile",0.2,10.2201395090273
2022-05-21,"10","32  day ahead inc hosp",2022-06-22,"quantile",0.25,13.2219043093035
2022-05-21,"10","32  day ahead inc hosp",2022-06-22,"quantile",0.3,15.9175818733928
2022-05-21,"10","32  day ahead inc hosp",2022-06-22,"quantile",0.35,18.4155288727875
2022-05-21,"10","32  day ahead inc hosp",2022-06-22,"quantile",0.4,20.7858363004434
2022-05-21,"10","32  day ahead inc hosp",2022-06-22,"quantile",0.45,23.0791361680449
2022-05-21,"10","32  day ahead inc hosp",2022-06-22,"quantile",0.5,25.3360766326633
2022-05-21,"10","32  day ahead inc hosp",2022-06-22,"quantile",0.55,27.5930170972816
2022-05-21,"10","32  day ahead inc hosp",2022-06-22,"quantile",0.6,29.8863169648831
2022-05-21,"10","32  day ahead inc hosp",2022-06-22,"quantile",0.65,32.256624392539
2022-05-21,"10","32  day ahead inc hosp",2022-06-22,"quantile",0.7,34.7545713919337
2022-05-21,"10","32  day ahead inc hosp",2022-06-22,"quantile",0.75,37.450248956023
2022-05-21,"10","32  day ahead inc hosp",2022-06-22,"quantile",0.8,40.4520137562992
2022-05-21,"10","32  day ahead inc hosp",2022-06-22,"quantile",0.85,43.9509372415333
2022-05-21,"10","32  day ahead inc hosp",2022-06-22,"quantile",0.9,48.3533819390308
2022-05-21,"10","32  day ahead inc hosp",2022-06-22,"quantile",0.95,54.8784681631509
2022-05-21,"10","32  day ahead inc hosp",2022-06-22,"quantile",0.975,60.5380073505053
2022-05-21,"10","32  day ahead inc hosp",2022-06-22,"quantile",0.99,67.1184447442908
2022-05-21,"10","33  day ahead inc hosp",2022-06-23,"quantile",0.01,0
2022-05-21,"10","33  day ahead inc hosp",2022-06-23,"quantile",0.025,0
2022-05-21,"10","33  day ahead inc hosp",2022-06-23,"quantile",0.05,0
2022-05-21,"10","33  day ahead inc hosp",2022-06-23,"quantile",0.1,1.9890382181344
2022-05-21,"10","33  day ahead inc hosp",2022-06-23,"quantile",0.15,6.45454988868948
2022-05-21,"10","33  day ahead inc hosp",2022-06-23,"quantile",0.2,10.0035970048459
2022-05-21,"10","33  day ahead inc hosp",2022-06-23,"quantile",0.25,13.0483634173608
2022-05-21,"10","33  day ahead inc hosp",2022-06-23,"quantile",0.3,15.7826577582612
2022-05-21,"10","33  day ahead inc hosp",2022-06-23,"quantile",0.35,18.3163889564216
2022-05-21,"10","33  day ahead inc hosp",2022-06-23,"quantile",0.4,20.7206520893617
2022-05-21,"10","33  day ahead inc hosp",2022-06-23,"quantile",0.45,23.0468044947918
2022-05-21,"10","33  day ahead inc hosp",2022-06-23,"quantile",0.5,25.3360766326633
2022-05-21,"10","33  day ahead inc hosp",2022-06-23,"quantile",0.55,27.6253487705348
2022-05-21,"10","33  day ahead inc hosp",2022-06-23,"quantile",0.6,29.9515011759648
2022-05-21,"10","33  day ahead inc hosp",2022-06-23,"quantile",0.65,32.3557643089049
2022-05-21,"10","33  day ahead inc hosp",2022-06-23,"quantile",0.7,34.8894955070653
2022-05-21,"10","33  day ahead inc hosp",2022-06-23,"quantile",0.75,37.6237898479657
2022-05-21,"10","33  day ahead inc hosp",2022-06-23,"quantile",0.8,40.6685562604806
2022-05-21,"10","33  day ahead inc hosp",2022-06-23,"quantile",0.85,44.217603376637
2022-05-21,"10","33  day ahead inc hosp",2022-06-23,"quantile",0.9,48.6831150471921
2022-05-21,"10","33  day ahead inc hosp",2022-06-23,"quantile",0.95,55.301676025766
2022-05-21,"10","33  day ahead inc hosp",2022-06-23,"quantile",0.975,61.042290622347
2022-05-21,"10","33  day ahead inc hosp",2022-06-23,"quantile",0.99,67.7169957006435
2022-05-21,"10","34  day ahead inc hosp",2022-06-24,"quantile",0.01,0
2022-05-21,"10","34  day ahead inc hosp",2022-06-24,"quantile",0.025,0
2022-05-21,"10","34  day ahead inc hosp",2022-06-24,"quantile",0.05,0
2022-05-21,"10","34  day ahead inc hosp",2022-06-24,"quantile",0.1,1.66389756329079
2022-05-21,"10","34  day ahead inc hosp",2022-06-24,"quantile",0.15,6.19159782337902
2022-05-21,"10","34  day ahead inc hosp",2022-06-24,"quantile",0.2,9.79007045907802
2022-05-21,"10","34  day ahead inc hosp",2022-06-24,"quantile",0.25,12.8772395664287
2022-05-21,"10","34  day ahead inc hosp",2022-06-24,"quantile",0.3,15.649612837802
2022-05-21,"10","34  day ahead inc hosp",2022-06-24,"quantile",0.35,18.2186298399406
2022-05-21,"10","34  day ahead inc hosp",2022-06-24,"quantile",0.4,20.6563757502498
2022-05-21,"10","34  day ahead inc hosp",2022-06-24,"quantile",0.45,23.0149231302775
2022-05-21,"10","34  day ahead inc hosp",2022-06-24,"quantile",0.5,25.3360766326633
2022-05-21,"10","34  day ahead inc hosp",2022-06-24,"quantile",0.55,27.657230135049
2022-05-21,"10","34  day ahead inc hosp",2022-06-24,"quantile",0.6,30.0157775150767
2022-05-21,"10","34  day ahead inc hosp",2022-06-24,"quantile",0.65,32.4535234253859
2022-05-21,"10","34  day ahead inc hosp",2022-06-24,"quantile",0.7,35.0225404275245
2022-05-21,"10","34  day ahead inc hosp",2022-06-24,"quantile",0.75,37.7949136988978
2022-05-21,"10","34  day ahead inc hosp",2022-06-24,"quantile",0.8,40.8820828062485
2022-05-21,"10","34  day ahead inc hosp",2022-06-24,"quantile",0.85,44.4805554419475
2022-05-21,"10","34  day ahead inc hosp",2022-06-24,"quantile",0.9,49.0082557020357
2022-05-21,"10","34  day ahead inc hosp",2022-06-24,"quantile",0.95,55.7189895383609
2022-05-21,"10","34  day ahead inc hosp",2022-06-24,"quantile",0.975,61.5395503429361
2022-05-21,"10","34  day ahead inc hosp",2022-06-24,"quantile",0.99,68.3072101652782
2022-05-21,"10","35  day ahead inc hosp",2022-06-25,"quantile",0.01,0
2022-05-21,"10","35  day ahead inc hosp",2022-06-25,"quantile",0.025,0
2022-05-21,"10","35  day ahead inc hosp",2022-06-25,"quantile",0.05,0
2022-05-21,"10","35  day ahead inc hosp",2022-06-25,"quantile",0.1,1.3431626567539
2022-05-21,"10","35  day ahead inc hosp",2022-06-25,"quantile",0.15,5.93220883330766
2022-05-21,"10","35  day ahead inc hosp",2022-06-25,"quantile",0.2,9.57943725870832
2022-05-21,"10","35  day ahead inc hosp",2022-06-25,"quantile",0.25,12.7084344923252
2022-05-21,"10","35  day ahead inc hosp",2022-06-25,"quantile",0.3,15.5183707138382
2022-05-21,"10","35  day ahead inc hosp",2022-06-25,"quantile",0.35,18.1221953872798
2022-05-21,"10","35  day ahead inc hosp",2022-06-25,"quantile",0.4,20.5929703738059
2022-05-21,"10","35  day ahead inc hosp",2022-06-25,"quantile",0.45,22.9834737673158
2022-05-21,"10","35  day ahead inc hosp",2022-06-25,"quantile",0.5,25.3360766326633
2022-05-21,"10","35  day ahead inc hosp",2022-06-25,"quantile",0.55,27.6886794980107
2022-05-21,"10","35  day ahead inc hosp",2022-06-25,"quantile",0.6,30.0791828915206
2022-05-21,"10","35  day ahead inc hosp",2022-06-25,"quantile",0.65,32.5499578780467
2022-05-21,"10","35  day ahead inc hosp",2022-06-25,"quantile",0.7,35.1537825514883
2022-05-21,"10","35  day ahead inc hosp",2022-06-25,"quantile",0.75,37.9637187730013
2022-05-21,"10","35  day ahead inc hosp",2022-06-25,"quantile",0.8,41.0927160066182
2022-05-21,"10","35  day ahead inc hosp",2022-06-25,"quantile",0.85,44.7399444320189
2022-05-21,"10","35  day ahead inc hosp",2022-06-25,"quantile",0.9,49.3289906085726
2022-05-21,"10","35  day ahead inc hosp",2022-06-25,"quantile",0.95,56.1306483342228
2022-05-21,"10","35  day ahead inc hosp",2022-06-25,"quantile",0.975,62.0300720529462
2022-05-21,"10","35  day ahead inc hosp",2022-06-25,"quantile",0.99,68.8894270561262
2022-05-21,"10","36  day ahead inc hosp",2022-06-26,"quantile",0.01,0
2022-05-21,"10","36  day ahead inc hosp",2022-06-26,"quantile",0.025,0
2022-05-21,"10","36  day ahead inc hosp",2022-06-26,"quantile",0.05,0
2022-05-21,"10","36  day ahead inc hosp",2022-06-26,"quantile",0.1,0.577677399212249
2022-05-21,"10","36  day ahead inc hosp",2022-06-26,"quantile",0.15,5.22726017359987
2022-05-21,"10","36  day ahead inc hosp",2022-06-26,"quantile",0.2,8.9226011679097
2022-05-21,"10","36  day ahead inc hosp",2022-06-26,"quantile",0.25,12.0928747016263
2022-05-21,"10","36  day ahead inc hosp",2022-06-26,"quantile",0.3,14.9398783163264
2022-05-21,"10","36  day ahead inc hosp",2022-06-26,"quantile",0.35,17.5780514537019
2022-05-21,"10","36  day ahead inc hosp",2022-06-26,"quantile",0.4,20.0814197735576
2022-05-21,"10","36  day ahead inc hosp",2022-06-26,"quantile",0.45,22.5034575942635
2022-05-21,"10","36  day ahead inc hosp",2022-06-26,"quantile",0.5,24.8870949203775
2022-05-21,"10","36  day ahead inc hosp",2022-06-26,"quantile",0.55,27.2707322464915
2022-05-21,"10","36  day ahead inc hosp",2022-06-26,"quantile",0.6,29.6927700671974
2022-05-21,"10","36  day ahead inc hosp",2022-06-26,"quantile",0.65,32.1961383870531
2022-05-21,"10","36  day ahead inc hosp",2022-06-26,"quantile",0.7,34.8343115244286
2022-05-21,"10","36  day ahead inc hosp",2022-06-26,"quantile",0.75,37.6813151391287
2022-05-21,"10","36  day ahead inc hosp",2022-06-26,"quantile",0.8,40.8515886728453
2022-05-21,"10","36  day ahead inc hosp",2022-06-26,"quantile",0.85,44.5469296671551
2022-05-21,"10","36  day ahead inc hosp",2022-06-26,"quantile",0.9,49.1965124415428
2022-05-21,"10","36  day ahead inc hosp",2022-06-26,"quantile",0.95,56.0878945243906
2022-05-21,"10","36  day ahead inc hosp",2022-06-26,"quantile",0.975,62.0651407420325
2022-05-21,"10","36  day ahead inc hosp",2022-06-26,"quantile",0.99,69.0149812185007
2022-05-21,"10","37  day ahead inc hosp",2022-06-27,"quantile",0.01,0
2022-05-21,"10","37  day ahead inc hosp",2022-06-27,"quantile",0.025,0
2022-05-21,"10","37  day ahead inc hosp",2022-06-27,"quantile",0.05,0
2022-05-21,"10","37  day ahead inc hosp",2022-06-27,"quantile",0.1,0.265242037597002
2022-05-21,"10","37  day ahead inc hosp",2022-06-27,"quantile",0.15,4.97458330164037
2022-05-21,"10","37  day ahead inc hosp",2022-06-27,"quantile",0.2,8.71741844914591
2022-05-21,"10","37  day ahead inc hosp",2022-06-27,"quantile",0.25,11.9284377373448
2022-05-21,"10","37  day ahead inc hosp",2022-06-27,"quantile",0.3,14.8120322988706
2022-05-21,"10","37  day ahead inc hosp",2022-06-27,"quantile",0.35,17.4841124016212
2022-05-21,"10","37  day ahead inc hosp",2022-06-27,"quantile",0.4,20.0196551158485
2022-05-21,"10","37  day ahead inc hosp",2022-06-27,"quantile",0.45,22.4728220354602
2022-05-21,"10","37  day ahead inc hosp",2022-06-27,"quantile",0.5,24.8870949203775
2022-05-21,"10","37  day ahead inc hosp",2022-06-27,"quantile",0.55,27.3013678052948
2022-05-21,"10","37  day ahead inc hosp",2022-06-27,"quantile",0.6,29.7545347249065
2022-05-21,"10","37  day ahead inc hosp",2022-06-27,"quantile",0.65,32.2900774391338
2022-05-21,"10","37  day ahead inc hosp",2022-06-27,"quantile",0.7,34.9621575418844
2022-05-21,"10","37  day ahead inc hosp",2022-06-27,"quantile",0.75,37.8457521034102
2022-05-21,"10","37  day ahead inc hosp",2022-06-27,"quantile",0.8,41.0567713916091
2022-05-21,"10","37  day ahead inc hosp",2022-06-27,"quantile",0.85,44.7996065391146
2022-05-21,"10","37  day ahead inc hosp",2022-06-27,"quantile",0.9,49.508947803158
2022-05-21,"10","37  day ahead inc hosp",2022-06-27,"quantile",0.95,56.4889009696696
2022-05-21,"10","37  day ahead inc hosp",2022-06-27,"quantile",0.975,62.5429693934316
2022-05-21,"10","37  day ahead inc hosp",2022-06-27,"quantile",0.99,69.5821322866358
2022-05-21,"11","1  day ahead inc hosp",2022-05-22,"quantile",0.01,0
2022-05-21,"11","1  day ahead inc hosp",2022-05-22,"quantile",0.025,2.51671875733952
2022-05-21,"11","1  day ahead inc hosp",2022-05-22,"quantile",0.05,4.76008136211251
2022-05-21,"11","1  day ahead inc hosp",2022-05-22,"quantile",0.1,7.34653477175012
2022-05-21,"11","1  day ahead inc hosp",2022-05-22,"quantile",0.15,9.09160260801751
2022-05-21,"11","1  day ahead inc hosp",2022-05-22,"quantile",0.2,10.4785272045067
2022-05-21,"11","1  day ahead inc hosp",2022-05-22,"quantile",0.25,11.6683850141866
2022-05-21,"11","1  day ahead inc hosp",2022-05-22,"quantile",0.3,12.7369141013808
2022-05-21,"11","1  day ahead inc hosp",2022-05-22,"quantile",0.35,13.7270655433336
2022-05-21,"11","1  day ahead inc hosp",2022-05-22,"quantile",0.4,14.6666224346261
2022-05-21,"11","1  day ahead inc hosp",2022-05-22,"quantile",0.45,15.5756546003549
2022-05-21,"11","1  day ahead inc hosp",2022-05-22,"quantile",0.5,16.4702744045321
2022-05-21,"11","1  day ahead inc hosp",2022-05-22,"quantile",0.55,17.3648942087092
2022-05-21,"11","1  day ahead inc hosp",2022-05-22,"quantile",0.6,18.273926374438
2022-05-21,"11","1  day ahead inc hosp",2022-05-22,"quantile",0.65,19.2134832657306
2022-05-21,"11","1  day ahead inc hosp",2022-05-22,"quantile",0.7,20.2036347076833
2022-05-21,"11","1  day ahead inc hosp",2022-05-22,"quantile",0.75,21.2721637948775
2022-05-21,"11","1  day ahead inc hosp",2022-05-22,"quantile",0.8,22.4620216045575
2022-05-21,"11","1  day ahead inc hosp",2022-05-22,"quantile",0.85,23.8489462010466
2022-05-21,"11","1  day ahead inc hosp",2022-05-22,"quantile",0.9,25.594014037314
2022-05-21,"11","1  day ahead inc hosp",2022-05-22,"quantile",0.95,28.1804674469516
2022-05-21,"11","1  day ahead inc hosp",2022-05-22,"quantile",0.975,30.4238300517246
2022-05-21,"11","1  day ahead inc hosp",2022-05-22,"quantile",0.99,33.0322238950348
2022-05-21,"11","2  day ahead inc hosp",2022-05-23,"quantile",0.01,0
2022-05-21,"11","2  day ahead inc hosp",2022-05-23,"quantile",0.025,1.46207796322058
2022-05-21,"11","2  day ahead inc hosp",2022-05-23,"quantile",0.05,3.90514018840939
2022-05-21,"11","2  day ahead inc hosp",2022-05-23,"quantile",0.1,6.7218344708461
2022-05-21,"11","2  day ahead inc hosp",2022-05-23,"quantile",0.15,8.62224473092006
2022-05-21,"11","2  day ahead inc hosp",2022-05-23,"quantile",0.2,10.1326305613956
2022-05-21,"11","2  day ahead inc hosp",2022-05-23,"quantile",0.25,11.4284071166392
2022-05-21,"11","2  day ahead inc hosp",2022-05-23,"quantile",0.3,12.592054510906
2022-05-21,"11","2  day ahead inc hosp",2022-05-23,"quantile",0.35,13.670347239823
2022-05-21,"11","2  day ahead inc hosp",2022-05-23,"quantile",0.4,14.6935415930893
2022-05-21,"11","2  day ahead inc hosp",2022-05-23,"quantile",0.45,15.6834939712063
2022-05-21,"11","2  day ahead inc hosp",2022-05-23,"quantile",0.5,16.6577510283761
2022-05-21,"11","2  day ahead inc hosp",2022-05-23,"quantile",0.55,17.6320080855459
2022-05-21,"11","2  day ahead inc hosp",2022-05-23,"quantile",0.6,18.6219604636629
2022-05-21,"11","2  day ahead inc hosp",2022-05-23,"quantile",0.65,19.6451548169292
2022-05-21,"11","2  day ahead inc hosp",2022-05-23,"quantile",0.7,20.7234475458462
2022-05-21,"11","2  day ahead inc hosp",2022-05-23,"quantile",0.75,21.8870949401129
2022-05-21,"11","2  day ahead inc hosp",2022-05-23,"quantile",0.8,23.1828714953565
2022-05-21,"11","2  day ahead inc hosp",2022-05-23,"quantile",0.85,24.6932573258321
2022-05-21,"11","2  day ahead inc hosp",2022-05-23,"quantile",0.9,26.5936675859061
2022-05-21,"11","2  day ahead inc hosp",2022-05-23,"quantile",0.95,29.4103618683428
2022-05-21,"11","2  day ahead inc hosp",2022-05-23,"quantile",0.975,31.8534240935316
2022-05-21,"11","2  day ahead inc hosp",2022-05-23,"quantile",0.99,34.6940119028532
2022-05-21,"11","3  day ahead inc hosp",2022-05-24,"quantile",0.01,0
2022-05-21,"11","3  day ahead inc hosp",2022-05-24,"quantile",0.025,1.01549916899853
2022-05-21,"11","3  day ahead inc hosp",2022-05-24,"quantile",0.05,3.56538177096961
2022-05-21,"11","3  day ahead inc hosp",2022-05-24,"quantile",0.1,6.50523310664395
2022-05-21,"11","3  day ahead inc hosp",2022-05-24,"quantile",0.15,8.4887368458479
2022-05-21,"11","3  day ahead inc hosp",2022-05-24,"quantile",0.2,10.0651627394191
2022-05-21,"11","3  day ahead inc hosp",2022-05-24,"quantile",0.25,11.41759578848
2022-05-21,"11","3  day ahead inc hosp",2022-05-24,"quantile",0.3,12.6321224652373
2022-05-21,"11","3  day ahead inc hosp",2022-05-24,"quantile",0.35,13.7575624319106
2022-05-21,"11","3  day ahead inc hosp",2022-05-24,"quantile",0.4,14.8254949032693
2022-05-21,"11","3  day ahead inc hosp",2022-05-24,"quantile",0.45,15.8587319283906
2022-05-21,"11","3  day ahead inc hosp",2022-05-24,"quantile",0.5,16.8755873708396
2022-05-21,"11","3  day ahead inc hosp",2022-05-24,"quantile",0.55,17.8924428132887
2022-05-21,"11","3  day ahead inc hosp",2022-05-24,"quantile",0.6,18.92567983841
2022-05-21,"11","3  day ahead inc hosp",2022-05-24,"quantile",0.65,19.9936123097687
2022-05-21,"11","3  day ahead inc hosp",2022-05-24,"quantile",0.7,21.119052276442
2022-05-21,"11","3  day ahead inc hosp",2022-05-24,"quantile",0.75,22.3335789531993
2022-05-21,"11","3  day ahead inc hosp",2022-05-24,"quantile",0.8,23.6860120022602
2022-05-21,"11","3  day ahead inc hosp",2022-05-24,"quantile",0.85,25.2624378958314
2022-05-21,"11","3  day ahead inc hosp",2022-05-24,"quantile",0.9,27.2459416350353
2022-05-21,"11","3  day ahead inc hosp",2022-05-24,"quantile",0.95,30.1857929707097
2022-05-21,"11","3  day ahead inc hosp",2022-05-24,"quantile",0.975,32.7356755726807
2022-05-21,"11","3  day ahead inc hosp",2022-05-24,"quantile",0.99,35.7004651550667
2022-05-21,"11","4  day ahead inc hosp",2022-05-25,"quantile",0.01,0
2022-05-21,"11","4  day ahead inc hosp",2022-05-25,"quantile",0.025,0
2022-05-21,"11","4  day ahead inc hosp",2022-05-25,"quantile",0.05,2.62836749350835
2022-05-21,"11","4  day ahead inc hosp",2022-05-25,"quantile",0.1,5.76409275262707
2022-05-21,"11","4  day ahead inc hosp",2022-05-25,"quantile",0.15,7.87975169806542
2022-05-21,"11","4  day ahead inc hosp",2022-05-25,"quantile",0.2,9.56121036014641
2022-05-21,"11","4  day ahead inc hosp",2022-05-25,"quantile",0.25,11.0037521722937
2022-05-21,"11","4  day ahead inc hosp",2022-05-25,"quantile",0.3,12.299199303231
2022-05-21,"11","4  day ahead inc hosp",2022-05-25,"quantile",0.35,13.4996241302604
2022-05-21,"11","4  day ahead inc hosp",2022-05-25,"quantile",0.4,14.6387099013116
2022-05-21,"11","4  day ahead inc hosp",2022-05-25,"quantile",0.45,15.7407885673359
2022-05-21,"11","4  day ahead inc hosp",2022-05-25,"quantile",0.5,16.82539419248
2022-05-21,"11","4  day ahead inc hosp",2022-05-25,"quantile",0.55,17.9099998176241
2022-05-21,"11","4  day ahead inc hosp",2022-05-25,"quantile",0.6,19.0120784836483
2022-05-21,"11","4  day ahead inc hosp",2022-05-25,"quantile",0.65,20.1511642546995
2022-05-21,"11","4  day ahead inc hosp",2022-05-25,"quantile",0.7,21.351589081729
2022-05-21,"11","4  day ahead inc hosp",2022-05-25,"quantile",0.75,22.6470362126662
2022-05-21,"11","4  day ahead inc hosp",2022-05-25,"quantile",0.8,24.0895780248135
2022-05-21,"11","4  day ahead inc hosp",2022-05-25,"quantile",0.85,25.7710366868945
2022-05-21,"11","4  day ahead inc hosp",2022-05-25,"quantile",0.9,27.8866956323329
2022-05-21,"11","4  day ahead inc hosp",2022-05-25,"quantile",0.95,31.0224208914516
2022-05-21,"11","4  day ahead inc hosp",2022-05-25,"quantile",0.975,33.7421949105532
2022-05-21,"11","4  day ahead inc hosp",2022-05-25,"quantile",0.99,36.9045199807518
2022-05-21,"11","5  day ahead inc hosp",2022-05-26,"quantile",0.01,0
2022-05-21,"11","5  day ahead inc hosp",2022-05-26,"quantile",0.025,0
2022-05-21,"11","5  day ahead inc hosp",2022-05-26,"quantile",0.05,1.79598791786993
2022-05-21,"11","5  day ahead inc hosp",2022-05-26,"quantile",0.1,5.11085718627314
2022-05-21,"11","5  day ahead inc hosp",2022-05-26,"quantile",0.15,7.34738374428764
2022-05-21,"11","5  day ahead inc hosp",2022-05-26,"quantile",0.2,9.12490415326287
2022-05-21,"11","5  day ahead inc hosp",2022-05-26,"quantile",0.25,10.6498583907453
2022-05-21,"11","5  day ahead inc hosp",2022-05-26,"quantile",0.3,12.0193144266966
2022-05-21,"11","5  day ahead inc hosp",2022-05-26,"quantile",0.35,13.2883195337532
2022-05-21,"11","5  day ahead inc hosp",2022-05-26,"quantile",0.4,14.49248128407
2022-05-21,"11","5  day ahead inc hosp",2022-05-26,"quantile",0.45,15.6575217131519
2022-05-21,"11","5  day ahead inc hosp",2022-05-26,"quantile",0.5,16.8040908663876
2022-05-21,"11","5  day ahead inc hosp",2022-05-26,"quantile",0.55,17.9506600196232
2022-05-21,"11","5  day ahead inc hosp",2022-05-26,"quantile",0.6,19.1157004487051
2022-05-21,"11","5  day ahead inc hosp",2022-05-26,"quantile",0.65,20.3198621990219
2022-05-21,"11","5  day ahead inc hosp",2022-05-26,"quantile",0.7,21.5888673060786
2022-05-21,"11","5  day ahead inc hosp",2022-05-26,"quantile",0.75,22.9583233420298
2022-05-21,"11","5  day ahead inc hosp",2022-05-26,"quantile",0.8,24.4832775795122
2022-05-21,"11","5  day ahead inc hosp",2022-05-26,"quantile",0.85,26.2607979884875
2022-05-21,"11","5  day ahead inc hosp",2022-05-26,"quantile",0.9,28.497324546502
2022-05-21,"11","5  day ahead inc hosp",2022-05-26,"quantile",0.95,31.8121938149052
2022-05-21,"11","5  day ahead inc hosp",2022-05-26,"quantile",0.975,34.6873485456022
2022-05-21,"11","5  day ahead inc hosp",2022-05-26,"quantile",0.99,38.0303372725063
2022-05-21,"11","6  day ahead inc hosp",2022-05-27,"quantile",0.01,0
2022-05-21,"11","6  day ahead inc hosp",2022-05-27,"quantile",0.025,0
2022-05-21,"11","6  day ahead inc hosp",2022-05-27,"quantile",0.05,1.13858240828427
2022-05-21,"11","6  day ahead inc hosp",2022-05-27,"quantile",0.1,4.60293100128129
2022-05-21,"11","6  day ahead inc hosp",2022-05-27,"quantile",0.15,6.94031054994456
2022-05-21,"11","6  day ahead inc hosp",2022-05-27,"quantile",0.2,8.79798571878255
2022-05-21,"11","6  day ahead inc hosp",2022-05-27,"quantile",0.25,10.3917056031121
2022-05-21,"11","6  day ahead inc hosp",2022-05-27,"quantile",0.3,11.8229153152237
2022-05-21,"11","6  day ahead inc hosp",2022-05-27,"quantile",0.35,13.1491444063805
2022-05-21,"11","6  day ahead inc hosp",2022-05-27,"quantile",0.4,14.4076061216626
2022-05-21,"11","6  day ahead inc hosp",2022-05-27,"quantile",0.45,15.6251823952569
2022-05-21,"11","6  day ahead inc hosp",2022-05-27,"quantile",0.5,16.8234544570384
2022-05-21,"11","6  day ahead inc hosp",2022-05-27,"quantile",0.55,18.0217265188199
2022-05-21,"11","6  day ahead inc hosp",2022-05-27,"quantile",0.6,19.2393027924142
2022-05-21,"11","6  day ahead inc hosp",2022-05-27,"quantile",0.65,20.4977645076963
2022-05-21,"11","6  day ahead inc hosp",2022-05-27,"quantile",0.7,21.8239935988531
2022-05-21,"11","6  day ahead inc hosp",2022-05-27,"quantile",0.75,23.2552033109647
2022-05-21,"11","6  day ahead inc hosp",2022-05-27,"quantile",0.8,24.8489231952942
2022-05-21,"11","6  day ahead inc hosp",2022-05-27,"quantile",0.85,26.7065983641322
2022-05-21,"11","6  day ahead inc hosp",2022-05-27,"quantile",0.9,29.0439779127955
2022-05-21,"11","6  day ahead inc hosp",2022-05-27,"quantile",0.95,32.5083265057925
2022-05-21,"11","6  day ahead inc hosp",2022-05-27,"quantile",0.975,35.5131322581283
2022-05-21,"11","6  day ahead inc hosp",2022-05-27,"quantile",0.99,39.006868316695
2022-05-21,"11","7  day ahead inc hosp",2022-05-28,"quantile",0.01,0
2022-05-21,"11","7  day ahead inc hosp",2022-05-28,"quantile",0.025,0
2022-05-21,"11","7  day ahead inc hosp",2022-05-28,"quantile",0.05,0.52040161735928
2022-05-21,"11","7  day ahead inc hosp",2022-05-28,"quantile",0.1,4.12332310644674
2022-05-21,"11","7  day ahead inc hosp",2022-05-28,"quantile",0.15,6.55419713022592
2022-05-21,"11","7  day ahead inc hosp",2022-05-28,"quantile",0.2,8.48617874405087
2022-05-21,"11","7  day ahead inc hosp",2022-05-28,"quantile",0.25,10.1436469418079
2022-05-21,"11","7  day ahead inc hosp",2022-05-28,"quantile",0.3,11.6321046096019
2022-05-21,"11","7  day ahead inc hosp",2022-05-28,"quantile",0.35,13.0113824633492
2022-05-21,"11","7  day ahead inc hosp",2022-05-28,"quantile",0.4,14.32018226668
2022-05-21,"11","7  day ahead inc hosp",2022-05-28,"quantile",0.45,15.5864612230193
2022-05-21,"11","7  day ahead inc hosp",2022-05-28,"quantile",0.5,16.832663804911
2022-05-21,"11","7  day ahead inc hosp",2022-05-28,"quantile",0.55,18.0788663868027
2022-05-21,"11","7  day ahead inc hosp",2022-05-28,"quantile",0.6,19.345145343142
2022-05-21,"11","7  day ahead inc hosp",2022-05-28,"quantile",0.65,20.6539451464729
2022-05-21,"11","7  day ahead inc hosp",2022-05-28,"quantile",0.7,22.0332230002202
2022-05-21,"11","7  day ahead inc hosp",2022-05-28,"quantile",0.75,23.5216806680142
2022-05-21,"11","7  day ahead inc hosp",2022-05-28,"quantile",0.8,25.1791488657712
2022-05-21,"11","7  day ahead inc hosp",2022-05-28,"quantile",0.85,27.1111304795961
2022-05-21,"11","7  day ahead inc hosp",2022-05-28,"quantile",0.9,29.5420045033753
2022-05-21,"11","7  day ahead inc hosp",2022-05-28,"quantile",0.95,33.1449259924628
2022-05-21,"11","7  day ahead inc hosp",2022-05-28,"quantile",0.975,36.2699230662296
2022-05-21,"11","7  day ahead inc hosp",2022-05-28,"quantile",0.99,39.9034075106228
2022-05-21,"11","8  day ahead inc hosp",2022-05-29,"quantile",0.01,0
2022-05-21,"11","8  day ahead inc hosp",2022-05-29,"quantile",0.025,0
2022-05-21,"11","8  day ahead inc hosp",2022-05-29,"quantile",0.05,0.838405265952947
2022-05-21,"11","8  day ahead inc hosp",2022-05-29,"quantile",0.1,4.57101359457126
2022-05-21,"11","8  day ahead inc hosp",2022-05-29,"quantile",0.15,7.08938671329226
2022-05-21,"11","8  day ahead inc hosp",2022-05-29,"quantile",0.2,9.09090983399921
2022-05-21,"11","8  day ahead inc hosp",2022-05-29,"quantile",0.25,10.8080384525678
2022-05-21,"11","8  day ahead inc hosp",2022-05-29,"quantile",0.3,12.3500730221334
2022-05-21,"11","8  day ahead inc hosp",2022-05-29,"quantile",0.35,13.7789978599266
2022-05-21,"11","8  day ahead inc hosp",2022-05-29,"quantile",0.4,15.1349077961279
2022-05-21,"11","8  day ahead inc hosp",2022-05-29,"quantile",0.45,16.4467663512204
2022-05-21,"11","8  day ahead inc hosp",2022-05-29,"quantile",0.5,17.7378258845473
2022-05-21,"11","8  day ahead inc hosp",2022-05-29,"quantile",0.55,19.0288854178742
2022-05-21,"11","8  day ahead inc hosp",2022-05-29,"quantile",0.6,20.3407439729667
2022-05-21,"11","8  day ahead inc hosp",2022-05-29,"quantile",0.65,21.696653909168
2022-05-21,"11","8  day ahead inc hosp",2022-05-29,"quantile",0.7,23.1255787469612
2022-05-21,"11","8  day ahead inc hosp",2022-05-29,"quantile",0.75,24.6676133165268
2022-05-21,"11","8  day ahead inc hosp",2022-05-29,"quantile",0.8,26.3847419350954
2022-05-21,"11","8  day ahead inc hosp",2022-05-29,"quantile",0.85,28.3862650558023
2022-05-21,"11","8  day ahead inc hosp",2022-05-29,"quantile",0.9,30.9046381745233
2022-05-21,"11","8  day ahead inc hosp",2022-05-29,"quantile",0.95,34.6372465031417
2022-05-21,"11","8  day ahead inc hosp",2022-05-29,"quantile",0.975,37.8747275694872
2022-05-21,"11","8  day ahead inc hosp",2022-05-29,"quantile",0.99,41.6389989642774
2022-05-21,"11","9  day ahead inc hosp",2022-05-30,"quantile",0.01,0
2022-05-21,"11","9  day ahead inc hosp",2022-05-30,"quantile",0.025,0
2022-05-21,"11","9  day ahead inc hosp",2022-05-30,"quantile",0.05,0.302293469634556
2022-05-21,"11","9  day ahead inc hosp",2022-05-30,"quantile",0.1,4.15459620200439
2022-05-21,"11","9  day ahead inc hosp",2022-05-30,"quantile",0.15,6.75372656668608
2022-05-21,"11","9  day ahead inc hosp",2022-05-30,"quantile",0.2,8.81943298642579
2022-05-21,"11","9  day ahead inc hosp",2022-05-30,"quantile",0.25,10.5916251605752
2022-05-21,"11","9  day ahead inc hosp",2022-05-30,"quantile",0.3,12.183108504863
2022-05-21,"11","9  day ahead inc hosp",2022-05-30,"quantile",0.35,13.6578550017771
2022-05-21,"11","9  day ahead inc hosp",2022-05-30,"quantile",0.4,15.0572452115742
2022-05-21,"11","9  day ahead inc hosp",2022-05-30,"quantile",0.45,16.4111714345638
2022-05-21,"11","9  day ahead inc hosp",2022-05-30,"quantile",0.5,17.7436316688065
2022-05-21,"11","9  day ahead inc hosp",2022-05-30,"quantile",0.55,19.0760919030493
2022-05-21,"11","9  day ahead inc hosp",2022-05-30,"quantile",0.6,20.4300181260389
2022-05-21,"11","9  day ahead inc hosp",2022-05-30,"quantile",0.65,21.829408335836
2022-05-21,"11","9  day ahead inc hosp",2022-05-30,"quantile",0.7,23.30415483275
2022-05-21,"11","9  day ahead inc hosp",2022-05-30,"quantile",0.75,24.8956381770379
2022-05-21,"11","9  day ahead inc hosp",2022-05-30,"quantile",0.8,26.6678303511873
2022-05-21,"11","9  day ahead inc hosp",2022-05-30,"quantile",0.85,28.733536770927
2022-05-21,"11","9  day ahead inc hosp",2022-05-30,"quantile",0.9,31.3326671356087
2022-05-21,"11","9  day ahead inc hosp",2022-05-30,"quantile",0.95,35.1849698679785
2022-05-21,"11","9  day ahead inc hosp",2022-05-30,"quantile",0.975,38.5262679790758
2022-05-21,"11","9  day ahead inc hosp",2022-05-30,"quantile",0.99,42.4112491243919
2022-05-21,"11","10  day ahead inc hosp",2022-05-31,"quantile",0.01,0
2022-05-21,"11","10  day ahead inc hosp",2022-05-31,"quantile",0.025,0
2022-05-21,"11","10  day ahead inc hosp",2022-05-31,"quantile",0.05,0
2022-05-21,"11","10  day ahead inc hosp",2022-05-31,"quantile",0.1,3.76929411117852
2022-05-21,"11","10  day ahead inc hosp",2022-05-31,"quantile",0.15,6.4433232107464
2022-05-21,"11","10  day ahead inc hosp",2022-05-31,"quantile",0.2,8.56855677063544
2022-05-21,"11","10  day ahead inc hosp",2022-05-31,"quantile",0.25,10.3918179306359
2022-05-21,"11","10  day ahead inc hosp",2022-05-31,"quantile",0.3,12.0291628025714
2022-05-21,"11","10  day ahead inc hosp",2022-05-31,"quantile",0.35,13.5464068395848
2022-05-21,"11","10  day ahead inc hosp",2022-05-31,"quantile",0.4,14.9861230590928
2022-05-21,"11","10  day ahead inc hosp",2022-05-31,"quantile",0.45,16.3790651631667
2022-05-21,"11","10  day ahead inc hosp",2022-05-31,"quantile",0.5,17.7499226964396
2022-05-21,"11","10  day ahead inc hosp",2022-05-31,"quantile",0.55,19.1207802297125
2022-05-21,"11","10  day ahead inc hosp",2022-05-31,"quantile",0.6,20.5137223337864
2022-05-21,"11","10  day ahead inc hosp",2022-05-31,"quantile",0.65,21.9534385532944
2022-05-21,"11","10  day ahead inc hosp",2022-05-31,"quantile",0.7,23.4706825903078
2022-05-21,"11","10  day ahead inc hosp",2022-05-31,"quantile",0.75,25.1080274622433
2022-05-21,"11","10  day ahead inc hosp",2022-05-31,"quantile",0.8,26.9312886222438
2022-05-21,"11","10  day ahead inc hosp",2022-05-31,"quantile",0.85,29.0565221821328
2022-05-21,"11","10  day ahead inc hosp",2022-05-31,"quantile",0.9,31.7305512817007
2022-05-21,"11","10  day ahead inc hosp",2022-05-31,"quantile",0.95,35.6938652218859
2022-05-21,"11","10  day ahead inc hosp",2022-05-31,"quantile",0.975,39.13144900022
2022-05-21,"11","10  day ahead inc hosp",2022-05-31,"quantile",0.99,43.1283830420875
2022-05-21,"11","11  day ahead inc hosp",2022-06-01,"quantile",0.01,0
2022-05-21,"11","11  day ahead inc hosp",2022-06-01,"quantile",0.025,0
2022-05-21,"11","11  day ahead inc hosp",2022-06-01,"quantile",0.05,0
2022-05-21,"11","11  day ahead inc hosp",2022-06-01,"quantile",0.1,3.40970201302451
2022-05-21,"11","11  day ahead inc hosp",2022-06-01,"quantile",0.15,6.15359834326565
2022-05-21,"11","11  day ahead inc hosp",2022-06-01,"quantile",0.2,8.33436016325752
2022-05-21,"11","11  day ahead inc hosp",2022-06-01,"quantile",0.25,10.2052596260962
2022-05-21,"11","11  day ahead inc hosp",2022-06-01,"quantile",0.3,11.885385166304
2022-05-21,"11","11  day ahead inc hosp",2022-06-01,"quantile",0.35,13.4422718680659
2022-05-21,"11","11  day ahead inc hosp",2022-06-01,"quantile",0.4,14.9196050997554
2022-05-21,"11","11  day ahead inc hosp",2022-06-01,"quantile",0.45,16.3489420984532
2022-05-21,"11","11  day ahead inc hosp",2022-06-01,"quantile",0.5,17.7556174990458
2022-05-21,"11","11  day ahead inc hosp",2022-06-01,"quantile",0.55,19.1622928996384
2022-05-21,"11","11  day ahead inc hosp",2022-06-01,"quantile",0.6,20.5916298983362
2022-05-21,"11","11  day ahead inc hosp",2022-06-01,"quantile",0.65,22.0689631300257
2022-05-21,"11","11  day ahead inc hosp",2022-06-01,"quantile",0.7,23.6258498317876
2022-05-21,"11","11  day ahead inc hosp",2022-06-01,"quantile",0.75,25.3059753719954
2022-05-21,"11","11  day ahead inc hosp",2022-06-01,"quantile",0.8,27.176874834834
2022-05-21,"11","11  day ahead inc hosp",2022-06-01,"quantile",0.85,29.3576366548259
2022-05-21,"11","11  day ahead inc hosp",2022-06-01,"quantile",0.9,32.101532985067
2022-05-21,"11","11  day ahead inc hosp",2022-06-01,"quantile",0.95,36.1684006858805
2022-05-21,"11","11  day ahead inc hosp",2022-06-01,"quantile",0.975,39.6958019081752
2022-05-21,"11","11  day ahead inc hosp",2022-06-01,"quantile",0.99,43.7971681391816
2022-05-21,"11","12  day ahead inc hosp",2022-06-02,"quantile",0.01,0
2022-05-21,"11","12  day ahead inc hosp",2022-06-02,"quantile",0.025,0
2022-05-21,"11","12  day ahead inc hosp",2022-06-02,"quantile",0.05,0
2022-05-21,"11","12  day ahead inc hosp",2022-06-02,"quantile",0.1,3.07386287376726
2022-05-21,"11","12  day ahead inc hosp",2022-06-02,"quantile",0.15,5.88305181034863
2022-05-21,"11","12  day ahead inc hosp",2022-06-02,"quantile",0.2,8.11570612404196
2022-05-21,"11","12  day ahead inc hosp",2022-06-02,"quantile",0.25,10.0311247258812
2022-05-21,"11","12  day ahead inc hosp",2022-06-02,"quantile",0.3,11.7512298288334
2022-05-21,"11","12  day ahead inc hosp",2022-06-02,"quantile",0.35,13.3451635536239
2022-05-21,"11","12  day ahead inc hosp",2022-06-02,"quantile",0.4,14.8576507873312
2022-05-21,"11","12  day ahead inc hosp",2022-06-02,"quantile",0.45,16.3209996898152
2022-05-21,"11","12  day ahead inc hosp",2022-06-02,"quantile",0.5,17.7611477483093
2022-05-21,"11","12  day ahead inc hosp",2022-06-02,"quantile",0.55,19.2012958068034
2022-05-21,"11","12  day ahead inc hosp",2022-06-02,"quantile",0.6,20.6646447092874
2022-05-21,"11","12  day ahead inc hosp",2022-06-02,"quantile",0.65,22.1771319429948
2022-05-21,"11","12  day ahead inc hosp",2022-06-02,"quantile",0.7,23.7710656677852
2022-05-21,"11","12  day ahead inc hosp",2022-06-02,"quantile",0.75,25.4911707707375
2022-05-21,"11","12  day ahead inc hosp",2022-06-02,"quantile",0.8,27.4065893725767
2022-05-21,"11","12  day ahead inc hosp",2022-06-02,"quantile",0.85,29.63924368627
2022-05-21,"11","12  day ahead inc hosp",2022-06-02,"quantile",0.9,32.4484326228514
2022-05-21,"11","12  day ahead inc hosp",2022-06-02,"quantile",0.95,36.612073801912
2022-05-21,"11","12  day ahead inc hosp",2022-06-02,"quantile",0.975,40.2234115843723
2022-05-21,"11","12  day ahead inc hosp",2022-06-02,"quantile",0.99,44.4223722061823
2022-05-21,"11","13  day ahead inc hosp",2022-06-03,"quantile",0.01,0
2022-05-21,"11","13  day ahead inc hosp",2022-06-03,"quantile",0.025,0
2022-05-21,"11","13  day ahead inc hosp",2022-06-03,"quantile",0.05,0
2022-05-21,"11","13  day ahead inc hosp",2022-06-03,"quantile",0.1,2.75979268593011
2022-05-21,"11","13  day ahead inc hosp",2022-06-03,"quantile",0.15,5.63010358683593
2022-05-21,"11","13  day ahead inc hosp",2022-06-03,"quantile",0.2,7.91133570016864
2022-05-21,"11","13  day ahead inc hosp",2022-06-03,"quantile",0.25,9.86842972864917
2022-05-21,"11","13  day ahead inc hosp",2022-06-03,"quantile",0.3,11.6259606527585
2022-05-21,"11","13  day ahead inc hosp",2022-06-03,"quantile",0.35,13.2545749784133
2022-05-21,"11","13  day ahead inc hosp",2022-06-03,"quantile",0.4,14.7999707109176
2022-05-21,"11","13  day ahead inc hosp",2022-06-03,"quantile",0.45,16.2951589668346
2022-05-21,"11","13  day ahead inc hosp",2022-06-03,"quantile",0.5,17.766641577842
2022-05-21,"11","13  day ahead inc hosp",2022-06-03,"quantile",0.55,19.2381241888495
2022-05-21,"11","13  day ahead inc hosp",2022-06-03,"quantile",0.6,20.7333124447665
2022-05-21,"11","13  day ahead inc hosp",2022-06-03,"quantile",0.65,22.2787081772708
2022-05-21,"11","13  day ahead inc hosp",2022-06-03,"quantile",0.7,23.9073225029256
2022-05-21,"11","13  day ahead inc hosp",2022-06-03,"quantile",0.75,25.6648534270349
2022-05-21,"11","13  day ahead inc hosp",2022-06-03,"quantile",0.8,27.6219474555154
2022-05-21,"11","13  day ahead inc hosp",2022-06-03,"quantile",0.85,29.9031795688481
2022-05-21,"11","13  day ahead inc hosp",2022-06-03,"quantile",0.9,32.7734904697539
2022-05-21,"11","13  day ahead inc hosp",2022-06-03,"quantile",0.95,37.0277236073305
2022-05-21,"11","13  day ahead inc hosp",2022-06-03,"quantile",0.975,40.7176364034642
2022-05-21,"11","13  day ahead inc hosp",2022-06-03,"quantile",0.99,45.0079574595918
2022-05-21,"11","14  day ahead inc hosp",2022-06-04,"quantile",0.01,0
2022-05-21,"11","14  day ahead inc hosp",2022-06-04,"quantile",0.025,0
2022-05-21,"11","14  day ahead inc hosp",2022-06-04,"quantile",0.05,0
2022-05-21,"11","14  day ahead inc hosp",2022-06-04,"quantile",0.1,2.46540617215924
2022-05-21,"11","14  day ahead inc hosp",2022-06-04,"quantile",0.15,5.39305104473629
2022-05-21,"11","14  day ahead inc hosp",2022-06-04,"quantile",0.2,7.71985038122941
2022-05-21,"11","14  day ahead inc hosp",2022-06-04,"quantile",0.25,9.71603702979908
2022-05-21,"11","14  day ahead inc hosp",2022-06-04,"quantile",0.3,11.5086743349566
2022-05-21,"11","14  day ahead inc hosp",2022-06-04,"quantile",0.35,13.1698199545494
2022-05-21,"11","14  day ahead inc hosp",2022-06-04,"quantile",0.4,14.7460847037585
2022-05-21,"11","14  day ahead inc hosp",2022-06-04,"quantile",0.45,16.2711390905817
2022-05-21,"11","14  day ahead inc hosp",2022-06-04,"quantile",0.5,17.7720143162733
2022-05-21,"11","14  day ahead inc hosp",2022-06-04,"quantile",0.55,19.272889541965
2022-05-21,"11","14  day ahead inc hosp",2022-06-04,"quantile",0.6,20.7979439287882
2022-05-21,"11","14  day ahead inc hosp",2022-06-04,"quantile",0.65,22.3742086779973
2022-05-21,"11","14  day ahead inc hosp",2022-06-04,"quantile",0.7,24.03535429759
2022-05-21,"11","14  day ahead inc hosp",2022-06-04,"quantile",0.75,25.8279916027476
2022-05-21,"11","14  day ahead inc hosp",2022-06-04,"quantile",0.8,27.8241782513173
2022-05-21,"11","14  day ahead inc hosp",2022-06-04,"quantile",0.85,30.1509775878104
2022-05-21,"11","14  day ahead inc hosp",2022-06-04,"quantile",0.9,33.0786224603875
2022-05-21,"11","14  day ahead inc hosp",2022-06-04,"quantile",0.95,37.4178331807463
2022-05-21,"11","14  day ahead inc hosp",2022-06-04,"quantile",0.975,41.1814513568986
2022-05-21,"11","14  day ahead inc hosp",2022-06-04,"quantile",0.99,45.5574708458388
2022-05-21,"11","15  day ahead inc hosp",2022-06-05,"quantile",0.01,0
2022-05-21,"11","15  day ahead inc hosp",2022-06-05,"quantile",0.025,0
2022-05-21,"11","15  day ahead inc hosp",2022-06-05,"quantile",0.05,0
2022-05-21,"11","15  day ahead inc hosp",2022-06-05,"quantile",0.1,1.81010204873495
2022-05-21,"11","15  day ahead inc hosp",2022-06-05,"quantile",0.15,4.7916189231748
2022-05-21,"11","15  day ahead inc hosp",2022-06-05,"quantile",0.2,7.16123401897125
2022-05-21,"11","15  day ahead inc hosp",2022-06-05,"quantile",0.25,9.1941527766357
2022-05-21,"11","15  day ahead inc hosp",2022-06-05,"quantile",0.3,11.0197766510139
2022-05-21,"11","15  day ahead inc hosp",2022-06-05,"quantile",0.35,12.7114892429711
2022-05-21,"11","15  day ahead inc hosp",2022-06-05,"quantile",0.4,14.3167590598034
2022-05-21,"11","15  day ahead inc hosp",2022-06-05,"quantile",0.45,15.8698761852249
2022-05-21,"11","15  day ahead inc hosp",2022-06-05,"quantile",0.5,17.3983692253966
2022-05-21,"11","15  day ahead inc hosp",2022-06-05,"quantile",0.55,18.9268622655683
2022-05-21,"11","15  day ahead inc hosp",2022-06-05,"quantile",0.6,20.4799793909898
2022-05-21,"11","15  day ahead inc hosp",2022-06-05,"quantile",0.65,22.0852492078221
2022-05-21,"11","15  day ahead inc hosp",2022-06-05,"quantile",0.7,23.7769617997793
2022-05-21,"11","15  day ahead inc hosp",2022-06-05,"quantile",0.75,25.6025856741575
2022-05-21,"11","15  day ahead inc hosp",2022-06-05,"quantile",0.8,27.6355044318219
2022-05-21,"11","15  day ahead inc hosp",2022-06-05,"quantile",0.85,30.0051195276184
2022-05-21,"11","15  day ahead inc hosp",2022-06-05,"quantile",0.9,32.9866364020582
2022-05-21,"11","15  day ahead inc hosp",2022-06-05,"quantile",0.95,37.4056935444336
2022-05-21,"11","15  day ahead inc hosp",2022-06-05,"quantile",0.975,41.2385665838706
2022-05-21,"11","15  day ahead inc hosp",2022-06-05,"quantile",0.99,45.6951098181147
2022-05-21,"11","16  day ahead inc hosp",2022-06-06,"quantile",0.01,0
2022-05-21,"11","16  day ahead inc hosp",2022-06-06,"quantile",0.025,0
2022-05-21,"11","16  day ahead inc hosp",2022-06-06,"quantile",0.05,0
2022-05-21,"11","16  day ahead inc hosp",2022-06-06,"quantile",0.1,1.55020764239396
2022-05-21,"11","16  day ahead inc hosp",2022-06-06,"quantile",0.15,4.58241568965987
2022-05-21,"11","16  day ahead inc hosp",2022-06-06,"quantile",0.2,6.99231852267561
2022-05-21,"11","16  day ahead inc hosp",2022-06-06,"quantile",0.25,9.05980057158605
2022-05-21,"11","16  day ahead inc hosp",2022-06-06,"quantile",0.3,10.9164633497266
2022-05-21,"11","16  day ahead inc hosp",2022-06-06,"quantile",0.35,12.6369381117409
2022-05-21,"11","16  day ahead inc hosp",2022-06-06,"quantile",0.4,14.2695004152988
2022-05-21,"11","16  day ahead inc hosp",2022-06-06,"quantile",0.45,15.8490233374806
2022-05-21,"11","16  day ahead inc hosp",2022-06-06,"quantile",0.5,17.4035035204811
2022-05-21,"11","16  day ahead inc hosp",2022-06-06,"quantile",0.55,18.9579837034817
2022-05-21,"11","16  day ahead inc hosp",2022-06-06,"quantile",0.6,20.5375066256635
2022-05-21,"11","16  day ahead inc hosp",2022-06-06,"quantile",0.65,22.1700689292213
2022-05-21,"11","16  day ahead inc hosp",2022-06-06,"quantile",0.7,23.8905436912357
2022-05-21,"11","16  day ahead inc hosp",2022-06-06,"quantile",0.75,25.7472064693762
2022-05-21,"11","16  day ahead inc hosp",2022-06-06,"quantile",0.8,27.8146885182867
2022-05-21,"11","16  day ahead inc hosp",2022-06-06,"quantile",0.85,30.2245913513024
2022-05-21,"11","16  day ahead inc hosp",2022-06-06,"quantile",0.9,33.2567993985683
2022-05-21,"11","16  day ahead inc hosp",2022-06-06,"quantile",0.95,37.750988495169
2022-05-21,"11","16  day ahead inc hosp",2022-06-06,"quantile",0.975,41.6490273001692
2022-05-21,"11","16  day ahead inc hosp",2022-06-06,"quantile",0.99,46.1813398199172
2022-05-21,"11","17  day ahead inc hosp",2022-06-07,"quantile",0.01,0
2022-05-21,"11","17  day ahead inc hosp",2022-06-07,"quantile",0.025,0
2022-05-21,"11","17  day ahead inc hosp",2022-06-07,"quantile",0.05,0
2022-05-21,"11","17  day ahead inc hosp",2022-06-07,"quantile",0.1,1.30552979608107
2022-05-21,"11","17  day ahead inc hosp",2022-06-07,"quantile",0.15,4.38549791879353
2022-05-21,"11","17  day ahead inc hosp",2022-06-07,"quantile",0.2,6.83335894574897
2022-05-21,"11","17  day ahead inc hosp",2022-06-07,"quantile",0.25,8.93340574519801
2022-05-21,"11","17  day ahead inc hosp",2022-06-07,"quantile",0.3,10.8193126757781
2022-05-21,"11","17  day ahead inc hosp",2022-06-07,"quantile",0.35,12.5668865032777
2022-05-21,"11","17  day ahead inc hosp",2022-06-07,"quantile",0.4,14.2251631699576
2022-05-21,"11","17  day ahead inc hosp",2022-06-07,"quantile",0.45,15.8295650360499
2022-05-21,"11","17  day ahead inc hosp",2022-06-07,"quantile",0.5,17.4085297167047
2022-05-21,"11","17  day ahead inc hosp",2022-06-07,"quantile",0.55,18.9874943973594
2022-05-21,"11","17  day ahead inc hosp",2022-06-07,"quantile",0.6,20.5918962634517
2022-05-21,"11","17  day ahead inc hosp",2022-06-07,"quantile",0.65,22.2501729301316
2022-05-21,"11","17  day ahead inc hosp",2022-06-07,"quantile",0.7,23.9977467576312
2022-05-21,"11","17  day ahead inc hosp",2022-06-07,"quantile",0.75,25.8836536882113
2022-05-21,"11","17  day ahead inc hosp",2022-06-07,"quantile",0.8,27.9837004876604
2022-05-21,"11","17  day ahead inc hosp",2022-06-07,"quantile",0.85,30.4315615146158
2022-05-21,"11","17  day ahead inc hosp",2022-06-07,"quantile",0.9,33.5115296373283
2022-05-21,"11","17  day ahead inc hosp",2022-06-07,"quantile",0.95,38.0765063602985
2022-05-21,"11","17  day ahead inc hosp",2022-06-07,"quantile",0.975,42.035942874334
2022-05-21,"11","17  day ahead inc hosp",2022-06-07,"quantile",0.99,46.6396434995537
2022-05-21,"11","18  day ahead inc hosp",2022-06-08,"quantile",0.01,0
2022-05-21,"11","18  day ahead inc hosp",2022-06-08,"quantile",0.025,0
2022-05-21,"11","18  day ahead inc hosp",2022-06-08,"quantile",0.05,0
2022-05-21,"11","18  day ahead inc hosp",2022-06-08,"quantile",0.1,1.07490567972686
2022-05-21,"11","18  day ahead inc hosp",2022-06-08,"quantile",0.15,4.19992515155925
2022-05-21,"11","18  day ahead inc hosp",2022-06-08,"quantile",0.2,6.68359156263839
2022-05-21,"11","18  day ahead inc hosp",2022-06-08,"quantile",0.25,8.8143561934937
2022-05-21,"11","18  day ahead inc hosp",2022-06-08,"quantile",0.3,10.7278486860512
2022-05-21,"11","18  day ahead inc hosp",2022-06-08,"quantile",0.35,12.5009846477933
2022-05-21,"11","18  day ahead inc hosp",2022-06-08,"quantile",0.4,14.1835172801428
2022-05-21,"11","18  day ahead inc hosp",2022-06-08,"quantile",0.45,15.8113870737325
2022-05-21,"11","18  day ahead inc hosp",2022-06-08,"quantile",0.5,17.4134476067604
2022-05-21,"11","18  day ahead inc hosp",2022-06-08,"quantile",0.55,19.0155081397883
2022-05-21,"11","18  day ahead inc hosp",2022-06-08,"quantile",0.6,20.643377933378
2022-05-21,"11","18  day ahead inc hosp",2022-06-08,"quantile",0.65,22.3259105657275
2022-05-21,"11","18  day ahead inc hosp",2022-06-08,"quantile",0.7,24.0990465274696
2022-05-21,"11","18  day ahead inc hosp",2022-06-08,"quantile",0.75,26.0125390200271
2022-05-21,"11","18  day ahead inc hosp",2022-06-08,"quantile",0.8,28.1433036508824
2022-05-21,"11","18  day ahead inc hosp",2022-06-08,"quantile",0.85,30.6269700619615
2022-05-21,"11","18  day ahead inc hosp",2022-06-08,"quantile",0.9,33.7519895337939
2022-05-21,"11","18  day ahead inc hosp",2022-06-08,"quantile",0.95,38.3837391426763
2022-05-21,"11","18  day ahead inc hosp",2022-06-08,"quantile",0.975,42.4010911771344
2022-05-21,"11","18  day ahead inc hosp",2022-06-08,"quantile",0.99,47.0721311110246
2022-05-21,"11","19  day ahead inc hosp",2022-06-09,"quantile",0.01,0
2022-05-21,"11","19  day ahead inc hosp",2022-06-09,"quantile",0.025,0
2022-05-21,"11","19  day ahead inc hosp",2022-06-09,"quantile",0.05,0
2022-05-21,"11","19  day ahead inc hosp",2022-06-09,"quantile",0.1,0.857300766838655
2022-05-21,"11","19  day ahead inc hosp",2022-06-09,"quantile",0.15,4.0248612478738
2022-05-21,"11","19  day ahead inc hosp",2022-06-09,"quantile",0.2,6.54233790448986
2022-05-21,"11","19  day ahead inc hosp",2022-06-09,"quantile",0.25,8.70210871549449
2022-05-21,"11","19  day ahead inc hosp",2022-06-09,"quantile",0.3,10.6416496542997
2022-05-21,"11","19  day ahead inc hosp",2022-06-09,"quantile",0.35,12.4389233834849
2022-05-21,"11","19  day ahead inc hosp",2022-06-09,"quantile",0.4,14.1443603967005
2022-05-21,"11","19  day ahead inc hosp",2022-06-09,"quantile",0.45,15.7943904438484
2022-05-21,"11","19  day ahead inc hosp",2022-06-09,"quantile",0.5,17.4182598879865
2022-05-21,"11","19  day ahead inc hosp",2022-06-09,"quantile",0.55,19.0421293321246
2022-05-21,"11","19  day ahead inc hosp",2022-06-09,"quantile",0.6,20.6921593792725
2022-05-21,"11","19  day ahead inc hosp",2022-06-09,"quantile",0.65,22.397596392488
2022-05-21,"11","19  day ahead inc hosp",2022-06-09,"quantile",0.7,24.1948701216732
2022-05-21,"11","19  day ahead inc hosp",2022-06-09,"quantile",0.75,26.1344110604785
2022-05-21,"11","19  day ahead inc hosp",2022-06-09,"quantile",0.8,28.2941818714831
2022-05-21,"11","19  day ahead inc hosp",2022-06-09,"quantile",0.85,30.8116585280992
2022-05-21,"11","19  day ahead inc hosp",2022-06-09,"quantile",0.9,33.9792190091343
2022-05-21,"11","19  day ahead inc hosp",2022-06-09,"quantile",0.95,38.6740208020151
2022-05-21,"11","19  day ahead inc hosp",2022-06-09,"quantile",0.975,42.7460612028687
2022-05-21,"11","19  day ahead inc hosp",2022-06-09,"quantile",0.99,47.4806881814493
2022-05-21,"11","20  day ahead inc hosp",2022-06-10,"quantile",0.01,0
2022-05-21,"11","20  day ahead inc hosp",2022-06-10,"quantile",0.025,0
2022-05-21,"11","20  day ahead inc hosp",2022-06-10,"quantile",0.05,0
2022-05-21,"11","20  day ahead inc hosp",2022-06-10,"quantile",0.1,0.651786330705637
2022-05-21,"11","20  day ahead inc hosp",2022-06-10,"quantile",0.15,3.85955561934409
2022-05-21,"11","20  day ahead inc hosp",2022-06-10,"quantile",0.2,6.40898896159811
2022-05-21,"11","20  day ahead inc hosp",2022-06-10,"quantile",0.25,8.59617576340287
2022-05-21,"11","20  day ahead inc hosp",2022-06-10,"quantile",0.3,10.5603371092734
2022-05-21,"11","20  day ahead inc hosp",2022-06-10,"quantile",0.35,12.3804253147788
2022-05-21,"11","20  day ahead inc hosp",2022-06-10,"quantile",0.4,14.1075110349897
2022-05-21,"11","20  day ahead inc hosp",2022-06-10,"quantile",0.45,15.778486456694
2022-05-21,"11","20  day ahead inc hosp",2022-06-10,"quantile",0.5,17.4229691943882
2022-05-21,"11","20  day ahead inc hosp",2022-06-10,"quantile",0.55,19.0674519320824
2022-05-21,"11","20  day ahead inc hosp",2022-06-10,"quantile",0.6,20.7384273537867
2022-05-21,"11","20  day ahead inc hosp",2022-06-10,"quantile",0.65,22.4655130739976
2022-05-21,"11","20  day ahead inc hosp",2022-06-10,"quantile",0.7,24.285601279503
2022-05-21,"11","20  day ahead inc hosp",2022-06-10,"quantile",0.75,26.2497626253736
2022-05-21,"11","20  day ahead inc hosp",2022-06-10,"quantile",0.8,28.4369494271783
2022-05-21,"11","20  day ahead inc hosp",2022-06-10,"quantile",0.85,30.9863827694324
2022-05-21,"11","20  day ahead inc hosp",2022-06-10,"quantile",0.9,34.1941520580708
2022-05-21,"11","20  day ahead inc hosp",2022-06-10,"quantile",0.95,38.9485493608576
2022-05-21,"11","20  day ahead inc hosp",2022-06-10,"quantile",0.975,43.0722799788392
2022-05-21,"11","20  day ahead inc hosp",2022-06-10,"quantile",0.99,47.8670080056539
2022-05-21,"11","21  day ahead inc hosp",2022-06-11,"quantile",0.01,0
2022-05-21,"11","21  day ahead inc hosp",2022-06-11,"quantile",0.025,0
2022-05-21,"11","21  day ahead inc hosp",2022-06-11,"quantile",0.05,0
2022-05-21,"11","21  day ahead inc hosp",2022-06-11,"quantile",0.1,0.45752379491034
2022-05-21,"11","21  day ahead inc hosp",2022-06-11,"quantile",0.15,3.70333048230735
2022-05-21,"11","21  day ahead inc hosp",2022-06-11,"quantile",0.2,6.28299474328459
2022-05-21,"11","21  day ahead inc hosp",2022-06-11,"quantile",0.25,8.49611698154183
2022-05-21,"11","21  day ahead inc hosp",2022-06-11,"quantile",0.3,10.4835691509151
2022-05-21,"11","21  day ahead inc hosp",2022-06-11,"quantile",0.35,12.3252397754223
2022-05-21,"11","21  day ahead inc hosp",2022-06-11,"quantile",0.4,14.0728051007166
2022-05-21,"11","21  day ahead inc hosp",2022-06-11,"quantile",0.45,15.7635947773475
2022-05-21,"11","21  day ahead inc hosp",2022-06-11,"quantile",0.5,17.4275776224425
2022-05-21,"11","21  day ahead inc hosp",2022-06-11,"quantile",0.55,19.0915604675374
2022-05-21,"11","21  day ahead inc hosp",2022-06-11,"quantile",0.6,20.7823501441684
2022-05-21,"11","21  day ahead inc hosp",2022-06-11,"quantile",0.65,22.5299154694627
2022-05-21,"11","21  day ahead inc hosp",2022-06-11,"quantile",0.7,24.3715860939699
2022-05-21,"11","21  day ahead inc hosp",2022-06-11,"quantile",0.75,26.3590382633431
2022-05-21,"11","21  day ahead inc hosp",2022-06-11,"quantile",0.8,28.5721605016004
2022-05-21,"11","21  day ahead inc hosp",2022-06-11,"quantile",0.85,31.1518247625776
2022-05-21,"11","21  day ahead inc hosp",2022-06-11,"quantile",0.9,34.3976314499746
2022-05-21,"11","21  day ahead inc hosp",2022-06-11,"quantile",0.95,39.2084059076595
2022-05-21,"11","21  day ahead inc hosp",2022-06-11,"quantile",0.975,43.3810352997657
2022-05-21,"11","21  day ahead inc hosp",2022-06-11,"quantile",0.99,48.2326187190616
2022-05-21,"11","22  day ahead inc hosp",2022-06-12,"quantile",0.01,0
2022-05-21,"11","22  day ahead inc hosp",2022-06-12,"quantile",0.025,0
2022-05-21,"11","22  day ahead inc hosp",2022-06-12,"quantile",0.05,0
2022-05-21,"11","22  day ahead inc hosp",2022-06-12,"quantile",0.1,0.478658274826966
2022-05-21,"11","22  day ahead inc hosp",2022-06-12,"quantile",0.15,3.76047665201422
2022-05-21,"11","22  day ahead inc hosp",2022-06-12,"quantile",0.2,6.36876186244294
2022-05-21,"11","22  day ahead inc hosp",2022-06-12,"quantile",0.25,8.6064383268719
2022-05-21,"11","22  day ahead inc hosp",2022-06-12,"quantile",0.3,10.6159409502276
2022-05-21,"11","22  day ahead inc hosp",2022-06-12,"quantile",0.35,12.4780446065241
2022-05-21,"11","22  day ahead inc hosp",2022-06-12,"quantile",0.4,14.2449988808359
2022-05-21,"11","22  day ahead inc hosp",2022-06-12,"quantile",0.45,15.9545475900278
2022-05-21,"11","22  day ahead inc hosp",2022-06-12,"quantile",0.5,17.6369920503097
2022-05-21,"11","22  day ahead inc hosp",2022-06-12,"quantile",0.55,19.3194365105916
2022-05-21,"11","22  day ahead inc hosp",2022-06-12,"quantile",0.6,21.0289852197835
2022-05-21,"11","22  day ahead inc hosp",2022-06-12,"quantile",0.65,22.7959394940953
2022-05-21,"11","22  day ahead inc hosp",2022-06-12,"quantile",0.7,24.6580431503918
2022-05-21,"11","22  day ahead inc hosp",2022-06-12,"quantile",0.75,26.6675457737475
2022-05-21,"11","22  day ahead inc hosp",2022-06-12,"quantile",0.8,28.9052222381765
2022-05-21,"11","22  day ahead inc hosp",2022-06-12,"quantile",0.85,31.5135074486052
2022-05-21,"11","22  day ahead inc hosp",2022-06-12,"quantile",0.9,34.7953258257924
2022-05-21,"11","22  day ahead inc hosp",2022-06-12,"quantile",0.95,39.6594750325323
2022-05-21,"11","22  day ahead inc hosp",2022-06-12,"quantile",0.975,43.8783990594551
2022-05-21,"11","22  day ahead inc hosp",2022-06-12,"quantile",0.99,48.7838099965036
2022-05-21,"11","23  day ahead inc hosp",2022-06-13,"quantile",0.01,0
2022-05-21,"11","23  day ahead inc hosp",2022-06-13,"quantile",0.025,0
2022-05-21,"11","23  day ahead inc hosp",2022-06-13,"quantile",0.05,0
2022-05-21,"11","23  day ahead inc hosp",2022-06-13,"quantile",0.1,0.30468952620657
2022-05-21,"11","23  day ahead inc hosp",2022-06-13,"quantile",0.15,3.62062640447994
2022-05-21,"11","23  day ahead inc hosp",2022-06-13,"quantile",0.2,6.25602791799341
2022-05-21,"11","23  day ahead inc hosp",2022-06-13,"quantile",0.25,8.51696775598768
2022-05-21,"11","23  day ahead inc hosp",2022-06-13,"quantile",0.3,10.5473616077898
2022-05-21,"11","23  day ahead inc hosp",2022-06-13,"quantile",0.35,12.4288241006574
2022-05-21,"11","23  day ahead inc hosp",2022-06-13,"quantile",0.4,14.2141480177703
2022-05-21,"11","23  day ahead inc hosp",2022-06-13,"quantile",0.45,15.9414695689625
2022-05-21,"11","23  day ahead inc hosp",2022-06-13,"quantile",0.5,17.6414050895494
2022-05-21,"11","23  day ahead inc hosp",2022-06-13,"quantile",0.55,19.3413406101363
2022-05-21,"11","23  day ahead inc hosp",2022-06-13,"quantile",0.6,21.0686621613284
2022-05-21,"11","23  day ahead inc hosp",2022-06-13,"quantile",0.65,22.8539860784414
2022-05-21,"11","23  day ahead inc hosp",2022-06-13,"quantile",0.7,24.735448571309
2022-05-21,"11","23  day ahead inc hosp",2022-06-13,"quantile",0.75,26.7658424231111
2022-05-21,"11","23  day ahead inc hosp",2022-06-13,"quantile",0.8,29.0267822611054
2022-05-21,"11","23  day ahead inc hosp",2022-06-13,"quantile",0.85,31.6621837746188
2022-05-21,"11","23  day ahead inc hosp",2022-06-13,"quantile",0.9,34.9781206528922
2022-05-21,"11","23  day ahead inc hosp",2022-06-13,"quantile",0.95,39.8928386178384
2022-05-21,"11","23  day ahead inc hosp",2022-06-13,"quantile",0.975,44.1556235009851
2022-05-21,"11","23  day ahead inc hosp",2022-06-13,"quantile",0.99,49.112032162206
2022-05-21,"11","24  day ahead inc hosp",2022-06-14,"quantile",0.01,0
2022-05-21,"11","24  day ahead inc hosp",2022-06-14,"quantile",0.025,0
2022-05-21,"11","24  day ahead inc hosp",2022-06-14,"quantile",0.05,0
2022-05-21,"11","24  day ahead inc hosp",2022-06-14,"quantile",0.1,0.139891969397649
2022-05-21,"11","24  day ahead inc hosp",2022-06-14,"quantile",0.15,3.48817512080061
2022-05-21,"11","24  day ahead inc hosp",2022-06-14,"quantile",0.2,6.14928442679976
2022-05-21,"11","24  day ahead inc hosp",2022-06-14,"quantile",0.25,8.43227926168148
2022-05-21,"11","24  day ahead inc hosp",2022-06-14,"quantile",0.3,10.4824791823269
2022-05-21,"11","24  day ahead inc hosp",2022-06-14,"quantile",0.35,12.3822949496721
2022-05-21,"11","24  day ahead inc hosp",2022-06-14,"quantile",0.4,14.1850343294937
2022-05-21,"11","24  day ahead inc hosp",2022-06-14,"quantile",0.45,15.9292055424039
2022-05-21,"11","24  day ahead inc hosp",2022-06-14,"quantile",0.5,17.6457235796883
2022-05-21,"11","24  day ahead inc hosp",2022-06-14,"quantile",0.55,19.3622416169726
2022-05-21,"11","24  day ahead inc hosp",2022-06-14,"quantile",0.6,21.1064128298828
2022-05-21,"11","24  day ahead inc hosp",2022-06-14,"quantile",0.65,22.9091522097044
2022-05-21,"11","24  day ahead inc hosp",2022-06-14,"quantile",0.7,24.8089679770496
2022-05-21,"11","24  day ahead inc hosp",2022-06-14,"quantile",0.75,26.859167897695
2022-05-21,"11","24  day ahead inc hosp",2022-06-14,"quantile",0.8,29.1421627325767
2022-05-21,"11","24  day ahead inc hosp",2022-06-14,"quantile",0.85,31.8032720385759
2022-05-21,"11","24  day ahead inc hosp",2022-06-14,"quantile",0.9,35.1515551899789
2022-05-21,"11","24  day ahead inc hosp",2022-06-14,"quantile",0.95,40.1142152043322
2022-05-21,"11","24  day ahead inc hosp",2022-06-14,"quantile",0.975,44.418582665551
2022-05-21,"11","24  day ahead inc hosp",2022-06-14,"quantile",0.99,49.4233400602318
2022-05-21,"11","25  day ahead inc hosp",2022-06-15,"quantile",0.01,0
2022-05-21,"11","25  day ahead inc hosp",2022-06-15,"quantile",0.025,0
2022-05-21,"11","25  day ahead inc hosp",2022-06-15,"quantile",0.05,0
2022-05-21,"11","25  day ahead inc hosp",2022-06-15,"quantile",0.1,0
2022-05-21,"11","25  day ahead inc hosp",2022-06-15,"quantile",0.15,3.36265649388819
2022-05-21,"11","25  day ahead inc hosp",2022-06-15,"quantile",0.2,6.04815311061749
2022-05-21,"11","25  day ahead inc hosp",2022-06-15,"quantile",0.25,8.35207008661836
2022-05-21,"11","25  day ahead inc hosp",2022-06-15,"quantile",0.3,10.4210587366147
2022-05-21,"11","25  day ahead inc hosp",2022-06-15,"quantile",0.35,12.338285061784
2022-05-21,"11","25  day ahead inc hosp",2022-06-15,"quantile",0.4,14.1575453583985
2022-05-21,"11","25  day ahead inc hosp",2022-06-15,"quantile",0.45,15.9177007495009
2022-05-21,"11","25  day ahead inc hosp",2022-06-15,"quantile",0.5,17.649949541871
2022-05-21,"11","25  day ahead inc hosp",2022-06-15,"quantile",0.55,19.382198334241
2022-05-21,"11","25  day ahead inc hosp",2022-06-15,"quantile",0.6,21.1423537253434
2022-05-21,"11","25  day ahead inc hosp",2022-06-15,"quantile",0.65,22.9616140219579
2022-05-21,"11","25  day ahead inc hosp",2022-06-15,"quantile",0.7,24.8788403471272
2022-05-21,"11","25  day ahead inc hosp",2022-06-15,"quantile",0.75,26.9478289971235
2022-05-21,"11","25  day ahead inc hosp",2022-06-15,"quantile",0.8,29.2517459731244
2022-05-21,"11","25  day ahead inc hosp",2022-06-15,"quantile",0.85,31.9372425898537
2022-05-21,"11","25  day ahead inc hosp",2022-06-15,"quantile",0.9,35.3162105468157
2022-05-21,"11","25  day ahead inc hosp",2022-06-15,"quantile",0.95,40.3243500653537
2022-05-21,"11","25  day ahead inc hosp",2022-06-15,"quantile",0.975,44.6681642139133
2022-05-21,"11","25  day ahead inc hosp",2022-06-15,"quantile",0.99,49.7187869074896
2022-05-21,"11","26  day ahead inc hosp",2022-06-16,"quantile",0.01,0
2022-05-21,"11","26  day ahead inc hosp",2022-06-16,"quantile",0.025,0
2022-05-21,"11","26  day ahead inc hosp",2022-06-16,"quantile",0.05,0
2022-05-21,"11","26  day ahead inc hosp",2022-06-16,"quantile",0.1,0
2022-05-21,"11","26  day ahead inc hosp",2022-06-16,"quantile",0.15,3.24364243041843
2022-05-21,"11","26  day ahead inc hosp",2022-06-16,"quantile",0.2,5.95228671485016
2022-05-21,"11","26  day ahead inc hosp",2022-06-16,"quantile",0.25,8.2760623286323
2022-05-21,"11","26  day ahead inc hosp",2022-06-16,"quantile",0.3,10.3628846491133
2022-05-21,"11","26  day ahead inc hosp",2022-06-16,"quantile",0.35,12.2966365277347
2022-05-21,"11","26  day ahead inc hosp",2022-06-16,"quantile",0.4,14.1315779585379
2022-05-21,"11","26  day ahead inc hosp",2022-06-16,"quantile",0.45,15.9069050284441
2022-05-21,"11","26  day ahead inc hosp",2022-06-16,"quantile",0.5,17.6540849583826
2022-05-21,"11","26  day ahead inc hosp",2022-06-16,"quantile",0.55,19.401264888321
2022-05-21,"11","26  day ahead inc hosp",2022-06-16,"quantile",0.6,21.1765919582273
2022-05-21,"11","26  day ahead inc hosp",2022-06-16,"quantile",0.65,23.0115333890305
2022-05-21,"11","26  day ahead inc hosp",2022-06-16,"quantile",0.7,24.9452852676519
2022-05-21,"11","26  day ahead inc hosp",2022-06-16,"quantile",0.75,27.0321075881328
2022-05-21,"11","26  day ahead inc hosp",2022-06-16,"quantile",0.8,29.355883201915
2022-05-21,"11","26  day ahead inc hosp",2022-06-16,"quantile",0.85,32.0645274863467
2022-05-21,"11","26  day ahead inc hosp",2022-06-16,"quantile",0.9,35.4726204948755
2022-05-21,"11","26  day ahead inc hosp",2022-06-16,"quantile",0.95,40.5239277272213
2022-05-21,"11","26  day ahead inc hosp",2022-06-16,"quantile",0.975,44.9051834297361
2022-05-21,"11","26  day ahead inc hosp",2022-06-16,"quantile",0.99,49.9993400213158
2022-05-21,"11","27  day ahead inc hosp",2022-06-17,"quantile",0.01,0
2022-05-21,"11","27  day ahead inc hosp",2022-06-17,"quantile",0.025,0
2022-05-21,"11","27  day ahead inc hosp",2022-06-17,"quantile",0.05,0
2022-05-21,"11","27  day ahead inc hosp",2022-06-17,"quantile",0.1,0
2022-05-21,"11","27  day ahead inc hosp",2022-06-17,"quantile",0.15,3.13073887018498
2022-05-21,"11","27  day ahead inc hosp",2022-06-17,"quantile",0.2,5.861365613225
2022-05-21,"11","27  day ahead inc hosp",2022-06-17,"quantile",0.25,8.20400021913783
2022-05-21,"11","27  day ahead inc hosp",2022-06-17,"quantile",0.3,10.3077584974138
2022-05-21,"11","27  day ahead inc hosp",2022-06-17,"quantile",0.35,12.2572040648945
2022-05-21,"11","27  day ahead inc hosp",2022-06-17,"quantile",0.4,14.1070372717361
2022-05-21,"11","27  day ahead inc hosp",2022-06-17,"quantile",0.45,15.8967723073005
2022-05-21,"11","27  day ahead inc hosp",2022-06-17,"quantile",0.5,17.6581317700451
2022-05-21,"11","27  day ahead inc hosp",2022-06-17,"quantile",0.55,19.4194912327896
2022-05-21,"11","27  day ahead inc hosp",2022-06-17,"quantile",0.6,21.209226268354
2022-05-21,"11","27  day ahead inc hosp",2022-06-17,"quantile",0.65,23.0590594751956
2022-05-21,"11","27  day ahead inc hosp",2022-06-17,"quantile",0.7,25.0085050426763
2022-05-21,"11","27  day ahead inc hosp",2022-06-17,"quantile",0.75,27.1122633209523
2022-05-21,"11","27  day ahead inc hosp",2022-06-17,"quantile",0.8,29.4548979268651
2022-05-21,"11","27  day ahead inc hosp",2022-06-17,"quantile",0.85,32.1855246699051
2022-05-21,"11","27  day ahead inc hosp",2022-06-17,"quantile",0.9,35.6212766308936
2022-05-21,"11","27  day ahead inc hosp",2022-06-17,"quantile",0.95,40.7135785973176
2022-05-21,"11","27  day ahead inc hosp",2022-06-17,"quantile",0.975,45.1303911179375
2022-05-21,"11","27  day ahead inc hosp",2022-06-17,"quantile",0.99,50.2658901947827
2022-05-21,"11","28  day ahead inc hosp",2022-06-18,"quantile",0.01,0
2022-05-21,"11","28  day ahead inc hosp",2022-06-18,"quantile",0.025,0
2022-05-21,"11","28  day ahead inc hosp",2022-06-18,"quantile",0.05,0
2022-05-21,"11","28  day ahead inc hosp",2022-06-18,"quantile",0.1,0
2022-05-21,"11","28  day ahead inc hosp",2022-06-18,"quantile",0.15,3.02358219059844
2022-05-21,"11","28  day ahead inc hosp",2022-06-18,"quantile",0.2,5.77509488793103
2022-05-21,"11","28  day ahead inc hosp",2022-06-18,"quantile",0.25,8.13564778290626
2022-05-21,"11","28  day ahead inc hosp",2022-06-18,"quantile",0.3,10.2554972385483
2022-05-21,"11","28  day ahead inc hosp",2022-06-18,"quantile",0.35,12.2198536799234
2022-05-21,"11","28  day ahead inc hosp",2022-06-18,"quantile",0.4,14.0838358479533
2022-05-21,"11","28  day ahead inc hosp",2022-06-18,"quantile",0.45,15.887260167212
2022-05-21,"11","28  day ahead inc hosp",2022-06-18,"quantile",0.5,17.6620918752297
2022-05-21,"11","28  day ahead inc hosp",2022-06-18,"quantile",0.55,19.4369235832473
2022-05-21,"11","28  day ahead inc hosp",2022-06-18,"quantile",0.6,21.2403479025061
2022-05-21,"11","28  day ahead inc hosp",2022-06-18,"quantile",0.65,23.1043300705359
2022-05-21,"11","28  day ahead inc hosp",2022-06-18,"quantile",0.7,25.0686865119111
2022-05-21,"11","28  day ahead inc hosp",2022-06-18,"quantile",0.75,27.1885359675531
2022-05-21,"11","28  day ahead inc hosp",2022-06-18,"quantile",0.8,29.5490888625283
2022-05-21,"11","28  day ahead inc hosp",2022-06-18,"quantile",0.85,32.3006015598609
2022-05-21,"11","28  day ahead inc hosp",2022-06-18,"quantile",0.9,35.7626328205013
2022-05-21,"11","28  day ahead inc hosp",2022-06-18,"quantile",0.95,40.8938846677121
2022-05-21,"11","28  day ahead inc hosp",2022-06-18,"quantile",0.975,45.3444804011639
2022-05-21,"11","28  day ahead inc hosp",2022-06-18,"quantile",0.99,50.5192597638489
2022-05-21,"11","29  day ahead inc hosp",2022-06-19,"quantile",0.01,0
2022-05-21,"11","29  day ahead inc hosp",2022-06-19,"quantile",0.025,0
2022-05-21,"11","29  day ahead inc hosp",2022-06-19,"quantile",0.05,0
2022-05-21,"11","29  day ahead inc hosp",2022-06-19,"quantile",0.1,0
2022-05-21,"11","29  day ahead inc hosp",2022-06-19,"quantile",0.15,2.71616315488103
2022-05-21,"11","29  day ahead inc hosp",2022-06-19,"quantile",0.2,5.48752886202687
2022-05-21,"11","29  day ahead inc hosp",2022-06-19,"quantile",0.25,7.86511387167635
2022-05-21,"11","29  day ahead inc hosp",2022-06-19,"quantile",0.3,10.0002586926955
2022-05-21,"11","29  day ahead inc hosp",2022-06-19,"quantile",0.35,11.9787885695577
2022-05-21,"11","29  day ahead inc hosp",2022-06-19,"quantile",0.4,13.8562199418414
2022-05-21,"11","29  day ahead inc hosp",2022-06-19,"quantile",0.45,15.6726565218621
2022-05-21,"11","29  day ahead inc hosp",2022-06-19,"quantile",0.5,17.4602941861635
2022-05-21,"11","29  day ahead inc hosp",2022-06-19,"quantile",0.55,19.2479318504649
2022-05-21,"11","29  day ahead inc hosp",2022-06-19,"quantile",0.6,21.0643684304857
2022-05-21,"11","29  day ahead inc hosp",2022-06-19,"quantile",0.65,22.9417998027694
2022-05-21,"11","29  day ahead inc hosp",2022-06-19,"quantile",0.7,24.9203296796316
2022-05-21,"11","29  day ahead inc hosp",2022-06-19,"quantile",0.75,27.0554745006507
2022-05-21,"11","29  day ahead inc hosp",2022-06-19,"quantile",0.8,29.4330595103002
2022-05-21,"11","29  day ahead inc hosp",2022-06-19,"quantile",0.85,32.204425217446
2022-05-21,"11","29  day ahead inc hosp",2022-06-19,"quantile",0.9,35.6914360977181
2022-05-21,"11","29  day ahead inc hosp",2022-06-19,"quantile",0.95,40.8597115041427
2022-05-21,"11","29  day ahead inc hosp",2022-06-19,"quantile",0.975,45.3424196537417
2022-05-21,"11","29  day ahead inc hosp",2022-06-19,"quantile",0.99,50.5545366400431
2022-05-21,"11","30  day ahead inc hosp",2022-06-20,"quantile",0.01,0
2022-05-21,"11","30  day ahead inc hosp",2022-06-20,"quantile",0.025,0
2022-05-21,"11","30  day ahead inc hosp",2022-06-20,"quantile",0.05,0
2022-05-21,"11","30  day ahead inc hosp",2022-06-20,"quantile",0.1,0
2022-05-21,"11","30  day ahead inc hosp",2022-06-20,"quantile",0.15,2.61951599255794
2022-05-21,"11","30  day ahead inc hosp",2022-06-20,"quantile",0.2,5.40976068785588
2022-05-21,"11","30  day ahead inc hosp",2022-06-20,"quantile",0.25,7.80354218832288
2022-05-21,"11","30  day ahead inc hosp",2022-06-20,"quantile",0.3,9.95323195866973
2022-05-21,"11","30  day ahead inc hosp",2022-06-20,"quantile",0.35,11.9452398987148
2022-05-21,"11","30  day ahead inc hosp",2022-06-20,"quantile",0.4,13.8354606349365
2022-05-21,"11","30  day ahead inc hosp",2022-06-20,"quantile",0.45,15.6642710725772
2022-05-21,"11","30  day ahead inc hosp",2022-06-20,"quantile",0.5,17.464086411661
2022-05-21,"11","30  day ahead inc hosp",2022-06-20,"quantile",0.55,19.2639017507447
2022-05-21,"11","30  day ahead inc hosp",2022-06-20,"quantile",0.6,21.0927121883855
2022-05-21,"11","30  day ahead inc hosp",2022-06-20,"quantile",0.65,22.9829329246072
2022-05-21,"11","30  day ahead inc hosp",2022-06-20,"quantile",0.7,24.9749408646523
2022-05-21,"11","30  day ahead inc hosp",2022-06-20,"quantile",0.75,27.1246306349991
2022-05-21,"11","30  day ahead inc hosp",2022-06-20,"quantile",0.8,29.5184121354661
2022-05-21,"11","30  day ahead inc hosp",2022-06-20,"quantile",0.85,32.308656830764
2022-05-21,"11","30  day ahead inc hosp",2022-06-20,"quantile",0.9,35.8194217890076
2022-05-21,"11","30  day ahead inc hosp",2022-06-20,"quantile",0.95,41.0229043172901
2022-05-21,"11","30  day ahead inc hosp",2022-06-20,"quantile",0.975,45.5361493945228
2022-05-21,"11","30  day ahead inc hosp",2022-06-20,"quantile",0.99,50.7837721585634
2022-05-21,"11","31  day ahead inc hosp",2022-06-21,"quantile",0.01,0
2022-05-21,"11","31  day ahead inc hosp",2022-06-21,"quantile",0.025,0
2022-05-21,"11","31  day ahead inc hosp",2022-06-21,"quantile",0.05,0
2022-05-21,"11","31  day ahead inc hosp",2022-06-21,"quantile",0.1,0
2022-05-21,"11","31  day ahead inc hosp",2022-06-21,"quantile",0.15,2.52767836701148
2022-05-21,"11","31  day ahead inc hosp",2022-06-21,"quantile",0.2,5.33588275831927
2022-05-21,"11","31  day ahead inc hosp",2022-06-21,"quantile",0.25,7.74507207880107
2022-05-21,"11","31  day ahead inc hosp",2022-06-21,"quantile",0.3,9.90859854771989
2022-05-21,"11","31  day ahead inc hosp",2022-06-21,"quantile",0.35,11.9134282510722
2022-05-21,"11","31  day ahead inc hosp",2022-06-21,"quantile",0.4,13.8158155868295
2022-05-21,"11","31  day ahead inc hosp",2022-06-21,"quantile",0.45,15.6563973503239
2022-05-21,"11","31  day ahead inc hosp",2022-06-21,"quantile",0.5,17.4677973853371
2022-05-21,"11","31  day ahead inc hosp",2022-06-21,"quantile",0.55,19.2791974203503
2022-05-21,"11","31  day ahead inc hosp",2022-06-21,"quantile",0.6,21.1197791838447
2022-05-21,"11","31  day ahead inc hosp",2022-06-21,"quantile",0.65,23.0221665196019
2022-05-21,"11","31  day ahead inc hosp",2022-06-21,"quantile",0.7,25.0269962229543
2022-05-21,"11","31  day ahead inc hosp",2022-06-21,"quantile",0.75,27.1905226918731
2022-05-21,"11","31  day ahead inc hosp",2022-06-21,"quantile",0.8,29.5997120123549
2022-05-21,"11","31  day ahead inc hosp",2022-06-21,"quantile",0.85,32.4079164036627
2022-05-21,"11","31  day ahead inc hosp",2022-06-21,"quantile",0.9,35.9412787604492
2022-05-21,"11","31  day ahead inc hosp",2022-06-21,"quantile",0.95,41.1782540374351
2022-05-21,"11","31  day ahead inc hosp",2022-06-21,"quantile",0.975,45.7205490792611
2022-05-21,"11","31  day ahead inc hosp",2022-06-21,"quantile",0.99,51.0019487051573
2022-05-21,"11","32  day ahead inc hosp",2022-06-22,"quantile",0.01,0
2022-05-21,"11","32  day ahead inc hosp",2022-06-22,"quantile",0.025,0
2022-05-21,"11","32  day ahead inc hosp",2022-06-22,"quantile",0.05,0
2022-05-21,"11","32  day ahead inc hosp",2022-06-22,"quantile",0.1,0
2022-05-21,"11","32  day ahead inc hosp",2022-06-22,"quantile",0.15,2.44038108663265
2022-05-21,"11","32  day ahead inc hosp",2022-06-22,"quantile",0.2,5.26567680736106
2022-05-21,"11","32  day ahead inc hosp",2022-06-22,"quantile",0.25,7.68952896664493
2022-05-21,"11","32  day ahead inc hosp",2022-06-22,"quantile",0.3,9.86622311798209
2022-05-21,"11","32  day ahead inc hosp",2022-06-22,"quantile",0.35,11.883254641472
2022-05-21,"11","32  day ahead inc hosp",2022-06-22,"quantile",0.4,13.7972203113212
2022-05-21,"11","32  day ahead inc hosp",2022-06-22,"quantile",0.45,15.6490042470445
2022-05-21,"11","32  day ahead inc hosp",2022-06-22,"quantile",0.5,17.4714288480782
2022-05-21,"11","32  day ahead inc hosp",2022-06-22,"quantile",0.55,19.2938534491119
2022-05-21,"11","32  day ahead inc hosp",2022-06-22,"quantile",0.6,21.1456373848352
2022-05-21,"11","32  day ahead inc hosp",2022-06-22,"quantile",0.65,23.0596030546844
2022-05-21,"11","32  day ahead inc hosp",2022-06-22,"quantile",0.7,25.0766345781743
2022-05-21,"11","32  day ahead inc hosp",2022-06-22,"quantile",0.75,27.2533287295115
2022-05-21,"11","32  day ahead inc hosp",2022-06-22,"quantile",0.8,29.6771808887953
2022-05-21,"11","32  day ahead inc hosp",2022-06-22,"quantile",0.85,32.5024766095238
2022-05-21,"11","32  day ahead inc hosp",2022-06-22,"quantile",0.9,36.057343761399
2022-05-21,"11","32  day ahead inc hosp",2022-06-22,"quantile",0.95,41.3261923841797
2022-05-21,"11","32  day ahead inc hosp",2022-06-22,"quantile",0.975,45.8961328000838
2022-05-21,"11","32  day ahead inc hosp",2022-06-22,"quantile",0.99,51.2096761478143
2022-05-21,"11","33  day ahead inc hosp",2022-06-23,"quantile",0.01,0
2022-05-21,"11","33  day ahead inc hosp",2022-06-23,"quantile",0.025,0
2022-05-21,"11","33  day ahead inc hosp",2022-06-23,"quantile",0.05,0
2022-05-21,"11","33  day ahead inc hosp",2022-06-23,"quantile",0.1,0
2022-05-21,"11","33  day ahead inc hosp",2022-06-23,"quantile",0.15,2.35737333516128
2022-05-21,"11","33  day ahead inc hosp",2022-06-23,"quantile",0.2,5.19893948336004
2022-05-21,"11","33  day ahead inc hosp",2022-06-23,"quantile",0.25,7.63675022066712
2022-05-21,"11","33  day ahead inc hosp",2022-06-23,"quantile",0.3,9.82597960647714
2022-05-21,"11","33  day ahead inc hosp",2022-06-23,"quantile",0.35,11.8546268928295
2022-05-21,"11","33  day ahead inc hosp",2022-06-23,"quantile",0.4,13.7796147857273
2022-05-21,"11","33  day ahead inc hosp",2022-06-23,"quantile",0.45,15.6420628498092
2022-05-21,"11","33  day ahead inc hosp",2022-06-23,"quantile",0.5,17.4749825034754
2022-05-21,"11","33  day ahead inc hosp",2022-06-23,"quantile",0.55,19.3079021571415
2022-05-21,"11","33  day ahead inc hosp",2022-06-23,"quantile",0.6,21.1703502212234
2022-05-21,"11","33  day ahead inc hosp",2022-06-23,"quantile",0.65,23.0953381141212
2022-05-21,"11","33  day ahead inc hosp",2022-06-23,"quantile",0.7,25.1239854004736
2022-05-21,"11","33  day ahead inc hosp",2022-06-23,"quantile",0.75,27.3132147862836
2022-05-21,"11","33  day ahead inc hosp",2022-06-23,"quantile",0.8,29.7510255235907
2022-05-21,"11","33  day ahead inc hosp",2022-06-23,"quantile",0.85,32.5925916717894
2022-05-21,"11","33  day ahead inc hosp",2022-06-23,"quantile",0.9,36.1679307366531
2022-05-21,"11","33  day ahead inc hosp",2022-06-23,"quantile",0.95,41.467121818363
2022-05-21,"11","33  day ahead inc hosp",2022-06-23,"quantile",0.975,46.0633797922967
2022-05-21,"11","33  day ahead inc hosp",2022-06-23,"quantile",0.99,51.4075229887494
2022-05-21,"11","34  day ahead inc hosp",2022-06-24,"quantile",0.01,0
2022-05-21,"11","34  day ahead inc hosp",2022-06-24,"quantile",0.025,0
2022-05-21,"11","34  day ahead inc hosp",2022-06-24,"quantile",0.05,0
2022-05-21,"11","34  day ahead inc hosp",2022-06-24,"quantile",0.1,0
2022-05-21,"11","34  day ahead inc hosp",2022-06-24,"quantile",0.15,2.27842105796084
2022-05-21,"11","34  day ahead inc hosp",2022-06-24,"quantile",0.2,5.13548103887671
2022-05-21,"11","34  day ahead inc hosp",2022-06-24,"quantile",0.25,7.58658410505805
2022-05-21,"11","34  day ahead inc hosp",2022-06-24,"quantile",0.3,9.78775041301383
2022-05-21,"11","34  day ahead inc hosp",2022-06-24,"quantile",0.35,11.8274590366913
2022-05-21,"11","34  day ahead inc hosp",2022-06-24,"quantile",0.4,13.76294305702
2022-05-21,"11","34  day ahead inc hosp",2022-06-24,"quantile",0.45,15.6355462458621
2022-05-21,"11","34  day ahead inc hosp",2022-06-24,"quantile",0.5,17.478460018622
2022-05-21,"11","34  day ahead inc hosp",2022-06-24,"quantile",0.55,19.3213737913818
2022-05-21,"11","34  day ahead inc hosp",2022-06-24,"quantile",0.6,21.1939769802239
2022-05-21,"11","34  day ahead inc hosp",2022-06-24,"quantile",0.65,23.1294610005526
2022-05-21,"11","34  day ahead inc hosp",2022-06-24,"quantile",0.7,25.1691696242301
2022-05-21,"11","34  day ahead inc hosp",2022-06-24,"quantile",0.75,27.3703359321859
2022-05-21,"11","34  day ahead inc hosp",2022-06-24,"quantile",0.8,29.8214389983672
2022-05-21,"11","34  day ahead inc hosp",2022-06-24,"quantile",0.85,32.6784989792831
2022-05-21,"11","34  day ahead inc hosp",2022-06-24,"quantile",0.9,36.2733328236059
2022-05-21,"11","34  day ahead inc hosp",2022-06-24,"quantile",0.95,41.6014181051599
2022-05-21,"11","34  day ahead inc hosp",2022-06-24,"quantile",0.975,46.2227374883512
2022-05-21,"11","34  day ahead inc hosp",2022-06-24,"quantile",0.99,51.5960199891114
2022-05-21,"11","35  day ahead inc hosp",2022-06-25,"quantile",0.01,0
2022-05-21,"11","35  day ahead inc hosp",2022-06-25,"quantile",0.025,0
2022-05-21,"11","35  day ahead inc hosp",2022-06-25,"quantile",0.05,0
2022-05-21,"11","35  day ahead inc hosp",2022-06-25,"quantile",0.1,0
2022-05-21,"11","35  day ahead inc hosp",2022-06-25,"quantile",0.15,2.2033055292302
2022-05-21,"11","35  day ahead inc hosp",2022-06-25,"quantile",0.2,5.07512416732379
2022-05-21,"11","35  day ahead inc hosp",2022-06-25,"quantile",0.25,7.53888884722786
2022-05-21,"11","35  day ahead inc hosp",2022-06-25,"quantile",0.3,9.75142567563029
2022-05-21,"11","35  day ahead inc hosp",2022-06-25,"quantile",0.35,11.8016707810479
2022-05-21,"11","35  day ahead inc hosp",2022-06-25,"quantile",0.4,13.7471528921831
2022-05-21,"11","35  day ahead inc hosp",2022-06-25,"quantile",0.45,15.6294293495876
2022-05-21,"11","35  day ahead inc hosp",2022-06-25,"quantile",0.5,17.4818630248913
2022-05-21,"11","35  day ahead inc hosp",2022-06-25,"quantile",0.55,19.334296700195
2022-05-21,"11","35  day ahead inc hosp",2022-06-25,"quantile",0.6,21.2165731575994
2022-05-21,"11","35  day ahead inc hosp",2022-06-25,"quantile",0.65,23.1620552687347
2022-05-21,"11","35  day ahead inc hosp",2022-06-25,"quantile",0.7,25.2123003741522
2022-05-21,"11","35  day ahead inc hosp",2022-06-25,"quantile",0.75,27.4248372025547
2022-05-21,"11","35  day ahead inc hosp",2022-06-25,"quantile",0.8,29.8886018824587
2022-05-21,"11","35  day ahead inc hosp",2022-06-25,"quantile",0.85,32.7604205205523
2022-05-21,"11","35  day ahead inc hosp",2022-06-25,"quantile",0.9,36.373824125634
2022-05-21,"11","35  day ahead inc hosp",2022-06-25,"quantile",0.95,41.7294325899736
2022-05-21,"11","35  day ahead inc hosp",2022-06-25,"quantile",0.975,46.3746242295896
2022-05-21,"11","35  day ahead inc hosp",2022-06-25,"quantile",0.99,51.7756633874999
2022-05-21,"11","36  day ahead inc hosp",2022-06-26,"quantile",0.01,0
2022-05-21,"11","36  day ahead inc hosp",2022-06-26,"quantile",0.025,0
2022-05-21,"11","36  day ahead inc hosp",2022-06-26,"quantile",0.05,0
2022-05-21,"11","36  day ahead inc hosp",2022-06-26,"quantile",0.1,0
2022-05-21,"11","36  day ahead inc hosp",2022-06-26,"quantile",0.15,1.97992437210258
2022-05-21,"11","36  day ahead inc hosp",2022-06-26,"quantile",0.2,4.86580526316338
2022-05-21,"11","36  day ahead inc hosp",2022-06-26,"quantile",0.25,7.34163410398657
2022-05-21,"11","36  day ahead inc hosp",2022-06-26,"quantile",0.3,9.56500492175294
2022-05-21,"11","36  day ahead inc hosp",2022-06-26,"quantile",0.35,11.6252893329034
2022-05-21,"11","36  day ahead inc hosp",2022-06-26,"quantile",0.4,13.5802977634333
2022-05-21,"11","36  day ahead inc hosp",2022-06-26,"quantile",0.45,15.4717910450992
2022-05-21,"11","36  day ahead inc hosp",2022-06-26,"quantile",0.5,17.3332954153979
2022-05-21,"11","36  day ahead inc hosp",2022-06-26,"quantile",0.55,19.1947997856966
2022-05-21,"11","36  day ahead inc hosp",2022-06-26,"quantile",0.6,21.0862930673626
2022-05-21,"11","36  day ahead inc hosp",2022-06-26,"quantile",0.65,23.0413014978925
2022-05-21,"11","36  day ahead inc hosp",2022-06-26,"quantile",0.7,25.1015859090429
2022-05-21,"11","36  day ahead inc hosp",2022-06-26,"quantile",0.75,27.3249567268093
2022-05-21,"11","36  day ahead inc hosp",2022-06-26,"quantile",0.8,29.8007855676325
2022-05-21,"11","36  day ahead inc hosp",2022-06-26,"quantile",0.85,32.6866664586933
2022-05-21,"11","36  day ahead inc hosp",2022-06-26,"quantile",0.9,36.3177635890183
2022-05-21,"11","36  day ahead inc hosp",2022-06-26,"quantile",0.95,41.6995965231136
2022-05-21,"11","36  day ahead inc hosp",2022-06-26,"quantile",0.975,46.3675339792833
2022-05-21,"11","36  day ahead inc hosp",2022-06-26,"quantile",0.99,51.7950200645577
2022-05-21,"11","37  day ahead inc hosp",2022-06-27,"quantile",0.01,0
2022-05-21,"11","37  day ahead inc hosp",2022-06-27,"quantile",0.025,0
2022-05-21,"11","37  day ahead inc hosp",2022-06-27,"quantile",0.05,0
2022-05-21,"11","37  day ahead inc hosp",2022-06-27,"quantile",0.1,0
2022-05-21,"11","37  day ahead inc hosp",2022-06-27,"quantile",0.15,1.91188123065142
2022-05-21,"11","37  day ahead inc hosp",2022-06-27,"quantile",0.2,4.81116430856048
2022-05-21,"11","37  day ahead inc hosp",2022-06-27,"quantile",0.25,7.29849103234613
2022-05-21,"11","37  day ahead inc hosp",2022-06-27,"quantile",0.3,9.5321873043698
2022-05-21,"11","37  day ahead inc hosp",2022-06-27,"quantile",0.35,11.6020397876899
2022-05-21,"11","37  day ahead inc hosp",2022-06-27,"quantile",0.4,13.5661273830451
2022-05-21,"11","37  day ahead inc hosp",2022-06-27,"quantile",0.45,15.4664048617517
2022-05-21,"11","37  day ahead inc hosp",2022-06-27,"quantile",0.5,17.3365541589658
2022-05-21,"11","37  day ahead inc hosp",2022-06-27,"quantile",0.55,19.2067034561798
2022-05-21,"11","37  day ahead inc hosp",2022-06-27,"quantile",0.6,21.1069809348865
2022-05-21,"11","37  day ahead inc hosp",2022-06-27,"quantile",0.65,23.0710685302416
2022-05-21,"11","37  day ahead inc hosp",2022-06-27,"quantile",0.7,25.1409210135617
2022-05-21,"11","37  day ahead inc hosp",2022-06-27,"quantile",0.75,27.3746172855854
2022-05-21,"11","37  day ahead inc hosp",2022-06-27,"quantile",0.8,29.8619440093711
2022-05-21,"11","37  day ahead inc hosp",2022-06-27,"quantile",0.85,32.7612270872801
2022-05-21,"11","37  day ahead inc hosp",2022-06-27,"quantile",0.9,36.4091872289496
2022-05-21,"11","37  day ahead inc hosp",2022-06-27,"quantile",0.95,41.8160136860945
2022-05-21,"11","37  day ahead inc hosp",2022-06-27,"quantile",0.975,46.5056292961261
2022-05-21,"11","37  day ahead inc hosp",2022-06-27,"quantile",0.99,51.9583209201518
2022-05-21,"12","1  day ahead inc hosp",2022-05-22,"quantile",0.01,217.611971052732
2022-05-21,"12","1  day ahead inc hosp",2022-05-22,"quantile",0.025,241.032489698551
2022-05-21,"12","1  day ahead inc hosp",2022-05-22,"quantile",0.05,261.175427794026
2022-05-21,"12","1  day ahead inc hosp",2022-05-22,"quantile",0.1,284.398945386018
2022-05-21,"12","1  day ahead inc hosp",2022-05-22,"quantile",0.15,300.067742451438
2022-05-21,"12","1  day ahead inc hosp",2022-05-22,"quantile",0.2,312.520805648059
2022-05-21,"12","1  day ahead inc hosp",2022-05-22,"quantile",0.25,323.204425028987
2022-05-21,"12","1  day ahead inc hosp",2022-05-22,"quantile",0.3,332.798645424198
2022-05-21,"12","1  day ahead inc hosp",2022-05-22,"quantile",0.35,341.689120445029
2022-05-21,"12","1  day ahead inc hosp",2022-05-22,"quantile",0.4,350.125311838349
2022-05-21,"12","1  day ahead inc hosp",2022-05-22,"quantile",0.45,358.287424642635
2022-05-21,"12","1  day ahead inc hosp",2022-05-22,"quantile",0.5,366.320130232086
2022-05-21,"12","1  day ahead inc hosp",2022-05-22,"quantile",0.55,374.352835821537
2022-05-21,"12","1  day ahead inc hosp",2022-05-22,"quantile",0.6,382.514948625823
2022-05-21,"12","1  day ahead inc hosp",2022-05-22,"quantile",0.65,390.951140019143
2022-05-21,"12","1  day ahead inc hosp",2022-05-22,"quantile",0.7,399.841615039974
2022-05-21,"12","1  day ahead inc hosp",2022-05-22,"quantile",0.75,409.435835435185
2022-05-21,"12","1  day ahead inc hosp",2022-05-22,"quantile",0.8,420.119454816113
2022-05-21,"12","1  day ahead inc hosp",2022-05-22,"quantile",0.85,432.572518012734
2022-05-21,"12","1  day ahead inc hosp",2022-05-22,"quantile",0.9,448.241315078154
2022-05-21,"12","1  day ahead inc hosp",2022-05-22,"quantile",0.95,471.464832670145
2022-05-21,"12","1  day ahead inc hosp",2022-05-22,"quantile",0.975,491.607770765621
2022-05-21,"12","1  day ahead inc hosp",2022-05-22,"quantile",0.99,515.02828941144
2022-05-21,"12","2  day ahead inc hosp",2022-05-23,"quantile",0.01,174.194733815902
2022-05-21,"12","2  day ahead inc hosp",2022-05-23,"quantile",0.025,207.115131556848
2022-05-21,"12","2  day ahead inc hosp",2022-05-23,"quantile",0.05,235.428489762205
2022-05-21,"12","2  day ahead inc hosp",2022-05-23,"quantile",0.1,268.071978475413
2022-05-21,"12","2  day ahead inc hosp",2022-05-23,"quantile",0.15,290.096385334903
2022-05-21,"12","2  day ahead inc hosp",2022-05-23,"quantile",0.2,307.600685718921
2022-05-21,"12","2  day ahead inc hosp",2022-05-23,"quantile",0.25,322.617816835948
2022-05-21,"12","2  day ahead inc hosp",2022-05-23,"quantile",0.3,336.103664702987
2022-05-21,"12","2  day ahead inc hosp",2022-05-23,"quantile",0.35,348.600312544897
2022-05-21,"12","2  day ahead inc hosp",2022-05-23,"quantile",0.4,360.458409297013
2022-05-21,"12","2  day ahead inc hosp",2022-05-23,"quantile",0.45,371.931255137322
2022-05-21,"12","2  day ahead inc hosp",2022-05-23,"quantile",0.5,383.222203341318
2022-05-21,"12","2  day ahead inc hosp",2022-05-23,"quantile",0.55,394.513151545314
2022-05-21,"12","2  day ahead inc hosp",2022-05-23,"quantile",0.6,405.985997385622
2022-05-21,"12","2  day ahead inc hosp",2022-05-23,"quantile",0.65,417.844094137738
2022-05-21,"12","2  day ahead inc hosp",2022-05-23,"quantile",0.7,430.340741979649
2022-05-21,"12","2  day ahead inc hosp",2022-05-23,"quantile",0.75,443.826589846688
2022-05-21,"12","2  day ahead inc hosp",2022-05-23,"quantile",0.8,458.843720963715
2022-05-21,"12","2  day ahead inc hosp",2022-05-23,"quantile",0.85,476.348021347732
2022-05-21,"12","2  day ahead inc hosp",2022-05-23,"quantile",0.9,498.372428207223
2022-05-21,"12","2  day ahead inc hosp",2022-05-23,"quantile",0.95,531.01591692043
2022-05-21,"12","2  day ahead inc hosp",2022-05-23,"quantile",0.975,559.329275125787
2022-05-21,"12","2  day ahead inc hosp",2022-05-23,"quantile",0.99,592.249672866734
2022-05-21,"12","3  day ahead inc hosp",2022-05-24,"quantile",0.01,151.494505685905
2022-05-21,"12","3  day ahead inc hosp",2022-05-24,"quantile",0.025,191.569655392318
2022-05-21,"12","3  day ahead inc hosp",2022-05-24,"quantile",0.05,226.036495000387
2022-05-21,"12","3  day ahead inc hosp",2022-05-24,"quantile",0.1,265.77455367804
2022-05-21,"12","3  day ahead inc hosp",2022-05-24,"quantile",0.15,292.585633210996
2022-05-21,"12","3  day ahead inc hosp",2022-05-24,"quantile",0.2,313.894229295272
2022-05-21,"12","3  day ahead inc hosp",2022-05-24,"quantile",0.25,332.175107382209
2022-05-21,"12","3  day ahead inc hosp",2022-05-24,"quantile",0.3,348.591900898567
2022-05-21,"12","3  day ahead inc hosp",2022-05-24,"quantile",0.35,363.804506682792
2022-05-21,"12","3  day ahead inc hosp",2022-05-24,"quantile",0.4,378.239781928058
2022-05-21,"12","3  day ahead inc hosp",2022-05-24,"quantile",0.45,392.206077785932
2022-05-21,"12","3  day ahead inc hosp",2022-05-24,"quantile",0.5,405.950943299501
2022-05-21,"12","3  day ahead inc hosp",2022-05-24,"quantile",0.55,419.695808813071
2022-05-21,"12","3  day ahead inc hosp",2022-05-24,"quantile",0.6,433.662104670945
2022-05-21,"12","3  day ahead inc hosp",2022-05-24,"quantile",0.65,448.097379916211
2022-05-21,"12","3  day ahead inc hosp",2022-05-24,"quantile",0.7,463.309985700436
2022-05-21,"12","3  day ahead inc hosp",2022-05-24,"quantile",0.75,479.726779216794
2022-05-21,"12","3  day ahead inc hosp",2022-05-24,"quantile",0.8,498.007657303731
2022-05-21,"12","3  day ahead inc hosp",2022-05-24,"quantile",0.85,519.316253388007
2022-05-21,"12","3  day ahead inc hosp",2022-05-24,"quantile",0.9,546.127332920963
2022-05-21,"12","3  day ahead inc hosp",2022-05-24,"quantile",0.95,585.865391598616
2022-05-21,"12","3  day ahead inc hosp",2022-05-24,"quantile",0.975,620.332231206685
2022-05-21,"12","3  day ahead inc hosp",2022-05-24,"quantile",0.99,660.407380913098
2022-05-21,"12","4  day ahead inc hosp",2022-05-25,"quantile",0.01,116.845346504498
2022-05-21,"12","4  day ahead inc hosp",2022-05-25,"quantile",0.025,162.841324006984
2022-05-21,"12","4  day ahead inc hosp",2022-05-25,"quantile",0.05,202.40040215912
2022-05-21,"12","4  day ahead inc hosp",2022-05-25,"quantile",0.1,248.009485751322
2022-05-21,"12","4  day ahead inc hosp",2022-05-25,"quantile",0.15,278.78171792137
2022-05-21,"12","4  day ahead inc hosp",2022-05-25,"quantile",0.2,303.238512550514
2022-05-21,"12","4  day ahead inc hosp",2022-05-25,"quantile",0.25,324.220264668033
2022-05-21,"12","4  day ahead inc hosp",2022-05-25,"quantile",0.3,343.062526537875
2022-05-21,"12","4  day ahead inc hosp",2022-05-25,"quantile",0.35,360.522690218647
2022-05-21,"12","4  day ahead inc hosp",2022-05-25,"quantile",0.4,377.09067811857
2022-05-21,"12","4  day ahead inc hosp",2022-05-25,"quantile",0.45,393.120398151507
2022-05-21,"12","4  day ahead inc hosp",2022-05-25,"quantile",0.5,408.895973029413
2022-05-21,"12","4  day ahead inc hosp",2022-05-25,"quantile",0.55,424.671547907319
2022-05-21,"12","4  day ahead inc hosp",2022-05-25,"quantile",0.6,440.701267940257
2022-05-21,"12","4  day ahead inc hosp",2022-05-25,"quantile",0.65,457.269255840179
2022-05-21,"12","4  day ahead inc hosp",2022-05-25,"quantile",0.7,474.729419520951
2022-05-21,"12","4  day ahead inc hosp",2022-05-25,"quantile",0.75,493.571681390793
2022-05-21,"12","4  day ahead inc hosp",2022-05-25,"quantile",0.8,514.553433508313
2022-05-21,"12","4  day ahead inc hosp",2022-05-25,"quantile",0.85,539.010228137456
2022-05-21,"12","4  day ahead inc hosp",2022-05-25,"quantile",0.9,569.782460307505
2022-05-21,"12","4  day ahead inc hosp",2022-05-25,"quantile",0.95,615.391543899707
2022-05-21,"12","4  day ahead inc hosp",2022-05-25,"quantile",0.975,654.950622051842
2022-05-21,"12","4  day ahead inc hosp",2022-05-25,"quantile",0.99,700.946599554329
2022-05-21,"12","5  day ahead inc hosp",2022-05-26,"quantile",0.01,82.3213653943427
2022-05-21,"12","5  day ahead inc hosp",2022-05-26,"quantile",0.025,133.437860648951
2022-05-21,"12","5  day ahead inc hosp",2022-05-26,"quantile",0.05,177.400866555956
2022-05-21,"12","5  day ahead inc hosp",2022-05-26,"quantile",0.1,228.087396804862
2022-05-21,"12","5  day ahead inc hosp",2022-05-26,"quantile",0.15,262.285358128957
2022-05-21,"12","5  day ahead inc hosp",2022-05-26,"quantile",0.2,289.464813691912
2022-05-21,"12","5  day ahead inc hosp",2022-05-26,"quantile",0.25,312.782366460316
2022-05-21,"12","5  day ahead inc hosp",2022-05-26,"quantile",0.3,333.722249505606
2022-05-21,"12","5  day ahead inc hosp",2022-05-26,"quantile",0.35,353.126171813477
2022-05-21,"12","5  day ahead inc hosp",2022-05-26,"quantile",0.4,371.538596569947
2022-05-21,"12","5  day ahead inc hosp",2022-05-26,"quantile",0.45,389.352830607087
2022-05-21,"12","5  day ahead inc hosp",2022-05-26,"quantile",0.5,406.884626693856
2022-05-21,"12","5  day ahead inc hosp",2022-05-26,"quantile",0.55,424.416422780624
2022-05-21,"12","5  day ahead inc hosp",2022-05-26,"quantile",0.6,442.230656817765
2022-05-21,"12","5  day ahead inc hosp",2022-05-26,"quantile",0.65,460.643081574234
2022-05-21,"12","5  day ahead inc hosp",2022-05-26,"quantile",0.7,480.047003882105
2022-05-21,"12","5  day ahead inc hosp",2022-05-26,"quantile",0.75,500.986886927396
2022-05-21,"12","5  day ahead inc hosp",2022-05-26,"quantile",0.8,524.304439695799
2022-05-21,"12","5  day ahead inc hosp",2022-05-26,"quantile",0.85,551.483895258754
2022-05-21,"12","5  day ahead inc hosp",2022-05-26,"quantile",0.9,585.681856582849
2022-05-21,"12","5  day ahead inc hosp",2022-05-26,"quantile",0.95,636.368386831756
2022-05-21,"12","5  day ahead inc hosp",2022-05-26,"quantile",0.975,680.331392738761
2022-05-21,"12","5  day ahead inc hosp",2022-05-26,"quantile",0.99,731.447887993369
2022-05-21,"12","6  day ahead inc hosp",2022-05-27,"quantile",0.01,61.7768443619155
2022-05-21,"12","6  day ahead inc hosp",2022-05-27,"quantile",0.025,117.437558984548
2022-05-21,"12","6  day ahead inc hosp",2022-05-27,"quantile",0.05,165.308844242946
2022-05-21,"12","6  day ahead inc hosp",2022-05-27,"quantile",0.1,220.501370282601
2022-05-21,"12","6  day ahead inc hosp",2022-05-27,"quantile",0.15,257.73950557445
2022-05-21,"12","6  day ahead inc hosp",2022-05-27,"quantile",0.2,287.335195031501
2022-05-21,"12","6  day ahead inc hosp",2022-05-27,"quantile",0.25,312.725661335492
2022-05-21,"12","6  day ahead inc hosp",2022-05-27,"quantile",0.3,335.527084801827
2022-05-21,"12","6  day ahead inc hosp",2022-05-27,"quantile",0.35,356.656001734777
2022-05-21,"12","6  day ahead inc hosp",2022-05-27,"quantile",0.4,376.705277702855
2022-05-21,"12","6  day ahead inc hosp",2022-05-27,"quantile",0.45,396.10318423035
2022-05-21,"12","6  day ahead inc hosp",2022-05-27,"quantile",0.5,415.193544278457
2022-05-21,"12","6  day ahead inc hosp",2022-05-27,"quantile",0.55,434.283904326564
2022-05-21,"12","6  day ahead inc hosp",2022-05-27,"quantile",0.6,453.68181085406
2022-05-21,"12","6  day ahead inc hosp",2022-05-27,"quantile",0.65,473.731086822137
2022-05-21,"12","6  day ahead inc hosp",2022-05-27,"quantile",0.7,494.860003755087
2022-05-21,"12","6  day ahead inc hosp",2022-05-27,"quantile",0.75,517.661427221422
2022-05-21,"12","6  day ahead inc hosp",2022-05-27,"quantile",0.8,543.051893525413
2022-05-21,"12","6  day ahead inc hosp",2022-05-27,"quantile",0.85,572.647582982464
2022-05-21,"12","6  day ahead inc hosp",2022-05-27,"quantile",0.9,609.885718274314
2022-05-21,"12","6  day ahead inc hosp",2022-05-27,"quantile",0.95,665.078244313968
2022-05-21,"12","6  day ahead inc hosp",2022-05-27,"quantile",0.975,712.949529572366
2022-05-21,"12","6  day ahead inc hosp",2022-05-27,"quantile",0.99,768.610244194999
2022-05-21,"12","7  day ahead inc hosp",2022-05-28,"quantile",0.01,22.4599191726371
2022-05-21,"12","7  day ahead inc hosp",2022-05-28,"quantile",0.025,82.2226082172011
2022-05-21,"12","7  day ahead inc hosp",2022-05-28,"quantile",0.05,133.621817775642
2022-05-21,"12","7  day ahead inc hosp",2022-05-28,"quantile",0.1,192.881814591254
2022-05-21,"12","7  day ahead inc hosp",2022-05-28,"quantile",0.15,232.864253105281
2022-05-21,"12","7  day ahead inc hosp",2022-05-28,"quantile",0.2,264.641027767135
2022-05-21,"12","7  day ahead inc hosp",2022-05-28,"quantile",0.25,291.90267096934
2022-05-21,"12","7  day ahead inc hosp",2022-05-28,"quantile",0.3,316.384469121423
2022-05-21,"12","7  day ahead inc hosp",2022-05-28,"quantile",0.35,339.070503626608
2022-05-21,"12","7  day ahead inc hosp",2022-05-28,"quantile",0.4,360.597331899878
2022-05-21,"12","7  day ahead inc hosp",2022-05-28,"quantile",0.45,381.42478738222
2022-05-21,"12","7  day ahead inc hosp",2022-05-28,"quantile",0.5,401.922031426584
2022-05-21,"12","7  day ahead inc hosp",2022-05-28,"quantile",0.55,422.419275470948
2022-05-21,"12","7  day ahead inc hosp",2022-05-28,"quantile",0.6,443.24673095329
2022-05-21,"12","7  day ahead inc hosp",2022-05-28,"quantile",0.65,464.773559226559
2022-05-21,"12","7  day ahead inc hosp",2022-05-28,"quantile",0.7,487.459593731744
2022-05-21,"12","7  day ahead inc hosp",2022-05-28,"quantile",0.75,511.941391883828
2022-05-21,"12","7  day ahead inc hosp",2022-05-28,"quantile",0.8,539.203035086032
2022-05-21,"12","7  day ahead inc hosp",2022-05-28,"quantile",0.85,570.979809747887
2022-05-21,"12","7  day ahead inc hosp",2022-05-28,"quantile",0.9,610.962248261914
2022-05-21,"12","7  day ahead inc hosp",2022-05-28,"quantile",0.95,670.222245077525
2022-05-21,"12","7  day ahead inc hosp",2022-05-28,"quantile",0.975,721.621454635967
2022-05-21,"12","7  day ahead inc hosp",2022-05-28,"quantile",0.99,781.384143680531
2022-05-21,"12","8  day ahead inc hosp",2022-05-29,"quantile",0.01,13.5945721502552
2022-05-21,"12","8  day ahead inc hosp",2022-05-29,"quantile",0.025,77.1049840904062
2022-05-21,"12","8  day ahead inc hosp",2022-05-29,"quantile",0.05,131.727442092933
2022-05-21,"12","8  day ahead inc hosp",2022-05-29,"quantile",0.1,194.703637935209
2022-05-21,"12","8  day ahead inc hosp",2022-05-29,"quantile",0.15,237.193378289832
2022-05-21,"12","8  day ahead inc hosp",2022-05-29,"quantile",0.2,270.962876971507
2022-05-21,"12","8  day ahead inc hosp",2022-05-29,"quantile",0.25,299.934099947206
2022-05-21,"12","8  day ahead inc hosp",2022-05-29,"quantile",0.3,325.951153572672
2022-05-21,"12","8  day ahead inc hosp",2022-05-29,"quantile",0.35,350.059831072749
2022-05-21,"12","8  day ahead inc hosp",2022-05-29,"quantile",0.4,372.936608427609
2022-05-21,"12","8  day ahead inc hosp",2022-05-29,"quantile",0.45,395.070155269223
2022-05-21,"12","8  day ahead inc hosp",2022-05-29,"quantile",0.5,416.852783087805
2022-05-21,"12","8  day ahead inc hosp",2022-05-29,"quantile",0.55,438.635410906386
2022-05-21,"12","8  day ahead inc hosp",2022-05-29,"quantile",0.6,460.768957748001
2022-05-21,"12","8  day ahead inc hosp",2022-05-29,"quantile",0.65,483.645735102861
2022-05-21,"12","8  day ahead inc hosp",2022-05-29,"quantile",0.7,507.754412602938
2022-05-21,"12","8  day ahead inc hosp",2022-05-29,"quantile",0.75,533.771466228404
2022-05-21,"12","8  day ahead inc hosp",2022-05-29,"quantile",0.8,562.742689204103
2022-05-21,"12","8  day ahead inc hosp",2022-05-29,"quantile",0.85,596.512187885777
2022-05-21,"12","8  day ahead inc hosp",2022-05-29,"quantile",0.9,639.001928240401
2022-05-21,"12","8  day ahead inc hosp",2022-05-29,"quantile",0.95,701.978124082677
2022-05-21,"12","8  day ahead inc hosp",2022-05-29,"quantile",0.975,756.600582085203
2022-05-21,"12","8  day ahead inc hosp",2022-05-29,"quantile",0.99,820.110994025354
2022-05-21,"12","9  day ahead inc hosp",2022-05-30,"quantile",0.01,12.0565631155234
2022-05-21,"12","9  day ahead inc hosp",2022-05-30,"quantile",0.025,79.0220266831392
2022-05-21,"12","9  day ahead inc hosp",2022-05-30,"quantile",0.05,136.616019693116
2022-05-21,"12","9  day ahead inc hosp",2022-05-30,"quantile",0.1,203.018205090325
2022-05-21,"12","9  day ahead inc hosp",2022-05-30,"quantile",0.15,247.819444332739
2022-05-21,"12","9  day ahead inc hosp",2022-05-30,"quantile",0.2,283.426049054424
2022-05-21,"12","9  day ahead inc hosp",2022-05-30,"quantile",0.25,313.973345433428
2022-05-21,"12","9  day ahead inc hosp",2022-05-30,"quantile",0.3,341.405761685658
2022-05-21,"12","9  day ahead inc hosp",2022-05-30,"quantile",0.35,366.82598359063
2022-05-21,"12","9  day ahead inc hosp",2022-05-30,"quantile",0.4,390.947288329528
2022-05-21,"12","9  day ahead inc hosp",2022-05-30,"quantile",0.45,414.284929817998
2022-05-21,"12","9  day ahead inc hosp",2022-05-30,"quantile",0.5,437.25256181772
2022-05-21,"12","9  day ahead inc hosp",2022-05-30,"quantile",0.55,460.220193817442
2022-05-21,"12","9  day ahead inc hosp",2022-05-30,"quantile",0.6,483.557835305912
2022-05-21,"12","9  day ahead inc hosp",2022-05-30,"quantile",0.65,507.67914004481
2022-05-21,"12","9  day ahead inc hosp",2022-05-30,"quantile",0.7,533.099361949782
2022-05-21,"12","9  day ahead inc hosp",2022-05-30,"quantile",0.75,560.531778202012
2022-05-21,"12","9  day ahead inc hosp",2022-05-30,"quantile",0.8,591.079074581016
2022-05-21,"12","9  day ahead inc hosp",2022-05-30,"quantile",0.85,626.685679302701
2022-05-21,"12","9  day ahead inc hosp",2022-05-30,"quantile",0.9,671.486918545115
2022-05-21,"12","9  day ahead inc hosp",2022-05-30,"quantile",0.95,737.889103942324
2022-05-21,"12","9  day ahead inc hosp",2022-05-30,"quantile",0.975,795.483096952301
2022-05-21,"12","9  day ahead inc hosp",2022-05-30,"quantile",0.99,862.448560519917
2022-05-21,"12","10  day ahead inc hosp",2022-05-31,"quantile",0.01,20.1644023890194
2022-05-21,"12","10  day ahead inc hosp",2022-05-31,"quantile",0.025,90.3374229680055
2022-05-21,"12","10  day ahead inc hosp",2022-05-31,"quantile",0.05,150.690091961842
2022-05-21,"12","10  day ahead inc hosp",2022-05-31,"quantile",0.1,220.272854092101
2022-05-21,"12","10  day ahead inc hosp",2022-05-31,"quantile",0.15,267.220013356483
2022-05-21,"12","10  day ahead inc hosp",2022-05-31,"quantile",0.2,304.532127284579
2022-05-21,"12","10  day ahead inc hosp",2022-05-31,"quantile",0.25,336.542598701264
2022-05-21,"12","10  day ahead inc hosp",2022-05-31,"quantile",0.3,365.288991358657
2022-05-21,"12","10  day ahead inc hosp",2022-05-31,"quantile",0.35,391.926808224643
2022-05-21,"12","10  day ahead inc hosp",2022-05-31,"quantile",0.4,417.203491512672
2022-05-21,"12","10  day ahead inc hosp",2022-05-31,"quantile",0.45,441.658975118513
2022-05-21,"12","10  day ahead inc hosp",2022-05-31,"quantile",0.5,465.726726271161
2022-05-21,"12","10  day ahead inc hosp",2022-05-31,"quantile",0.55,489.794477423809
2022-05-21,"12","10  day ahead inc hosp",2022-05-31,"quantile",0.6,514.24996102965
2022-05-21,"12","10  day ahead inc hosp",2022-05-31,"quantile",0.65,539.52664431768
2022-05-21,"12","10  day ahead inc hosp",2022-05-31,"quantile",0.7,566.164461183665
2022-05-21,"12","10  day ahead inc hosp",2022-05-31,"quantile",0.75,594.910853841059
2022-05-21,"12","10  day ahead inc hosp",2022-05-31,"quantile",0.8,626.921325257744
2022-05-21,"12","10  day ahead inc hosp",2022-05-31,"quantile",0.85,664.23343918584
2022-05-21,"12","10  day ahead inc hosp",2022-05-31,"quantile",0.9,711.180598450222
2022-05-21,"12","10  day ahead inc hosp",2022-05-31,"quantile",0.95,780.763360580481
2022-05-21,"12","10  day ahead inc hosp",2022-05-31,"quantile",0.975,841.116029574317
2022-05-21,"12","10  day ahead inc hosp",2022-05-31,"quantile",0.99,911.289050153303
2022-05-21,"12","11  day ahead inc hosp",2022-06-01,"quantile",0.01,0
2022-05-21,"12","11  day ahead inc hosp",2022-06-01,"quantile",0.025,58.2984677220082
2022-05-21,"12","11  day ahead inc hosp",2022-06-01,"quantile",0.05,121.226509994242
2022-05-21,"12","11  day ahead inc hosp",2022-06-01,"quantile",0.1,193.778512577574
2022-05-21,"12","11  day ahead inc hosp",2022-06-01,"quantile",0.15,242.729004279143
2022-05-21,"12","11  day ahead inc hosp",2022-06-01,"quantile",0.2,281.633303321385
2022-05-21,"12","11  day ahead inc hosp",2022-06-01,"quantile",0.25,315.009727795157
2022-05-21,"12","11  day ahead inc hosp",2022-06-01,"quantile",0.3,344.982788514368
2022-05-21,"12","11  day ahead inc hosp",2022-06-01,"quantile",0.35,372.757296149713
2022-05-21,"12","11  day ahead inc hosp",2022-06-01,"quantile",0.4,399.112587820632
2022-05-21,"12","11  day ahead inc hosp",2022-06-01,"quantile",0.45,424.611637519552
2022-05-21,"12","11  day ahead inc hosp",2022-06-01,"quantile",0.5,449.706409419136
2022-05-21,"12","11  day ahead inc hosp",2022-06-01,"quantile",0.55,474.801181318721
2022-05-21,"12","11  day ahead inc hosp",2022-06-01,"quantile",0.6,500.300231017641
2022-05-21,"12","11  day ahead inc hosp",2022-06-01,"quantile",0.65,526.65552268856
2022-05-21,"12","11  day ahead inc hosp",2022-06-01,"quantile",0.7,554.430030323905
2022-05-21,"12","11  day ahead inc hosp",2022-06-01,"quantile",0.75,584.403091043116
2022-05-21,"12","11  day ahead inc hosp",2022-06-01,"quantile",0.8,617.779515516888
2022-05-21,"12","11  day ahead inc hosp",2022-06-01,"quantile",0.85,656.68381455913
2022-05-21,"12","11  day ahead inc hosp",2022-06-01,"quantile",0.9,705.634306260699
2022-05-21,"12","11  day ahead inc hosp",2022-06-01,"quantile",0.95,778.186308844031
2022-05-21,"12","11  day ahead inc hosp",2022-06-01,"quantile",0.975,841.114351116265
2022-05-21,"12","11  day ahead inc hosp",2022-06-01,"quantile",0.99,914.281799697798
2022-05-21,"12","12  day ahead inc hosp",2022-06-02,"quantile",0.01,5.63348906503853
2022-05-21,"12","12  day ahead inc hosp",2022-06-02,"quantile",0.025,81.6091406454896
2022-05-21,"12","12  day ahead inc hosp",2022-06-02,"quantile",0.05,146.952392419364
2022-05-21,"12","12  day ahead inc hosp",2022-06-02,"quantile",0.1,222.288976878679
2022-05-21,"12","12  day ahead inc hosp",2022-06-02,"quantile",0.15,273.118212752141
2022-05-21,"12","12  day ahead inc hosp",2022-06-02,"quantile",0.2,313.515678104801
2022-05-21,"12","12  day ahead inc hosp",2022-06-02,"quantile",0.25,348.173106318863
2022-05-21,"12","12  day ahead inc hosp",2022-06-02,"quantile",0.3,379.296547987939
2022-05-21,"12","12  day ahead inc hosp",2022-06-02,"quantile",0.35,408.137055014368
2022-05-21,"12","12  day ahead inc hosp",2022-06-02,"quantile",0.4,435.503875863117
2022-05-21,"12","12  day ahead inc hosp",2022-06-02,"quantile",0.45,461.98159174792
2022-05-21,"12","12  day ahead inc hosp",2022-06-02,"quantile",0.5,488.039513450754
2022-05-21,"12","12  day ahead inc hosp",2022-06-02,"quantile",0.55,514.097435153588
2022-05-21,"12","12  day ahead inc hosp",2022-06-02,"quantile",0.6,540.575151038391
2022-05-21,"12","12  day ahead inc hosp",2022-06-02,"quantile",0.65,567.941971887141
2022-05-21,"12","12  day ahead inc hosp",2022-06-02,"quantile",0.7,596.782478913569
2022-05-21,"12","12  day ahead inc hosp",2022-06-02,"quantile",0.75,627.905920582645
2022-05-21,"12","12  day ahead inc hosp",2022-06-02,"quantile",0.8,662.563348796707
2022-05-21,"12","12  day ahead inc hosp",2022-06-02,"quantile",0.85,702.960814149367
2022-05-21,"12","12  day ahead inc hosp",2022-06-02,"quantile",0.9,753.79005002283
2022-05-21,"12","12  day ahead inc hosp",2022-06-02,"quantile",0.95,829.126634482144
2022-05-21,"12","12  day ahead inc hosp",2022-06-02,"quantile",0.975,894.469886256018
2022-05-21,"12","12  day ahead inc hosp",2022-06-02,"quantile",0.99,970.445537836469
2022-05-21,"12","13  day ahead inc hosp",2022-06-03,"quantile",0.01,0
2022-05-21,"12","13  day ahead inc hosp",2022-06-03,"quantile",0.025,57.2627457193987
2022-05-21,"12","13  day ahead inc hosp",2022-06-03,"quantile",0.05,124.879586413832
2022-05-21,"12","13  day ahead inc hosp",2022-06-03,"quantile",0.1,202.837473289074
2022-05-21,"12","13  day ahead inc hosp",2022-06-03,"quantile",0.15,255.435289457901
2022-05-21,"12","13  day ahead inc hosp",2022-06-03,"quantile",0.2,297.238366364181
2022-05-21,"12","13  day ahead inc hosp",2022-06-03,"quantile",0.25,333.101684133223
2022-05-21,"12","13  day ahead inc hosp",2022-06-03,"quantile",0.3,365.308051892254
2022-05-21,"12","13  day ahead inc hosp",2022-06-03,"quantile",0.35,395.152051329277
2022-05-21,"12","13  day ahead inc hosp",2022-06-03,"quantile",0.4,423.471088343943
2022-05-21,"12","13  day ahead inc hosp",2022-06-03,"quantile",0.45,450.870084389177
2022-05-21,"12","13  day ahead inc hosp",2022-06-03,"quantile",0.5,477.834679703563
2022-05-21,"12","13  day ahead inc hosp",2022-06-03,"quantile",0.55,504.799275017949
2022-05-21,"12","13  day ahead inc hosp",2022-06-03,"quantile",0.6,532.198271063183
2022-05-21,"12","13  day ahead inc hosp",2022-06-03,"quantile",0.65,560.51730807785
2022-05-21,"12","13  day ahead inc hosp",2022-06-03,"quantile",0.7,590.361307514872
2022-05-21,"12","13  day ahead inc hosp",2022-06-03,"quantile",0.75,622.567675273903
2022-05-21,"12","13  day ahead inc hosp",2022-06-03,"quantile",0.8,658.430993042945
2022-05-21,"12","13  day ahead inc hosp",2022-06-03,"quantile",0.85,700.234069949225
2022-05-21,"12","13  day ahead inc hosp",2022-06-03,"quantile",0.9,752.831886118053
2022-05-21,"12","13  day ahead inc hosp",2022-06-03,"quantile",0.95,830.789772993294
2022-05-21,"12","13  day ahead inc hosp",2022-06-03,"quantile",0.975,898.406613687728
2022-05-21,"12","13  day ahead inc hosp",2022-06-03,"quantile",0.99,977.025803735828
2022-05-21,"12","14  day ahead inc hosp",2022-06-04,"quantile",0.01,0
2022-05-21,"12","14  day ahead inc hosp",2022-06-04,"quantile",0.025,35.0383793757579
2022-05-21,"12","14  day ahead inc hosp",2022-06-04,"quantile",0.05,104.802339378942
2022-05-21,"12","14  day ahead inc hosp",2022-06-04,"quantile",0.1,185.235717307303
2022-05-21,"12","14  day ahead inc hosp",2022-06-04,"quantile",0.15,239.50373553725
2022-05-21,"12","14  day ahead inc hosp",2022-06-04,"quantile",0.2,282.634236095225
2022-05-21,"12","14  day ahead inc hosp",2022-06-04,"quantile",0.25,319.636365161377
2022-05-21,"12","14  day ahead inc hosp",2022-06-04,"quantile",0.3,352.865420661657
2022-05-21,"12","14  day ahead inc hosp",2022-06-04,"quantile",0.35,383.657092701887
2022-05-21,"12","14  day ahead inc hosp",2022-06-04,"quantile",0.4,412.875378343892
2022-05-21,"12","14  day ahead inc hosp",2022-06-04,"quantile",0.45,441.144407842996
2022-05-21,"12","14  day ahead inc hosp",2022-06-04,"quantile",0.5,468.965242559542
2022-05-21,"12","14  day ahead inc hosp",2022-06-04,"quantile",0.55,496.786077276088
2022-05-21,"12","14  day ahead inc hosp",2022-06-04,"quantile",0.6,525.055106775192
2022-05-21,"12","14  day ahead inc hosp",2022-06-04,"quantile",0.65,554.273392417196
2022-05-21,"12","14  day ahead inc hosp",2022-06-04,"quantile",0.7,585.065064457426
2022-05-21,"12","14  day ahead inc hosp",2022-06-04,"quantile",0.75,618.294119957706
2022-05-21,"12","14  day ahead inc hosp",2022-06-04,"quantile",0.8,655.296249023859
2022-05-21,"12","14  day ahead inc hosp",2022-06-04,"quantile",0.85,698.426749581834
2022-05-21,"12","14  day ahead inc hosp",2022-06-04,"quantile",0.9,752.69476781178
2022-05-21,"12","14  day ahead inc hosp",2022-06-04,"quantile",0.95,833.128145740141
2022-05-21,"12","14  day ahead inc hosp",2022-06-04,"quantile",0.975,902.892105743325
2022-05-21,"12","14  day ahead inc hosp",2022-06-04,"quantile",0.99,984.007786003879
2022-05-21,"12","15  day ahead inc hosp",2022-06-05,"quantile",0.01,0
2022-05-21,"12","15  day ahead inc hosp",2022-06-05,"quantile",0.025,43.61459809026
2022-05-21,"12","15  day ahead inc hosp",2022-06-05,"quantile",0.05,115.411790852072
2022-05-21,"12","15  day ahead inc hosp",2022-06-05,"quantile",0.1,198.189355934997
2022-05-21,"12","15  day ahead inc hosp",2022-06-05,"quantile",0.15,254.038986109075
2022-05-21,"12","15  day ahead inc hosp",2022-06-05,"quantile",0.2,298.426501702127
2022-05-21,"12","15  day ahead inc hosp",2022-06-05,"quantile",0.25,336.507037741634
2022-05-21,"12","15  day ahead inc hosp",2022-06-05,"quantile",0.3,370.704536033555
2022-05-21,"12","15  day ahead inc hosp",2022-06-05,"quantile",0.35,402.393614647068
2022-05-21,"12","15  day ahead inc hosp",2022-06-05,"quantile",0.4,432.463451369538
2022-05-21,"12","15  day ahead inc hosp",2022-06-05,"quantile",0.45,461.556366393913
2022-05-21,"12","15  day ahead inc hosp",2022-06-05,"quantile",0.5,490.188024241994
2022-05-21,"12","15  day ahead inc hosp",2022-06-05,"quantile",0.55,518.819682090074
2022-05-21,"12","15  day ahead inc hosp",2022-06-05,"quantile",0.6,547.912597114449
2022-05-21,"12","15  day ahead inc hosp",2022-06-05,"quantile",0.65,577.982433836919
2022-05-21,"12","15  day ahead inc hosp",2022-06-05,"quantile",0.7,609.671512450432
2022-05-21,"12","15  day ahead inc hosp",2022-06-05,"quantile",0.75,643.869010742353
2022-05-21,"12","15  day ahead inc hosp",2022-06-05,"quantile",0.8,681.949546781861
2022-05-21,"12","15  day ahead inc hosp",2022-06-05,"quantile",0.85,726.337062374912
2022-05-21,"12","15  day ahead inc hosp",2022-06-05,"quantile",0.9,782.18669254899
2022-05-21,"12","15  day ahead inc hosp",2022-06-05,"quantile",0.95,864.964257631916
2022-05-21,"12","15  day ahead inc hosp",2022-06-05,"quantile",0.975,936.761450393728
2022-05-21,"12","15  day ahead inc hosp",2022-06-05,"quantile",0.99,1020.24120314008
2022-05-21,"12","16  day ahead inc hosp",2022-06-06,"quantile",0.01,0
2022-05-21,"12","16  day ahead inc hosp",2022-06-06,"quantile",0.025,38.44223024042
2022-05-21,"12","16  day ahead inc hosp",2022-06-06,"quantile",0.05,112.169366310575
2022-05-21,"12","16  day ahead inc hosp",2022-06-06,"quantile",0.1,197.172032426945
2022-05-21,"12","16  day ahead inc hosp",2022-06-06,"quantile",0.15,254.522927704598
2022-05-21,"12","16  day ahead inc hosp",2022-06-06,"quantile",0.2,300.103601210898
2022-05-21,"12","16  day ahead inc hosp",2022-06-06,"quantile",0.25,339.207760499177
2022-05-21,"12","16  day ahead inc hosp",2022-06-06,"quantile",0.3,374.324504104902
2022-05-21,"12","16  day ahead inc hosp",2022-06-06,"quantile",0.35,406.865400496593
2022-05-21,"12","16  day ahead inc hosp",2022-06-06,"quantile",0.4,437.74352899111
2022-05-21,"12","16  day ahead inc hosp",2022-06-06,"quantile",0.45,467.618475659226
2022-05-21,"12","16  day ahead inc hosp",2022-06-06,"quantile",0.5,497.01976633479
2022-05-21,"12","16  day ahead inc hosp",2022-06-06,"quantile",0.55,526.421057010355
2022-05-21,"12","16  day ahead inc hosp",2022-06-06,"quantile",0.6,556.296003678471
2022-05-21,"12","16  day ahead inc hosp",2022-06-06,"quantile",0.65,587.174132172988
2022-05-21,"12","16  day ahead inc hosp",2022-06-06,"quantile",0.7,619.715028564678
2022-05-21,"12","16  day ahead inc hosp",2022-06-06,"quantile",0.75,654.831772170404
2022-05-21,"12","16  day ahead inc hosp",2022-06-06,"quantile",0.8,693.935931458683
2022-05-21,"12","16  day ahead inc hosp",2022-06-06,"quantile",0.85,739.516604964983
2022-05-21,"12","16  day ahead inc hosp",2022-06-06,"quantile",0.9,796.867500242636
2022-05-21,"12","16  day ahead inc hosp",2022-06-06,"quantile",0.95,881.870166359006
2022-05-21,"12","16  day ahead inc hosp",2022-06-06,"quantile",0.975,955.597302429161
2022-05-21,"12","16  day ahead inc hosp",2022-06-06,"quantile",0.99,1041.32103135338
2022-05-21,"12","17  day ahead inc hosp",2022-06-07,"quantile",0.01,0
2022-05-21,"12","17  day ahead inc hosp",2022-06-07,"quantile",0.025,69.7886920833144
2022-05-21,"12","17  day ahead inc hosp",2022-06-07,"quantile",0.05,145.351514708372
2022-05-21,"12","17  day ahead inc hosp",2022-06-07,"quantile",0.1,232.470609858039
2022-05-21,"12","17  day ahead inc hosp",2022-06-07,"quantile",0.15,291.249449756687
2022-05-21,"12","17  day ahead inc hosp",2022-06-07,"quantile",0.2,337.965008380989
2022-05-21,"12","17  day ahead inc hosp",2022-06-07,"quantile",0.25,378.042798048427
2022-05-21,"12","17  day ahead inc hosp",2022-06-07,"quantile",0.3,414.033891825949
2022-05-21,"12","17  day ahead inc hosp",2022-06-07,"quantile",0.35,447.385003956032
2022-05-21,"12","17  day ahead inc hosp",2022-06-07,"quantile",0.4,479.031947955116
2022-05-21,"12","17  day ahead inc hosp",2022-06-07,"quantile",0.45,509.650732521328
2022-05-21,"12","17  day ahead inc hosp",2022-06-07,"quantile",0.5,539.784067826139
2022-05-21,"12","17  day ahead inc hosp",2022-06-07,"quantile",0.55,569.917403130951
2022-05-21,"12","17  day ahead inc hosp",2022-06-07,"quantile",0.6,600.536187697163
2022-05-21,"12","17  day ahead inc hosp",2022-06-07,"quantile",0.65,632.183131696246
2022-05-21,"12","17  day ahead inc hosp",2022-06-07,"quantile",0.7,665.534243826329
2022-05-21,"12","17  day ahead inc hosp",2022-06-07,"quantile",0.75,701.525337603851
2022-05-21,"12","17  day ahead inc hosp",2022-06-07,"quantile",0.8,741.603127271289
2022-05-21,"12","17  day ahead inc hosp",2022-06-07,"quantile",0.85,788.318685895591
2022-05-21,"12","17  day ahead inc hosp",2022-06-07,"quantile",0.9,847.097525794239
2022-05-21,"12","17  day ahead inc hosp",2022-06-07,"quantile",0.95,934.216620943906
2022-05-21,"12","17  day ahead inc hosp",2022-06-07,"quantile",0.975,1009.77944356896
2022-05-21,"12","17  day ahead inc hosp",2022-06-07,"quantile",0.99,1097.63755482525
2022-05-21,"12","18  day ahead inc hosp",2022-06-08,"quantile",0.01,0
2022-05-21,"12","18  day ahead inc hosp",2022-06-08,"quantile",0.025,40.5552243656925
2022-05-21,"12","18  day ahead inc hosp",2022-06-08,"quantile",0.05,117.867257319862
2022-05-21,"12","18  day ahead inc hosp",2022-06-08,"quantile",0.1,207.003079952762
2022-05-21,"12","18  day ahead inc hosp",2022-06-08,"quantile",0.15,267.142596309913
2022-05-21,"12","18  day ahead inc hosp",2022-06-08,"quantile",0.2,314.939577449111
2022-05-21,"12","18  day ahead inc hosp",2022-06-08,"quantile",0.25,355.945131342644
2022-05-21,"12","18  day ahead inc hosp",2022-06-08,"quantile",0.3,392.769386068957
2022-05-21,"12","18  day ahead inc hosp",2022-06-08,"quantile",0.35,426.892545983898
2022-05-21,"12","18  day ahead inc hosp",2022-06-08,"quantile",0.4,459.272087832094
2022-05-21,"12","18  day ahead inc hosp",2022-06-08,"quantile",0.45,490.599669295608
2022-05-21,"12","18  day ahead inc hosp",2022-06-08,"quantile",0.5,521.430563790702
2022-05-21,"12","18  day ahead inc hosp",2022-06-08,"quantile",0.55,552.261458285796
2022-05-21,"12","18  day ahead inc hosp",2022-06-08,"quantile",0.6,583.58903974931
2022-05-21,"12","18  day ahead inc hosp",2022-06-08,"quantile",0.65,615.968581597506
2022-05-21,"12","18  day ahead inc hosp",2022-06-08,"quantile",0.7,650.091741512447
2022-05-21,"12","18  day ahead inc hosp",2022-06-08,"quantile",0.75,686.915996238761
2022-05-21,"12","18  day ahead inc hosp",2022-06-08,"quantile",0.8,727.921550132293
2022-05-21,"12","18  day ahead inc hosp",2022-06-08,"quantile",0.85,775.718531271491
2022-05-21,"12","18  day ahead inc hosp",2022-06-08,"quantile",0.9,835.858047628642
2022-05-21,"12","18  day ahead inc hosp",2022-06-08,"quantile",0.95,924.993870261542
2022-05-21,"12","18  day ahead inc hosp",2022-06-08,"quantile",0.975,1002.30590321571
2022-05-21,"12","18  day ahead inc hosp",2022-06-08,"quantile",0.99,1092.19784950313
2022-05-21,"12","19  day ahead inc hosp",2022-06-09,"quantile",0.01,0
2022-05-21,"12","19  day ahead inc hosp",2022-06-09,"quantile",0.025,43.7066407463976
2022-05-21,"12","19  day ahead inc hosp",2022-06-09,"quantile",0.05,122.688171942237
2022-05-21,"12","19  day ahead inc hosp",2022-06-09,"quantile",0.1,213.748819126622
2022-05-21,"12","19  day ahead inc hosp",2022-06-09,"quantile",0.15,275.187005470535
2022-05-21,"12","19  day ahead inc hosp",2022-06-09,"quantile",0.2,324.016128346535
2022-05-21,"12","19  day ahead inc hosp",2022-06-09,"quantile",0.25,365.9071679466
2022-05-21,"12","19  day ahead inc hosp",2022-06-09,"quantile",0.3,403.526616204467
2022-05-21,"12","19  day ahead inc hosp",2022-06-09,"quantile",0.35,438.386641433918
2022-05-21,"12","19  day ahead inc hosp",2022-06-09,"quantile",0.4,471.465396407368
2022-05-21,"12","19  day ahead inc hosp",2022-06-09,"quantile",0.45,503.469474661494
2022-05-21,"12","19  day ahead inc hosp",2022-06-09,"quantile",0.5,534.966140346166
2022-05-21,"12","19  day ahead inc hosp",2022-06-09,"quantile",0.55,566.462806030839
2022-05-21,"12","19  day ahead inc hosp",2022-06-09,"quantile",0.6,598.466884284964
2022-05-21,"12","19  day ahead inc hosp",2022-06-09,"quantile",0.65,631.545639258414
2022-05-21,"12","19  day ahead inc hosp",2022-06-09,"quantile",0.7,666.405664487866
2022-05-21,"12","19  day ahead inc hosp",2022-06-09,"quantile",0.75,704.025112745732
2022-05-21,"12","19  day ahead inc hosp",2022-06-09,"quantile",0.8,745.916152345798
2022-05-21,"12","19  day ahead inc hosp",2022-06-09,"quantile",0.85,794.745275221798
2022-05-21,"12","19  day ahead inc hosp",2022-06-09,"quantile",0.9,856.183461565711
2022-05-21,"12","19  day ahead inc hosp",2022-06-09,"quantile",0.95,947.244108750096
2022-05-21,"12","19  day ahead inc hosp",2022-06-09,"quantile",0.975,1026.22563994594
2022-05-21,"12","19  day ahead inc hosp",2022-06-09,"quantile",0.99,1118.05873873617
2022-05-21,"12","20  day ahead inc hosp",2022-06-10,"quantile",0.01,0
2022-05-21,"12","20  day ahead inc hosp",2022-06-10,"quantile",0.025,23.9413328471534
2022-05-21,"12","20  day ahead inc hosp",2022-06-10,"quantile",0.05,104.518579049051
2022-05-21,"12","20  day ahead inc hosp",2022-06-10,"quantile",0.1,197.418983439627
2022-05-21,"12","20  day ahead inc hosp",2022-06-10,"quantile",0.15,260.098445236289
2022-05-21,"12","20  day ahead inc hosp",2022-06-10,"quantile",0.2,309.914094492903
2022-05-21,"12","20  day ahead inc hosp",2022-06-10,"quantile",0.25,352.65148588556
2022-05-21,"12","20  day ahead inc hosp",2022-06-10,"quantile",0.3,391.030984210775
2022-05-21,"12","20  day ahead inc hosp",2022-06-10,"quantile",0.35,426.595309097729
2022-05-21,"12","20  day ahead inc hosp",2022-06-10,"quantile",0.4,460.342375572534
2022-05-21,"12","20  day ahead inc hosp",2022-06-10,"quantile",0.45,492.993052938527
2022-05-21,"12","20  day ahead inc hosp",2022-06-10,"quantile",0.5,525.126066150437
2022-05-21,"12","20  day ahead inc hosp",2022-06-10,"quantile",0.55,557.259079362346
2022-05-21,"12","20  day ahead inc hosp",2022-06-10,"quantile",0.6,589.909756728339
2022-05-21,"12","20  day ahead inc hosp",2022-06-10,"quantile",0.65,623.656823203145
2022-05-21,"12","20  day ahead inc hosp",2022-06-10,"quantile",0.7,659.221148090098
2022-05-21,"12","20  day ahead inc hosp",2022-06-10,"quantile",0.75,697.600646415313
2022-05-21,"12","20  day ahead inc hosp",2022-06-10,"quantile",0.8,740.338037807971
2022-05-21,"12","20  day ahead inc hosp",2022-06-10,"quantile",0.85,790.153687064584
2022-05-21,"12","20  day ahead inc hosp",2022-06-10,"quantile",0.9,852.833148861246
2022-05-21,"12","20  day ahead inc hosp",2022-06-10,"quantile",0.95,945.733553251823
2022-05-21,"12","20  day ahead inc hosp",2022-06-10,"quantile",0.975,1026.31079945372
2022-05-21,"12","20  day ahead inc hosp",2022-06-10,"quantile",0.99,1119.99926179001
2022-05-21,"12","21  day ahead inc hosp",2022-06-11,"quantile",0.01,0
2022-05-21,"12","21  day ahead inc hosp",2022-06-11,"quantile",0.025,14.4756690711044
2022-05-21,"12","21  day ahead inc hosp",2022-06-11,"quantile",0.05,96.5800818286552
2022-05-21,"12","21  day ahead inc hosp",2022-06-11,"quantile",0.1,191.241211452214
2022-05-21,"12","21  day ahead inc hosp",2022-06-11,"quantile",0.15,255.108626204509
2022-05-21,"12","21  day ahead inc hosp",2022-06-11,"quantile",0.2,305.868422811383
2022-05-21,"12","21  day ahead inc hosp",2022-06-11,"quantile",0.25,349.41580856209
2022-05-21,"12","21  day ahead inc hosp",2022-06-11,"quantile",0.3,388.522706854762
2022-05-21,"12","21  day ahead inc hosp",2022-06-11,"quantile",0.35,424.76107621583
2022-05-21,"12","21  day ahead inc hosp",2022-06-11,"quantile",0.4,459.147744981618
2022-05-21,"12","21  day ahead inc hosp",2022-06-11,"quantile",0.45,492.417244966193
2022-05-21,"12","21  day ahead inc hosp",2022-06-11,"quantile",0.5,525.15926959786
2022-05-21,"12","21  day ahead inc hosp",2022-06-11,"quantile",0.55,557.901294229527
2022-05-21,"12","21  day ahead inc hosp",2022-06-11,"quantile",0.6,591.170794214102
2022-05-21,"12","21  day ahead inc hosp",2022-06-11,"quantile",0.65,625.557462979889
2022-05-21,"12","21  day ahead inc hosp",2022-06-11,"quantile",0.7,661.795832340958
2022-05-21,"12","21  day ahead inc hosp",2022-06-11,"quantile",0.75,700.90273063363
2022-05-21,"12","21  day ahead inc hosp",2022-06-11,"quantile",0.8,744.450116384337
2022-05-21,"12","21  day ahead inc hosp",2022-06-11,"quantile",0.85,795.209912991211
2022-05-21,"12","21  day ahead inc hosp",2022-06-11,"quantile",0.9,859.077327743506
2022-05-21,"12","21  day ahead inc hosp",2022-06-11,"quantile",0.95,953.738457367064
2022-05-21,"12","21  day ahead inc hosp",2022-06-11,"quantile",0.975,1035.84287012462
2022-05-21,"12","21  day ahead inc hosp",2022-06-11,"quantile",0.99,1131.3069936193
2022-05-21,"12","22  day ahead inc hosp",2022-06-12,"quantile",0.01,0
2022-05-21,"12","22  day ahead inc hosp",2022-06-12,"quantile",0.025,11.9505797365041
2022-05-21,"12","22  day ahead inc hosp",2022-06-12,"quantile",0.05,97.6669429007459
2022-05-21,"12","22  day ahead inc hosp",2022-06-12,"quantile",0.1,196.492420019869
2022-05-21,"12","22  day ahead inc hosp",2022-06-12,"quantile",0.15,263.169500257136
2022-05-21,"12","22  day ahead inc hosp",2022-06-12,"quantile",0.2,316.162329923259
2022-05-21,"12","22  day ahead inc hosp",2022-06-12,"quantile",0.25,361.625459205767
2022-05-21,"12","22  day ahead inc hosp",2022-06-12,"quantile",0.3,402.452754398539
2022-05-21,"12","22  day ahead inc hosp",2022-06-12,"quantile",0.35,440.285327877942
2022-05-21,"12","22  day ahead inc hosp",2022-06-12,"quantile",0.4,476.184740454468
2022-05-21,"12","22  day ahead inc hosp",2022-06-12,"quantile",0.45,510.917837582774
2022-05-21,"12","22  day ahead inc hosp",2022-06-12,"quantile",0.5,545.100254578412
2022-05-21,"12","22  day ahead inc hosp",2022-06-12,"quantile",0.55,579.282671574049
2022-05-21,"12","22  day ahead inc hosp",2022-06-12,"quantile",0.6,614.015768702355
2022-05-21,"12","22  day ahead inc hosp",2022-06-12,"quantile",0.65,649.915181278882
2022-05-21,"12","22  day ahead inc hosp",2022-06-12,"quantile",0.7,687.747754758284
2022-05-21,"12","22  day ahead inc hosp",2022-06-12,"quantile",0.75,728.575049951057
2022-05-21,"12","22  day ahead inc hosp",2022-06-12,"quantile",0.8,774.038179233565
2022-05-21,"12","22  day ahead inc hosp",2022-06-12,"quantile",0.85,827.031008899687
2022-05-21,"12","22  day ahead inc hosp",2022-06-12,"quantile",0.9,893.708089136955
2022-05-21,"12","22  day ahead inc hosp",2022-06-12,"quantile",0.95,992.533566256077
2022-05-21,"12","22  day ahead inc hosp",2022-06-12,"quantile",0.975,1078.24992942032
2022-05-21,"12","22  day ahead inc hosp",2022-06-12,"quantile",0.99,1177.91372584487
2022-05-21,"12","23  day ahead inc hosp",2022-06-13,"quantile",0.01,0
2022-05-21,"12","23  day ahead inc hosp",2022-06-13,"quantile",0.025,0
2022-05-21,"12","23  day ahead inc hosp",2022-06-13,"quantile",0.05,88.5092505519718
2022-05-21,"12","23  day ahead inc hosp",2022-06-13,"quantile",0.1,191.235585581294
2022-05-21,"12","23  day ahead inc hosp",2022-06-13,"quantile",0.15,260.544556131208
2022-05-21,"12","23  day ahead inc hosp",2022-06-13,"quantile",0.2,315.629128785202
2022-05-21,"12","23  day ahead inc hosp",2022-06-13,"quantile",0.25,362.886787298976
2022-05-21,"12","23  day ahead inc hosp",2022-06-13,"quantile",0.3,405.325625203683
2022-05-21,"12","23  day ahead inc hosp",2022-06-13,"quantile",0.35,444.651533173568
2022-05-21,"12","23  day ahead inc hosp",2022-06-13,"quantile",0.4,481.967974148063
2022-05-21,"12","23  day ahead inc hosp",2022-06-13,"quantile",0.45,518.072062650541
2022-05-21,"12","23  day ahead inc hosp",2022-06-13,"quantile",0.5,553.603734470078
2022-05-21,"12","23  day ahead inc hosp",2022-06-13,"quantile",0.55,589.135406289615
2022-05-21,"12","23  day ahead inc hosp",2022-06-13,"quantile",0.6,625.239494792092
2022-05-21,"12","23  day ahead inc hosp",2022-06-13,"quantile",0.65,662.555935766588
2022-05-21,"12","23  day ahead inc hosp",2022-06-13,"quantile",0.7,701.881843736473
2022-05-21,"12","23  day ahead inc hosp",2022-06-13,"quantile",0.75,744.320681641179
2022-05-21,"12","23  day ahead inc hosp",2022-06-13,"quantile",0.8,791.578340154954
2022-05-21,"12","23  day ahead inc hosp",2022-06-13,"quantile",0.85,846.662912808947
2022-05-21,"12","23  day ahead inc hosp",2022-06-13,"quantile",0.9,915.971883358861
2022-05-21,"12","23  day ahead inc hosp",2022-06-13,"quantile",0.95,1018.69821838818
2022-05-21,"12","23  day ahead inc hosp",2022-06-13,"quantile",0.975,1107.79799403906
2022-05-21,"12","23  day ahead inc hosp",2022-06-13,"quantile",0.99,1211.39573867188
2022-05-21,"12","24  day ahead inc hosp",2022-06-14,"quantile",0.01,0
2022-05-21,"12","24  day ahead inc hosp",2022-06-14,"quantile",0.025,0
2022-05-21,"12","24  day ahead inc hosp",2022-06-14,"quantile",0.05,83.0100981183832
2022-05-21,"12","24  day ahead inc hosp",2022-06-14,"quantile",0.1,189.40501021057
2022-05-21,"12","24  day ahead inc hosp",2022-06-14,"quantile",0.15,261.189152288191
2022-05-21,"12","24  day ahead inc hosp",2022-06-14,"quantile",0.2,318.240912807871
2022-05-21,"12","24  day ahead inc hosp",2022-06-14,"quantile",0.25,367.186243348676
2022-05-21,"12","24  day ahead inc hosp",2022-06-14,"quantile",0.3,411.140662893353
2022-05-21,"12","24  day ahead inc hosp",2022-06-14,"quantile",0.35,451.870983119486
2022-05-21,"12","24  day ahead inc hosp",2022-06-14,"quantile",0.4,490.520073987387
2022-05-21,"12","24  day ahead inc hosp",2022-06-14,"quantile",0.45,527.913516684366
2022-05-21,"12","24  day ahead inc hosp",2022-06-14,"quantile",0.5,564.714100474774
2022-05-21,"12","24  day ahead inc hosp",2022-06-14,"quantile",0.55,601.514684265182
2022-05-21,"12","24  day ahead inc hosp",2022-06-14,"quantile",0.6,638.908126962161
2022-05-21,"12","24  day ahead inc hosp",2022-06-14,"quantile",0.65,677.557217830062
2022-05-21,"12","24  day ahead inc hosp",2022-06-14,"quantile",0.7,718.287538056195
2022-05-21,"12","24  day ahead inc hosp",2022-06-14,"quantile",0.75,762.241957600872
2022-05-21,"12","24  day ahead inc hosp",2022-06-14,"quantile",0.8,811.187288141677
2022-05-21,"12","24  day ahead inc hosp",2022-06-14,"quantile",0.85,868.239048661357
2022-05-21,"12","24  day ahead inc hosp",2022-06-14,"quantile",0.9,940.023190738978
2022-05-21,"12","24  day ahead inc hosp",2022-06-14,"quantile",0.95,1046.41810283116
2022-05-21,"12","24  day ahead inc hosp",2022-06-14,"quantile",0.975,1138.69982197459
2022-05-21,"12","24  day ahead inc hosp",2022-06-14,"quantile",0.99,1245.99726357036
2022-05-21,"12","25  day ahead inc hosp",2022-06-15,"quantile",0.01,0
2022-05-21,"12","25  day ahead inc hosp",2022-06-15,"quantile",0.025,0
2022-05-21,"12","25  day ahead inc hosp",2022-06-15,"quantile",0.05,69.547795416707
2022-05-21,"12","25  day ahead inc hosp",2022-06-15,"quantile",0.1,179.404377457209
2022-05-21,"12","25  day ahead inc hosp",2022-06-15,"quantile",0.15,253.524091814643
2022-05-21,"12","25  day ahead inc hosp",2022-06-15,"quantile",0.2,312.432091143171
2022-05-21,"12","25  day ahead inc hosp",2022-06-15,"quantile",0.25,362.969909299329
2022-05-21,"12","25  day ahead inc hosp",2022-06-15,"quantile",0.3,408.354431940492
2022-05-21,"12","25  day ahead inc hosp",2022-06-15,"quantile",0.35,450.409955813486
2022-05-21,"12","25  day ahead inc hosp",2022-06-15,"quantile",0.4,490.316535350312
2022-05-21,"12","25  day ahead inc hosp",2022-06-15,"quantile",0.45,528.926612887273
2022-05-21,"12","25  day ahead inc hosp",2022-06-15,"quantile",0.5,566.924542231924
2022-05-21,"12","25  day ahead inc hosp",2022-06-15,"quantile",0.55,604.922471576575
2022-05-21,"12","25  day ahead inc hosp",2022-06-15,"quantile",0.6,643.532549113536
2022-05-21,"12","25  day ahead inc hosp",2022-06-15,"quantile",0.65,683.439128650362
2022-05-21,"12","25  day ahead inc hosp",2022-06-15,"quantile",0.7,725.494652523356
2022-05-21,"12","25  day ahead inc hosp",2022-06-15,"quantile",0.75,770.879175164519
2022-05-21,"12","25  day ahead inc hosp",2022-06-15,"quantile",0.8,821.416993320677
2022-05-21,"12","25  day ahead inc hosp",2022-06-15,"quantile",0.85,880.324992649205
2022-05-21,"12","25  day ahead inc hosp",2022-06-15,"quantile",0.9,954.444707006639
2022-05-21,"12","25  day ahead inc hosp",2022-06-15,"quantile",0.95,1064.30128904714
2022-05-21,"12","25  day ahead inc hosp",2022-06-15,"quantile",0.975,1159.58549061811
2022-05-21,"12","25  day ahead inc hosp",2022-06-15,"quantile",0.99,1270.3739669053
2022-05-21,"12","26  day ahead inc hosp",2022-06-16,"quantile",0.01,0
2022-05-21,"12","26  day ahead inc hosp",2022-06-16,"quantile",0.025,0
2022-05-21,"12","26  day ahead inc hosp",2022-06-16,"quantile",0.05,54.6895044323343
2022-05-21,"12","26  day ahead inc hosp",2022-06-16,"quantile",0.1,167.82183439462
2022-05-21,"12","26  day ahead inc hosp",2022-06-16,"quantile",0.15,244.151680323233
2022-05-21,"12","26  day ahead inc hosp",2022-06-16,"quantile",0.2,304.816222161938
2022-05-21,"12","26  day ahead inc hosp",2022-06-16,"quantile",0.25,356.860997386317
2022-05-21,"12","26  day ahead inc hosp",2022-06-16,"quantile",0.3,403.598814049209
2022-05-21,"12","26  day ahead inc hosp",2022-06-16,"quantile",0.35,446.908366514461
2022-05-21,"12","26  day ahead inc hosp",2022-06-16,"quantile",0.4,488.004896553615
2022-05-21,"12","26  day ahead inc hosp",2022-06-16,"quantile",0.45,527.766264972765
2022-05-21,"12","26  day ahead inc hosp",2022-06-16,"quantile",0.5,566.89723191763
2022-05-21,"12","26  day ahead inc hosp",2022-06-16,"quantile",0.55,606.028198862494
2022-05-21,"12","26  day ahead inc hosp",2022-06-16,"quantile",0.6,645.789567281644
2022-05-21,"12","26  day ahead inc hosp",2022-06-16,"quantile",0.65,686.886097320799
2022-05-21,"12","26  day ahead inc hosp",2022-06-16,"quantile",0.7,730.195649786051
2022-05-21,"12","26  day ahead inc hosp",2022-06-16,"quantile",0.75,776.933466448942
2022-05-21,"12","26  day ahead inc hosp",2022-06-16,"quantile",0.8,828.978241673321
2022-05-21,"12","26  day ahead inc hosp",2022-06-16,"quantile",0.85,889.642783512026
2022-05-21,"12","26  day ahead inc hosp",2022-06-16,"quantile",0.9,965.972629440639
2022-05-21,"12","26  day ahead inc hosp",2022-06-16,"quantile",0.95,1079.10495940293
2022-05-21,"12","26  day ahead inc hosp",2022-06-16,"quantile",0.975,1177.23038377072
2022-05-21,"12","26  day ahead inc hosp",2022-06-16,"quantile",0.99,1291.32239557863
2022-05-21,"12","27  day ahead inc hosp",2022-06-17,"quantile",0.01,0
2022-05-21,"12","27  day ahead inc hosp",2022-06-17,"quantile",0.025,0
2022-05-21,"12","27  day ahead inc hosp",2022-06-17,"quantile",0.05,45.2195445414587
2022-05-21,"12","27  day ahead inc hosp",2022-06-17,"quantile",0.1,161.459310044436
2022-05-21,"12","27  day ahead inc hosp",2022-06-17,"quantile",0.15,239.88572797977
2022-05-21,"12","27  day ahead inc hosp",2022-06-17,"quantile",0.2,302.216558786731
2022-05-21,"12","27  day ahead inc hosp",2022-06-17,"quantile",0.25,355.690861576691
2022-05-21,"12","27  day ahead inc hosp",2022-06-17,"quantile",0.3,403.712438174881
2022-05-21,"12","27  day ahead inc hosp",2022-06-17,"quantile",0.35,448.211585538664
2022-05-21,"12","27  day ahead inc hosp",2022-06-17,"quantile",0.4,490.436924805784
2022-05-21,"12","27  day ahead inc hosp",2022-06-17,"quantile",0.45,531.290429216594
2022-05-21,"12","27  day ahead inc hosp",2022-06-17,"quantile",0.5,571.496216749584
2022-05-21,"12","27  day ahead inc hosp",2022-06-17,"quantile",0.55,611.702004282575
2022-05-21,"12","27  day ahead inc hosp",2022-06-17,"quantile",0.6,652.555508693384
2022-05-21,"12","27  day ahead inc hosp",2022-06-17,"quantile",0.65,694.780847960505
2022-05-21,"12","27  day ahead inc hosp",2022-06-17,"quantile",0.7,739.279995324287
2022-05-21,"12","27  day ahead inc hosp",2022-06-17,"quantile",0.75,787.301571922477
2022-05-21,"12","27  day ahead inc hosp",2022-06-17,"quantile",0.8,840.775874712438
2022-05-21,"12","27  day ahead inc hosp",2022-06-17,"quantile",0.85,903.106705519399
2022-05-21,"12","27  day ahead inc hosp",2022-06-17,"quantile",0.9,981.533123454733
2022-05-21,"12","27  day ahead inc hosp",2022-06-17,"quantile",0.95,1097.77288895771
2022-05-21,"12","27  day ahead inc hosp",2022-06-17,"quantile",0.975,1198.59355023283
2022-05-21,"12","27  day ahead inc hosp",2022-06-17,"quantile",0.99,1315.81935741576
2022-05-21,"12","28  day ahead inc hosp",2022-06-18,"quantile",0.01,0
2022-05-21,"12","28  day ahead inc hosp",2022-06-18,"quantile",0.025,0
2022-05-21,"12","28  day ahead inc hosp",2022-06-18,"quantile",0.05,26.737064571069
2022-05-21,"12","28  day ahead inc hosp",2022-06-18,"quantile",0.1,145.930916541346
2022-05-21,"12","28  day ahead inc hosp",2022-06-18,"quantile",0.15,226.350442591611
2022-05-21,"12","28  day ahead inc hosp",2022-06-18,"quantile",0.2,290.265332545506
2022-05-21,"12","28  day ahead inc hosp",2022-06-18,"quantile",0.25,345.098617036235
2022-05-21,"12","28  day ahead inc hosp",2022-06-18,"quantile",0.3,394.34060120281
2022-05-21,"12","28  day ahead inc hosp",2022-06-18,"quantile",0.35,439.970638055787
2022-05-21,"12","28  day ahead inc hosp",2022-06-18,"quantile",0.4,483.269080858229
2022-05-21,"12","28  day ahead inc hosp",2022-06-18,"quantile",0.45,525.160825358388
2022-05-21,"12","28  day ahead inc hosp",2022-06-18,"quantile",0.5,566.388392076362
2022-05-21,"12","28  day ahead inc hosp",2022-06-18,"quantile",0.55,607.615958794337
2022-05-21,"12","28  day ahead inc hosp",2022-06-18,"quantile",0.6,649.507703294496
2022-05-21,"12","28  day ahead inc hosp",2022-06-18,"quantile",0.65,692.806146096938
2022-05-21,"12","28  day ahead inc hosp",2022-06-18,"quantile",0.7,738.436182949914
2022-05-21,"12","28  day ahead inc hosp",2022-06-18,"quantile",0.75,787.67816711649
2022-05-21,"12","28  day ahead inc hosp",2022-06-18,"quantile",0.8,842.511451607218
2022-05-21,"12","28  day ahead inc hosp",2022-06-18,"quantile",0.85,906.426341561113
2022-05-21,"12","28  day ahead inc hosp",2022-06-18,"quantile",0.9,986.845867611378
2022-05-21,"12","28  day ahead inc hosp",2022-06-18,"quantile",0.95,1106.03971958166
2022-05-21,"12","28  day ahead inc hosp",2022-06-18,"quantile",0.975,1209.42261031249
2022-05-21,"12","28  day ahead inc hosp",2022-06-18,"quantile",0.99,1329.62756296357
2022-05-21,"12","29  day ahead inc hosp",2022-06-19,"quantile",0.01,0
2022-05-21,"12","29  day ahead inc hosp",2022-06-19,"quantile",0.025,0
2022-05-21,"12","29  day ahead inc hosp",2022-06-19,"quantile",0.05,29.4459308138526
2022-05-21,"12","29  day ahead inc hosp",2022-06-19,"quantile",0.1,151.453374076639
2022-05-21,"12","29  day ahead inc hosp",2022-06-19,"quantile",0.15,233.771216814405
2022-05-21,"12","29  day ahead inc hosp",2022-06-19,"quantile",0.2,299.194828693662
2022-05-21,"12","29  day ahead inc hosp",2022-06-19,"quantile",0.25,355.322462257204
2022-05-21,"12","29  day ahead inc hosp",2022-06-19,"quantile",0.3,405.726811894706
2022-05-21,"12","29  day ahead inc hosp",2022-06-19,"quantile",0.35,452.43395358358
2022-05-21,"12","29  day ahead inc hosp",2022-06-19,"quantile",0.4,496.754463544977
2022-05-21,"12","29  day ahead inc hosp",2022-06-19,"quantile",0.45,539.635069849711
2022-05-21,"12","29  day ahead inc hosp",2022-06-19,"quantile",0.5,581.835820341946
2022-05-21,"12","29  day ahead inc hosp",2022-06-19,"quantile",0.55,624.03657083418
2022-05-21,"12","29  day ahead inc hosp",2022-06-19,"quantile",0.6,666.917177138915
2022-05-21,"12","29  day ahead inc hosp",2022-06-19,"quantile",0.65,711.237687100312
2022-05-21,"12","29  day ahead inc hosp",2022-06-19,"quantile",0.7,757.944828789186
2022-05-21,"12","29  day ahead inc hosp",2022-06-19,"quantile",0.75,808.349178426688
2022-05-21,"12","29  day ahead inc hosp",2022-06-19,"quantile",0.8,864.47681199023
2022-05-21,"12","29  day ahead inc hosp",2022-06-19,"quantile",0.85,929.900423869487
2022-05-21,"12","29  day ahead inc hosp",2022-06-19,"quantile",0.9,1012.21826660725
2022-05-21,"12","29  day ahead inc hosp",2022-06-19,"quantile",0.95,1134.22570987004
2022-05-21,"12","29  day ahead inc hosp",2022-06-19,"quantile",0.975,1240.04897144506
2022-05-21,"12","29  day ahead inc hosp",2022-06-19,"quantile",0.99,1363.09138259341
2022-05-21,"12","30  day ahead inc hosp",2022-06-20,"quantile",0.01,0
2022-05-21,"12","30  day ahead inc hosp",2022-06-20,"quantile",0.025,0
2022-05-21,"12","30  day ahead inc hosp",2022-06-20,"quantile",0.05,27.2932253993429
2022-05-21,"12","30  day ahead inc hosp",2022-06-20,"quantile",0.1,151.984912692971
2022-05-21,"12","30  day ahead inc hosp",2022-06-20,"quantile",0.15,236.11380213487
2022-05-21,"12","30  day ahead inc hosp",2022-06-20,"quantile",0.2,302.976776523222
2022-05-21,"12","30  day ahead inc hosp",2022-06-20,"quantile",0.25,360.3392549563
2022-05-21,"12","30  day ahead inc hosp",2022-06-20,"quantile",0.3,411.85253345113
2022-05-21,"12","30  day ahead inc hosp",2022-06-20,"quantile",0.35,459.587262989755
2022-05-21,"12","30  day ahead inc hosp",2022-06-20,"quantile",0.4,504.882853332532
2022-05-21,"12","30  day ahead inc hosp",2022-06-20,"quantile",0.45,548.706861190764
2022-05-21,"12","30  day ahead inc hosp",2022-06-20,"quantile",0.5,591.836055961286
2022-05-21,"12","30  day ahead inc hosp",2022-06-20,"quantile",0.55,634.965250731808
2022-05-21,"12","30  day ahead inc hosp",2022-06-20,"quantile",0.6,678.789258590041
2022-05-21,"12","30  day ahead inc hosp",2022-06-20,"quantile",0.65,724.084848932817
2022-05-21,"12","30  day ahead inc hosp",2022-06-20,"quantile",0.7,771.819578471442
2022-05-21,"12","30  day ahead inc hosp",2022-06-20,"quantile",0.75,823.332856966272
2022-05-21,"12","30  day ahead inc hosp",2022-06-20,"quantile",0.8,880.69533539935
2022-05-21,"12","30  day ahead inc hosp",2022-06-20,"quantile",0.85,947.558309787702
2022-05-21,"12","30  day ahead inc hosp",2022-06-20,"quantile",0.9,1031.6871992296
2022-05-21,"12","30  day ahead inc hosp",2022-06-20,"quantile",0.95,1156.37888652323
2022-05-21,"12","30  day ahead inc hosp",2022-06-20,"quantile",0.975,1264.53032948302
2022-05-21,"12","30  day ahead inc hosp",2022-06-20,"quantile",0.99,1390.27975463668
2022-05-21,"12","31  day ahead inc hosp",2022-06-21,"quantile",0.01,0
2022-05-21,"12","31  day ahead inc hosp",2022-06-21,"quantile",0.025,0
2022-05-21,"12","31  day ahead inc hosp",2022-06-21,"quantile",0.05,29.2997113611796
2022-05-21,"12","31  day ahead inc hosp",2022-06-21,"quantile",0.1,156.556045851292
2022-05-21,"12","31  day ahead inc hosp",2022-06-21,"quantile",0.15,242.415290580968
2022-05-21,"12","31  day ahead inc hosp",2022-06-21,"quantile",0.2,310.653496498668
2022-05-21,"12","31  day ahead inc hosp",2022-06-21,"quantile",0.25,369.195801130988
2022-05-21,"12","31  day ahead inc hosp",2022-06-21,"quantile",0.3,421.768600016799
2022-05-21,"12","31  day ahead inc hosp",2022-06-21,"quantile",0.35,470.485133097771
2022-05-21,"12","31  day ahead inc hosp",2022-06-21,"quantile",0.4,516.712358991457
2022-05-21,"12","31  day ahead inc hosp",2022-06-21,"quantile",0.45,561.437735026925
2022-05-21,"12","31  day ahead inc hosp",2022-06-21,"quantile",0.5,605.454007122774
2022-05-21,"12","31  day ahead inc hosp",2022-06-21,"quantile",0.55,649.470279218622
2022-05-21,"12","31  day ahead inc hosp",2022-06-21,"quantile",0.6,694.19565525409
2022-05-21,"12","31  day ahead inc hosp",2022-06-21,"quantile",0.65,740.422881147776
2022-05-21,"12","31  day ahead inc hosp",2022-06-21,"quantile",0.7,789.139414228748
2022-05-21,"12","31  day ahead inc hosp",2022-06-21,"quantile",0.75,841.712213114559
2022-05-21,"12","31  day ahead inc hosp",2022-06-21,"quantile",0.8,900.254517746879
2022-05-21,"12","31  day ahead inc hosp",2022-06-21,"quantile",0.85,968.492723664579
2022-05-21,"12","31  day ahead inc hosp",2022-06-21,"quantile",0.9,1054.35196839425
2022-05-21,"12","31  day ahead inc hosp",2022-06-21,"quantile",0.95,1181.60830288437
2022-05-21,"12","31  day ahead inc hosp",2022-06-21,"quantile",0.975,1291.98419481107
2022-05-21,"12","31  day ahead inc hosp",2022-06-21,"quantile",0.99,1420.32002261658
2022-05-21,"12","32  day ahead inc hosp",2022-06-22,"quantile",0.01,0
2022-05-21,"12","32  day ahead inc hosp",2022-06-22,"quantile",0.025,0
2022-05-21,"12","32  day ahead inc hosp",2022-06-22,"quantile",0.05,11.807001128436
2022-05-21,"12","32  day ahead inc hosp",2022-06-22,"quantile",0.1,141.516978537301
2022-05-21,"12","32  day ahead inc hosp",2022-06-22,"quantile",0.15,229.031684495563
2022-05-21,"12","32  day ahead inc hosp",2022-06-22,"quantile",0.2,298.585598518554
2022-05-21,"12","32  day ahead inc hosp",2022-06-22,"quantile",0.25,358.256663552343
2022-05-21,"12","32  day ahead inc hosp",2022-06-22,"quantile",0.3,411.84312416448
2022-05-21,"12","32  day ahead inc hosp",2022-06-22,"quantile",0.35,461.498965900689
2022-05-21,"12","32  day ahead inc hosp",2022-06-22,"quantile",0.4,508.617503853001
2022-05-21,"12","32  day ahead inc hosp",2022-06-22,"quantile",0.45,554.205234620261
2022-05-21,"12","32  day ahead inc hosp",2022-06-22,"quantile",0.5,599.070189139429
2022-05-21,"12","32  day ahead inc hosp",2022-06-22,"quantile",0.55,643.935143658596
2022-05-21,"12","32  day ahead inc hosp",2022-06-22,"quantile",0.6,689.522874425856
2022-05-21,"12","32  day ahead inc hosp",2022-06-22,"quantile",0.65,736.641412378168
2022-05-21,"12","32  day ahead inc hosp",2022-06-22,"quantile",0.7,786.297254114377
2022-05-21,"12","32  day ahead inc hosp",2022-06-22,"quantile",0.75,839.883714726514
2022-05-21,"12","32  day ahead inc hosp",2022-06-22,"quantile",0.8,899.554779760303
2022-05-21,"12","32  day ahead inc hosp",2022-06-22,"quantile",0.85,969.108693783294
2022-05-21,"12","32  day ahead inc hosp",2022-06-22,"quantile",0.9,1056.62339974156
2022-05-21,"12","32  day ahead inc hosp",2022-06-22,"quantile",0.95,1186.33337715042
2022-05-21,"12","32  day ahead inc hosp",2022-06-22,"quantile",0.975,1298.83743838761
2022-05-21,"12","32  day ahead inc hosp",2022-06-22,"quantile",0.99,1429.64772293729
2022-05-21,"12","33  day ahead inc hosp",2022-06-23,"quantile",0.01,0
2022-05-21,"12","33  day ahead inc hosp",2022-06-23,"quantile",0.025,0
2022-05-21,"12","33  day ahead inc hosp",2022-06-23,"quantile",0.05,19.1938480761197
2022-05-21,"12","33  day ahead inc hosp",2022-06-23,"quantile",0.1,151.254087525594
2022-05-21,"12","33  day ahead inc hosp",2022-06-23,"quantile",0.15,240.354504124761
2022-05-21,"12","33  day ahead inc hosp",2022-06-23,"quantile",0.2,311.168690697093
2022-05-21,"12","33  day ahead inc hosp",2022-06-23,"quantile",0.25,371.920957361421
2022-05-21,"12","33  day ahead inc hosp",2022-06-23,"quantile",0.3,426.478370453724
2022-05-21,"12","33  day ahead inc hosp",2022-06-23,"quantile",0.35,477.033944363652
2022-05-21,"12","33  day ahead inc hosp",2022-06-23,"quantile",0.4,525.006240163822
2022-05-21,"12","33  day ahead inc hosp",2022-06-23,"quantile",0.45,571.419991529344
2022-05-21,"12","33  day ahead inc hosp",2022-06-23,"quantile",0.5,617.097870402262
2022-05-21,"12","33  day ahead inc hosp",2022-06-23,"quantile",0.55,662.77574927518
2022-05-21,"12","33  day ahead inc hosp",2022-06-23,"quantile",0.6,709.189500640701
2022-05-21,"12","33  day ahead inc hosp",2022-06-23,"quantile",0.65,757.161796440871
2022-05-21,"12","33  day ahead inc hosp",2022-06-23,"quantile",0.7,807.7173703508
2022-05-21,"12","33  day ahead inc hosp",2022-06-23,"quantile",0.75,862.274783443102
2022-05-21,"12","33  day ahead inc hosp",2022-06-23,"quantile",0.8,923.02705010743
2022-05-21,"12","33  day ahead inc hosp",2022-06-23,"quantile",0.85,993.841236679762
2022-05-21,"12","33  day ahead inc hosp",2022-06-23,"quantile",0.9,1082.94165327893
2022-05-21,"12","33  day ahead inc hosp",2022-06-23,"quantile",0.95,1215.0018927284
2022-05-21,"12","33  day ahead inc hosp",2022-06-23,"quantile",0.975,1329.54445578189
2022-05-21,"12","33  day ahead inc hosp",2022-06-23,"quantile",0.99,1462.72493923562
2022-05-21,"12","34  day ahead inc hosp",2022-06-24,"quantile",0.01,0
2022-05-21,"12","34  day ahead inc hosp",2022-06-24,"quantile",0.025,0
2022-05-21,"12","34  day ahead inc hosp",2022-06-24,"quantile",0.05,5.19966166961194
2022-05-21,"12","34  day ahead inc hosp",2022-06-24,"quantile",0.1,139.51358701153
2022-05-21,"12","34  day ahead inc hosp",2022-06-24,"quantile",0.15,230.134554782931
2022-05-21,"12","34  day ahead inc hosp",2022-06-24,"quantile",0.2,302.157227224502
2022-05-21,"12","34  day ahead inc hosp",2022-06-24,"quantile",0.25,363.946267159015
2022-05-21,"12","34  day ahead inc hosp",2022-06-24,"quantile",0.3,419.434734690768
2022-05-21,"12","34  day ahead inc hosp",2022-06-24,"quantile",0.35,470.853069293697
2022-05-21,"12","34  day ahead inc hosp",2022-06-24,"quantile",0.4,519.644040621972
2022-05-21,"12","34  day ahead inc hosp",2022-06-24,"quantile",0.45,566.84987003539
2022-05-21,"12","34  day ahead inc hosp",2022-06-24,"quantile",0.5,613.307268858005
2022-05-21,"12","34  day ahead inc hosp",2022-06-24,"quantile",0.55,659.76466768062
2022-05-21,"12","34  day ahead inc hosp",2022-06-24,"quantile",0.6,706.970497094038
2022-05-21,"12","34  day ahead inc hosp",2022-06-24,"quantile",0.65,755.761468422314
2022-05-21,"12","34  day ahead inc hosp",2022-06-24,"quantile",0.7,807.179803025242
2022-05-21,"12","34  day ahead inc hosp",2022-06-24,"quantile",0.75,862.668270556995
2022-05-21,"12","34  day ahead inc hosp",2022-06-24,"quantile",0.8,924.457310491508
2022-05-21,"12","34  day ahead inc hosp",2022-06-24,"quantile",0.85,996.479982933079
2022-05-21,"12","34  day ahead inc hosp",2022-06-24,"quantile",0.9,1087.10095070448
2022-05-21,"12","34  day ahead inc hosp",2022-06-24,"quantile",0.95,1221.4148760464
2022-05-21,"12","34  day ahead inc hosp",2022-06-24,"quantile",0.975,1337.91217551043
2022-05-21,"12","34  day ahead inc hosp",2022-06-24,"quantile",0.99,1473.36546248141
2022-05-21,"12","35  day ahead inc hosp",2022-06-25,"quantile",0.01,0
2022-05-21,"12","35  day ahead inc hosp",2022-06-25,"quantile",0.025,0
2022-05-21,"12","35  day ahead inc hosp",2022-06-25,"quantile",0.05,0
2022-05-21,"12","35  day ahead inc hosp",2022-06-25,"quantile",0.1,128.68253693077
2022-05-21,"12","35  day ahead inc hosp",2022-06-25,"quantile",0.15,220.76301705326
2022-05-21,"12","35  day ahead inc hosp",2022-06-25,"quantile",0.2,293.945663643993
2022-05-21,"12","35  day ahead inc hosp",2022-06-25,"quantile",0.25,356.72985811243
2022-05-21,"12","35  day ahead inc hosp",2022-06-25,"quantile",0.3,413.112005172191
2022-05-21,"12","35  day ahead inc hosp",2022-06-25,"quantile",0.35,465.358467042693
2022-05-21,"12","35  day ahead inc hosp",2022-06-25,"quantile",0.4,514.935250165154
2022-05-21,"12","35  day ahead inc hosp",2022-06-25,"quantile",0.45,562.901361583571
2022-05-21,"12","35  day ahead inc hosp",2022-06-25,"quantile",0.5,610.106988427234
2022-05-21,"12","35  day ahead inc hosp",2022-06-25,"quantile",0.55,657.312615270898
2022-05-21,"12","35  day ahead inc hosp",2022-06-25,"quantile",0.6,705.278726689315
2022-05-21,"12","35  day ahead inc hosp",2022-06-25,"quantile",0.65,754.855509811776
2022-05-21,"12","35  day ahead inc hosp",2022-06-25,"quantile",0.7,807.101971682278
2022-05-21,"12","35  day ahead inc hosp",2022-06-25,"quantile",0.75,863.484118742039
2022-05-21,"12","35  day ahead inc hosp",2022-06-25,"quantile",0.8,926.268313210476
2022-05-21,"12","35  day ahead inc hosp",2022-06-25,"quantile",0.85,999.450959801209
2022-05-21,"12","35  day ahead inc hosp",2022-06-25,"quantile",0.9,1091.5314399237
2022-05-21,"12","35  day ahead inc hosp",2022-06-25,"quantile",0.95,1228.00858243026
2022-05-21,"12","35  day ahead inc hosp",2022-06-25,"quantile",0.975,1346.38215017544
2022-05-21,"12","35  day ahead inc hosp",2022-06-25,"quantile",0.99,1484.0170045054
2022-05-21,"12","36  day ahead inc hosp",2022-06-26,"quantile",0.01,0
2022-05-21,"12","36  day ahead inc hosp",2022-06-26,"quantile",0.025,0
2022-05-21,"12","36  day ahead inc hosp",2022-06-26,"quantile",0.05,0
2022-05-21,"12","36  day ahead inc hosp",2022-06-26,"quantile",0.1,128.49942069134
2022-05-21,"12","36  day ahead inc hosp",2022-06-26,"quantile",0.15,221.982091228484
2022-05-21,"12","36  day ahead inc hosp",2022-06-26,"quantile",0.2,296.279154310444
2022-05-21,"12","36  day ahead inc hosp",2022-06-26,"quantile",0.25,360.019418898828
2022-05-21,"12","36  day ahead inc hosp",2022-06-26,"quantile",0.3,417.26014647489
2022-05-21,"12","36  day ahead inc hosp",2022-06-26,"quantile",0.35,470.302211147821
2022-05-21,"12","36  day ahead inc hosp",2022-06-26,"quantile",0.4,520.633943527618
2022-05-21,"12","36  day ahead inc hosp",2022-06-26,"quantile",0.45,569.330477089466
2022-05-21,"12","36  day ahead inc hosp",2022-06-26,"quantile",0.5,617.254945509432
2022-05-21,"12","36  day ahead inc hosp",2022-06-26,"quantile",0.55,665.179413929398
2022-05-21,"12","36  day ahead inc hosp",2022-06-26,"quantile",0.6,713.875947491246
2022-05-21,"12","36  day ahead inc hosp",2022-06-26,"quantile",0.65,764.207679871043
2022-05-21,"12","36  day ahead inc hosp",2022-06-26,"quantile",0.7,817.249744543974
2022-05-21,"12","36  day ahead inc hosp",2022-06-26,"quantile",0.75,874.490472120036
2022-05-21,"12","36  day ahead inc hosp",2022-06-26,"quantile",0.8,938.23073670842
2022-05-21,"12","36  day ahead inc hosp",2022-06-26,"quantile",0.85,1012.52779979038
2022-05-21,"12","36  day ahead inc hosp",2022-06-26,"quantile",0.9,1106.01047032752
2022-05-21,"12","36  day ahead inc hosp",2022-06-26,"quantile",0.95,1244.56587025398
2022-05-21,"12","36  day ahead inc hosp",2022-06-26,"quantile",0.975,1364.74201637213
2022-05-21,"12","36  day ahead inc hosp",2022-06-26,"quantile",0.99,1504.47275761761
2022-05-21,"12","37  day ahead inc hosp",2022-06-27,"quantile",0.01,0
2022-05-21,"12","37  day ahead inc hosp",2022-06-27,"quantile",0.025,0
2022-05-21,"12","37  day ahead inc hosp",2022-06-27,"quantile",0.05,0
2022-05-21,"12","37  day ahead inc hosp",2022-06-27,"quantile",0.1,125.285805032114
2022-05-21,"12","37  day ahead inc hosp",2022-06-27,"quantile",0.15,220.116712023793
2022-05-21,"12","37  day ahead inc hosp",2022-06-27,"quantile",0.2,295.485310699852
2022-05-21,"12","37  day ahead inc hosp",2022-06-27,"quantile",0.25,360.144857416634
2022-05-21,"12","37  day ahead inc hosp",2022-06-27,"quantile",0.3,418.211128755607
2022-05-21,"12","37  day ahead inc hosp",2022-06-27,"quantile",0.35,472.01818275549
2022-05-21,"12","37  day ahead inc hosp",2022-06-27,"quantile",0.4,523.075815198095
2022-05-21,"12","37  day ahead inc hosp",2022-06-27,"quantile",0.45,572.474665471482
2022-05-21,"12","37  day ahead inc hosp",2022-06-27,"quantile",0.5,621.090315636864
2022-05-21,"12","37  day ahead inc hosp",2022-06-27,"quantile",0.55,669.705965802246
2022-05-21,"12","37  day ahead inc hosp",2022-06-27,"quantile",0.6,719.104816075633
2022-05-21,"12","37  day ahead inc hosp",2022-06-27,"quantile",0.65,770.162448518239
2022-05-21,"12","37  day ahead inc hosp",2022-06-27,"quantile",0.7,823.969502518121
2022-05-21,"12","37  day ahead inc hosp",2022-06-27,"quantile",0.75,882.035773857094
2022-05-21,"12","37  day ahead inc hosp",2022-06-27,"quantile",0.8,946.695320573876
2022-05-21,"12","37  day ahead inc hosp",2022-06-27,"quantile",0.85,1022.06391924993
2022-05-21,"12","37  day ahead inc hosp",2022-06-27,"quantile",0.9,1116.89482624161
2022-05-21,"12","37  day ahead inc hosp",2022-06-27,"quantile",0.95,1257.44851569147
2022-05-21,"12","37  day ahead inc hosp",2022-06-27,"quantile",0.975,1379.35787995829
2022-05-21,"12","37  day ahead inc hosp",2022-06-27,"quantile",0.99,1521.10386186906
2022-05-21,"13","1  day ahead inc hosp",2022-05-22,"quantile",0.01,0
2022-05-21,"13","1  day ahead inc hosp",2022-05-22,"quantile",0.025,0
2022-05-21,"13","1  day ahead inc hosp",2022-05-22,"quantile",0.05,12.3639950532138
2022-05-21,"13","1  day ahead inc hosp",2022-05-22,"quantile",0.1,34.3030183306371
2022-05-21,"13","1  day ahead inc hosp",2022-05-22,"quantile",0.15,49.105173180168
2022-05-21,"13","1  day ahead inc hosp",2022-05-22,"quantile",0.2,60.8694566167174
2022-05-21,"13","1  day ahead inc hosp",2022-05-22,"quantile",0.25,70.9621642936171
2022-05-21,"13","1  day ahead inc hosp",2022-05-22,"quantile",0.3,80.0257277157171
2022-05-21,"13","1  day ahead inc hosp",2022-05-22,"quantile",0.35,88.4244699672618
2022-05-21,"13","1  day ahead inc hosp",2022-05-22,"quantile",0.4,96.3940550491823
2022-05-21,"13","1  day ahead inc hosp",2022-05-22,"quantile",0.45,104.104720847197
2022-05-21,"13","1  day ahead inc hosp",2022-05-22,"quantile",0.5,111.693136952104
2022-05-21,"13","1  day ahead inc hosp",2022-05-22,"quantile",0.55,119.281553057011
2022-05-21,"13","1  day ahead inc hosp",2022-05-22,"quantile",0.6,126.992218855026
2022-05-21,"13","1  day ahead inc hosp",2022-05-22,"quantile",0.65,134.961803936947
2022-05-21,"13","1  day ahead inc hosp",2022-05-22,"quantile",0.7,143.360546188491
2022-05-21,"13","1  day ahead inc hosp",2022-05-22,"quantile",0.75,152.424109610591
2022-05-21,"13","1  day ahead inc hosp",2022-05-22,"quantile",0.8,162.516817287491
2022-05-21,"13","1  day ahead inc hosp",2022-05-22,"quantile",0.85,174.28110072404
2022-05-21,"13","1  day ahead inc hosp",2022-05-22,"quantile",0.9,189.083255573571
2022-05-21,"13","1  day ahead inc hosp",2022-05-22,"quantile",0.95,211.022278850995
2022-05-21,"13","1  day ahead inc hosp",2022-05-22,"quantile",0.975,230.05110969033
2022-05-21,"13","1  day ahead inc hosp",2022-05-22,"quantile",0.99,252.176237880089
2022-05-21,"13","2  day ahead inc hosp",2022-05-23,"quantile",0.01,0
2022-05-21,"13","2  day ahead inc hosp",2022-05-23,"quantile",0.025,0
2022-05-21,"13","2  day ahead inc hosp",2022-05-23,"quantile",0.05,0
2022-05-21,"13","2  day ahead inc hosp",2022-05-23,"quantile",0.1,13.8925426019361
2022-05-21,"13","2  day ahead inc hosp",2022-05-23,"quantile",0.15,32.7569255996754
2022-05-21,"13","2  day ahead inc hosp",2022-05-23,"quantile",0.2,47.7497391931679
2022-05-21,"13","2  day ahead inc hosp",2022-05-23,"quantile",0.25,60.6122382709487
2022-05-21,"13","2  day ahead inc hosp",2022-05-23,"quantile",0.3,72.1631599750419
2022-05-21,"13","2  day ahead inc hosp",2022-05-23,"quantile",0.35,82.86681036534
2022-05-21,"13","2  day ahead inc hosp",2022-05-23,"quantile",0.4,93.0235278734792
2022-05-21,"13","2  day ahead inc hosp",2022-05-23,"quantile",0.45,102.850269605338
2022-05-21,"13","2  day ahead inc hosp",2022-05-23,"quantile",0.5,112.52121205962
2022-05-21,"13","2  day ahead inc hosp",2022-05-23,"quantile",0.55,122.192154513901
2022-05-21,"13","2  day ahead inc hosp",2022-05-23,"quantile",0.6,132.01889624576
2022-05-21,"13","2  day ahead inc hosp",2022-05-23,"quantile",0.65,142.175613753899
2022-05-21,"13","2  day ahead inc hosp",2022-05-23,"quantile",0.7,152.879264144197
2022-05-21,"13","2  day ahead inc hosp",2022-05-23,"quantile",0.75,164.43018584829
2022-05-21,"13","2  day ahead inc hosp",2022-05-23,"quantile",0.8,177.292684926071
2022-05-21,"13","2  day ahead inc hosp",2022-05-23,"quantile",0.85,192.285498519564
2022-05-21,"13","2  day ahead inc hosp",2022-05-23,"quantile",0.9,211.149881517303
2022-05-21,"13","2  day ahead inc hosp",2022-05-23,"quantile",0.95,239.109738842721
2022-05-21,"13","2  day ahead inc hosp",2022-05-23,"quantile",0.975,263.360745307755
2022-05-21,"13","2  day ahead inc hosp",2022-05-23,"quantile",0.99,291.557781231813
2022-05-21,"13","3  day ahead inc hosp",2022-05-24,"quantile",0.01,0
2022-05-21,"13","3  day ahead inc hosp",2022-05-24,"quantile",0.025,0
2022-05-21,"13","3  day ahead inc hosp",2022-05-24,"quantile",0.05,0
2022-05-21,"13","3  day ahead inc hosp",2022-05-24,"quantile",0.1,0.333101723615428
2022-05-21,"13","3  day ahead inc hosp",2022-05-24,"quantile",0.15,22.1159196856518
2022-05-21,"13","3  day ahead inc hosp",2022-05-24,"quantile",0.2,39.4282128724966
2022-05-21,"13","3  day ahead inc hosp",2022-05-24,"quantile",0.25,54.2806189109944
2022-05-21,"13","3  day ahead inc hosp",2022-05-24,"quantile",0.3,67.6185385664717
2022-05-21,"13","3  day ahead inc hosp",2022-05-24,"quantile",0.35,79.9781088746596
2022-05-21,"13","3  day ahead inc hosp",2022-05-24,"quantile",0.4,91.7061324521144
2022-05-21,"13","3  day ahead inc hosp",2022-05-24,"quantile",0.45,103.053130990613
2022-05-21,"13","3  day ahead inc hosp",2022-05-24,"quantile",0.5,114.220227154224
2022-05-21,"13","3  day ahead inc hosp",2022-05-24,"quantile",0.55,125.387323317835
2022-05-21,"13","3  day ahead inc hosp",2022-05-24,"quantile",0.6,136.734321856334
2022-05-21,"13","3  day ahead inc hosp",2022-05-24,"quantile",0.65,148.462345433789
2022-05-21,"13","3  day ahead inc hosp",2022-05-24,"quantile",0.7,160.821915741977
2022-05-21,"13","3  day ahead inc hosp",2022-05-24,"quantile",0.75,174.159835397454
2022-05-21,"13","3  day ahead inc hosp",2022-05-24,"quantile",0.8,189.012241435952
2022-05-21,"13","3  day ahead inc hosp",2022-05-24,"quantile",0.85,206.324534622797
2022-05-21,"13","3  day ahead inc hosp",2022-05-24,"quantile",0.9,228.107352584833
2022-05-21,"13","3  day ahead inc hosp",2022-05-24,"quantile",0.95,260.392770159162
2022-05-21,"13","3  day ahead inc hosp",2022-05-24,"quantile",0.975,288.395555052117
2022-05-21,"13","3  day ahead inc hosp",2022-05-24,"quantile",0.99,320.954844199096
2022-05-21,"13","4  day ahead inc hosp",2022-05-25,"quantile",0.01,0
2022-05-21,"13","4  day ahead inc hosp",2022-05-25,"quantile",0.025,0
2022-05-21,"13","4  day ahead inc hosp",2022-05-25,"quantile",0.05,0
2022-05-21,"13","4  day ahead inc hosp",2022-05-25,"quantile",0.1,0
2022-05-21,"13","4  day ahead inc hosp",2022-05-25,"quantile",0.15,7.038348744096
2022-05-21,"13","4  day ahead inc hosp",2022-05-25,"quantile",0.2,26.1590276455448
2022-05-21,"13","4  day ahead inc hosp",2022-05-25,"quantile",0.25,42.5628676054557
2022-05-21,"13","4  day ahead inc hosp",2022-05-25,"quantile",0.3,57.2940228714429
2022-05-21,"13","4  day ahead inc hosp",2022-05-25,"quantile",0.35,70.9446336063812
2022-05-21,"13","4  day ahead inc hosp",2022-05-25,"quantile",0.4,83.8977282977034
2022-05-21,"13","4  day ahead inc hosp",2022-05-25,"quantile",0.45,96.4299973165013
2022-05-21,"13","4  day ahead inc hosp",2022-05-25,"quantile",0.5,108.763571944747
2022-05-21,"13","4  day ahead inc hosp",2022-05-25,"quantile",0.55,121.097146572992
2022-05-21,"13","4  day ahead inc hosp",2022-05-25,"quantile",0.6,133.62941559179
2022-05-21,"13","4  day ahead inc hosp",2022-05-25,"quantile",0.65,146.582510283112
2022-05-21,"13","4  day ahead inc hosp",2022-05-25,"quantile",0.7,160.23312101805
2022-05-21,"13","4  day ahead inc hosp",2022-05-25,"quantile",0.75,174.964276284037
2022-05-21,"13","4  day ahead inc hosp",2022-05-25,"quantile",0.8,191.368116243948
2022-05-21,"13","4  day ahead inc hosp",2022-05-25,"quantile",0.85,210.488795145397
2022-05-21,"13","4  day ahead inc hosp",2022-05-25,"quantile",0.9,234.546975267791
2022-05-21,"13","4  day ahead inc hosp",2022-05-25,"quantile",0.95,270.204822323376
2022-05-21,"13","4  day ahead inc hosp",2022-05-25,"quantile",0.975,301.132686847493
2022-05-21,"13","4  day ahead inc hosp",2022-05-25,"quantile",0.99,337.093013207485
2022-05-21,"13","5  day ahead inc hosp",2022-05-26,"quantile",0.01,0
2022-05-21,"13","5  day ahead inc hosp",2022-05-26,"quantile",0.025,0
2022-05-21,"13","5  day ahead inc hosp",2022-05-26,"quantile",0.05,0
2022-05-21,"13","5  day ahead inc hosp",2022-05-26,"quantile",0.1,0
2022-05-21,"13","5  day ahead inc hosp",2022-05-26,"quantile",0.15,1.95405547950607
2022-05-21,"13","5  day ahead inc hosp",2022-05-26,"quantile",0.2,22.6477803425536
2022-05-21,"13","5  day ahead inc hosp",2022-05-26,"quantile",0.25,40.401153670848
2022-05-21,"13","5  day ahead inc hosp",2022-05-26,"quantile",0.3,56.3442316107258
2022-05-21,"13","5  day ahead inc hosp",2022-05-26,"quantile",0.35,71.1178693156073
2022-05-21,"13","5  day ahead inc hosp",2022-05-26,"quantile",0.4,85.1366067803589
2022-05-21,"13","5  day ahead inc hosp",2022-05-26,"quantile",0.45,98.699897515033
2022-05-21,"13","5  day ahead inc hosp",2022-05-26,"quantile",0.5,112.048147399373
2022-05-21,"13","5  day ahead inc hosp",2022-05-26,"quantile",0.55,125.396397283713
2022-05-21,"13","5  day ahead inc hosp",2022-05-26,"quantile",0.6,138.959688018388
2022-05-21,"13","5  day ahead inc hosp",2022-05-26,"quantile",0.65,152.978425483139
2022-05-21,"13","5  day ahead inc hosp",2022-05-26,"quantile",0.7,167.752063188021
2022-05-21,"13","5  day ahead inc hosp",2022-05-26,"quantile",0.75,183.695141127898
2022-05-21,"13","5  day ahead inc hosp",2022-05-26,"quantile",0.8,201.448514456193
2022-05-21,"13","5  day ahead inc hosp",2022-05-26,"quantile",0.85,222.14223931924
2022-05-21,"13","5  day ahead inc hosp",2022-05-26,"quantile",0.9,248.179670454635
2022-05-21,"13","5  day ahead inc hosp",2022-05-26,"quantile",0.95,286.771065665031
2022-05-21,"13","5  day ahead inc hosp",2022-05-26,"quantile",0.975,320.243345721739
2022-05-21,"13","5  day ahead inc hosp",2022-05-26,"quantile",0.99,359.16210501447
2022-05-21,"13","6  day ahead inc hosp",2022-05-27,"quantile",0.01,0
2022-05-21,"13","6  day ahead inc hosp",2022-05-27,"quantile",0.025,0
2022-05-21,"13","6  day ahead inc hosp",2022-05-27,"quantile",0.05,0
2022-05-21,"13","6  day ahead inc hosp",2022-05-27,"quantile",0.1,0
2022-05-21,"13","6  day ahead inc hosp",2022-05-27,"quantile",0.15,3.54878427974126
2022-05-21,"13","6  day ahead inc hosp",2022-05-27,"quantile",0.2,24.9736157750877
2022-05-21,"13","6  day ahead inc hosp",2022-05-27,"quantile",0.25,43.3542134949256
2022-05-21,"13","6  day ahead inc hosp",2022-05-27,"quantile",0.3,59.8605583235942
2022-05-21,"13","6  day ahead inc hosp",2022-05-27,"quantile",0.35,75.1561467444876
2022-05-21,"13","6  day ahead inc hosp",2022-05-27,"quantile",0.4,89.6701643970626
2022-05-21,"13","6  day ahead inc hosp",2022-05-27,"quantile",0.45,103.712644445287
2022-05-21,"13","6  day ahead inc hosp",2022-05-27,"quantile",0.5,117.53248627765
2022-05-21,"13","6  day ahead inc hosp",2022-05-27,"quantile",0.55,131.352328110014
2022-05-21,"13","6  day ahead inc hosp",2022-05-27,"quantile",0.6,145.394808158238
2022-05-21,"13","6  day ahead inc hosp",2022-05-27,"quantile",0.65,159.908825810813
2022-05-21,"13","6  day ahead inc hosp",2022-05-27,"quantile",0.7,175.204414231707
2022-05-21,"13","6  day ahead inc hosp",2022-05-27,"quantile",0.75,191.710759060375
2022-05-21,"13","6  day ahead inc hosp",2022-05-27,"quantile",0.8,210.091356780213
2022-05-21,"13","6  day ahead inc hosp",2022-05-27,"quantile",0.85,231.516188275559
2022-05-21,"13","6  day ahead inc hosp",2022-05-27,"quantile",0.9,258.473518497131
2022-05-21,"13","6  day ahead inc hosp",2022-05-27,"quantile",0.95,298.428342726455
2022-05-21,"13","6  day ahead inc hosp",2022-05-27,"quantile",0.975,333.083194123489
2022-05-21,"13","6  day ahead inc hosp",2022-05-27,"quantile",0.99,373.376948165984
2022-05-21,"13","7  day ahead inc hosp",2022-05-28,"quantile",0.01,0
2022-05-21,"13","7  day ahead inc hosp",2022-05-28,"quantile",0.025,0
2022-05-21,"13","7  day ahead inc hosp",2022-05-28,"quantile",0.05,0
2022-05-21,"13","7  day ahead inc hosp",2022-05-28,"quantile",0.1,0
2022-05-21,"13","7  day ahead inc hosp",2022-05-28,"quantile",0.15,0
2022-05-21,"13","7  day ahead inc hosp",2022-05-28,"quantile",0.2,18.6698462686696
2022-05-21,"13","7  day ahead inc hosp",2022-05-28,"quantile",0.25,37.9586113400051
2022-05-21,"13","7  day ahead inc hosp",2022-05-28,"quantile",0.3,55.2805185184106
2022-05-21,"13","7  day ahead inc hosp",2022-05-28,"quantile",0.35,71.3318469994223
2022-05-21,"13","7  day ahead inc hosp",2022-05-28,"quantile",0.4,86.5629880650679
2022-05-21,"13","7  day ahead inc hosp",2022-05-28,"quantile",0.45,101.29929331464
2022-05-21,"13","7  day ahead inc hosp",2022-05-28,"quantile",0.5,115.801960011913
2022-05-21,"13","7  day ahead inc hosp",2022-05-28,"quantile",0.55,130.304626709187
2022-05-21,"13","7  day ahead inc hosp",2022-05-28,"quantile",0.6,145.040931958759
2022-05-21,"13","7  day ahead inc hosp",2022-05-28,"quantile",0.65,160.272073024404
2022-05-21,"13","7  day ahead inc hosp",2022-05-28,"quantile",0.7,176.323401505416
2022-05-21,"13","7  day ahead inc hosp",2022-05-28,"quantile",0.75,193.645308683821
2022-05-21,"13","7  day ahead inc hosp",2022-05-28,"quantile",0.8,212.934073755157
2022-05-21,"13","7  day ahead inc hosp",2022-05-28,"quantile",0.85,235.417485214658
2022-05-21,"13","7  day ahead inc hosp",2022-05-28,"quantile",0.9,263.706750749973
2022-05-21,"13","7  day ahead inc hosp",2022-05-28,"quantile",0.95,305.635703756445
2022-05-21,"13","7  day ahead inc hosp",2022-05-28,"quantile",0.975,342.002817457975
2022-05-21,"13","7  day ahead inc hosp",2022-05-28,"quantile",0.99,384.287446468109
2022-05-21,"13","8  day ahead inc hosp",2022-05-29,"quantile",0.01,0
2022-05-21,"13","8  day ahead inc hosp",2022-05-29,"quantile",0.025,0
2022-05-21,"13","8  day ahead inc hosp",2022-05-29,"quantile",0.05,0
2022-05-21,"13","8  day ahead inc hosp",2022-05-29,"quantile",0.1,0
2022-05-21,"13","8  day ahead inc hosp",2022-05-29,"quantile",0.15,0.418625427974575
2022-05-21,"13","8  day ahead inc hosp",2022-05-29,"quantile",0.2,24.7709711186054
2022-05-21,"13","8  day ahead inc hosp",2022-05-29,"quantile",0.25,45.6631153471907
2022-05-21,"13","8  day ahead inc hosp",2022-05-29,"quantile",0.3,64.4249065633224
2022-05-21,"13","8  day ahead inc hosp",2022-05-29,"quantile",0.35,81.8105021909059
2022-05-21,"13","8  day ahead inc hosp",2022-05-29,"quantile",0.4,98.3077323003793
2022-05-21,"13","8  day ahead inc hosp",2022-05-29,"quantile",0.45,114.268993352184
2022-05-21,"13","8  day ahead inc hosp",2022-05-29,"quantile",0.5,129.977194640238
2022-05-21,"13","8  day ahead inc hosp",2022-05-29,"quantile",0.55,145.685395928293
2022-05-21,"13","8  day ahead inc hosp",2022-05-29,"quantile",0.6,161.646656980097
2022-05-21,"13","8  day ahead inc hosp",2022-05-29,"quantile",0.65,178.143887089571
2022-05-21,"13","8  day ahead inc hosp",2022-05-29,"quantile",0.7,195.529482717154
2022-05-21,"13","8  day ahead inc hosp",2022-05-29,"quantile",0.75,214.291273933286
2022-05-21,"13","8  day ahead inc hosp",2022-05-29,"quantile",0.8,235.183418161871
2022-05-21,"13","8  day ahead inc hosp",2022-05-29,"quantile",0.85,259.535763852502
2022-05-21,"13","8  day ahead inc hosp",2022-05-29,"quantile",0.9,290.176575407766
2022-05-21,"13","8  day ahead inc hosp",2022-05-29,"quantile",0.95,335.590873851711
2022-05-21,"13","8  day ahead inc hosp",2022-05-29,"quantile",0.975,374.981004936818
2022-05-21,"13","8  day ahead inc hosp",2022-05-29,"quantile",0.99,420.780544962569
2022-05-21,"13","9  day ahead inc hosp",2022-05-30,"quantile",0.01,0
2022-05-21,"13","9  day ahead inc hosp",2022-05-30,"quantile",0.025,0
2022-05-21,"13","9  day ahead inc hosp",2022-05-30,"quantile",0.05,0
2022-05-21,"13","9  day ahead inc hosp",2022-05-30,"quantile",0.1,0
2022-05-21,"13","9  day ahead inc hosp",2022-05-30,"quantile",0.15,0
2022-05-21,"13","9  day ahead inc hosp",2022-05-30,"quantile",0.2,18.6104861001411
2022-05-21,"13","9  day ahead inc hosp",2022-05-30,"quantile",0.25,40.9460930196996
2022-05-21,"13","9  day ahead inc hosp",2022-05-30,"quantile",0.3,61.0041583444154
2022-05-21,"13","9  day ahead inc hosp",2022-05-30,"quantile",0.35,79.5909451170623
2022-05-21,"13","9  day ahead inc hosp",2022-05-30,"quantile",0.4,97.2279881584628
2022-05-21,"13","9  day ahead inc hosp",2022-05-30,"quantile",0.45,114.292031412854
2022-05-21,"13","9  day ahead inc hosp",2022-05-30,"quantile",0.5,131.085530708309
2022-05-21,"13","9  day ahead inc hosp",2022-05-30,"quantile",0.55,147.879030003765
2022-05-21,"13","9  day ahead inc hosp",2022-05-30,"quantile",0.6,164.943073258156
2022-05-21,"13","9  day ahead inc hosp",2022-05-30,"quantile",0.65,182.580116299556
2022-05-21,"13","9  day ahead inc hosp",2022-05-30,"quantile",0.7,201.166903072203
2022-05-21,"13","9  day ahead inc hosp",2022-05-30,"quantile",0.75,221.224968396919
2022-05-21,"13","9  day ahead inc hosp",2022-05-30,"quantile",0.8,243.560575316478
2022-05-21,"13","9  day ahead inc hosp",2022-05-30,"quantile",0.85,269.59545306593
2022-05-21,"13","9  day ahead inc hosp",2022-05-30,"quantile",0.9,302.353274144834
2022-05-21,"13","9  day ahead inc hosp",2022-05-30,"quantile",0.95,350.905299608242
2022-05-21,"13","9  day ahead inc hosp",2022-05-30,"quantile",0.975,393.016940941019
2022-05-21,"13","9  day ahead inc hosp",2022-05-30,"quantile",0.99,441.980824777898
2022-05-21,"13","10  day ahead inc hosp",2022-05-31,"quantile",0.01,0
2022-05-21,"13","10  day ahead inc hosp",2022-05-31,"quantile",0.025,0
2022-05-21,"13","10  day ahead inc hosp",2022-05-31,"quantile",0.05,0
2022-05-21,"13","10  day ahead inc hosp",2022-05-31,"quantile",0.1,0
2022-05-21,"13","10  day ahead inc hosp",2022-05-31,"quantile",0.15,0
2022-05-21,"13","10  day ahead inc hosp",2022-05-31,"quantile",0.2,12.311885427711
2022-05-21,"13","10  day ahead inc hosp",2022-05-31,"quantile",0.25,35.7145530264659
2022-05-21,"13","10  day ahead inc hosp",2022-05-31,"quantile",0.3,56.7308718199967
2022-05-21,"13","10  day ahead inc hosp",2022-05-31,"quantile",0.35,76.2056232398156
2022-05-21,"13","10  day ahead inc hosp",2022-05-31,"quantile",0.4,94.6852578971302
2022-05-21,"13","10  day ahead inc hosp",2022-05-31,"quantile",0.45,112.564518291152
2022-05-21,"13","10  day ahead inc hosp",2022-05-31,"quantile",0.5,130.160309766481
2022-05-21,"13","10  day ahead inc hosp",2022-05-31,"quantile",0.55,147.756101241809
2022-05-21,"13","10  day ahead inc hosp",2022-05-31,"quantile",0.6,165.635361635831
2022-05-21,"13","10  day ahead inc hosp",2022-05-31,"quantile",0.65,184.114996293145
2022-05-21,"13","10  day ahead inc hosp",2022-05-31,"quantile",0.7,203.589747712964
2022-05-21,"13","10  day ahead inc hosp",2022-05-31,"quantile",0.75,224.606066506495
2022-05-21,"13","10  day ahead inc hosp",2022-05-31,"quantile",0.8,248.00873410525
2022-05-21,"13","10  day ahead inc hosp",2022-05-31,"quantile",0.85,275.287401398196
2022-05-21,"13","10  day ahead inc hosp",2022-05-31,"quantile",0.9,309.610193732877
2022-05-21,"13","10  day ahead inc hosp",2022-05-31,"quantile",0.95,360.481742343963
2022-05-21,"13","10  day ahead inc hosp",2022-05-31,"quantile",0.975,404.605224087634
2022-05-21,"13","10  day ahead inc hosp",2022-05-31,"quantile",0.99,455.908307182955
2022-05-21,"13","11  day ahead inc hosp",2022-06-01,"quantile",0.01,0
2022-05-21,"13","11  day ahead inc hosp",2022-06-01,"quantile",0.025,0
2022-05-21,"13","11  day ahead inc hosp",2022-06-01,"quantile",0.05,0
2022-05-21,"13","11  day ahead inc hosp",2022-06-01,"quantile",0.1,0
2022-05-21,"13","11  day ahead inc hosp",2022-06-01,"quantile",0.15,0
2022-05-21,"13","11  day ahead inc hosp",2022-06-01,"quantile",0.2,4.94328312892256
2022-05-21,"13","11  day ahead inc hosp",2022-06-01,"quantile",0.25,29.3965792974306
2022-05-21,"13","11  day ahead inc hosp",2022-06-01,"quantile",0.3,51.3563950176408
2022-05-21,"13","11  day ahead inc hosp",2022-06-01,"quantile",0.35,71.7054369491786
2022-05-21,"13","11  day ahead inc hosp",2022-06-01,"quantile",0.4,91.0146878050588
2022-05-21,"13","11  day ahead inc hosp",2022-06-01,"quantile",0.45,109.696611472263
2022-05-21,"13","11  day ahead inc hosp",2022-06-01,"quantile",0.5,128.082340297827
2022-05-21,"13","11  day ahead inc hosp",2022-06-01,"quantile",0.55,146.468069123391
2022-05-21,"13","11  day ahead inc hosp",2022-06-01,"quantile",0.6,165.149992790595
2022-05-21,"13","11  day ahead inc hosp",2022-06-01,"quantile",0.65,184.459243646475
2022-05-21,"13","11  day ahead inc hosp",2022-06-01,"quantile",0.7,204.808285578013
2022-05-21,"13","11  day ahead inc hosp",2022-06-01,"quantile",0.75,226.768101298223
2022-05-21,"13","11  day ahead inc hosp",2022-06-01,"quantile",0.8,251.221397466731
2022-05-21,"13","11  day ahead inc hosp",2022-06-01,"quantile",0.85,279.724700672733
2022-05-21,"13","11  day ahead inc hosp",2022-06-01,"quantile",0.9,315.588364622513
2022-05-21,"13","11  day ahead inc hosp",2022-06-01,"quantile",0.95,368.743717083432
2022-05-21,"13","11  day ahead inc hosp",2022-06-01,"quantile",0.975,414.848058074078
2022-05-21,"13","11  day ahead inc hosp",2022-06-01,"quantile",0.99,468.454318129415
2022-05-21,"13","12  day ahead inc hosp",2022-06-02,"quantile",0.01,0
2022-05-21,"13","12  day ahead inc hosp",2022-06-02,"quantile",0.025,0
2022-05-21,"13","12  day ahead inc hosp",2022-06-02,"quantile",0.05,0
2022-05-21,"13","12  day ahead inc hosp",2022-06-02,"quantile",0.1,0
2022-05-21,"13","12  day ahead inc hosp",2022-06-02,"quantile",0.15,0
2022-05-21,"13","12  day ahead inc hosp",2022-06-02,"quantile",0.2,3.46290591808346
2022-05-21,"13","12  day ahead inc hosp",2022-06-02,"quantile",0.25,28.7503742419683
2022-05-21,"13","12  day ahead inc hosp",2022-06-02,"quantile",0.3,51.4593023388812
2022-05-21,"13","12  day ahead inc hosp",2022-06-02,"quantile",0.35,72.5025085274955
2022-05-21,"13","12  day ahead inc hosp",2022-06-02,"quantile",0.4,92.4704533808707
2022-05-21,"13","12  day ahead inc hosp",2022-06-02,"quantile",0.45,111.789671113654
2022-05-21,"13","12  day ahead inc hosp",2022-06-02,"quantile",0.5,130.802589948161
2022-05-21,"13","12  day ahead inc hosp",2022-06-02,"quantile",0.55,149.815508782667
2022-05-21,"13","12  day ahead inc hosp",2022-06-02,"quantile",0.6,169.134726515451
2022-05-21,"13","12  day ahead inc hosp",2022-06-02,"quantile",0.65,189.102671368826
2022-05-21,"13","12  day ahead inc hosp",2022-06-02,"quantile",0.7,210.14587755744
2022-05-21,"13","12  day ahead inc hosp",2022-06-02,"quantile",0.75,232.854805654353
2022-05-21,"13","12  day ahead inc hosp",2022-06-02,"quantile",0.8,258.142273978238
2022-05-21,"13","12  day ahead inc hosp",2022-06-02,"quantile",0.85,287.61790671016
2022-05-21,"13","12  day ahead inc hosp",2022-06-02,"quantile",0.9,324.704983227741
2022-05-21,"13","12  day ahead inc hosp",2022-06-02,"quantile",0.95,379.673617408497
2022-05-21,"13","12  day ahead inc hosp",2022-06-02,"quantile",0.975,427.350709869186
2022-05-21,"13","12  day ahead inc hosp",2022-06-02,"quantile",0.99,482.785633397288
2022-05-21,"13","13  day ahead inc hosp",2022-06-03,"quantile",0.01,0
2022-05-21,"13","13  day ahead inc hosp",2022-06-03,"quantile",0.025,0
2022-05-21,"13","13  day ahead inc hosp",2022-06-03,"quantile",0.05,0
2022-05-21,"13","13  day ahead inc hosp",2022-06-03,"quantile",0.1,0
2022-05-21,"13","13  day ahead inc hosp",2022-06-03,"quantile",0.15,0
2022-05-21,"13","13  day ahead inc hosp",2022-06-03,"quantile",0.2,3.04447000179022
2022-05-21,"13","13  day ahead inc hosp",2022-06-03,"quantile",0.25,28.9353056677089
2022-05-21,"13","13  day ahead inc hosp",2022-06-03,"quantile",0.3,52.1860762856198
2022-05-21,"13","13  day ahead inc hosp",2022-06-03,"quantile",0.35,73.7313803206168
2022-05-21,"13","13  day ahead inc hosp",2022-06-03,"quantile",0.4,94.1757669299537
2022-05-21,"13","13  day ahead inc hosp",2022-06-03,"quantile",0.45,113.955947575446
2022-05-21,"13","13  day ahead inc hosp",2022-06-03,"quantile",0.5,133.422520929834
2022-05-21,"13","13  day ahead inc hosp",2022-06-03,"quantile",0.55,152.889094284221
2022-05-21,"13","13  day ahead inc hosp",2022-06-03,"quantile",0.6,172.669274929713
2022-05-21,"13","13  day ahead inc hosp",2022-06-03,"quantile",0.65,193.11366153905
2022-05-21,"13","13  day ahead inc hosp",2022-06-03,"quantile",0.7,214.658965574047
2022-05-21,"13","13  day ahead inc hosp",2022-06-03,"quantile",0.75,237.909736191958
2022-05-21,"13","13  day ahead inc hosp",2022-06-03,"quantile",0.8,263.800571857877
2022-05-21,"13","13  day ahead inc hosp",2022-06-03,"quantile",0.85,293.979502917193
2022-05-21,"13","13  day ahead inc hosp",2022-06-03,"quantile",0.9,331.951489323562
2022-05-21,"13","13  day ahead inc hosp",2022-06-03,"quantile",0.95,388.231693261958
2022-05-21,"13","13  day ahead inc hosp",2022-06-03,"quantile",0.975,437.046376887782
2022-05-21,"13","13  day ahead inc hosp",2022-06-03,"quantile",0.99,493.803995991281
2022-05-21,"13","14  day ahead inc hosp",2022-06-04,"quantile",0.01,0
2022-05-21,"13","14  day ahead inc hosp",2022-06-04,"quantile",0.025,0
2022-05-21,"13","14  day ahead inc hosp",2022-06-04,"quantile",0.05,0
2022-05-21,"13","14  day ahead inc hosp",2022-06-04,"quantile",0.1,0
2022-05-21,"13","14  day ahead inc hosp",2022-06-04,"quantile",0.15,0
2022-05-21,"13","14  day ahead inc hosp",2022-06-04,"quantile",0.2,0
2022-05-21,"13","14  day ahead inc hosp",2022-06-04,"quantile",0.25,25.2759959976911
2022-05-21,"13","14  day ahead inc hosp",2022-06-04,"quantile",0.3,49.2306902249049
2022-05-21,"13","14  day ahead inc hosp",2022-06-04,"quantile",0.35,71.4282843895099
2022-05-21,"13","14  day ahead inc hosp",2022-06-04,"quantile",0.4,92.491630544254
2022-05-21,"13","14  day ahead inc hosp",2022-06-04,"quantile",0.45,112.870661713088
2022-05-21,"13","14  day ahead inc hosp",2022-06-04,"quantile",0.5,132.926591042018
2022-05-21,"13","14  day ahead inc hosp",2022-06-04,"quantile",0.55,152.982520370948
2022-05-21,"13","14  day ahead inc hosp",2022-06-04,"quantile",0.6,173.361551539782
2022-05-21,"13","14  day ahead inc hosp",2022-06-04,"quantile",0.65,194.424897694526
2022-05-21,"13","14  day ahead inc hosp",2022-06-04,"quantile",0.7,216.622491859131
2022-05-21,"13","14  day ahead inc hosp",2022-06-04,"quantile",0.75,240.577186086345
2022-05-21,"13","14  day ahead inc hosp",2022-06-04,"quantile",0.8,267.251874072228
2022-05-21,"13","14  day ahead inc hosp",2022-06-04,"quantile",0.85,298.344480743647
2022-05-21,"13","14  day ahead inc hosp",2022-06-04,"quantile",0.9,337.46607970105
2022-05-21,"13","14  day ahead inc hosp",2022-06-04,"quantile",0.95,395.450182617233
2022-05-21,"13","14  day ahead inc hosp",2022-06-04,"quantile",0.975,445.742744497054
2022-05-21,"13","14  day ahead inc hosp",2022-06-04,"quantile",0.99,504.218716456522
2022-05-21,"13","15  day ahead inc hosp",2022-06-05,"quantile",0.01,0
2022-05-21,"13","15  day ahead inc hosp",2022-06-05,"quantile",0.025,0
2022-05-21,"13","15  day ahead inc hosp",2022-06-05,"quantile",0.05,0
2022-05-21,"13","15  day ahead inc hosp",2022-06-05,"quantile",0.1,0
2022-05-21,"13","15  day ahead inc hosp",2022-06-05,"quantile",0.15,0
2022-05-21,"13","15  day ahead inc hosp",2022-06-05,"quantile",0.2,7.14587317594942
2022-05-21,"13","15  day ahead inc hosp",2022-06-05,"quantile",0.25,34.8877523447523
2022-05-21,"13","15  day ahead inc hosp",2022-06-05,"quantile",0.3,59.8008172371576
2022-05-21,"13","15  day ahead inc hosp",2022-06-05,"quantile",0.35,82.8864846488432
2022-05-21,"13","15  day ahead inc hosp",2022-06-05,"quantile",0.4,104.792525470195
2022-05-21,"13","15  day ahead inc hosp",2022-06-05,"quantile",0.45,125.986873481397
2022-05-21,"13","15  day ahead inc hosp",2022-06-05,"quantile",0.5,146.84519311219
2022-05-21,"13","15  day ahead inc hosp",2022-06-05,"quantile",0.55,167.703512742983
2022-05-21,"13","15  day ahead inc hosp",2022-06-05,"quantile",0.6,188.897860754185
2022-05-21,"13","15  day ahead inc hosp",2022-06-05,"quantile",0.65,210.803901575536
2022-05-21,"13","15  day ahead inc hosp",2022-06-05,"quantile",0.7,233.889568987222
2022-05-21,"13","15  day ahead inc hosp",2022-06-05,"quantile",0.75,258.802633879627
2022-05-21,"13","15  day ahead inc hosp",2022-06-05,"quantile",0.8,286.54451304843
2022-05-21,"13","15  day ahead inc hosp",2022-06-05,"quantile",0.85,318.88106138137
2022-05-21,"13","15  day ahead inc hosp",2022-06-05,"quantile",0.9,359.567822993764
2022-05-21,"13","15  day ahead inc hosp",2022-06-05,"quantile",0.95,419.871732740092
2022-05-21,"13","15  day ahead inc hosp",2022-06-05,"quantile",0.975,472.176381083041
2022-05-21,"13","15  day ahead inc hosp",2022-06-05,"quantile",0.99,532.991838389847
2022-05-21,"13","16  day ahead inc hosp",2022-06-06,"quantile",0.01,0
2022-05-21,"13","16  day ahead inc hosp",2022-06-06,"quantile",0.025,0
2022-05-21,"13","16  day ahead inc hosp",2022-06-06,"quantile",0.05,0
2022-05-21,"13","16  day ahead inc hosp",2022-06-06,"quantile",0.1,0
2022-05-21,"13","16  day ahead inc hosp",2022-06-06,"quantile",0.15,0
2022-05-21,"13","16  day ahead inc hosp",2022-06-06,"quantile",0.2,4.13744523882556
2022-05-21,"13","16  day ahead inc hosp",2022-06-06,"quantile",0.25,32.8516062827594
2022-05-21,"13","16  day ahead inc hosp",2022-06-06,"quantile",0.3,58.637810348667
2022-05-21,"13","16  day ahead inc hosp",2022-06-06,"quantile",0.35,82.5325713283517
2022-05-21,"13","16  day ahead inc hosp",2022-06-06,"quantile",0.4,105.206362824302
2022-05-21,"13","16  day ahead inc hosp",2022-06-06,"quantile",0.45,127.143518498284
2022-05-21,"13","16  day ahead inc hosp",2022-06-06,"quantile",0.5,148.732868857
2022-05-21,"13","16  day ahead inc hosp",2022-06-06,"quantile",0.55,170.322219215715
2022-05-21,"13","16  day ahead inc hosp",2022-06-06,"quantile",0.6,192.259374889698
2022-05-21,"13","16  day ahead inc hosp",2022-06-06,"quantile",0.65,214.933166385648
2022-05-21,"13","16  day ahead inc hosp",2022-06-06,"quantile",0.7,238.827927365332
2022-05-21,"13","16  day ahead inc hosp",2022-06-06,"quantile",0.75,264.61413143124
2022-05-21,"13","16  day ahead inc hosp",2022-06-06,"quantile",0.8,293.328292475174
2022-05-21,"13","16  day ahead inc hosp",2022-06-06,"quantile",0.85,326.798154079976
2022-05-21,"13","16  day ahead inc hosp",2022-06-06,"quantile",0.9,368.910882572004
2022-05-21,"13","16  day ahead inc hosp",2022-06-06,"quantile",0.95,431.328290041003
2022-05-21,"13","16  day ahead inc hosp",2022-06-06,"quantile",0.975,485.466082464045
2022-05-21,"13","16  day ahead inc hosp",2022-06-06,"quantile",0.99,548.412965926499
2022-05-21,"13","17  day ahead inc hosp",2022-06-07,"quantile",0.01,0
2022-05-21,"13","17  day ahead inc hosp",2022-06-07,"quantile",0.025,0
2022-05-21,"13","17  day ahead inc hosp",2022-06-07,"quantile",0.05,0
2022-05-21,"13","17  day ahead inc hosp",2022-06-07,"quantile",0.1,0
2022-05-21,"13","17  day ahead inc hosp",2022-06-07,"quantile",0.15,0
2022-05-21,"13","17  day ahead inc hosp",2022-06-07,"quantile",0.2,1.8958056368952
2022-05-21,"13","17  day ahead inc hosp",2022-06-07,"quantile",0.25,31.4470341397627
2022-05-21,"13","17  day ahead inc hosp",2022-06-07,"quantile",0.3,57.9849506544501
2022-05-21,"13","17  day ahead inc hosp",2022-06-07,"quantile",0.35,82.5762852454789
2022-05-21,"13","17  day ahead inc hosp",2022-06-07,"quantile",0.4,105.911056980512
2022-05-21,"13","17  day ahead inc hosp",2022-06-07,"quantile",0.45,128.487718685271
2022-05-21,"13","17  day ahead inc hosp",2022-06-07,"quantile",0.5,150.706435948251
2022-05-21,"13","17  day ahead inc hosp",2022-06-07,"quantile",0.55,172.925153211232
2022-05-21,"13","17  day ahead inc hosp",2022-06-07,"quantile",0.6,195.50181491599
2022-05-21,"13","17  day ahead inc hosp",2022-06-07,"quantile",0.65,218.836586651024
2022-05-21,"13","17  day ahead inc hosp",2022-06-07,"quantile",0.7,243.427921242052
2022-05-21,"13","17  day ahead inc hosp",2022-06-07,"quantile",0.75,269.96583775674
2022-05-21,"13","17  day ahead inc hosp",2022-06-07,"quantile",0.8,299.517066259607
2022-05-21,"13","17  day ahead inc hosp",2022-06-07,"quantile",0.85,333.962632220234
2022-05-21,"13","17  day ahead inc hosp",2022-06-07,"quantile",0.9,377.303019586698
2022-05-21,"13","17  day ahead inc hosp",2022-06-07,"quantile",0.95,441.540002441631
2022-05-21,"13","17  day ahead inc hosp",2022-06-07,"quantile",0.975,497.256005151455
2022-05-21,"13","17  day ahead inc hosp",2022-06-07,"quantile",0.99,562.037899140843
2022-05-21,"13","18  day ahead inc hosp",2022-06-08,"quantile",0.01,0
2022-05-21,"13","18  day ahead inc hosp",2022-06-08,"quantile",0.025,0
2022-05-21,"13","18  day ahead inc hosp",2022-06-08,"quantile",0.05,0
2022-05-21,"13","18  day ahead inc hosp",2022-06-08,"quantile",0.1,0
2022-05-21,"13","18  day ahead inc hosp",2022-06-08,"quantile",0.15,0
2022-05-21,"13","18  day ahead inc hosp",2022-06-08,"quantile",0.2,0
2022-05-21,"13","18  day ahead inc hosp",2022-06-08,"quantile",0.25,26.6608669299972
2022-05-21,"13","18  day ahead inc hosp",2022-06-08,"quantile",0.3,53.9230632402123
2022-05-21,"13","18  day ahead inc hosp",2022-06-08,"quantile",0.35,79.1855510010648
2022-05-21,"13","18  day ahead inc hosp",2022-06-08,"quantile",0.4,103.157181462049
2022-05-21,"13","18  day ahead inc hosp",2022-06-08,"quantile",0.45,126.350011354471
2022-05-21,"13","18  day ahead inc hosp",2022-06-08,"quantile",0.5,149.175127691291
2022-05-21,"13","18  day ahead inc hosp",2022-06-08,"quantile",0.55,172.00024402811
2022-05-21,"13","18  day ahead inc hosp",2022-06-08,"quantile",0.6,195.193073920532
2022-05-21,"13","18  day ahead inc hosp",2022-06-08,"quantile",0.65,219.164704381517
2022-05-21,"13","18  day ahead inc hosp",2022-06-08,"quantile",0.7,244.427192142369
2022-05-21,"13","18  day ahead inc hosp",2022-06-08,"quantile",0.75,271.689388452584
2022-05-21,"13","18  day ahead inc hosp",2022-06-08,"quantile",0.8,302.047136854096
2022-05-21,"13","18  day ahead inc hosp",2022-06-08,"quantile",0.85,337.432800258205
2022-05-21,"13","18  day ahead inc hosp",2022-06-08,"quantile",0.9,381.956044872806
2022-05-21,"13","18  day ahead inc hosp",2022-06-08,"quantile",0.95,447.946200354602
2022-05-21,"13","18  day ahead inc hosp",2022-06-08,"quantile",0.975,505.182818860619
2022-05-21,"13","18  day ahead inc hosp",2022-06-08,"quantile",0.99,571.732757334832
2022-05-21,"13","19  day ahead inc hosp",2022-06-09,"quantile",0.01,0
2022-05-21,"13","19  day ahead inc hosp",2022-06-09,"quantile",0.025,0
2022-05-21,"13","19  day ahead inc hosp",2022-06-09,"quantile",0.05,0
2022-05-21,"13","19  day ahead inc hosp",2022-06-09,"quantile",0.1,0
2022-05-21,"13","19  day ahead inc hosp",2022-06-09,"quantile",0.15,0
2022-05-21,"13","19  day ahead inc hosp",2022-06-09,"quantile",0.2,0
2022-05-21,"13","19  day ahead inc hosp",2022-06-09,"quantile",0.25,25.4523215847471
2022-05-21,"13","19  day ahead inc hosp",2022-06-09,"quantile",0.3,53.3192814429218
2022-05-21,"13","19  day ahead inc hosp",2022-06-09,"quantile",0.35,79.1421727587443
2022-05-21,"13","19  day ahead inc hosp",2022-06-09,"quantile",0.4,103.645571391412
2022-05-21,"13","19  day ahead inc hosp",2022-06-09,"quantile",0.45,127.352893144041
2022-05-21,"13","19  day ahead inc hosp",2022-06-09,"quantile",0.5,150.684344267001
2022-05-21,"13","19  day ahead inc hosp",2022-06-09,"quantile",0.55,174.01579538996
2022-05-21,"13","19  day ahead inc hosp",2022-06-09,"quantile",0.6,197.723117142589
2022-05-21,"13","19  day ahead inc hosp",2022-06-09,"quantile",0.65,222.226515775257
2022-05-21,"13","19  day ahead inc hosp",2022-06-09,"quantile",0.7,248.049407091079
2022-05-21,"13","19  day ahead inc hosp",2022-06-09,"quantile",0.75,275.916366949254
2022-05-21,"13","19  day ahead inc hosp",2022-06-09,"quantile",0.8,306.947548240121
2022-05-21,"13","19  day ahead inc hosp",2022-06-09,"quantile",0.85,343.118179924249
2022-05-21,"13","19  day ahead inc hosp",2022-06-09,"quantile",0.9,388.629093876765
2022-05-21,"13","19  day ahead inc hosp",2022-06-09,"quantile",0.95,456.083124099445
2022-05-21,"13","19  day ahead inc hosp",2022-06-09,"quantile",0.975,514.589435629716
2022-05-21,"13","19  day ahead inc hosp",2022-06-09,"quantile",0.99,582.61566663921
2022-05-21,"13","20  day ahead inc hosp",2022-06-10,"quantile",0.01,0
2022-05-21,"13","20  day ahead inc hosp",2022-06-10,"quantile",0.025,0
2022-05-21,"13","20  day ahead inc hosp",2022-06-10,"quantile",0.05,0
2022-05-21,"13","20  day ahead inc hosp",2022-06-10,"quantile",0.1,0
2022-05-21,"13","20  day ahead inc hosp",2022-06-10,"quantile",0.15,0
2022-05-21,"13","20  day ahead inc hosp",2022-06-10,"quantile",0.2,0
2022-05-21,"13","20  day ahead inc hosp",2022-06-10,"quantile",0.25,25.9478400062147
2022-05-21,"13","20  day ahead inc hosp",2022-06-10,"quantile",0.3,54.3392849196109
2022-05-21,"13","20  day ahead inc hosp",2022-06-10,"quantile",0.35,80.6481898029947
2022-05-21,"13","20  day ahead inc hosp",2022-06-10,"quantile",0.4,105.612767783908
2022-05-21,"13","20  day ahead inc hosp",2022-06-10,"quantile",0.45,129.766285893149
2022-05-21,"13","20  day ahead inc hosp",2022-06-10,"quantile",0.5,153.536859098062
2022-05-21,"13","20  day ahead inc hosp",2022-06-10,"quantile",0.55,177.307432302974
2022-05-21,"13","20  day ahead inc hosp",2022-06-10,"quantile",0.6,201.460950412215
2022-05-21,"13","20  day ahead inc hosp",2022-06-10,"quantile",0.65,226.425528393129
2022-05-21,"13","20  day ahead inc hosp",2022-06-10,"quantile",0.7,252.734433276512
2022-05-21,"13","20  day ahead inc hosp",2022-06-10,"quantile",0.75,281.125878189909
2022-05-21,"13","20  day ahead inc hosp",2022-06-10,"quantile",0.8,312.741098461553
2022-05-21,"13","20  day ahead inc hosp",2022-06-10,"quantile",0.85,349.592498907425
2022-05-21,"13","20  day ahead inc hosp",2022-06-10,"quantile",0.9,395.959975410684
2022-05-21,"13","20  day ahead inc hosp",2022-06-10,"quantile",0.95,464.68356036579
2022-05-21,"13","20  day ahead inc hosp",2022-06-10,"quantile",0.975,524.291021292691
2022-05-21,"13","20  day ahead inc hosp",2022-06-10,"quantile",0.99,593.59757644623
2022-05-21,"13","21  day ahead inc hosp",2022-06-11,"quantile",0.01,0
2022-05-21,"13","21  day ahead inc hosp",2022-06-11,"quantile",0.025,0
2022-05-21,"13","21  day ahead inc hosp",2022-06-11,"quantile",0.05,0
2022-05-21,"13","21  day ahead inc hosp",2022-06-11,"quantile",0.1,0
2022-05-21,"13","21  day ahead inc hosp",2022-06-11,"quantile",0.15,0
2022-05-21,"13","21  day ahead inc hosp",2022-06-11,"quantile",0.2,0
2022-05-21,"13","21  day ahead inc hosp",2022-06-11,"quantile",0.25,23.0915529104732
2022-05-21,"13","21  day ahead inc hosp",2022-06-11,"quantile",0.3,52.1135393264224
2022-05-21,"13","21  day ahead inc hosp",2022-06-11,"quantile",0.35,79.0067348813903
2022-05-21,"13","21  day ahead inc hosp",2022-06-11,"quantile",0.4,104.525747571728
2022-05-21,"13","21  day ahead inc hosp",2022-06-11,"quantile",0.45,129.215687678757
2022-05-21,"13","21  day ahead inc hosp",2022-06-11,"quantile",0.5,153.514178113345
2022-05-21,"13","21  day ahead inc hosp",2022-06-11,"quantile",0.55,177.812668547934
2022-05-21,"13","21  day ahead inc hosp",2022-06-11,"quantile",0.6,202.502608654963
2022-05-21,"13","21  day ahead inc hosp",2022-06-11,"quantile",0.65,228.0216213453
2022-05-21,"13","21  day ahead inc hosp",2022-06-11,"quantile",0.7,254.914816900268
2022-05-21,"13","21  day ahead inc hosp",2022-06-11,"quantile",0.75,283.936803316217
2022-05-21,"13","21  day ahead inc hosp",2022-06-11,"quantile",0.8,316.254161452082
2022-05-21,"13","21  day ahead inc hosp",2022-06-11,"quantile",0.85,353.923989331965
2022-05-21,"13","21  day ahead inc hosp",2022-06-11,"quantile",0.9,401.321234429007
2022-05-21,"13","21  day ahead inc hosp",2022-06-11,"quantile",0.95,471.571091564011
2022-05-21,"13","21  day ahead inc hosp",2022-06-11,"quantile",0.975,532.502365987931
2022-05-21,"13","21  day ahead inc hosp",2022-06-11,"quantile",0.99,603.348140422368
2022-05-21,"13","22  day ahead inc hosp",2022-06-12,"quantile",0.01,0
2022-05-21,"13","22  day ahead inc hosp",2022-06-12,"quantile",0.025,0
2022-05-21,"13","22  day ahead inc hosp",2022-06-12,"quantile",0.05,0
2022-05-21,"13","22  day ahead inc hosp",2022-06-12,"quantile",0.1,0
2022-05-21,"13","22  day ahead inc hosp",2022-06-12,"quantile",0.15,0
2022-05-21,"13","22  day ahead inc hosp",2022-06-12,"quantile",0.2,20.9259198532787
2022-05-21,"13","22  day ahead inc hosp",2022-06-12,"quantile",0.25,54.14207337309
2022-05-21,"13","22  day ahead inc hosp",2022-06-12,"quantile",0.3,83.9712058222623
2022-05-21,"13","22  day ahead inc hosp",2022-06-12,"quantile",0.35,111.612342465817
2022-05-21,"13","22  day ahead inc hosp",2022-06-12,"quantile",0.4,137.841078107904
2022-05-21,"13","22  day ahead inc hosp",2022-06-12,"quantile",0.45,163.217683384308
2022-05-21,"13","22  day ahead inc hosp",2022-06-12,"quantile",0.5,188.191952171436
2022-05-21,"13","22  day ahead inc hosp",2022-06-12,"quantile",0.55,213.166220958564
2022-05-21,"13","22  day ahead inc hosp",2022-06-12,"quantile",0.6,238.542826234968
2022-05-21,"13","22  day ahead inc hosp",2022-06-12,"quantile",0.65,264.771561877055
2022-05-21,"13","22  day ahead inc hosp",2022-06-12,"quantile",0.7,292.41269852061
2022-05-21,"13","22  day ahead inc hosp",2022-06-12,"quantile",0.75,322.241830969782
2022-05-21,"13","22  day ahead inc hosp",2022-06-12,"quantile",0.8,355.457984489593
2022-05-21,"13","22  day ahead inc hosp",2022-06-12,"quantile",0.85,394.175468160836
2022-05-21,"13","22  day ahead inc hosp",2022-06-12,"quantile",0.9,442.890903467794
2022-05-21,"13","22  day ahead inc hosp",2022-06-12,"quantile",0.95,515.094517065513
2022-05-21,"13","22  day ahead inc hosp",2022-06-12,"quantile",0.975,577.720383849364
2022-05-21,"13","22  day ahead inc hosp",2022-06-12,"quantile",0.99,650.536488122215
2022-05-21,"13","23  day ahead inc hosp",2022-06-13,"quantile",0.01,0
2022-05-21,"13","23  day ahead inc hosp",2022-06-13,"quantile",0.025,0
2022-05-21,"13","23  day ahead inc hosp",2022-06-13,"quantile",0.05,0
2022-05-21,"13","23  day ahead inc hosp",2022-06-13,"quantile",0.1,0
2022-05-21,"13","23  day ahead inc hosp",2022-06-13,"quantile",0.15,0
2022-05-21,"13","23  day ahead inc hosp",2022-06-13,"quantile",0.2,17.607139530796
2022-05-21,"13","23  day ahead inc hosp",2022-06-13,"quantile",0.25,51.645501880003
2022-05-21,"13","23  day ahead inc hosp",2022-06-13,"quantile",0.3,82.2130032694049
2022-05-21,"13","23  day ahead inc hosp",2022-06-13,"quantile",0.35,110.538348775051
2022-05-21,"13","23  day ahead inc hosp",2022-06-13,"quantile",0.4,137.416331718334
2022-05-21,"13","23  day ahead inc hosp",2022-06-13,"quantile",0.45,163.421091272322
2022-05-21,"13","23  day ahead inc hosp",2022-06-13,"quantile",0.5,189.013555188281
2022-05-21,"13","23  day ahead inc hosp",2022-06-13,"quantile",0.55,214.606019104241
2022-05-21,"13","23  day ahead inc hosp",2022-06-13,"quantile",0.6,240.610778658229
2022-05-21,"13","23  day ahead inc hosp",2022-06-13,"quantile",0.65,267.488761601511
2022-05-21,"13","23  day ahead inc hosp",2022-06-13,"quantile",0.7,295.814107107158
2022-05-21,"13","23  day ahead inc hosp",2022-06-13,"quantile",0.75,326.381608496559
2022-05-21,"13","23  day ahead inc hosp",2022-06-13,"quantile",0.8,360.419970845766
2022-05-21,"13","23  day ahead inc hosp",2022-06-13,"quantile",0.85,400.095839325398
2022-05-21,"13","23  day ahead inc hosp",2022-06-13,"quantile",0.9,450.017141561329
2022-05-21,"13","23  day ahead inc hosp",2022-06-13,"quantile",0.95,524.008031599077
2022-05-21,"13","23  day ahead inc hosp",2022-06-13,"quantile",0.975,588.184094151006
2022-05-21,"13","23  day ahead inc hosp",2022-06-13,"quantile",0.99,662.802636018554
2022-05-21,"13","24  day ahead inc hosp",2022-06-14,"quantile",0.01,0
2022-05-21,"13","24  day ahead inc hosp",2022-06-14,"quantile",0.025,0
2022-05-21,"13","24  day ahead inc hosp",2022-06-14,"quantile",0.05,0
2022-05-21,"13","24  day ahead inc hosp",2022-06-14,"quantile",0.1,0
2022-05-21,"13","24  day ahead inc hosp",2022-06-14,"quantile",0.15,0
2022-05-21,"13","24  day ahead inc hosp",2022-06-14,"quantile",0.2,13.7608617156918
2022-05-21,"13","24  day ahead inc hosp",2022-06-14,"quantile",0.25,48.5541897962532
2022-05-21,"13","24  day ahead inc hosp",2022-06-14,"quantile",0.3,79.7996737456081
2022-05-21,"13","24  day ahead inc hosp",2022-06-14,"quantile",0.35,108.753271132651
2022-05-21,"13","24  day ahead inc hosp",2022-06-14,"quantile",0.4,136.227403674493
2022-05-21,"13","24  day ahead inc hosp",2022-06-14,"quantile",0.45,162.80894486427
2022-05-21,"13","24  day ahead inc hosp",2022-06-14,"quantile",0.5,188.969045761094
2022-05-21,"13","24  day ahead inc hosp",2022-06-14,"quantile",0.55,215.129146657918
2022-05-21,"13","24  day ahead inc hosp",2022-06-14,"quantile",0.6,241.710687847696
2022-05-21,"13","24  day ahead inc hosp",2022-06-14,"quantile",0.65,269.184820389538
2022-05-21,"13","24  day ahead inc hosp",2022-06-14,"quantile",0.7,298.13841777658
2022-05-21,"13","24  day ahead inc hosp",2022-06-14,"quantile",0.75,329.383901725935
2022-05-21,"13","24  day ahead inc hosp",2022-06-14,"quantile",0.8,364.177229806497
2022-05-21,"13","24  day ahead inc hosp",2022-06-14,"quantile",0.85,404.733103051238
2022-05-21,"13","24  day ahead inc hosp",2022-06-14,"quantile",0.9,455.7616522242
2022-05-21,"13","24  day ahead inc hosp",2022-06-14,"quantile",0.95,531.393649017843
2022-05-21,"13","24  day ahead inc hosp",2022-06-14,"quantile",0.975,596.993126935732
2022-05-21,"13","24  day ahead inc hosp",2022-06-14,"quantile",0.99,673.26669678188
2022-05-21,"13","25  day ahead inc hosp",2022-06-15,"quantile",0.01,0
2022-05-21,"13","25  day ahead inc hosp",2022-06-15,"quantile",0.025,0
2022-05-21,"13","25  day ahead inc hosp",2022-06-15,"quantile",0.05,0
2022-05-21,"13","25  day ahead inc hosp",2022-06-15,"quantile",0.1,0
2022-05-21,"13","25  day ahead inc hosp",2022-06-15,"quantile",0.15,0
2022-05-21,"13","25  day ahead inc hosp",2022-06-15,"quantile",0.2,9.51175925879031
2022-05-21,"13","25  day ahead inc hosp",2022-06-15,"quantile",0.25,45.0219598027255
2022-05-21,"13","25  day ahead inc hosp",2022-06-15,"quantile",0.3,76.9112173800651
2022-05-21,"13","25  day ahead inc hosp",2022-06-15,"quantile",0.35,106.461366974885
2022-05-21,"13","25  day ahead inc hosp",2022-06-15,"quantile",0.4,134.50156922494
2022-05-21,"13","25  day ahead inc hosp",2022-06-15,"quantile",0.45,161.630789408485
2022-05-21,"13","25  day ahead inc hosp",2022-06-15,"quantile",0.5,188.329886055546
2022-05-21,"13","25  day ahead inc hosp",2022-06-15,"quantile",0.55,215.028982702607
2022-05-21,"13","25  day ahead inc hosp",2022-06-15,"quantile",0.6,242.158202886152
2022-05-21,"13","25  day ahead inc hosp",2022-06-15,"quantile",0.65,270.198405136207
2022-05-21,"13","25  day ahead inc hosp",2022-06-15,"quantile",0.7,299.748554731027
2022-05-21,"13","25  day ahead inc hosp",2022-06-15,"quantile",0.75,331.637812308366
2022-05-21,"13","25  day ahead inc hosp",2022-06-15,"quantile",0.8,367.148012852302
2022-05-21,"13","25  day ahead inc hosp",2022-06-15,"quantile",0.85,408.539488505928
2022-05-21,"13","25  day ahead inc hosp",2022-06-15,"quantile",0.9,460.619416312842
2022-05-21,"13","25  day ahead inc hosp",2022-06-15,"quantile",0.95,537.809714621242
2022-05-21,"13","25  day ahead inc hosp",2022-06-15,"quantile",0.975,604.760786707477
2022-05-21,"13","25  day ahead inc hosp",2022-06-15,"quantile",0.99,682.605876868649
2022-05-21,"13","26  day ahead inc hosp",2022-06-16,"quantile",0.01,0
2022-05-21,"13","26  day ahead inc hosp",2022-06-16,"quantile",0.025,0
2022-05-21,"13","26  day ahead inc hosp",2022-06-16,"quantile",0.05,0
2022-05-21,"13","26  day ahead inc hosp",2022-06-16,"quantile",0.1,0
2022-05-21,"13","26  day ahead inc hosp",2022-06-16,"quantile",0.15,0
2022-05-21,"13","26  day ahead inc hosp",2022-06-16,"quantile",0.2,7.46433948879451
2022-05-21,"13","26  day ahead inc hosp",2022-06-16,"quantile",0.25,43.606212015094
2022-05-21,"13","26  day ahead inc hosp",2022-06-16,"quantile",0.3,76.06273055524
2022-05-21,"13","26  day ahead inc hosp",2022-06-16,"quantile",0.35,106.138531970883
2022-05-21,"13","26  day ahead inc hosp",2022-06-16,"quantile",0.4,134.677526395296
2022-05-21,"13","26  day ahead inc hosp",2022-06-16,"quantile",0.45,162.289333780007
2022-05-21,"13","26  day ahead inc hosp",2022-06-16,"quantile",0.5,189.463366390482
2022-05-21,"13","26  day ahead inc hosp",2022-06-16,"quantile",0.55,216.637399000958
2022-05-21,"13","26  day ahead inc hosp",2022-06-16,"quantile",0.6,244.249206385669
2022-05-21,"13","26  day ahead inc hosp",2022-06-16,"quantile",0.65,272.788200810082
2022-05-21,"13","26  day ahead inc hosp",2022-06-16,"quantile",0.7,302.864002225725
2022-05-21,"13","26  day ahead inc hosp",2022-06-16,"quantile",0.75,335.320520765871
2022-05-21,"13","26  day ahead inc hosp",2022-06-16,"quantile",0.8,371.46239329217
2022-05-21,"13","26  day ahead inc hosp",2022-06-16,"quantile",0.85,413.590159788389
2022-05-21,"13","26  day ahead inc hosp",2022-06-16,"quantile",0.9,466.596509601805
2022-05-21,"13","26  day ahead inc hosp",2022-06-16,"quantile",0.95,545.159904879663
2022-05-21,"13","26  day ahead inc hosp",2022-06-16,"quantile",0.975,613.301933811489
2022-05-21,"13","26  day ahead inc hosp",2022-06-16,"quantile",0.99,692.531768684497
2022-05-21,"13","27  day ahead inc hosp",2022-06-17,"quantile",0.01,0
2022-05-21,"13","27  day ahead inc hosp",2022-06-17,"quantile",0.025,0
2022-05-21,"13","27  day ahead inc hosp",2022-06-17,"quantile",0.05,0
2022-05-21,"13","27  day ahead inc hosp",2022-06-17,"quantile",0.1,0
2022-05-21,"13","27  day ahead inc hosp",2022-06-17,"quantile",0.15,0
2022-05-21,"13","27  day ahead inc hosp",2022-06-17,"quantile",0.2,6.00912340382229
2022-05-21,"13","27  day ahead inc hosp",2022-06-17,"quantile",0.25,42.7366468882763
2022-05-21,"13","27  day ahead inc hosp",2022-06-17,"quantile",0.3,75.7190980891488
2022-05-21,"13","27  day ahead inc hosp",2022-06-17,"quantile",0.35,106.28225449459
2022-05-21,"13","27  day ahead inc hosp",2022-06-17,"quantile",0.4,135.283701145773
2022-05-21,"13","27  day ahead inc hosp",2022-06-17,"quantile",0.45,163.3429364118
2022-05-21,"13","27  day ahead inc hosp",2022-06-17,"quantile",0.5,190.957303103573
2022-05-21,"13","27  day ahead inc hosp",2022-06-17,"quantile",0.55,218.571669795346
2022-05-21,"13","27  day ahead inc hosp",2022-06-17,"quantile",0.6,246.630905061373
2022-05-21,"13","27  day ahead inc hosp",2022-06-17,"quantile",0.65,275.632351712556
2022-05-21,"13","27  day ahead inc hosp",2022-06-17,"quantile",0.7,306.195508117997
2022-05-21,"13","27  day ahead inc hosp",2022-06-17,"quantile",0.75,339.17795931887
2022-05-21,"13","27  day ahead inc hosp",2022-06-17,"quantile",0.8,375.905482803324
2022-05-21,"13","27  day ahead inc hosp",2022-06-17,"quantile",0.85,418.715897017794
2022-05-21,"13","27  day ahead inc hosp",2022-06-17,"quantile",0.9,472.581173538284
2022-05-21,"13","27  day ahead inc hosp",2022-06-17,"quantile",0.95,552.417627584386
2022-05-21,"13","27  day ahead inc hosp",2022-06-17,"quantile",0.975,621.663845141344
2022-05-21,"13","27  day ahead inc hosp",2022-06-17,"quantile",0.99,702.177537918339
2022-05-21,"13","28  day ahead inc hosp",2022-06-18,"quantile",0.01,0
2022-05-21,"13","28  day ahead inc hosp",2022-06-18,"quantile",0.025,0
2022-05-21,"13","28  day ahead inc hosp",2022-06-18,"quantile",0.05,0
2022-05-21,"13","28  day ahead inc hosp",2022-06-18,"quantile",0.1,0
2022-05-21,"13","28  day ahead inc hosp",2022-06-18,"quantile",0.15,0
2022-05-21,"13","28  day ahead inc hosp",2022-06-18,"quantile",0.2,0.677140475733268
2022-05-21,"13","28  day ahead inc hosp",2022-06-18,"quantile",0.25,38.0691783612408
2022-05-21,"13","28  day ahead inc hosp",2022-06-18,"quantile",0.3,71.6483840319403
2022-05-21,"13","28  day ahead inc hosp",2022-06-18,"quantile",0.35,102.764522387871
2022-05-21,"13","28  day ahead inc hosp",2022-06-18,"quantile",0.4,132.290694833845
2022-05-21,"13","28  day ahead inc hosp",2022-06-18,"quantile",0.45,160.857608378934
2022-05-21,"13","28  day ahead inc hosp",2022-06-18,"quantile",0.5,188.971604302459
2022-05-21,"13","28  day ahead inc hosp",2022-06-18,"quantile",0.55,217.085600225983
2022-05-21,"13","28  day ahead inc hosp",2022-06-18,"quantile",0.6,245.652513771073
2022-05-21,"13","28  day ahead inc hosp",2022-06-18,"quantile",0.65,275.178686217046
2022-05-21,"13","28  day ahead inc hosp",2022-06-18,"quantile",0.7,306.294824572977
2022-05-21,"13","28  day ahead inc hosp",2022-06-18,"quantile",0.75,339.874030243676
2022-05-21,"13","28  day ahead inc hosp",2022-06-18,"quantile",0.8,377.266068129184
2022-05-21,"13","28  day ahead inc hosp",2022-06-18,"quantile",0.85,420.851055036328
2022-05-21,"13","28  day ahead inc hosp",2022-06-18,"quantile",0.9,475.690920872096
2022-05-21,"13","28  day ahead inc hosp",2022-06-18,"quantile",0.95,556.971863095168
2022-05-21,"13","28  day ahead inc hosp",2022-06-18,"quantile",0.975,627.470958723379
2022-05-21,"13","28  day ahead inc hosp",2022-06-18,"quantile",0.99,709.441393018897
2022-05-21,"13","29  day ahead inc hosp",2022-06-19,"quantile",0.01,0
2022-05-21,"13","29  day ahead inc hosp",2022-06-19,"quantile",0.025,0
2022-05-21,"13","29  day ahead inc hosp",2022-06-19,"quantile",0.05,0
2022-05-21,"13","29  day ahead inc hosp",2022-06-19,"quantile",0.1,0
2022-05-21,"13","29  day ahead inc hosp",2022-06-19,"quantile",0.15,0
2022-05-21,"13","29  day ahead inc hosp",2022-06-19,"quantile",0.2,8.53050947047791
2022-05-21,"13","29  day ahead inc hosp",2022-06-19,"quantile",0.25,46.6497354708376
2022-05-21,"13","29  day ahead inc hosp",2022-06-19,"quantile",0.3,80.8819785433679
2022-05-21,"13","29  day ahead inc hosp",2022-06-19,"quantile",0.35,112.603253374123
2022-05-21,"13","29  day ahead inc hosp",2022-06-19,"quantile",0.4,142.70364115828
2022-05-21,"13","29  day ahead inc hosp",2022-06-19,"quantile",0.45,171.826114688402
2022-05-21,"13","29  day ahead inc hosp",2022-06-19,"quantile",0.5,200.486862403288
2022-05-21,"13","29  day ahead inc hosp",2022-06-19,"quantile",0.55,229.147610118175
2022-05-21,"13","29  day ahead inc hosp",2022-06-19,"quantile",0.6,258.270083648297
2022-05-21,"13","29  day ahead inc hosp",2022-06-19,"quantile",0.65,288.370471432454
2022-05-21,"13","29  day ahead inc hosp",2022-06-19,"quantile",0.7,320.091746263209
2022-05-21,"13","29  day ahead inc hosp",2022-06-19,"quantile",0.75,354.323989335739
2022-05-21,"13","29  day ahead inc hosp",2022-06-19,"quantile",0.8,392.443215336099
2022-05-21,"13","29  day ahead inc hosp",2022-06-19,"quantile",0.85,436.875828803793
2022-05-21,"13","29  day ahead inc hosp",2022-06-19,"quantile",0.9,492.782202401935
2022-05-21,"13","29  day ahead inc hosp",2022-06-19,"quantile",0.95,575.643869787128
2022-05-21,"13","29  day ahead inc hosp",2022-06-19,"quantile",0.975,647.514008753646
2022-05-21,"13","29  day ahead inc hosp",2022-06-19,"quantile",0.99,731.078577227448
2022-05-21,"13","30  day ahead inc hosp",2022-06-20,"quantile",0.01,0
2022-05-21,"13","30  day ahead inc hosp",2022-06-20,"quantile",0.025,0
2022-05-21,"13","30  day ahead inc hosp",2022-06-20,"quantile",0.05,0
2022-05-21,"13","30  day ahead inc hosp",2022-06-20,"quantile",0.1,0
2022-05-21,"13","30  day ahead inc hosp",2022-06-20,"quantile",0.15,0
2022-05-21,"13","30  day ahead inc hosp",2022-06-20,"quantile",0.2,6.07631862757964
2022-05-21,"13","30  day ahead inc hosp",2022-06-20,"quantile",0.25,44.8876462466927
2022-05-21,"13","30  day ahead inc hosp",2022-06-20,"quantile",0.3,79.7414179631632
2022-05-21,"13","30  day ahead inc hosp",2022-06-20,"quantile",0.35,112.038631708813
2022-05-21,"13","30  day ahead inc hosp",2022-06-20,"quantile",0.4,142.685529202016
2022-05-21,"13","30  day ahead inc hosp",2022-06-20,"quantile",0.45,172.336757200346
2022-05-21,"13","30  day ahead inc hosp",2022-06-20,"quantile",0.5,201.517876181112
2022-05-21,"13","30  day ahead inc hosp",2022-06-20,"quantile",0.55,230.698995161878
2022-05-21,"13","30  day ahead inc hosp",2022-06-20,"quantile",0.6,260.350223160207
2022-05-21,"13","30  day ahead inc hosp",2022-06-20,"quantile",0.65,290.99712065341
2022-05-21,"13","30  day ahead inc hosp",2022-06-20,"quantile",0.7,323.29433439906
2022-05-21,"13","30  day ahead inc hosp",2022-06-20,"quantile",0.75,358.148106115531
2022-05-21,"13","30  day ahead inc hosp",2022-06-20,"quantile",0.8,396.959433734644
2022-05-21,"13","30  day ahead inc hosp",2022-06-20,"quantile",0.85,442.198776166513
2022-05-21,"13","30  day ahead inc hosp",2022-06-20,"quantile",0.9,499.120199012127
2022-05-21,"13","30  day ahead inc hosp",2022-06-20,"quantile",0.95,583.486322288669
2022-05-21,"13","30  day ahead inc hosp",2022-06-20,"quantile",0.975,656.66135237544
2022-05-21,"13","30  day ahead inc hosp",2022-06-20,"quantile",0.99,741.743138777816
2022-05-21,"13","31  day ahead inc hosp",2022-06-21,"quantile",0.01,0
2022-05-21,"13","31  day ahead inc hosp",2022-06-21,"quantile",0.025,0
2022-05-21,"13","31  day ahead inc hosp",2022-06-21,"quantile",0.05,0
2022-05-21,"13","31  day ahead inc hosp",2022-06-21,"quantile",0.1,0
2022-05-21,"13","31  day ahead inc hosp",2022-06-21,"quantile",0.15,0
2022-05-21,"13","31  day ahead inc hosp",2022-06-21,"quantile",0.2,2.06737298720887
2022-05-21,"13","31  day ahead inc hosp",2022-06-21,"quantile",0.25,41.5325181173672
2022-05-21,"13","31  day ahead inc hosp",2022-06-21,"quantile",0.3,76.9734381658362
2022-05-21,"13","31  day ahead inc hosp",2022-06-21,"quantile",0.35,109.814732343676
2022-05-21,"13","31  day ahead inc hosp",2022-06-21,"quantile",0.4,140.977908961286
2022-05-21,"13","31  day ahead inc hosp",2022-06-21,"quantile",0.45,171.128642987329
2022-05-21,"13","31  day ahead inc hosp",2022-06-21,"quantile",0.5,200.801348516454
2022-05-21,"13","31  day ahead inc hosp",2022-06-21,"quantile",0.55,230.47405404558
2022-05-21,"13","31  day ahead inc hosp",2022-06-21,"quantile",0.6,260.624788071623
2022-05-21,"13","31  day ahead inc hosp",2022-06-21,"quantile",0.65,291.787964689233
2022-05-21,"13","31  day ahead inc hosp",2022-06-21,"quantile",0.7,324.629258867073
2022-05-21,"13","31  day ahead inc hosp",2022-06-21,"quantile",0.75,360.070178915542
2022-05-21,"13","31  day ahead inc hosp",2022-06-21,"quantile",0.8,399.5353240457
2022-05-21,"13","31  day ahead inc hosp",2022-06-21,"quantile",0.85,445.536770638509
2022-05-21,"13","31  day ahead inc hosp",2022-06-21,"quantile",0.9,503.417094539385
2022-05-21,"13","31  day ahead inc hosp",2022-06-21,"quantile",0.95,589.204453628279
2022-05-21,"13","31  day ahead inc hosp",2022-06-21,"quantile",0.975,663.612193827714
2022-05-21,"13","31  day ahead inc hosp",2022-06-21,"quantile",0.99,750.127272138236
2022-05-21,"13","32  day ahead inc hosp",2022-06-22,"quantile",0.01,0
2022-05-21,"13","32  day ahead inc hosp",2022-06-22,"quantile",0.025,0
2022-05-21,"13","32  day ahead inc hosp",2022-06-22,"quantile",0.05,0
2022-05-21,"13","32  day ahead inc hosp",2022-06-22,"quantile",0.1,0
2022-05-21,"13","32  day ahead inc hosp",2022-06-22,"quantile",0.15,0
2022-05-21,"13","32  day ahead inc hosp",2022-06-22,"quantile",0.2,0
2022-05-21,"13","32  day ahead inc hosp",2022-06-22,"quantile",0.25,39.6126723287925
2022-05-21,"13","32  day ahead inc hosp",2022-06-22,"quantile",0.3,75.6146557095279
2022-05-21,"13","32  day ahead inc hosp",2022-06-22,"quantile",0.35,108.975858679864
2022-05-21,"13","32  day ahead inc hosp",2022-06-22,"quantile",0.4,140.632377899562
2022-05-21,"13","32  day ahead inc hosp",2022-06-22,"quantile",0.45,171.260426602532
2022-05-21,"13","32  day ahead inc hosp",2022-06-22,"quantile",0.5,201.402879164713
2022-05-21,"13","32  day ahead inc hosp",2022-06-22,"quantile",0.55,231.545331726894
2022-05-21,"13","32  day ahead inc hosp",2022-06-22,"quantile",0.6,262.173380429864
2022-05-21,"13","32  day ahead inc hosp",2022-06-22,"quantile",0.65,293.829899649561
2022-05-21,"13","32  day ahead inc hosp",2022-06-22,"quantile",0.7,327.191102619897
2022-05-21,"13","32  day ahead inc hosp",2022-06-22,"quantile",0.75,363.193086000633
2022-05-21,"13","32  day ahead inc hosp",2022-06-22,"quantile",0.8,403.283001757649
2022-05-21,"13","32  day ahead inc hosp",2022-06-22,"quantile",0.85,450.012694820334
2022-05-21,"13","32  day ahead inc hosp",2022-06-22,"quantile",0.9,508.809319069962
2022-05-21,"13","32  day ahead inc hosp",2022-06-22,"quantile",0.95,595.954773306807
2022-05-21,"13","32  day ahead inc hosp",2022-06-22,"quantile",0.975,671.540458508956
2022-05-21,"13","32  day ahead inc hosp",2022-06-22,"quantile",0.99,759.425152451969
2022-05-21,"13","33  day ahead inc hosp",2022-06-23,"quantile",0.01,0
2022-05-21,"13","33  day ahead inc hosp",2022-06-23,"quantile",0.025,0
2022-05-21,"13","33  day ahead inc hosp",2022-06-23,"quantile",0.05,0
2022-05-21,"13","33  day ahead inc hosp",2022-06-23,"quantile",0.1,0
2022-05-21,"13","33  day ahead inc hosp",2022-06-23,"quantile",0.15,0
2022-05-21,"13","33  day ahead inc hosp",2022-06-23,"quantile",0.2,0
2022-05-21,"13","33  day ahead inc hosp",2022-06-23,"quantile",0.25,38.4106461318413
2022-05-21,"13","33  day ahead inc hosp",2022-06-23,"quantile",0.3,74.9260469325381
2022-05-21,"13","33  day ahead inc hosp",2022-06-23,"quantile",0.35,108.76300765696
2022-05-21,"13","33  day ahead inc hosp",2022-06-23,"quantile",0.4,140.870974460832
2022-05-21,"13","33  day ahead inc hosp",2022-06-23,"quantile",0.45,171.935803926052
2022-05-21,"13","33  day ahead inc hosp",2022-06-23,"quantile",0.5,202.508112256514
2022-05-21,"13","33  day ahead inc hosp",2022-06-23,"quantile",0.55,233.080420586977
2022-05-21,"13","33  day ahead inc hosp",2022-06-23,"quantile",0.6,264.145250052196
2022-05-21,"13","33  day ahead inc hosp",2022-06-23,"quantile",0.65,296.253216856069
2022-05-21,"13","33  day ahead inc hosp",2022-06-23,"quantile",0.7,330.09017758049
2022-05-21,"13","33  day ahead inc hosp",2022-06-23,"quantile",0.75,366.605578381187
2022-05-21,"13","33  day ahead inc hosp",2022-06-23,"quantile",0.8,407.267208782277
2022-05-21,"13","33  day ahead inc hosp",2022-06-23,"quantile",0.85,454.663305087086
2022-05-21,"13","33  day ahead inc hosp",2022-06-23,"quantile",0.9,514.298416783515
2022-05-21,"13","33  day ahead inc hosp",2022-06-23,"quantile",0.95,602.686635725918
2022-05-21,"13","33  day ahead inc hosp",2022-06-23,"quantile",0.975,679.350233971693
2022-05-21,"13","33  day ahead inc hosp",2022-06-23,"quantile",0.99,768.488234776751
2022-05-21,"13","34  day ahead inc hosp",2022-06-24,"quantile",0.01,0
2022-05-21,"13","34  day ahead inc hosp",2022-06-24,"quantile",0.025,0
2022-05-21,"13","34  day ahead inc hosp",2022-06-24,"quantile",0.05,0
2022-05-21,"13","34  day ahead inc hosp",2022-06-24,"quantile",0.1,0
2022-05-21,"13","34  day ahead inc hosp",2022-06-24,"quantile",0.15,0
2022-05-21,"13","34  day ahead inc hosp",2022-06-24,"quantile",0.2,0
2022-05-21,"13","34  day ahead inc hosp",2022-06-24,"quantile",0.25,36.5866294483795
2022-05-21,"13","34  day ahead inc hosp",2022-06-24,"quantile",0.3,73.6025123045536
2022-05-21,"13","34  day ahead inc hosp",2022-06-24,"quantile",0.35,107.903244240111
2022-05-21,"13","34  day ahead inc hosp",2022-06-24,"quantile",0.4,140.451284571066
2022-05-21,"13","34  day ahead inc hosp",2022-06-24,"quantile",0.45,171.941890266668
2022-05-21,"13","34  day ahead inc hosp",2022-06-24,"quantile",0.5,202.933224306239
2022-05-21,"13","34  day ahead inc hosp",2022-06-24,"quantile",0.55,233.924558345811
2022-05-21,"13","34  day ahead inc hosp",2022-06-24,"quantile",0.6,265.415164041412
2022-05-21,"13","34  day ahead inc hosp",2022-06-24,"quantile",0.65,297.963204372367
2022-05-21,"13","34  day ahead inc hosp",2022-06-24,"quantile",0.7,332.263936307925
2022-05-21,"13","34  day ahead inc hosp",2022-06-24,"quantile",0.75,369.279819164099
2022-05-21,"13","34  day ahead inc hosp",2022-06-24,"quantile",0.8,410.498760067495
2022-05-21,"13","34  day ahead inc hosp",2022-06-24,"quantile",0.85,458.544469828
2022-05-21,"13","34  day ahead inc hosp",2022-06-24,"quantile",0.9,518.996943586079
2022-05-21,"13","34  day ahead inc hosp",2022-06-24,"quantile",0.95,608.596616230926
2022-05-21,"13","34  day ahead inc hosp",2022-06-24,"quantile",0.975,686.310969894662
2022-05-21,"13","34  day ahead inc hosp",2022-06-24,"quantile",0.99,776.670700952868
2022-05-21,"13","35  day ahead inc hosp",2022-06-25,"quantile",0.01,0
2022-05-21,"13","35  day ahead inc hosp",2022-06-25,"quantile",0.025,0
2022-05-21,"13","35  day ahead inc hosp",2022-06-25,"quantile",0.05,0
2022-05-21,"13","35  day ahead inc hosp",2022-06-25,"quantile",0.1,0
2022-05-21,"13","35  day ahead inc hosp",2022-06-25,"quantile",0.15,0
2022-05-21,"13","35  day ahead inc hosp",2022-06-25,"quantile",0.2,0
2022-05-21,"13","35  day ahead inc hosp",2022-06-25,"quantile",0.25,34.7732346449107
2022-05-21,"13","35  day ahead inc hosp",2022-06-25,"quantile",0.3,72.330533090842
2022-05-21,"13","35  day ahead inc hosp",2022-06-25,"quantile",0.35,107.132967257363
2022-05-21,"13","35  day ahead inc hosp",2022-06-25,"quantile",0.4,140.157073943933
2022-05-21,"13","35  day ahead inc hosp",2022-06-25,"quantile",0.45,172.108279348063
2022-05-21,"13","35  day ahead inc hosp",2022-06-25,"quantile",0.5,203.552910461802
2022-05-21,"13","35  day ahead inc hosp",2022-06-25,"quantile",0.55,234.99754157554
2022-05-21,"13","35  day ahead inc hosp",2022-06-25,"quantile",0.6,266.94874697967
2022-05-21,"13","35  day ahead inc hosp",2022-06-25,"quantile",0.65,299.972853666241
2022-05-21,"13","35  day ahead inc hosp",2022-06-25,"quantile",0.7,334.775287832761
2022-05-21,"13","35  day ahead inc hosp",2022-06-25,"quantile",0.75,372.332586278692
2022-05-21,"13","35  day ahead inc hosp",2022-06-25,"quantile",0.8,414.154419115941
2022-05-21,"13","35  day ahead inc hosp",2022-06-25,"quantile",0.85,462.902873057541
2022-05-21,"13","35  day ahead inc hosp",2022-06-25,"quantile",0.9,524.239559461829
2022-05-21,"13","35  day ahead inc hosp",2022-06-25,"quantile",0.95,615.149768445781
2022-05-21,"13","35  day ahead inc hosp",2022-06-25,"quantile",0.975,694.000816938192
2022-05-21,"13","35  day ahead inc hosp",2022-06-25,"quantile",0.99,785.682201386951
2022-05-21,"13","36  day ahead inc hosp",2022-06-26,"quantile",0.01,0
2022-05-21,"13","36  day ahead inc hosp",2022-06-26,"quantile",0.025,0
2022-05-21,"13","36  day ahead inc hosp",2022-06-26,"quantile",0.05,0
2022-05-21,"13","36  day ahead inc hosp",2022-06-26,"quantile",0.1,0
2022-05-21,"13","36  day ahead inc hosp",2022-06-26,"quantile",0.15,0
2022-05-21,"13","36  day ahead inc hosp",2022-06-26,"quantile",0.2,0
2022-05-21,"13","36  day ahead inc hosp",2022-06-26,"quantile",0.25,38.7714193565402
2022-05-21,"13","36  day ahead inc hosp",2022-06-26,"quantile",0.3,76.8927940469255
2022-05-21,"13","36  day ahead inc hosp",2022-06-26,"quantile",0.35,112.217928918098
2022-05-21,"13","36  day ahead inc hosp",2022-06-26,"quantile",0.4,145.73802745837
2022-05-21,"13","36  day ahead inc hosp",2022-06-26,"quantile",0.45,178.169110721023
2022-05-21,"13","36  day ahead inc hosp",2022-06-26,"quantile",0.5,210.086011411137
2022-05-21,"13","36  day ahead inc hosp",2022-06-26,"quantile",0.55,242.002912101251
2022-05-21,"13","36  day ahead inc hosp",2022-06-26,"quantile",0.6,274.433995363904
2022-05-21,"13","36  day ahead inc hosp",2022-06-26,"quantile",0.65,307.954093904176
2022-05-21,"13","36  day ahead inc hosp",2022-06-26,"quantile",0.7,343.279228775348
2022-05-21,"13","36  day ahead inc hosp",2022-06-26,"quantile",0.75,381.400603465734
2022-05-21,"13","36  day ahead inc hosp",2022-06-26,"quantile",0.8,423.850561950437
2022-05-21,"13","36  day ahead inc hosp",2022-06-26,"quantile",0.85,473.331173048173
2022-05-21,"13","36  day ahead inc hosp",2022-06-26,"quantile",0.9,535.589080337504
2022-05-21,"13","36  day ahead inc hosp",2022-06-26,"quantile",0.95,627.864677445419
2022-05-21,"13","36  day ahead inc hosp",2022-06-26,"quantile",0.975,707.899996509604
2022-05-21,"13","36  day ahead inc hosp",2022-06-26,"quantile",0.99,800.958351431909
2022-05-21,"13","37  day ahead inc hosp",2022-06-27,"quantile",0.01,0
2022-05-21,"13","37  day ahead inc hosp",2022-06-27,"quantile",0.025,0
2022-05-21,"13","37  day ahead inc hosp",2022-06-27,"quantile",0.05,0
2022-05-21,"13","37  day ahead inc hosp",2022-06-27,"quantile",0.1,0
2022-05-21,"13","37  day ahead inc hosp",2022-06-27,"quantile",0.15,0
2022-05-21,"13","37  day ahead inc hosp",2022-06-27,"quantile",0.2,0
2022-05-21,"13","37  day ahead inc hosp",2022-06-27,"quantile",0.25,36.7087345032531
2022-05-21,"13","37  day ahead inc hosp",2022-06-27,"quantile",0.3,75.3747564086402
2022-05-21,"13","37  day ahead inc hosp",2022-06-27,"quantile",0.35,111.204588093173
2022-05-21,"13","37  day ahead inc hosp",2022-06-27,"quantile",0.4,145.203594554914
2022-05-21,"13","37  day ahead inc hosp",2022-06-27,"quantile",0.45,178.098026773945
2022-05-21,"13","37  day ahead inc hosp",2022-06-27,"quantile",0.5,210.470930197789
2022-05-21,"13","37  day ahead inc hosp",2022-06-27,"quantile",0.55,242.843833621633
2022-05-21,"13","37  day ahead inc hosp",2022-06-27,"quantile",0.6,275.738265840665
2022-05-21,"13","37  day ahead inc hosp",2022-06-27,"quantile",0.65,309.737272302406
2022-05-21,"13","37  day ahead inc hosp",2022-06-27,"quantile",0.7,345.567103986939
2022-05-21,"13","37  day ahead inc hosp",2022-06-27,"quantile",0.75,384.233125892326
2022-05-21,"13","37  day ahead inc hosp",2022-06-27,"quantile",0.8,427.289574878839
2022-05-21,"13","37  day ahead inc hosp",2022-06-27,"quantile",0.85,477.477124728123
2022-05-21,"13","37  day ahead inc hosp",2022-06-27,"quantile",0.9,540.624522391093
2022-05-21,"13","37  day ahead inc hosp",2022-06-27,"quantile",0.95,634.218478225199
2022-05-21,"13","37  day ahead inc hosp",2022-06-27,"quantile",0.975,715.397276872272
2022-05-21,"13","37  day ahead inc hosp",2022-06-27,"quantile",0.99,809.785173928163
2022-05-21,"15","1  day ahead inc hosp",2022-05-22,"quantile",0.01,11.9953637335967
2022-05-21,"15","1  day ahead inc hosp",2022-05-22,"quantile",0.025,14.4906485324978
2022-05-21,"15","1  day ahead inc hosp",2022-05-22,"quantile",0.05,16.6367311190941
2022-05-21,"15","1  day ahead inc hosp",2022-05-22,"quantile",0.1,19.1110268979647
2022-05-21,"15","1  day ahead inc hosp",2022-05-22,"quantile",0.15,20.7804225132231
2022-05-21,"15","1  day ahead inc hosp",2022-05-22,"quantile",0.2,22.1072052273126
2022-05-21,"15","1  day ahead inc hosp",2022-05-22,"quantile",0.25,23.2454666570283
2022-05-21,"15","1  day ahead inc hosp",2022-05-22,"quantile",0.3,24.2676606003615
2022-05-21,"15","1  day ahead inc hosp",2022-05-22,"quantile",0.35,25.2148756262102
2022-05-21,"15","1  day ahead inc hosp",2022-05-22,"quantile",0.4,26.1136900573813
2022-05-21,"15","1  day ahead inc hosp",2022-05-22,"quantile",0.45,26.983303421434
2022-05-21,"15","1  day ahead inc hosp",2022-05-22,"quantile",0.5,27.8391293941429
2022-05-21,"15","1  day ahead inc hosp",2022-05-22,"quantile",0.55,28.6949553668519
2022-05-21,"15","1  day ahead inc hosp",2022-05-22,"quantile",0.6,29.5645687309045
2022-05-21,"15","1  day ahead inc hosp",2022-05-22,"quantile",0.65,30.4633831620756
2022-05-21,"15","1  day ahead inc hosp",2022-05-22,"quantile",0.7,31.4105981879243
2022-05-21,"15","1  day ahead inc hosp",2022-05-22,"quantile",0.75,32.4327921312575
2022-05-21,"15","1  day ahead inc hosp",2022-05-22,"quantile",0.8,33.5710535609733
2022-05-21,"15","1  day ahead inc hosp",2022-05-22,"quantile",0.85,34.8978362750627
2022-05-21,"15","1  day ahead inc hosp",2022-05-22,"quantile",0.9,36.5672318903212
2022-05-21,"15","1  day ahead inc hosp",2022-05-22,"quantile",0.95,39.0415276691918
2022-05-21,"15","1  day ahead inc hosp",2022-05-22,"quantile",0.975,41.1876102557881
2022-05-21,"15","1  day ahead inc hosp",2022-05-22,"quantile",0.99,43.6828950546891
2022-05-21,"15","2  day ahead inc hosp",2022-05-23,"quantile",0.01,9.22836213447817
2022-05-21,"15","2  day ahead inc hosp",2022-05-23,"quantile",0.025,11.9089398934839
2022-05-21,"15","2  day ahead inc hosp",2022-05-23,"quantile",0.05,14.2143846479878
2022-05-21,"15","2  day ahead inc hosp",2022-05-23,"quantile",0.1,16.8724148002827
2022-05-21,"15","2  day ahead inc hosp",2022-05-23,"quantile",0.15,18.6657751250097
2022-05-21,"15","2  day ahead inc hosp",2022-05-23,"quantile",0.2,20.0910810604235
2022-05-21,"15","2  day ahead inc hosp",2022-05-23,"quantile",0.25,21.3138666413616
2022-05-21,"15","2  day ahead inc hosp",2022-05-23,"quantile",0.3,22.4119658848211
2022-05-21,"15","2  day ahead inc hosp",2022-05-23,"quantile",0.35,23.4295184833879
2022-05-21,"15","2  day ahead inc hosp",2022-05-23,"quantile",0.4,24.3950763927422
2022-05-21,"15","2  day ahead inc hosp",2022-05-23,"quantile",0.45,25.3292648443532
2022-05-21,"15","2  day ahead inc hosp",2022-05-23,"quantile",0.5,26.2486420910039
2022-05-21,"15","2  day ahead inc hosp",2022-05-23,"quantile",0.55,27.1680193376546
2022-05-21,"15","2  day ahead inc hosp",2022-05-23,"quantile",0.6,28.1022077892656
2022-05-21,"15","2  day ahead inc hosp",2022-05-23,"quantile",0.65,29.0677656986199
2022-05-21,"15","2  day ahead inc hosp",2022-05-23,"quantile",0.7,30.0853182971867
2022-05-21,"15","2  day ahead inc hosp",2022-05-23,"quantile",0.75,31.1834175406463
2022-05-21,"15","2  day ahead inc hosp",2022-05-23,"quantile",0.8,32.4062031215844
2022-05-21,"15","2  day ahead inc hosp",2022-05-23,"quantile",0.85,33.8315090569981
2022-05-21,"15","2  day ahead inc hosp",2022-05-23,"quantile",0.9,35.6248693817251
2022-05-21,"15","2  day ahead inc hosp",2022-05-23,"quantile",0.95,38.2828995340201
2022-05-21,"15","2  day ahead inc hosp",2022-05-23,"quantile",0.975,40.5883442885239
2022-05-21,"15","2  day ahead inc hosp",2022-05-23,"quantile",0.99,43.2689220475296
2022-05-21,"15","3  day ahead inc hosp",2022-05-24,"quantile",0.01,8.51108107295182
2022-05-21,"15","3  day ahead inc hosp",2022-05-24,"quantile",0.025,11.3185738603333
2022-05-21,"15","3  day ahead inc hosp",2022-05-24,"quantile",0.05,13.7331725408718
2022-05-21,"15","3  day ahead inc hosp",2022-05-24,"quantile",0.1,16.5170501792428
2022-05-21,"15","3  day ahead inc hosp",2022-05-24,"quantile",0.15,18.3953192053629
2022-05-21,"15","3  day ahead inc hosp",2022-05-24,"quantile",0.2,19.8881078849834
2022-05-21,"15","3  day ahead inc hosp",2022-05-24,"quantile",0.25,21.1687876516734
2022-05-21,"15","3  day ahead inc hosp",2022-05-24,"quantile",0.3,22.3188776632331
2022-05-21,"15","3  day ahead inc hosp",2022-05-24,"quantile",0.35,23.3846074566181
2022-05-21,"15","3  day ahead inc hosp",2022-05-24,"quantile",0.4,24.3958808125968
2022-05-21,"15","3  day ahead inc hosp",2022-05-24,"quantile",0.45,25.3742994878773
2022-05-21,"15","3  day ahead inc hosp",2022-05-24,"quantile",0.5,26.3372057047117
2022-05-21,"15","3  day ahead inc hosp",2022-05-24,"quantile",0.55,27.300111921546
2022-05-21,"15","3  day ahead inc hosp",2022-05-24,"quantile",0.6,28.2785305968266
2022-05-21,"15","3  day ahead inc hosp",2022-05-24,"quantile",0.65,29.2898039528052
2022-05-21,"15","3  day ahead inc hosp",2022-05-24,"quantile",0.7,30.3555337461902
2022-05-21,"15","3  day ahead inc hosp",2022-05-24,"quantile",0.75,31.50562375775
2022-05-21,"15","3  day ahead inc hosp",2022-05-24,"quantile",0.8,32.7863035244399
2022-05-21,"15","3  day ahead inc hosp",2022-05-24,"quantile",0.85,34.2790922040604
2022-05-21,"15","3  day ahead inc hosp",2022-05-24,"quantile",0.9,36.1573612301806
2022-05-21,"15","3  day ahead inc hosp",2022-05-24,"quantile",0.95,38.9412388685515
2022-05-21,"15","3  day ahead inc hosp",2022-05-24,"quantile",0.975,41.35583754909
2022-05-21,"15","3  day ahead inc hosp",2022-05-24,"quantile",0.99,44.1633303364715
2022-05-21,"15","4  day ahead inc hosp",2022-05-25,"quantile",0.01,8.0288152778852
2022-05-21,"15","4  day ahead inc hosp",2022-05-25,"quantile",0.025,10.9945632409179
2022-05-21,"15","4  day ahead inc hosp",2022-05-25,"quantile",0.05,13.5452701031169
2022-05-21,"15","4  day ahead inc hosp",2022-05-25,"quantile",0.1,16.4860717580453
2022-05-21,"15","4  day ahead inc hosp",2022-05-25,"quantile",0.15,18.4702166731383
2022-05-21,"15","4  day ahead inc hosp",2022-05-25,"quantile",0.2,20.0471521529804
2022-05-21,"15","4  day ahead inc hosp",2022-05-25,"quantile",0.25,21.4000223816874
2022-05-21,"15","4  day ahead inc hosp",2022-05-25,"quantile",0.3,22.6149416592784
2022-05-21,"15","4  day ahead inc hosp",2022-05-25,"quantile",0.35,23.7407454291334
2022-05-21,"15","4  day ahead inc hosp",2022-05-25,"quantile",0.4,24.8090231141351
2022-05-21,"15","4  day ahead inc hosp",2022-05-25,"quantile",0.45,25.8425941374512
2022-05-21,"15","4  day ahead inc hosp",2022-05-25,"quantile",0.5,26.8597782826797
2022-05-21,"15","4  day ahead inc hosp",2022-05-25,"quantile",0.55,27.8769624279083
2022-05-21,"15","4  day ahead inc hosp",2022-05-25,"quantile",0.6,28.9105334512244
2022-05-21,"15","4  day ahead inc hosp",2022-05-25,"quantile",0.65,29.9788111362261
2022-05-21,"15","4  day ahead inc hosp",2022-05-25,"quantile",0.7,31.1046149060811
2022-05-21,"15","4  day ahead inc hosp",2022-05-25,"quantile",0.75,32.3195341836721
2022-05-21,"15","4  day ahead inc hosp",2022-05-25,"quantile",0.8,33.6724044123791
2022-05-21,"15","4  day ahead inc hosp",2022-05-25,"quantile",0.85,35.2493398922212
2022-05-21,"15","4  day ahead inc hosp",2022-05-25,"quantile",0.9,37.2334848073142
2022-05-21,"15","4  day ahead inc hosp",2022-05-25,"quantile",0.95,40.1742864622425
2022-05-21,"15","4  day ahead inc hosp",2022-05-25,"quantile",0.975,42.7249933244416
2022-05-21,"15","4  day ahead inc hosp",2022-05-25,"quantile",0.99,45.6907412874743
2022-05-21,"15","5  day ahead inc hosp",2022-05-26,"quantile",0.01,9.15420694276816
2022-05-21,"15","5  day ahead inc hosp",2022-05-26,"quantile",0.025,12.2008093904165
2022-05-21,"15","5  day ahead inc hosp",2022-05-26,"quantile",0.05,14.8210555699546
2022-05-21,"15","5  day ahead inc hosp",2022-05-26,"quantile",0.1,17.8420316042065
2022-05-21,"15","5  day ahead inc hosp",2022-05-26,"quantile",0.15,19.8802697924004
2022-05-21,"15","5  day ahead inc hosp",2022-05-26,"quantile",0.2,21.5001968909114
2022-05-21,"15","5  day ahead inc hosp",2022-05-26,"quantile",0.25,22.88995010039
2022-05-21,"15","5  day ahead inc hosp",2022-05-26,"quantile",0.3,24.1379914346304
2022-05-21,"15","5  day ahead inc hosp",2022-05-26,"quantile",0.35,25.2944877261442
2022-05-21,"15","5  day ahead inc hosp",2022-05-26,"quantile",0.4,26.3918896127719
2022-05-21,"15","5  day ahead inc hosp",2022-05-26,"quantile",0.45,27.4536386382127
2022-05-21,"15","5  day ahead inc hosp",2022-05-26,"quantile",0.5,28.4985540339882
2022-05-21,"15","5  day ahead inc hosp",2022-05-26,"quantile",0.55,29.5434694297636
2022-05-21,"15","5  day ahead inc hosp",2022-05-26,"quantile",0.6,30.6052184552045
2022-05-21,"15","5  day ahead inc hosp",2022-05-26,"quantile",0.65,31.7026203418322
2022-05-21,"15","5  day ahead inc hosp",2022-05-26,"quantile",0.7,32.859116633346
2022-05-21,"15","5  day ahead inc hosp",2022-05-26,"quantile",0.75,34.1071579675864
2022-05-21,"15","5  day ahead inc hosp",2022-05-26,"quantile",0.8,35.496911177065
2022-05-21,"15","5  day ahead inc hosp",2022-05-26,"quantile",0.85,37.116838275576
2022-05-21,"15","5  day ahead inc hosp",2022-05-26,"quantile",0.9,39.1550764637699
2022-05-21,"15","5  day ahead inc hosp",2022-05-26,"quantile",0.95,42.1760524980218
2022-05-21,"15","5  day ahead inc hosp",2022-05-26,"quantile",0.975,44.7962986775598
2022-05-21,"15","5  day ahead inc hosp",2022-05-26,"quantile",0.99,47.8429011252082
2022-05-21,"15","6  day ahead inc hosp",2022-05-27,"quantile",0.01,9.01095418202822
2022-05-21,"15","6  day ahead inc hosp",2022-05-27,"quantile",0.025,12.2752517099337
2022-05-21,"15","6  day ahead inc hosp",2022-05-27,"quantile",0.05,15.0827276682663
2022-05-21,"15","6  day ahead inc hosp",2022-05-27,"quantile",0.1,18.319567646545
2022-05-21,"15","6  day ahead inc hosp",2022-05-27,"quantile",0.15,20.5034482129575
2022-05-21,"15","6  day ahead inc hosp",2022-05-27,"quantile",0.2,22.2391272567193
2022-05-21,"15","6  day ahead inc hosp",2022-05-27,"quantile",0.25,23.7281853284743
2022-05-21,"15","6  day ahead inc hosp",2022-05-27,"quantile",0.3,25.0654054981848
2022-05-21,"15","6  day ahead inc hosp",2022-05-27,"quantile",0.35,26.304539271065
2022-05-21,"15","6  day ahead inc hosp",2022-05-27,"quantile",0.4,27.4803560463724
2022-05-21,"15","6  day ahead inc hosp",2022-05-27,"quantile",0.45,28.617972384099
2022-05-21,"15","6  day ahead inc hosp",2022-05-27,"quantile",0.5,29.7375522445869
2022-05-21,"15","6  day ahead inc hosp",2022-05-27,"quantile",0.55,30.8571321050748
2022-05-21,"15","6  day ahead inc hosp",2022-05-27,"quantile",0.6,31.9947484428014
2022-05-21,"15","6  day ahead inc hosp",2022-05-27,"quantile",0.65,33.1705652181088
2022-05-21,"15","6  day ahead inc hosp",2022-05-27,"quantile",0.7,34.409698990989
2022-05-21,"15","6  day ahead inc hosp",2022-05-27,"quantile",0.75,35.7469191606994
2022-05-21,"15","6  day ahead inc hosp",2022-05-27,"quantile",0.8,37.2359772324545
2022-05-21,"15","6  day ahead inc hosp",2022-05-27,"quantile",0.85,38.9716562762163
2022-05-21,"15","6  day ahead inc hosp",2022-05-27,"quantile",0.9,41.1555368426288
2022-05-21,"15","6  day ahead inc hosp",2022-05-27,"quantile",0.95,44.3923768209075
2022-05-21,"15","6  day ahead inc hosp",2022-05-27,"quantile",0.975,47.1998527792401
2022-05-21,"15","6  day ahead inc hosp",2022-05-27,"quantile",0.99,50.4641503071456
2022-05-21,"15","7  day ahead inc hosp",2022-05-28,"quantile",0.01,7.53044728744979
2022-05-21,"15","7  day ahead inc hosp",2022-05-28,"quantile",0.025,11.0339585290526
2022-05-21,"15","7  day ahead inc hosp",2022-05-28,"quantile",0.05,14.0471714780753
2022-05-21,"15","7  day ahead inc hosp",2022-05-28,"quantile",0.1,17.5212130304229
2022-05-21,"15","7  day ahead inc hosp",2022-05-28,"quantile",0.15,19.8651323727425
2022-05-21,"15","7  day ahead inc hosp",2022-05-28,"quantile",0.2,21.7280051622629
2022-05-21,"15","7  day ahead inc hosp",2022-05-28,"quantile",0.25,23.3261841423331
2022-05-21,"15","7  day ahead inc hosp",2022-05-28,"quantile",0.3,24.7613982602339
2022-05-21,"15","7  day ahead inc hosp",2022-05-28,"quantile",0.35,26.0913380301301
2022-05-21,"15","7  day ahead inc hosp",2022-05-28,"quantile",0.4,27.3533208166679
2022-05-21,"15","7  day ahead inc hosp",2022-05-28,"quantile",0.45,28.5743037674511
2022-05-21,"15","7  day ahead inc hosp",2022-05-28,"quantile",0.5,29.7759284948417
2022-05-21,"15","7  day ahead inc hosp",2022-05-28,"quantile",0.55,30.9775532222323
2022-05-21,"15","7  day ahead inc hosp",2022-05-28,"quantile",0.6,32.1985361730155
2022-05-21,"15","7  day ahead inc hosp",2022-05-28,"quantile",0.65,33.4605189595533
2022-05-21,"15","7  day ahead inc hosp",2022-05-28,"quantile",0.7,34.7904587294495
2022-05-21,"15","7  day ahead inc hosp",2022-05-28,"quantile",0.75,36.2256728473503
2022-05-21,"15","7  day ahead inc hosp",2022-05-28,"quantile",0.8,37.8238518274204
2022-05-21,"15","7  day ahead inc hosp",2022-05-28,"quantile",0.85,39.6867246169409
2022-05-21,"15","7  day ahead inc hosp",2022-05-28,"quantile",0.9,42.0306439592605
2022-05-21,"15","7  day ahead inc hosp",2022-05-28,"quantile",0.95,45.504685511608
2022-05-21,"15","7  day ahead inc hosp",2022-05-28,"quantile",0.975,48.5178984606308
2022-05-21,"15","7  day ahead inc hosp",2022-05-28,"quantile",0.99,52.0214097022336
2022-05-21,"15","8  day ahead inc hosp",2022-05-29,"quantile",0.01,5.33164476419406
2022-05-21,"15","8  day ahead inc hosp",2022-05-29,"quantile",0.025,9.09754134239907
2022-05-21,"15","8  day ahead inc hosp",2022-05-29,"quantile",0.05,12.3364201561392
2022-05-21,"15","8  day ahead inc hosp",2022-05-29,"quantile",0.1,16.0706399979863
2022-05-21,"15","8  day ahead inc hosp",2022-05-29,"quantile",0.15,18.5901003970321
2022-05-21,"15","8  day ahead inc hosp",2022-05-29,"quantile",0.2,20.5924876536737
2022-05-21,"15","8  day ahead inc hosp",2022-05-29,"quantile",0.25,22.3103576239301
2022-05-21,"15","8  day ahead inc hosp",2022-05-29,"quantile",0.3,23.8530579502238
2022-05-21,"15","8  day ahead inc hosp",2022-05-29,"quantile",0.35,25.2825997108432
2022-05-21,"15","8  day ahead inc hosp",2022-05-29,"quantile",0.4,26.6390950464775
2022-05-21,"15","8  day ahead inc hosp",2022-05-29,"quantile",0.45,27.9515199822963
2022-05-21,"15","8  day ahead inc hosp",2022-05-29,"quantile",0.5,29.2431369165969
2022-05-21,"15","8  day ahead inc hosp",2022-05-29,"quantile",0.55,30.5347538508976
2022-05-21,"15","8  day ahead inc hosp",2022-05-29,"quantile",0.6,31.8471787867164
2022-05-21,"15","8  day ahead inc hosp",2022-05-29,"quantile",0.65,33.2036741223506
2022-05-21,"15","8  day ahead inc hosp",2022-05-29,"quantile",0.7,34.63321588297
2022-05-21,"15","8  day ahead inc hosp",2022-05-29,"quantile",0.75,36.1759162092637
2022-05-21,"15","8  day ahead inc hosp",2022-05-29,"quantile",0.8,37.8937861795201
2022-05-21,"15","8  day ahead inc hosp",2022-05-29,"quantile",0.85,39.8961734361617
2022-05-21,"15","8  day ahead inc hosp",2022-05-29,"quantile",0.9,42.4156338352075
2022-05-21,"15","8  day ahead inc hosp",2022-05-29,"quantile",0.95,46.1498536770547
2022-05-21,"15","8  day ahead inc hosp",2022-05-29,"quantile",0.975,49.3887324907948
2022-05-21,"15","8  day ahead inc hosp",2022-05-29,"quantile",0.99,53.1546290689998
2022-05-21,"15","9  day ahead inc hosp",2022-05-30,"quantile",0.01,2.5530537066979
2022-05-21,"15","9  day ahead inc hosp",2022-05-30,"quantile",0.025,6.52839608713397
2022-05-21,"15","9  day ahead inc hosp",2022-05-30,"quantile",0.05,9.94740984547107
2022-05-21,"15","9  day ahead inc hosp",2022-05-30,"quantile",0.1,13.8893137418961
2022-05-21,"15","9  day ahead inc hosp",2022-05-30,"quantile",0.15,16.5488975865834
2022-05-21,"15","9  day ahead inc hosp",2022-05-30,"quantile",0.2,18.6626505158172
2022-05-21,"15","9  day ahead inc hosp",2022-05-30,"quantile",0.25,20.4760623169702
2022-05-21,"15","9  day ahead inc hosp",2022-05-30,"quantile",0.3,22.1045621602535
2022-05-21,"15","9  day ahead inc hosp",2022-05-30,"quantile",0.35,23.6136099600479
2022-05-21,"15","9  day ahead inc hosp",2022-05-30,"quantile",0.4,25.0455487519467
2022-05-21,"15","9  day ahead inc hosp",2022-05-30,"quantile",0.45,26.4309661048014
2022-05-21,"15","9  day ahead inc hosp",2022-05-30,"quantile",0.5,27.7944181889428
2022-05-21,"15","9  day ahead inc hosp",2022-05-30,"quantile",0.55,29.1578702730841
2022-05-21,"15","9  day ahead inc hosp",2022-05-30,"quantile",0.6,30.5432876259388
2022-05-21,"15","9  day ahead inc hosp",2022-05-30,"quantile",0.65,31.9752264178376
2022-05-21,"15","9  day ahead inc hosp",2022-05-30,"quantile",0.7,33.484274217632
2022-05-21,"15","9  day ahead inc hosp",2022-05-30,"quantile",0.75,35.1127740609153
2022-05-21,"15","9  day ahead inc hosp",2022-05-30,"quantile",0.8,36.9261858620683
2022-05-21,"15","9  day ahead inc hosp",2022-05-30,"quantile",0.85,39.0399387913021
2022-05-21,"15","9  day ahead inc hosp",2022-05-30,"quantile",0.9,41.6995226359894
2022-05-21,"15","9  day ahead inc hosp",2022-05-30,"quantile",0.95,45.6414265324144
2022-05-21,"15","9  day ahead inc hosp",2022-05-30,"quantile",0.975,49.0604402907516
2022-05-21,"15","9  day ahead inc hosp",2022-05-30,"quantile",0.99,53.0357826711876
2022-05-21,"15","10  day ahead inc hosp",2022-05-31,"quantile",0.01,1.55805740497945
2022-05-21,"15","10  day ahead inc hosp",2022-05-31,"quantile",0.025,5.67135739848601
2022-05-21,"15","10  day ahead inc hosp",2022-05-31,"quantile",0.05,9.20902231489108
2022-05-21,"15","10  day ahead inc hosp",2022-05-31,"quantile",0.1,13.2877233976869
2022-05-21,"15","10  day ahead inc hosp",2022-05-31,"quantile",0.15,16.0396036545724
2022-05-21,"15","10  day ahead inc hosp",2022-05-31,"quantile",0.2,18.2267108463656
2022-05-21,"15","10  day ahead inc hosp",2022-05-31,"quantile",0.25,20.1030540732072
2022-05-21,"15","10  day ahead inc hosp",2022-05-31,"quantile",0.3,21.7880682817362
2022-05-21,"15","10  day ahead inc hosp",2022-05-31,"quantile",0.35,23.3494850632549
2022-05-21,"15","10  day ahead inc hosp",2022-05-31,"quantile",0.4,24.8311168976362
2022-05-21,"15","10  day ahead inc hosp",2022-05-31,"quantile",0.45,26.2646128441856
2022-05-21,"15","10  day ahead inc hosp",2022-05-31,"quantile",0.5,27.6753812540829
2022-05-21,"15","10  day ahead inc hosp",2022-05-31,"quantile",0.55,29.0861496639802
2022-05-21,"15","10  day ahead inc hosp",2022-05-31,"quantile",0.6,30.5196456105296
2022-05-21,"15","10  day ahead inc hosp",2022-05-31,"quantile",0.65,32.0012774449109
2022-05-21,"15","10  day ahead inc hosp",2022-05-31,"quantile",0.7,33.5626942264296
2022-05-21,"15","10  day ahead inc hosp",2022-05-31,"quantile",0.75,35.2477084349587
2022-05-21,"15","10  day ahead inc hosp",2022-05-31,"quantile",0.8,37.1240516618002
2022-05-21,"15","10  day ahead inc hosp",2022-05-31,"quantile",0.85,39.3111588535934
2022-05-21,"15","10  day ahead inc hosp",2022-05-31,"quantile",0.9,42.0630391104789
2022-05-21,"15","10  day ahead inc hosp",2022-05-31,"quantile",0.95,46.1417401932747
2022-05-21,"15","10  day ahead inc hosp",2022-05-31,"quantile",0.975,49.6794051096798
2022-05-21,"15","10  day ahead inc hosp",2022-05-31,"quantile",0.99,53.7927051031864
2022-05-21,"15","11  day ahead inc hosp",2022-06-01,"quantile",0.01,1.01863459975495
2022-05-21,"15","11  day ahead inc hosp",2022-06-01,"quantile",0.025,5.23425677113371
2022-05-21,"15","11  day ahead inc hosp",2022-06-01,"quantile",0.05,8.85992440540522
2022-05-21,"15","11  day ahead inc hosp",2022-06-01,"quantile",0.1,13.0400869858647
2022-05-21,"15","11  day ahead inc hosp",2022-06-01,"quantile",0.15,15.8604228335344
2022-05-21,"15","11  day ahead inc hosp",2022-06-01,"quantile",0.2,18.1019363587965
2022-05-21,"15","11  day ahead inc hosp",2022-06-01,"quantile",0.25,20.0249553753226
2022-05-21,"15","11  day ahead inc hosp",2022-06-01,"quantile",0.3,21.7518858855642
2022-05-21,"15","11  day ahead inc hosp",2022-06-01,"quantile",0.35,23.3521443673974
2022-05-21,"15","11  day ahead inc hosp",2022-06-01,"quantile",0.4,24.8706331770389
2022-05-21,"15","11  day ahead inc hosp",2022-06-01,"quantile",0.45,26.3397886736949
2022-05-21,"15","11  day ahead inc hosp",2022-06-01,"quantile",0.5,27.7856512650042
2022-05-21,"15","11  day ahead inc hosp",2022-06-01,"quantile",0.55,29.2315138563134
2022-05-21,"15","11  day ahead inc hosp",2022-06-01,"quantile",0.6,30.7006693529694
2022-05-21,"15","11  day ahead inc hosp",2022-06-01,"quantile",0.65,32.219158162611
2022-05-21,"15","11  day ahead inc hosp",2022-06-01,"quantile",0.7,33.8194166444441
2022-05-21,"15","11  day ahead inc hosp",2022-06-01,"quantile",0.75,35.5463471546858
2022-05-21,"15","11  day ahead inc hosp",2022-06-01,"quantile",0.8,37.4693661712118
2022-05-21,"15","11  day ahead inc hosp",2022-06-01,"quantile",0.85,39.7108796964739
2022-05-21,"15","11  day ahead inc hosp",2022-06-01,"quantile",0.9,42.5312155441436
2022-05-21,"15","11  day ahead inc hosp",2022-06-01,"quantile",0.95,46.7113781246031
2022-05-21,"15","11  day ahead inc hosp",2022-06-01,"quantile",0.975,50.3370457588746
2022-05-21,"15","11  day ahead inc hosp",2022-06-01,"quantile",0.99,54.5526679302534
2022-05-21,"15","12  day ahead inc hosp",2022-06-02,"quantile",0.01,1.56465548082388
2022-05-21,"15","12  day ahead inc hosp",2022-06-02,"quantile",0.025,5.87612895651229
2022-05-21,"15","12  day ahead inc hosp",2022-06-02,"quantile",0.05,9.58423400040217
2022-05-21,"15","12  day ahead inc hosp",2022-06-02,"quantile",0.1,13.8594416345394
2022-05-21,"15","12  day ahead inc hosp",2022-06-02,"quantile",0.15,16.743903928698
2022-05-21,"15","12  day ahead inc hosp",2022-06-02,"quantile",0.2,19.0363831207797
2022-05-21,"15","12  day ahead inc hosp",2022-06-02,"quantile",0.25,21.003126141368
2022-05-21,"15","12  day ahead inc hosp",2022-06-02,"quantile",0.3,22.7693221586048
2022-05-21,"15","12  day ahead inc hosp",2022-06-02,"quantile",0.35,24.4059659843992
2022-05-21,"15","12  day ahead inc hosp",2022-06-02,"quantile",0.4,25.9589809273294
2022-05-21,"15","12  day ahead inc hosp",2022-06-02,"quantile",0.45,27.4615408575099
2022-05-21,"15","12  day ahead inc hosp",2022-06-02,"quantile",0.5,28.9402782676704
2022-05-21,"15","12  day ahead inc hosp",2022-06-02,"quantile",0.55,30.4190156778309
2022-05-21,"15","12  day ahead inc hosp",2022-06-02,"quantile",0.6,31.9215756080114
2022-05-21,"15","12  day ahead inc hosp",2022-06-02,"quantile",0.65,33.4745905509417
2022-05-21,"15","12  day ahead inc hosp",2022-06-02,"quantile",0.7,35.1112343767361
2022-05-21,"15","12  day ahead inc hosp",2022-06-02,"quantile",0.75,36.8774303939728
2022-05-21,"15","12  day ahead inc hosp",2022-06-02,"quantile",0.8,38.8441734145611
2022-05-21,"15","12  day ahead inc hosp",2022-06-02,"quantile",0.85,41.1366526066428
2022-05-21,"15","12  day ahead inc hosp",2022-06-02,"quantile",0.9,44.0211149008015
2022-05-21,"15","12  day ahead inc hosp",2022-06-02,"quantile",0.95,48.2963225349387
2022-05-21,"15","12  day ahead inc hosp",2022-06-02,"quantile",0.975,52.0044275788285
2022-05-21,"15","12  day ahead inc hosp",2022-06-02,"quantile",0.99,56.3159010545169
2022-05-21,"15","13  day ahead inc hosp",2022-06-03,"quantile",0.01,1.6937278578805
2022-05-21,"15","13  day ahead inc hosp",2022-06-03,"quantile",0.025,6.12643219835027
2022-05-21,"15","13  day ahead inc hosp",2022-06-03,"quantile",0.05,9.93880247400042
2022-05-21,"15","13  day ahead inc hosp",2022-06-03,"quantile",0.1,14.3342212428063
2022-05-21,"15","13  day ahead inc hosp",2022-06-03,"quantile",0.15,17.2997894188222
2022-05-21,"15","13  day ahead inc hosp",2022-06-03,"quantile",0.2,19.6567289946953
2022-05-21,"15","13  day ahead inc hosp",2022-06-03,"quantile",0.25,21.6787732849153
2022-05-21,"15","13  day ahead inc hosp",2022-06-03,"quantile",0.3,23.4946315514388
2022-05-21,"15","13  day ahead inc hosp",2022-06-03,"quantile",0.35,25.177294852352
2022-05-21,"15","13  day ahead inc hosp",2022-06-03,"quantile",0.4,26.7739777769158
2022-05-21,"15","13  day ahead inc hosp",2022-06-03,"quantile",0.45,28.3187869846922
2022-05-21,"15","13  day ahead inc hosp",2022-06-03,"quantile",0.5,29.8391038261142
2022-05-21,"15","13  day ahead inc hosp",2022-06-03,"quantile",0.55,31.3594206675363
2022-05-21,"15","13  day ahead inc hosp",2022-06-03,"quantile",0.6,32.9042298753127
2022-05-21,"15","13  day ahead inc hosp",2022-06-03,"quantile",0.65,34.5009127998764
2022-05-21,"15","13  day ahead inc hosp",2022-06-03,"quantile",0.7,36.1835761007897
2022-05-21,"15","13  day ahead inc hosp",2022-06-03,"quantile",0.75,37.9994343673132
2022-05-21,"15","13  day ahead inc hosp",2022-06-03,"quantile",0.8,40.0214786575331
2022-05-21,"15","13  day ahead inc hosp",2022-06-03,"quantile",0.85,42.3784182334063
2022-05-21,"15","13  day ahead inc hosp",2022-06-03,"quantile",0.9,45.3439864094222
2022-05-21,"15","13  day ahead inc hosp",2022-06-03,"quantile",0.95,49.739405178228
2022-05-21,"15","13  day ahead inc hosp",2022-06-03,"quantile",0.975,53.5517754538782
2022-05-21,"15","13  day ahead inc hosp",2022-06-03,"quantile",0.99,57.9844797943479
2022-05-21,"15","14  day ahead inc hosp",2022-06-04,"quantile",0.01,1.08391320356704
2022-05-21,"15","14  day ahead inc hosp",2022-06-04,"quantile",0.025,5.67274467942349
2022-05-21,"15","14  day ahead inc hosp",2022-06-04,"quantile",0.05,9.61939290470732
2022-05-21,"15","14  day ahead inc hosp",2022-06-04,"quantile",0.1,14.1696255497587
2022-05-21,"15","14  day ahead inc hosp",2022-06-04,"quantile",0.15,17.239645913097
2022-05-21,"15","14  day ahead inc hosp",2022-06-04,"quantile",0.2,19.6796007762522
2022-05-21,"15","14  day ahead inc hosp",2022-06-04,"quantile",0.25,21.7728647911388
2022-05-21,"15","14  day ahead inc hosp",2022-06-04,"quantile",0.3,23.6526805715511
2022-05-21,"15","14  day ahead inc hosp",2022-06-04,"quantile",0.35,25.3946100406573
2022-05-21,"15","14  day ahead inc hosp",2022-06-04,"quantile",0.4,27.0475307631849
2022-05-21,"15","14  day ahead inc hosp",2022-06-04,"quantile",0.45,28.6467506913261
2022-05-21,"15","14  day ahead inc hosp",2022-06-04,"quantile",0.5,30.2206155916982
2022-05-21,"15","14  day ahead inc hosp",2022-06-04,"quantile",0.55,31.7944804920702
2022-05-21,"15","14  day ahead inc hosp",2022-06-04,"quantile",0.6,33.3937004202114
2022-05-21,"15","14  day ahead inc hosp",2022-06-04,"quantile",0.65,35.046621142739
2022-05-21,"15","14  day ahead inc hosp",2022-06-04,"quantile",0.7,36.7885506118452
2022-05-21,"15","14  day ahead inc hosp",2022-06-04,"quantile",0.75,38.6683663922575
2022-05-21,"15","14  day ahead inc hosp",2022-06-04,"quantile",0.8,40.7616304071442
2022-05-21,"15","14  day ahead inc hosp",2022-06-04,"quantile",0.85,43.2015852702994
2022-05-21,"15","14  day ahead inc hosp",2022-06-04,"quantile",0.9,46.2716056336376
2022-05-21,"15","14  day ahead inc hosp",2022-06-04,"quantile",0.95,50.821838278689
2022-05-21,"15","14  day ahead inc hosp",2022-06-04,"quantile",0.975,54.7684865039728
2022-05-21,"15","14  day ahead inc hosp",2022-06-04,"quantile",0.99,59.3573179798293
2022-05-21,"15","15  day ahead inc hosp",2022-06-05,"quantile",0.01,0
2022-05-21,"15","15  day ahead inc hosp",2022-06-05,"quantile",0.025,2.87042969454619
2022-05-21,"15","15  day ahead inc hosp",2022-06-05,"quantile",0.05,6.96672466207158
2022-05-21,"15","15  day ahead inc hosp",2022-06-05,"quantile",0.1,11.6894904169681
2022-05-21,"15","15  day ahead inc hosp",2022-06-05,"quantile",0.15,14.8759180504161
2022-05-21,"15","15  day ahead inc hosp",2022-06-05,"quantile",0.2,17.408389721669
2022-05-21,"15","15  day ahead inc hosp",2022-06-05,"quantile",0.25,19.5810249200507
2022-05-21,"15","15  day ahead inc hosp",2022-06-05,"quantile",0.3,21.532118476311
2022-05-21,"15","15  day ahead inc hosp",2022-06-05,"quantile",0.35,23.3400974272526
2022-05-21,"15","15  day ahead inc hosp",2022-06-05,"quantile",0.4,25.0556926490491
2022-05-21,"15","15  day ahead inc hosp",2022-06-05,"quantile",0.45,26.7155508805589
2022-05-21,"15","15  day ahead inc hosp",2022-06-05,"quantile",0.5,28.349092686909
2022-05-21,"15","15  day ahead inc hosp",2022-06-05,"quantile",0.55,29.9826344932592
2022-05-21,"15","15  day ahead inc hosp",2022-06-05,"quantile",0.6,31.642492724769
2022-05-21,"15","15  day ahead inc hosp",2022-06-05,"quantile",0.65,33.3580879465655
2022-05-21,"15","15  day ahead inc hosp",2022-06-05,"quantile",0.7,35.1660668975071
2022-05-21,"15","15  day ahead inc hosp",2022-06-05,"quantile",0.75,37.1171604537674
2022-05-21,"15","15  day ahead inc hosp",2022-06-05,"quantile",0.8,39.2897956521491
2022-05-21,"15","15  day ahead inc hosp",2022-06-05,"quantile",0.85,41.8222673234019
2022-05-21,"15","15  day ahead inc hosp",2022-06-05,"quantile",0.9,45.00869495685
2022-05-21,"15","15  day ahead inc hosp",2022-06-05,"quantile",0.95,49.7314607117465
2022-05-21,"15","15  day ahead inc hosp",2022-06-05,"quantile",0.975,53.8277556792719
2022-05-21,"15","15  day ahead inc hosp",2022-06-05,"quantile",0.99,58.5905838332863
2022-05-21,"15","16  day ahead inc hosp",2022-06-06,"quantile",0.01,0
2022-05-21,"15","16  day ahead inc hosp",2022-06-06,"quantile",0.025,1.37338724928001
2022-05-21,"15","16  day ahead inc hosp",2022-06-06,"quantile",0.05,5.60789400128148
2022-05-21,"15","16  day ahead inc hosp",2022-06-06,"quantile",0.1,10.4900090920588
2022-05-21,"15","16  day ahead inc hosp",2022-06-06,"quantile",0.15,13.7839489659129
2022-05-21,"15","16  day ahead inc hosp",2022-06-06,"quantile",0.2,16.4018679576331
2022-05-21,"15","16  day ahead inc hosp",2022-06-06,"quantile",0.25,18.6478093486021
2022-05-21,"15","16  day ahead inc hosp",2022-06-06,"quantile",0.3,20.664734131429
2022-05-21,"15","16  day ahead inc hosp",2022-06-06,"quantile",0.35,22.5337155245984
2022-05-21,"15","16  day ahead inc hosp",2022-06-06,"quantile",0.4,24.3071960986273
2022-05-21,"15","16  day ahead inc hosp",2022-06-06,"quantile",0.45,26.0230590783237
2022-05-21,"15","16  day ahead inc hosp",2022-06-06,"quantile",0.5,27.7117176987368
2022-05-21,"15","16  day ahead inc hosp",2022-06-06,"quantile",0.55,29.4003763191499
2022-05-21,"15","16  day ahead inc hosp",2022-06-06,"quantile",0.6,31.1162392988463
2022-05-21,"15","16  day ahead inc hosp",2022-06-06,"quantile",0.65,32.8897198728752
2022-05-21,"15","16  day ahead inc hosp",2022-06-06,"quantile",0.7,34.7587012660446
2022-05-21,"15","16  day ahead inc hosp",2022-06-06,"quantile",0.75,36.7756260488715
2022-05-21,"15","16  day ahead inc hosp",2022-06-06,"quantile",0.8,39.0215674398405
2022-05-21,"15","16  day ahead inc hosp",2022-06-06,"quantile",0.85,41.6394864315607
2022-05-21,"15","16  day ahead inc hosp",2022-06-06,"quantile",0.9,44.9334263054148
2022-05-21,"15","16  day ahead inc hosp",2022-06-06,"quantile",0.95,49.8155413961921
2022-05-21,"15","16  day ahead inc hosp",2022-06-06,"quantile",0.975,54.0500481481936
2022-05-21,"15","16  day ahead inc hosp",2022-06-06,"quantile",0.99,58.9735773707438
2022-05-21,"15","17  day ahead inc hosp",2022-06-07,"quantile",0.01,0
2022-05-21,"15","17  day ahead inc hosp",2022-06-07,"quantile",0.025,0.158743336570346
2022-05-21,"15","17  day ahead inc hosp",2022-06-07,"quantile",0.05,4.50371718856042
2022-05-21,"15","17  day ahead inc hosp",2022-06-07,"quantile",0.1,9.51319377088188
2022-05-21,"15","17  day ahead inc hosp",2022-06-07,"quantile",0.15,12.8930638384308
2022-05-21,"15","17  day ahead inc hosp",2022-06-07,"quantile",0.2,15.5792774240571
2022-05-21,"15","17  day ahead inc hosp",2022-06-07,"quantile",0.25,17.8838094955315
2022-05-21,"15","17  day ahead inc hosp",2022-06-07,"quantile",0.3,19.9533505202734
2022-05-21,"15","17  day ahead inc hosp",2022-06-07,"quantile",0.35,21.8710887029646
2022-05-21,"15","17  day ahead inc hosp",2022-06-07,"quantile",0.4,23.6908347023129
2022-05-21,"15","17  day ahead inc hosp",2022-06-07,"quantile",0.45,25.4514600164312
2022-05-21,"15","17  day ahead inc hosp",2022-06-07,"quantile",0.5,27.1841712813653
2022-05-21,"15","17  day ahead inc hosp",2022-06-07,"quantile",0.55,28.9168825462994
2022-05-21,"15","17  day ahead inc hosp",2022-06-07,"quantile",0.6,30.6775078604177
2022-05-21,"15","17  day ahead inc hosp",2022-06-07,"quantile",0.65,32.497253859766
2022-05-21,"15","17  day ahead inc hosp",2022-06-07,"quantile",0.7,34.4149920424572
2022-05-21,"15","17  day ahead inc hosp",2022-06-07,"quantile",0.75,36.4845330671992
2022-05-21,"15","17  day ahead inc hosp",2022-06-07,"quantile",0.8,38.7890651386735
2022-05-21,"15","17  day ahead inc hosp",2022-06-07,"quantile",0.85,41.4752787242999
2022-05-21,"15","17  day ahead inc hosp",2022-06-07,"quantile",0.9,44.8551487918487
2022-05-21,"15","17  day ahead inc hosp",2022-06-07,"quantile",0.95,49.8646253741702
2022-05-21,"15","17  day ahead inc hosp",2022-06-07,"quantile",0.975,54.2095992261603
2022-05-21,"15","17  day ahead inc hosp",2022-06-07,"quantile",0.99,59.2615703255991
2022-05-21,"15","18  day ahead inc hosp",2022-06-08,"quantile",0.01,0
2022-05-21,"15","18  day ahead inc hosp",2022-06-08,"quantile",0.025,0
2022-05-21,"15","18  day ahead inc hosp",2022-06-08,"quantile",0.05,3.88098991044632
2022-05-21,"15","18  day ahead inc hosp",2022-06-08,"quantile",0.1,8.99059919070921
2022-05-21,"15","18  day ahead inc hosp",2022-06-08,"quantile",0.15,12.4380283141781
2022-05-21,"15","18  day ahead inc hosp",2022-06-08,"quantile",0.2,15.177935695784
2022-05-21,"15","18  day ahead inc hosp",2022-06-08,"quantile",0.25,17.5285322632226
2022-05-21,"15","18  day ahead inc hosp",2022-06-08,"quantile",0.3,19.6394406290235
2022-05-21,"15","18  day ahead inc hosp",2022-06-08,"quantile",0.35,21.5955118181722
2022-05-21,"15","18  day ahead inc hosp",2022-06-08,"quantile",0.4,23.4516320920556
2022-05-21,"15","18  day ahead inc hosp",2022-06-08,"quantile",0.45,25.2474499377427
2022-05-21,"15","18  day ahead inc hosp",2022-06-08,"quantile",0.5,27.0147957699535
2022-05-21,"15","18  day ahead inc hosp",2022-06-08,"quantile",0.55,28.7821416021643
2022-05-21,"15","18  day ahead inc hosp",2022-06-08,"quantile",0.6,30.5779594478514
2022-05-21,"15","18  day ahead inc hosp",2022-06-08,"quantile",0.65,32.4340797217348
2022-05-21,"15","18  day ahead inc hosp",2022-06-08,"quantile",0.7,34.3901509108835
2022-05-21,"15","18  day ahead inc hosp",2022-06-08,"quantile",0.75,36.5010592766844
2022-05-21,"15","18  day ahead inc hosp",2022-06-08,"quantile",0.8,38.851655844123
2022-05-21,"15","18  day ahead inc hosp",2022-06-08,"quantile",0.85,41.5915632257289
2022-05-21,"15","18  day ahead inc hosp",2022-06-08,"quantile",0.9,45.0389923491978
2022-05-21,"15","18  day ahead inc hosp",2022-06-08,"quantile",0.95,50.1486016294607
2022-05-21,"15","18  day ahead inc hosp",2022-06-08,"quantile",0.975,54.5804256637273
2022-05-21,"15","18  day ahead inc hosp",2022-06-08,"quantile",0.99,59.7333788693394
2022-05-21,"15","19  day ahead inc hosp",2022-06-09,"quantile",0.01,0
2022-05-21,"15","19  day ahead inc hosp",2022-06-09,"quantile",0.025,0
2022-05-21,"15","19  day ahead inc hosp",2022-06-09,"quantile",0.05,4.09828010752715
2022-05-21,"15","19  day ahead inc hosp",2022-06-09,"quantile",0.1,9.29784078592296
2022-05-21,"15","19  day ahead inc hosp",2022-06-09,"quantile",0.15,12.8059596906669
2022-05-21,"15","19  day ahead inc hosp",2022-06-09,"quantile",0.2,15.594101386525
2022-05-21,"15","19  day ahead inc hosp",2022-06-09,"quantile",0.25,17.9860787007273
2022-05-21,"15","19  day ahead inc hosp",2022-06-09,"quantile",0.3,20.1341482560476
2022-05-21,"15","19  day ahead inc hosp",2022-06-09,"quantile",0.35,22.1246548254104
2022-05-21,"15","19  day ahead inc hosp",2022-06-09,"quantile",0.4,24.0134509076738
2022-05-21,"15","19  day ahead inc hosp",2022-06-09,"quantile",0.45,25.8408829761227
2022-05-21,"15","19  day ahead inc hosp",2022-06-09,"quantile",0.5,27.6393417995373
2022-05-21,"15","19  day ahead inc hosp",2022-06-09,"quantile",0.55,29.4378006229519
2022-05-21,"15","19  day ahead inc hosp",2022-06-09,"quantile",0.6,31.2652326914008
2022-05-21,"15","19  day ahead inc hosp",2022-06-09,"quantile",0.65,33.1540287736642
2022-05-21,"15","19  day ahead inc hosp",2022-06-09,"quantile",0.7,35.144535343027
2022-05-21,"15","19  day ahead inc hosp",2022-06-09,"quantile",0.75,37.2926048983473
2022-05-21,"15","19  day ahead inc hosp",2022-06-09,"quantile",0.8,39.6845822125496
2022-05-21,"15","19  day ahead inc hosp",2022-06-09,"quantile",0.85,42.4727239084077
2022-05-21,"15","19  day ahead inc hosp",2022-06-09,"quantile",0.9,45.9808428131517
2022-05-21,"15","19  day ahead inc hosp",2022-06-09,"quantile",0.95,51.1804034915475
2022-05-21,"15","19  day ahead inc hosp",2022-06-09,"quantile",0.975,55.6902469488845
2022-05-21,"15","19  day ahead inc hosp",2022-06-09,"quantile",0.99,60.933914594669
2022-05-21,"15","20  day ahead inc hosp",2022-06-10,"quantile",0.01,0
2022-05-21,"15","20  day ahead inc hosp",2022-06-10,"quantile",0.025,0
2022-05-21,"15","20  day ahead inc hosp",2022-06-10,"quantile",0.05,4.41775310476372
2022-05-21,"15","20  day ahead inc hosp",2022-06-10,"quantile",0.1,9.71484217894286
2022-05-21,"15","20  day ahead inc hosp",2022-06-10,"quantile",0.15,13.2887630293048
2022-05-21,"15","20  day ahead inc hosp",2022-06-10,"quantile",0.2,16.1292020255759
2022-05-21,"15","20  day ahead inc hosp",2022-06-10,"quantile",0.25,18.5660457668925
2022-05-21,"15","20  day ahead inc hosp",2022-06-10,"quantile",0.3,20.7544067604169
2022-05-21,"15","20  day ahead inc hosp",2022-06-10,"quantile",0.35,22.7822493519003
2022-05-21,"15","20  day ahead inc hosp",2022-06-10,"quantile",0.4,24.7064736680586
2022-05-21,"15","20  day ahead inc hosp",2022-06-10,"quantile",0.45,26.5681829628084
2022-05-21,"15","20  day ahead inc hosp",2022-06-10,"quantile",0.5,28.400375560051
2022-05-21,"15","20  day ahead inc hosp",2022-06-10,"quantile",0.55,30.2325681572936
2022-05-21,"15","20  day ahead inc hosp",2022-06-10,"quantile",0.6,32.0942774520434
2022-05-21,"15","20  day ahead inc hosp",2022-06-10,"quantile",0.65,34.0185017682018
2022-05-21,"15","20  day ahead inc hosp",2022-06-10,"quantile",0.7,36.0463443596852
2022-05-21,"15","20  day ahead inc hosp",2022-06-10,"quantile",0.75,38.2347053532095
2022-05-21,"15","20  day ahead inc hosp",2022-06-10,"quantile",0.8,40.6715490945262
2022-05-21,"15","20  day ahead inc hosp",2022-06-10,"quantile",0.85,43.5119880907973
2022-05-21,"15","20  day ahead inc hosp",2022-06-10,"quantile",0.9,47.0859089411592
2022-05-21,"15","20  day ahead inc hosp",2022-06-10,"quantile",0.95,52.3829980153383
2022-05-21,"15","20  day ahead inc hosp",2022-06-10,"quantile",0.975,56.9774328112197
2022-05-21,"15","20  day ahead inc hosp",2022-06-10,"quantile",0.99,62.3194561691779
2022-05-21,"15","21  day ahead inc hosp",2022-06-11,"quantile",0.01,0
2022-05-21,"15","21  day ahead inc hosp",2022-06-11,"quantile",0.025,0
2022-05-21,"15","21  day ahead inc hosp",2022-06-11,"quantile",0.05,4.44492283211592
2022-05-21,"15","21  day ahead inc hosp",2022-06-11,"quantile",0.1,9.85724600822382
2022-05-21,"15","21  day ahead inc hosp",2022-06-11,"quantile",0.15,13.5089147600819
2022-05-21,"15","21  day ahead inc hosp",2022-06-11,"quantile",0.2,16.4111453238036
2022-05-21,"15","21  day ahead inc hosp",2022-06-11,"quantile",0.25,18.9010007279673
2022-05-21,"15","21  day ahead inc hosp",2022-06-11,"quantile",0.3,21.1369678331226
2022-05-21,"15","21  day ahead inc hosp",2022-06-11,"quantile",0.35,23.208924581761
2022-05-21,"15","21  day ahead inc hosp",2022-06-11,"quantile",0.4,25.1750089191267
2022-05-21,"15","21  day ahead inc hosp",2022-06-11,"quantile",0.45,27.0772182688366
2022-05-21,"15","21  day ahead inc hosp",2022-06-11,"quantile",0.5,28.949268807969
2022-05-21,"15","21  day ahead inc hosp",2022-06-11,"quantile",0.55,30.8213193471014
2022-05-21,"15","21  day ahead inc hosp",2022-06-11,"quantile",0.6,32.7235286968113
2022-05-21,"15","21  day ahead inc hosp",2022-06-11,"quantile",0.65,34.689613034177
2022-05-21,"15","21  day ahead inc hosp",2022-06-11,"quantile",0.7,36.7615697828154
2022-05-21,"15","21  day ahead inc hosp",2022-06-11,"quantile",0.75,38.9975368879707
2022-05-21,"15","21  day ahead inc hosp",2022-06-11,"quantile",0.8,41.4873922921345
2022-05-21,"15","21  day ahead inc hosp",2022-06-11,"quantile",0.85,44.3896228558561
2022-05-21,"15","21  day ahead inc hosp",2022-06-11,"quantile",0.9,48.0412916077142
2022-05-21,"15","21  day ahead inc hosp",2022-06-11,"quantile",0.95,53.4536147838221
2022-05-21,"15","21  day ahead inc hosp",2022-06-11,"quantile",0.975,58.1479979778066
2022-05-21,"15","21  day ahead inc hosp",2022-06-11,"quantile",0.99,63.6062329485046
2022-05-21,"15","22  day ahead inc hosp",2022-06-12,"quantile",0.01,0
2022-05-21,"15","22  day ahead inc hosp",2022-06-12,"quantile",0.025,0
2022-05-21,"15","22  day ahead inc hosp",2022-06-12,"quantile",0.05,0.991309617011964
2022-05-21,"15","22  day ahead inc hosp",2022-06-12,"quantile",0.1,6.54570241329261
2022-05-21,"15","22  day ahead inc hosp",2022-06-12,"quantile",0.15,10.2932248634042
2022-05-21,"15","22  day ahead inc hosp",2022-06-12,"quantile",0.2,13.2716369078737
2022-05-21,"15","22  day ahead inc hosp",2022-06-12,"quantile",0.25,15.8268492391914
2022-05-21,"15","22  day ahead inc hosp",2022-06-12,"quantile",0.3,18.1215088848717
2022-05-21,"15","22  day ahead inc hosp",2022-06-12,"quantile",0.35,20.2478530192436
2022-05-21,"15","22  day ahead inc hosp",2022-06-12,"quantile",0.4,22.2655456671163
2022-05-21,"15","22  day ahead inc hosp",2022-06-12,"quantile",0.45,24.2176866544999
2022-05-21,"15","22  day ahead inc hosp",2022-06-12,"quantile",0.5,26.1388771840551
2022-05-21,"15","22  day ahead inc hosp",2022-06-12,"quantile",0.55,28.0600677136103
2022-05-21,"15","22  day ahead inc hosp",2022-06-12,"quantile",0.6,30.0122087009939
2022-05-21,"15","22  day ahead inc hosp",2022-06-12,"quantile",0.65,32.0299013488666
2022-05-21,"15","22  day ahead inc hosp",2022-06-12,"quantile",0.7,34.1562454832385
2022-05-21,"15","22  day ahead inc hosp",2022-06-12,"quantile",0.75,36.4509051289188
2022-05-21,"15","22  day ahead inc hosp",2022-06-12,"quantile",0.8,39.0061174602365
2022-05-21,"15","22  day ahead inc hosp",2022-06-12,"quantile",0.85,41.984529504706
2022-05-21,"15","22  day ahead inc hosp",2022-06-12,"quantile",0.9,45.7320519548176
2022-05-21,"15","22  day ahead inc hosp",2022-06-12,"quantile",0.95,51.2864447510982
2022-05-21,"15","22  day ahead inc hosp",2022-06-12,"quantile",0.975,56.1040521531749
2022-05-21,"15","22  day ahead inc hosp",2022-06-12,"quantile",0.99,61.7055618958828
2022-05-21,"15","23  day ahead inc hosp",2022-06-13,"quantile",0.01,0
2022-05-21,"15","23  day ahead inc hosp",2022-06-13,"quantile",0.025,0
2022-05-21,"15","23  day ahead inc hosp",2022-06-13,"quantile",0.05,0
2022-05-21,"15","23  day ahead inc hosp",2022-06-13,"quantile",0.1,5.48686003314786
2022-05-21,"15","23  day ahead inc hosp",2022-06-13,"quantile",0.15,9.32441619366584
2022-05-21,"15","23  day ahead inc hosp",2022-06-13,"quantile",0.2,12.3743841770396
2022-05-21,"15","23  day ahead inc hosp",2022-06-13,"quantile",0.25,14.9909851324755
2022-05-21,"15","23  day ahead inc hosp",2022-06-13,"quantile",0.3,17.3407736599093
2022-05-21,"15","23  day ahead inc hosp",2022-06-13,"quantile",0.35,19.5182029190715
2022-05-21,"15","23  day ahead inc hosp",2022-06-13,"quantile",0.4,21.5843703547449
2022-05-21,"15","23  day ahead inc hosp",2022-06-13,"quantile",0.45,23.5834112603198
2022-05-21,"15","23  day ahead inc hosp",2022-06-13,"quantile",0.5,25.5507581275824
2022-05-21,"15","23  day ahead inc hosp",2022-06-13,"quantile",0.55,27.518104994845
2022-05-21,"15","23  day ahead inc hosp",2022-06-13,"quantile",0.6,29.5171459004199
2022-05-21,"15","23  day ahead inc hosp",2022-06-13,"quantile",0.65,31.5833133360933
2022-05-21,"15","23  day ahead inc hosp",2022-06-13,"quantile",0.7,33.7607425952555
2022-05-21,"15","23  day ahead inc hosp",2022-06-13,"quantile",0.75,36.1105311226893
2022-05-21,"15","23  day ahead inc hosp",2022-06-13,"quantile",0.8,38.7271320781252
2022-05-21,"15","23  day ahead inc hosp",2022-06-13,"quantile",0.85,41.777100061499
2022-05-21,"15","23  day ahead inc hosp",2022-06-13,"quantile",0.9,45.614656222017
2022-05-21,"15","23  day ahead inc hosp",2022-06-13,"quantile",0.95,51.3024925397603
2022-05-21,"15","23  day ahead inc hosp",2022-06-13,"quantile",0.975,56.2358422957426
2022-05-21,"15","23  day ahead inc hosp",2022-06-13,"quantile",0.99,61.9719275380578
2022-05-21,"15","24  day ahead inc hosp",2022-06-14,"quantile",0.01,0
2022-05-21,"15","24  day ahead inc hosp",2022-06-14,"quantile",0.025,0
2022-05-21,"15","24  day ahead inc hosp",2022-06-14,"quantile",0.05,0
2022-05-21,"15","24  day ahead inc hosp",2022-06-14,"quantile",0.1,4.47647109100912
2022-05-21,"15","24  day ahead inc hosp",2022-06-14,"quantile",0.15,8.39372046728766
2022-05-21,"15","24  day ahead inc hosp",2022-06-14,"quantile",0.2,11.5070260922216
2022-05-21,"15","24  day ahead inc hosp",2022-06-14,"quantile",0.25,14.1779651044256
2022-05-21,"15","24  day ahead inc hosp",2022-06-14,"quantile",0.3,16.5765508862253
2022-05-21,"15","24  day ahead inc hosp",2022-06-14,"quantile",0.35,18.7991980738022
2022-05-21,"15","24  day ahead inc hosp",2022-06-14,"quantile",0.4,20.9082729016703
2022-05-21,"15","24  day ahead inc hosp",2022-06-14,"quantile",0.45,22.9488272057569
2022-05-21,"15","24  day ahead inc hosp",2022-06-14,"quantile",0.5,24.9570292922815
2022-05-21,"15","24  day ahead inc hosp",2022-06-14,"quantile",0.55,26.9652313788062
2022-05-21,"15","24  day ahead inc hosp",2022-06-14,"quantile",0.6,29.0057856828927
2022-05-21,"15","24  day ahead inc hosp",2022-06-14,"quantile",0.65,31.1148605107609
2022-05-21,"15","24  day ahead inc hosp",2022-06-14,"quantile",0.7,33.3375076983378
2022-05-21,"15","24  day ahead inc hosp",2022-06-14,"quantile",0.75,35.7360934801375
2022-05-21,"15","24  day ahead inc hosp",2022-06-14,"quantile",0.8,38.4070324923415
2022-05-21,"15","24  day ahead inc hosp",2022-06-14,"quantile",0.85,41.5203381172754
2022-05-21,"15","24  day ahead inc hosp",2022-06-14,"quantile",0.9,45.4375874935539
2022-05-21,"15","24  day ahead inc hosp",2022-06-14,"quantile",0.95,51.2435411620072
2022-05-21,"15","24  day ahead inc hosp",2022-06-14,"quantile",0.975,56.2793401044198
2022-05-21,"15","24  day ahead inc hosp",2022-06-14,"quantile",0.99,62.134544666353
2022-05-21,"15","25  day ahead inc hosp",2022-06-15,"quantile",0.01,0
2022-05-21,"15","25  day ahead inc hosp",2022-06-15,"quantile",0.025,0
2022-05-21,"15","25  day ahead inc hosp",2022-06-15,"quantile",0.05,0
2022-05-21,"15","25  day ahead inc hosp",2022-06-15,"quantile",0.1,4.22652964691039
2022-05-21,"15","25  day ahead inc hosp",2022-06-15,"quantile",0.15,8.21194669671615
2022-05-21,"15","25  day ahead inc hosp",2022-06-15,"quantile",0.2,11.3794298276103
2022-05-21,"15","25  day ahead inc hosp",2022-06-15,"quantile",0.25,14.0968483158715
2022-05-21,"15","25  day ahead inc hosp",2022-06-15,"quantile",0.3,16.5371741036792
2022-05-21,"15","25  day ahead inc hosp",2022-06-15,"quantile",0.35,18.798499627327
2022-05-21,"15","25  day ahead inc hosp",2022-06-15,"quantile",0.4,20.9442764137636
2022-05-21,"15","25  day ahead inc hosp",2022-06-15,"quantile",0.45,23.0203402875135
2022-05-21,"15","25  day ahead inc hosp",2022-06-15,"quantile",0.5,25.0634889528901
2022-05-21,"15","25  day ahead inc hosp",2022-06-15,"quantile",0.55,27.1066376182667
2022-05-21,"15","25  day ahead inc hosp",2022-06-15,"quantile",0.6,29.1827014920166
2022-05-21,"15","25  day ahead inc hosp",2022-06-15,"quantile",0.65,31.3284782784532
2022-05-21,"15","25  day ahead inc hosp",2022-06-15,"quantile",0.7,33.589803802101
2022-05-21,"15","25  day ahead inc hosp",2022-06-15,"quantile",0.75,36.0301295899087
2022-05-21,"15","25  day ahead inc hosp",2022-06-15,"quantile",0.8,38.7475480781699
2022-05-21,"15","25  day ahead inc hosp",2022-06-15,"quantile",0.85,41.915031209064
2022-05-21,"15","25  day ahead inc hosp",2022-06-15,"quantile",0.9,45.9004482588698
2022-05-21,"15","25  day ahead inc hosp",2022-06-15,"quantile",0.95,51.8074366882402
2022-05-21,"15","25  day ahead inc hosp",2022-06-15,"quantile",0.975,56.9308682180326
2022-05-21,"15","25  day ahead inc hosp",2022-06-15,"quantile",0.99,62.8879646011581
2022-05-21,"15","26  day ahead inc hosp",2022-06-16,"quantile",0.01,0
2022-05-21,"15","26  day ahead inc hosp",2022-06-16,"quantile",0.025,0
2022-05-21,"15","26  day ahead inc hosp",2022-06-16,"quantile",0.05,0
2022-05-21,"15","26  day ahead inc hosp",2022-06-16,"quantile",0.1,4.33731494187429
2022-05-21,"15","26  day ahead inc hosp",2022-06-16,"quantile",0.15,8.38312168819517
2022-05-21,"15","26  day ahead inc hosp",2022-06-16,"quantile",0.2,11.5986006354871
2022-05-21,"15","26  day ahead inc hosp",2022-06-16,"quantile",0.25,14.3571952605893
2022-05-21,"15","26  day ahead inc hosp",2022-06-16,"quantile",0.3,16.8344984918821
2022-05-21,"15","26  day ahead inc hosp",2022-06-16,"quantile",0.35,19.1300891276594
2022-05-21,"15","26  day ahead inc hosp",2022-06-16,"quantile",0.4,21.3083801547145
2022-05-21,"15","26  day ahead inc hosp",2022-06-16,"quantile",0.45,23.4159019325469
2022-05-21,"15","26  day ahead inc hosp",2022-06-16,"quantile",0.5,25.4900097488217
2022-05-21,"15","26  day ahead inc hosp",2022-06-16,"quantile",0.55,27.5641175650966
2022-05-21,"15","26  day ahead inc hosp",2022-06-16,"quantile",0.6,29.671639342929
2022-05-21,"15","26  day ahead inc hosp",2022-06-16,"quantile",0.65,31.849930369984
2022-05-21,"15","26  day ahead inc hosp",2022-06-16,"quantile",0.7,34.1455210057614
2022-05-21,"15","26  day ahead inc hosp",2022-06-16,"quantile",0.75,36.6228242370542
2022-05-21,"15","26  day ahead inc hosp",2022-06-16,"quantile",0.8,39.3814188621563
2022-05-21,"15","26  day ahead inc hosp",2022-06-16,"quantile",0.85,42.5968978094483
2022-05-21,"15","26  day ahead inc hosp",2022-06-16,"quantile",0.9,46.6427045557692
2022-05-21,"15","26  day ahead inc hosp",2022-06-16,"quantile",0.95,52.6391996124536
2022-05-21,"15","26  day ahead inc hosp",2022-06-16,"quantile",0.975,57.8402647929615
2022-05-21,"15","26  day ahead inc hosp",2022-06-16,"quantile",0.99,63.887627072527
2022-05-21,"15","27  day ahead inc hosp",2022-06-17,"quantile",0.01,0
2022-05-21,"15","27  day ahead inc hosp",2022-06-17,"quantile",0.025,0
2022-05-21,"15","27  day ahead inc hosp",2022-06-17,"quantile",0.05,0
2022-05-21,"15","27  day ahead inc hosp",2022-06-17,"quantile",0.1,4.05397582200165
2022-05-21,"15","27  day ahead inc hosp",2022-06-17,"quantile",0.15,8.16160768905229
2022-05-21,"15","27  day ahead inc hosp",2022-06-17,"quantile",0.2,11.4262232824041
2022-05-21,"15","27  day ahead inc hosp",2022-06-17,"quantile",0.25,14.2269727746156
2022-05-21,"15","27  day ahead inc hosp",2022-06-17,"quantile",0.3,16.7421323794235
2022-05-21,"15","27  day ahead inc hosp",2022-06-17,"quantile",0.35,19.0728025869902
2022-05-21,"15","27  day ahead inc hosp",2022-06-17,"quantile",0.4,21.2843806972344
2022-05-21,"15","27  day ahead inc hosp",2022-06-17,"quantile",0.45,23.4241081132806
2022-05-21,"15","27  day ahead inc hosp",2022-06-17,"quantile",0.5,25.5299109595429
2022-05-21,"15","27  day ahead inc hosp",2022-06-17,"quantile",0.55,27.6357138058051
2022-05-21,"15","27  day ahead inc hosp",2022-06-17,"quantile",0.6,29.7754412218514
2022-05-21,"15","27  day ahead inc hosp",2022-06-17,"quantile",0.65,31.9870193320956
2022-05-21,"15","27  day ahead inc hosp",2022-06-17,"quantile",0.7,34.3176895396622
2022-05-21,"15","27  day ahead inc hosp",2022-06-17,"quantile",0.75,36.8328491444702
2022-05-21,"15","27  day ahead inc hosp",2022-06-17,"quantile",0.8,39.6335986366817
2022-05-21,"15","27  day ahead inc hosp",2022-06-17,"quantile",0.85,42.8982142300335
2022-05-21,"15","27  day ahead inc hosp",2022-06-17,"quantile",0.9,47.0058460970841
2022-05-21,"15","27  day ahead inc hosp",2022-06-17,"quantile",0.95,53.0939752960004
2022-05-21,"15","27  day ahead inc hosp",2022-06-17,"quantile",0.975,58.3745194291302
2022-05-21,"15","27  day ahead inc hosp",2022-06-17,"quantile",0.99,64.5142931673919
2022-05-21,"15","28  day ahead inc hosp",2022-06-18,"quantile",0.01,0
2022-05-21,"15","28  day ahead inc hosp",2022-06-18,"quantile",0.025,0
2022-05-21,"15","28  day ahead inc hosp",2022-06-18,"quantile",0.05,0
2022-05-21,"15","28  day ahead inc hosp",2022-06-18,"quantile",0.1,4.21398943061588
2022-05-21,"15","28  day ahead inc hosp",2022-06-18,"quantile",0.15,8.38932980531971
2022-05-21,"15","28  day ahead inc hosp",2022-06-18,"quantile",0.2,11.7077579741509
2022-05-21,"15","28  day ahead inc hosp",2022-06-18,"quantile",0.25,14.5546738645611
2022-05-21,"15","28  day ahead inc hosp",2022-06-18,"quantile",0.3,17.1112923217841
2022-05-21,"15","28  day ahead inc hosp",2022-06-18,"quantile",0.35,19.4803803347173
2022-05-21,"15","28  day ahead inc hosp",2022-06-18,"quantile",0.4,21.7284131853691
2022-05-21,"15","28  day ahead inc hosp",2022-06-18,"quantile",0.45,23.9034109846469
2022-05-21,"15","28  day ahead inc hosp",2022-06-18,"quantile",0.5,26.0439250155399
2022-05-21,"15","28  day ahead inc hosp",2022-06-18,"quantile",0.55,28.1844390464329
2022-05-21,"15","28  day ahead inc hosp",2022-06-18,"quantile",0.6,30.3594368457107
2022-05-21,"15","28  day ahead inc hosp",2022-06-18,"quantile",0.65,32.6074696963625
2022-05-21,"15","28  day ahead inc hosp",2022-06-18,"quantile",0.7,34.9765577092957
2022-05-21,"15","28  day ahead inc hosp",2022-06-18,"quantile",0.75,37.5331761665187
2022-05-21,"15","28  day ahead inc hosp",2022-06-18,"quantile",0.8,40.3800920569289
2022-05-21,"15","28  day ahead inc hosp",2022-06-18,"quantile",0.85,43.6985202257601
2022-05-21,"15","28  day ahead inc hosp",2022-06-18,"quantile",0.9,47.8738606004639
2022-05-21,"15","28  day ahead inc hosp",2022-06-18,"quantile",0.95,54.0623440073036
2022-05-21,"15","28  day ahead inc hosp",2022-06-18,"quantile",0.975,59.4299304495845
2022-05-21,"15","28  day ahead inc hosp",2022-06-18,"quantile",0.99,65.6709096830321
2022-05-21,"15","29  day ahead inc hosp",2022-06-19,"quantile",0.01,0
2022-05-21,"15","29  day ahead inc hosp",2022-06-19,"quantile",0.025,0
2022-05-21,"15","29  day ahead inc hosp",2022-06-19,"quantile",0.05,0
2022-05-21,"15","29  day ahead inc hosp",2022-06-19,"quantile",0.1,2.51027193143067
2022-05-21,"15","29  day ahead inc hosp",2022-06-19,"quantile",0.15,6.75996359226361
2022-05-21,"15","29  day ahead inc hosp",2022-06-19,"quantile",0.2,10.1374838063265
2022-05-21,"15","29  day ahead inc hosp",2022-06-19,"quantile",0.25,13.03509540989
2022-05-21,"15","29  day ahead inc hosp",2022-06-19,"quantile",0.3,15.6372401843415
2022-05-21,"15","29  day ahead inc hosp",2022-06-19,"quantile",0.35,18.0485151149646
2022-05-21,"15","29  day ahead inc hosp",2022-06-19,"quantile",0.4,20.3365792250364
2022-05-21,"15","29  day ahead inc hosp",2022-06-19,"quantile",0.45,22.550307731081
2022-05-21,"15","29  day ahead inc hosp",2022-06-19,"quantile",0.5,24.7289384080176
2022-05-21,"15","29  day ahead inc hosp",2022-06-19,"quantile",0.55,26.9075690849542
2022-05-21,"15","29  day ahead inc hosp",2022-06-19,"quantile",0.6,29.1212975909988
2022-05-21,"15","29  day ahead inc hosp",2022-06-19,"quantile",0.65,31.4093617010706
2022-05-21,"15","29  day ahead inc hosp",2022-06-19,"quantile",0.7,33.8206366316937
2022-05-21,"15","29  day ahead inc hosp",2022-06-19,"quantile",0.75,36.4227814061452
2022-05-21,"15","29  day ahead inc hosp",2022-06-19,"quantile",0.8,39.3203930097087
2022-05-21,"15","29  day ahead inc hosp",2022-06-19,"quantile",0.85,42.6979132237716
2022-05-21,"15","29  day ahead inc hosp",2022-06-19,"quantile",0.9,46.9476048846045
2022-05-21,"15","29  day ahead inc hosp",2022-06-19,"quantile",0.95,53.2462880977341
2022-05-21,"15","29  day ahead inc hosp",2022-06-19,"quantile",0.975,58.7094564374361
2022-05-21,"15","29  day ahead inc hosp",2022-06-19,"quantile",0.99,65.0615702829319
2022-05-21,"15","30  day ahead inc hosp",2022-06-20,"quantile",0.01,0
2022-05-21,"15","30  day ahead inc hosp",2022-06-20,"quantile",0.025,0
2022-05-21,"15","30  day ahead inc hosp",2022-06-20,"quantile",0.05,0
2022-05-21,"15","30  day ahead inc hosp",2022-06-20,"quantile",0.1,1.78783134504376
2022-05-21,"15","30  day ahead inc hosp",2022-06-20,"quantile",0.15,6.11356819595622
2022-05-21,"15","30  day ahead inc hosp",2022-06-20,"quantile",0.2,9.55152671641268
2022-05-21,"15","30  day ahead inc hosp",2022-06-20,"quantile",0.25,12.5009890053331
2022-05-21,"15","30  day ahead inc hosp",2022-06-20,"quantile",0.3,15.1496972977479
2022-05-21,"15","30  day ahead inc hosp",2022-06-20,"quantile",0.35,17.6041202671154
2022-05-21,"15","30  day ahead inc hosp",2022-06-20,"quantile",0.4,19.9331276464996
2022-05-21,"15","30  day ahead inc hosp",2022-06-20,"quantile",0.45,22.1864692394367
2022-05-21,"15","30  day ahead inc hosp",2022-06-20,"quantile",0.5,24.404084952739
2022-05-21,"15","30  day ahead inc hosp",2022-06-20,"quantile",0.55,26.6217006660413
2022-05-21,"15","30  day ahead inc hosp",2022-06-20,"quantile",0.6,28.8750422589784
2022-05-21,"15","30  day ahead inc hosp",2022-06-20,"quantile",0.65,31.2040496383626
2022-05-21,"15","30  day ahead inc hosp",2022-06-20,"quantile",0.7,33.6584726077301
2022-05-21,"15","30  day ahead inc hosp",2022-06-20,"quantile",0.75,36.3071809001449
2022-05-21,"15","30  day ahead inc hosp",2022-06-20,"quantile",0.8,39.2566431890653
2022-05-21,"15","30  day ahead inc hosp",2022-06-20,"quantile",0.85,42.6946017095218
2022-05-21,"15","30  day ahead inc hosp",2022-06-20,"quantile",0.9,47.0203385604342
2022-05-21,"15","30  day ahead inc hosp",2022-06-20,"quantile",0.95,53.4317322006773
2022-05-21,"15","30  day ahead inc hosp",2022-06-20,"quantile",0.975,58.9926600269458
2022-05-21,"15","30  day ahead inc hosp",2022-06-20,"quantile",0.99,65.4584404024724
2022-05-21,"15","31  day ahead inc hosp",2022-06-21,"quantile",0.01,0
2022-05-21,"15","31  day ahead inc hosp",2022-06-21,"quantile",0.025,0
2022-05-21,"15","31  day ahead inc hosp",2022-06-21,"quantile",0.05,0
2022-05-21,"15","31  day ahead inc hosp",2022-06-21,"quantile",0.1,0.957439468397613
2022-05-21,"15","31  day ahead inc hosp",2022-06-21,"quantile",0.15,5.35473062267948
2022-05-21,"15","31  day ahead inc hosp",2022-06-21,"quantile",0.2,8.84955823513635
2022-05-21,"15","31  day ahead inc hosp",2022-06-21,"quantile",0.25,11.8478091412732
2022-05-21,"15","31  day ahead inc hosp",2022-06-21,"quantile",0.3,14.5403311198239
2022-05-21,"15","31  day ahead inc hosp",2022-06-21,"quantile",0.35,17.0353539989408
2022-05-21,"15","31  day ahead inc hosp",2022-06-21,"quantile",0.4,19.4028867224034
2022-05-21,"15","31  day ahead inc hosp",2022-06-21,"quantile",0.45,21.6935020315865
2022-05-21,"15","31  day ahead inc hosp",2022-06-21,"quantile",0.5,23.947800500446
2022-05-21,"15","31  day ahead inc hosp",2022-06-21,"quantile",0.55,26.2020989693054
2022-05-21,"15","31  day ahead inc hosp",2022-06-21,"quantile",0.6,28.4927142784885
2022-05-21,"15","31  day ahead inc hosp",2022-06-21,"quantile",0.65,30.8602470019511
2022-05-21,"15","31  day ahead inc hosp",2022-06-21,"quantile",0.7,33.3552698810681
2022-05-21,"15","31  day ahead inc hosp",2022-06-21,"quantile",0.75,36.0477918596188
2022-05-21,"15","31  day ahead inc hosp",2022-06-21,"quantile",0.8,39.0460427657556
2022-05-21,"15","31  day ahead inc hosp",2022-06-21,"quantile",0.85,42.5408703782125
2022-05-21,"15","31  day ahead inc hosp",2022-06-21,"quantile",0.9,46.9381615324943
2022-05-21,"15","31  day ahead inc hosp",2022-06-21,"quantile",0.95,53.4556094292412
2022-05-21,"15","31  day ahead inc hosp",2022-06-21,"quantile",0.975,59.1085235067335
2022-05-21,"15","31  day ahead inc hosp",2022-06-21,"quantile",0.99,65.6812577785454
2022-05-21,"15","32  day ahead inc hosp",2022-06-22,"quantile",0.01,0
2022-05-21,"15","32  day ahead inc hosp",2022-06-22,"quantile",0.025,0
2022-05-21,"15","32  day ahead inc hosp",2022-06-22,"quantile",0.05,0
2022-05-21,"15","32  day ahead inc hosp",2022-06-22,"quantile",0.1,0.762554331637755
2022-05-21,"15","32  day ahead inc hosp",2022-06-22,"quantile",0.15,5.22414539707766
2022-05-21,"15","32  day ahead inc hosp",2022-06-22,"quantile",0.2,8.77007654057428
2022-05-21,"15","32  day ahead inc hosp",2022-06-22,"quantile",0.25,11.8121697259985
2022-05-21,"15","32  day ahead inc hosp",2022-06-22,"quantile",0.3,14.5440634263519
2022-05-21,"15","32  day ahead inc hosp",2022-06-22,"quantile",0.35,17.0755700732786
2022-05-21,"15","32  day ahead inc hosp",2022-06-22,"quantile",0.4,19.4777223246372
2022-05-21,"15","32  day ahead inc hosp",2022-06-22,"quantile",0.45,21.8018324277082
2022-05-21,"15","32  day ahead inc hosp",2022-06-22,"quantile",0.5,24.0890946431529
2022-05-21,"15","32  day ahead inc hosp",2022-06-22,"quantile",0.55,26.3763568585976
2022-05-21,"15","32  day ahead inc hosp",2022-06-22,"quantile",0.6,28.7004669616685
2022-05-21,"15","32  day ahead inc hosp",2022-06-22,"quantile",0.65,31.1026192130272
2022-05-21,"15","32  day ahead inc hosp",2022-06-22,"quantile",0.7,33.6341258599538
2022-05-21,"15","32  day ahead inc hosp",2022-06-22,"quantile",0.75,36.3660195603072
2022-05-21,"15","32  day ahead inc hosp",2022-06-22,"quantile",0.8,39.4081127457314
2022-05-21,"15","32  day ahead inc hosp",2022-06-22,"quantile",0.85,42.9540438892281
2022-05-21,"15","32  day ahead inc hosp",2022-06-22,"quantile",0.9,47.415634954668
2022-05-21,"15","32  day ahead inc hosp",2022-06-22,"quantile",0.95,54.0283850058628
2022-05-21,"15","32  day ahead inc hosp",2022-06-22,"quantile",0.975,59.7639594895493
2022-05-21,"15","32  day ahead inc hosp",2022-06-22,"quantile",0.99,66.4328043473821
2022-05-21,"15","33  day ahead inc hosp",2022-06-23,"quantile",0.01,0
2022-05-21,"15","33  day ahead inc hosp",2022-06-23,"quantile",0.025,0
2022-05-21,"15","33  day ahead inc hosp",2022-06-23,"quantile",0.05,0
2022-05-21,"15","33  day ahead inc hosp",2022-06-23,"quantile",0.1,0.140789501704166
2022-05-21,"15","33  day ahead inc hosp",2022-06-23,"quantile",0.15,4.66100727045353
2022-05-21,"15","33  day ahead inc hosp",2022-06-23,"quantile",0.2,8.2535330592362
2022-05-21,"15","33  day ahead inc hosp",2022-06-23,"quantile",0.25,11.33560030145
2022-05-21,"15","33  day ahead inc hosp",2022-06-23,"quantile",0.3,14.1033919402506
2022-05-21,"15","33  day ahead inc hosp",2022-06-23,"quantile",0.35,16.6681633770108
2022-05-21,"15","33  day ahead inc hosp",2022-06-23,"quantile",0.4,19.1018806609506
2022-05-21,"15","33  day ahead inc hosp",2022-06-23,"quantile",0.45,21.456530298343
2022-05-21,"15","33  day ahead inc hosp",2022-06-23,"quantile",0.5,23.7738478553305
2022-05-21,"15","33  day ahead inc hosp",2022-06-23,"quantile",0.55,26.0911654123179
2022-05-21,"15","33  day ahead inc hosp",2022-06-23,"quantile",0.6,28.4458150497103
2022-05-21,"15","33  day ahead inc hosp",2022-06-23,"quantile",0.65,30.8795323336501
2022-05-21,"15","33  day ahead inc hosp",2022-06-23,"quantile",0.7,33.4443037704103
2022-05-21,"15","33  day ahead inc hosp",2022-06-23,"quantile",0.75,36.2120954092109
2022-05-21,"15","33  day ahead inc hosp",2022-06-23,"quantile",0.8,39.2941626514247
2022-05-21,"15","33  day ahead inc hosp",2022-06-23,"quantile",0.85,42.8866884402074
2022-05-21,"15","33  day ahead inc hosp",2022-06-23,"quantile",0.9,47.4069062089568
2022-05-21,"15","33  day ahead inc hosp",2022-06-23,"quantile",0.95,54.1065498659583
2022-05-21,"15","33  day ahead inc hosp",2022-06-23,"quantile",0.975,59.9174915938929
2022-05-21,"15","33  day ahead inc hosp",2022-06-23,"quantile",0.99,66.6739671608523
2022-05-21,"15","34  day ahead inc hosp",2022-06-24,"quantile",0.01,0
2022-05-21,"15","34  day ahead inc hosp",2022-06-24,"quantile",0.025,0
2022-05-21,"15","34  day ahead inc hosp",2022-06-24,"quantile",0.05,0
2022-05-21,"15","34  day ahead inc hosp",2022-06-24,"quantile",0.1,0.10861204382779
2022-05-21,"15","34  day ahead inc hosp",2022-06-24,"quantile",0.15,4.68601163239832
2022-05-21,"15","34  day ahead inc hosp",2022-06-24,"quantile",0.2,8.32398371887426
2022-05-21,"15","34  day ahead inc hosp",2022-06-24,"quantile",0.25,11.4450398378938
2022-05-21,"15","34  day ahead inc hosp",2022-06-24,"quantile",0.3,14.2478446930679
2022-05-21,"15","34  day ahead inc hosp",2022-06-24,"quantile",0.35,16.8450610928104
2022-05-21,"15","34  day ahead inc hosp",2022-06-24,"quantile",0.4,19.3095654738207
2022-05-21,"15","34  day ahead inc hosp",2022-06-24,"quantile",0.45,21.6940019839249
2022-05-21,"15","34  day ahead inc hosp",2022-06-24,"quantile",0.5,24.0406341540109
2022-05-21,"15","34  day ahead inc hosp",2022-06-24,"quantile",0.55,26.3872663240968
2022-05-21,"15","34  day ahead inc hosp",2022-06-24,"quantile",0.6,28.7717028342011
2022-05-21,"15","34  day ahead inc hosp",2022-06-24,"quantile",0.65,31.2362072152113
2022-05-21,"15","34  day ahead inc hosp",2022-06-24,"quantile",0.7,33.8334236149539
2022-05-21,"15","34  day ahead inc hosp",2022-06-24,"quantile",0.75,36.6362284701279
2022-05-21,"15","34  day ahead inc hosp",2022-06-24,"quantile",0.8,39.7572845891475
2022-05-21,"15","34  day ahead inc hosp",2022-06-24,"quantile",0.85,43.3952566756234
2022-05-21,"15","34  day ahead inc hosp",2022-06-24,"quantile",0.9,47.9726562641939
2022-05-21,"15","34  day ahead inc hosp",2022-06-24,"quantile",0.95,54.7570519920159
2022-05-21,"15","34  day ahead inc hosp",2022-06-24,"quantile",0.975,60.6415035019736
2022-05-21,"15","34  day ahead inc hosp",2022-06-24,"quantile",0.99,67.483450076805
2022-05-21,"15","35  day ahead inc hosp",2022-06-25,"quantile",0.01,0
2022-05-21,"15","35  day ahead inc hosp",2022-06-25,"quantile",0.025,0
2022-05-21,"15","35  day ahead inc hosp",2022-06-25,"quantile",0.05,0
2022-05-21,"15","35  day ahead inc hosp",2022-06-25,"quantile",0.1,0.107173644640383
2022-05-21,"15","35  day ahead inc hosp",2022-06-25,"quantile",0.15,4.74420879314966
2022-05-21,"15","35  day ahead inc hosp",2022-06-25,"quantile",0.2,8.42957733217921
2022-05-21,"15","35  day ahead inc hosp",2022-06-25,"quantile",0.25,11.5912953872296
2022-05-21,"15","35  day ahead inc hosp",2022-06-25,"quantile",0.3,14.4306159176693
2022-05-21,"15","35  day ahead inc hosp",2022-06-25,"quantile",0.35,17.061669532469
2022-05-21,"15","35  day ahead inc hosp",2022-06-25,"quantile",0.4,19.5582821216199
2022-05-21,"15","35  day ahead inc hosp",2022-06-25,"quantile",0.45,21.9737836946855
2022-05-21,"15","35  day ahead inc hosp",2022-06-25,"quantile",0.5,24.3509884028962
2022-05-21,"15","35  day ahead inc hosp",2022-06-25,"quantile",0.55,26.7281931111068
2022-05-21,"15","35  day ahead inc hosp",2022-06-25,"quantile",0.6,29.1436946841724
2022-05-21,"15","35  day ahead inc hosp",2022-06-25,"quantile",0.65,31.6403072733234
2022-05-21,"15","35  day ahead inc hosp",2022-06-25,"quantile",0.7,34.271360888123
2022-05-21,"15","35  day ahead inc hosp",2022-06-25,"quantile",0.75,37.1106814185627
2022-05-21,"15","35  day ahead inc hosp",2022-06-25,"quantile",0.8,40.2723994736131
2022-05-21,"15","35  day ahead inc hosp",2022-06-25,"quantile",0.85,43.9577680126427
2022-05-21,"15","35  day ahead inc hosp",2022-06-25,"quantile",0.9,48.5948031611519
2022-05-21,"15","35  day ahead inc hosp",2022-06-25,"quantile",0.95,55.4675877722789
2022-05-21,"15","35  day ahead inc hosp",2022-06-25,"quantile",0.975,61.428703456718
2022-05-21,"15","35  day ahead inc hosp",2022-06-25,"quantile",0.99,68.3597887023528
2022-05-21,"15","36  day ahead inc hosp",2022-06-26,"quantile",0.01,0
2022-05-21,"15","36  day ahead inc hosp",2022-06-26,"quantile",0.025,0
2022-05-21,"15","36  day ahead inc hosp",2022-06-26,"quantile",0.05,0
2022-05-21,"15","36  day ahead inc hosp",2022-06-26,"quantile",0.1,0
2022-05-21,"15","36  day ahead inc hosp",2022-06-26,"quantile",0.15,2.92775287857808
2022-05-21,"15","36  day ahead inc hosp",2022-06-26,"quantile",0.2,6.66360094870217
2022-05-21,"15","36  day ahead inc hosp",2022-06-26,"quantile",0.25,9.86862594664898
2022-05-21,"15","36  day ahead inc hosp",2022-06-26,"quantile",0.3,12.746837450267
2022-05-21,"15","36  day ahead inc hosp",2022-06-26,"quantile",0.35,15.4139293476301
2022-05-21,"15","36  day ahead inc hosp",2022-06-26,"quantile",0.4,17.9447387427423
2022-05-21,"15","36  day ahead inc hosp",2022-06-26,"quantile",0.45,20.3933261213319
2022-05-21,"15","36  day ahead inc hosp",2022-06-26,"quantile",0.5,22.8030920721199
2022-05-21,"15","36  day ahead inc hosp",2022-06-26,"quantile",0.55,25.2128580229078
2022-05-21,"15","36  day ahead inc hosp",2022-06-26,"quantile",0.6,27.6614454014975
2022-05-21,"15","36  day ahead inc hosp",2022-06-26,"quantile",0.65,30.1922547966097
2022-05-21,"15","36  day ahead inc hosp",2022-06-26,"quantile",0.7,32.8593466939727
2022-05-21,"15","36  day ahead inc hosp",2022-06-26,"quantile",0.75,35.7375581975908
2022-05-21,"15","36  day ahead inc hosp",2022-06-26,"quantile",0.8,38.9425831955376
2022-05-21,"15","36  day ahead inc hosp",2022-06-26,"quantile",0.85,42.6784312656617
2022-05-21,"15","36  day ahead inc hosp",2022-06-26,"quantile",0.9,47.3789811909122
2022-05-21,"15","36  day ahead inc hosp",2022-06-26,"quantile",0.95,54.3459042690091
2022-05-21,"15","36  day ahead inc hosp",2022-06-26,"quantile",0.975,60.3886710343004
2022-05-21,"15","36  day ahead inc hosp",2022-06-26,"quantile",0.99,67.41469330712
2022-05-21,"15","37  day ahead inc hosp",2022-06-27,"quantile",0.01,0
2022-05-21,"15","37  day ahead inc hosp",2022-06-27,"quantile",0.025,0
2022-05-21,"15","37  day ahead inc hosp",2022-06-27,"quantile",0.05,0
2022-05-21,"15","37  day ahead inc hosp",2022-06-27,"quantile",0.1,0
2022-05-21,"15","37  day ahead inc hosp",2022-06-27,"quantile",0.15,2.82132669374005
2022-05-21,"15","37  day ahead inc hosp",2022-06-27,"quantile",0.2,6.60933288509035
2022-05-21,"15","37  day ahead inc hosp",2022-06-27,"quantile",0.25,9.85910490680208
2022-05-21,"15","37  day ahead inc hosp",2022-06-27,"quantile",0.3,12.7775006207259
2022-05-21,"15","37  day ahead inc hosp",2022-06-27,"quantile",0.35,15.4818291775818
2022-05-21,"15","37  day ahead inc hosp",2022-06-27,"quantile",0.4,18.0479725211718
2022-05-21,"15","37  day ahead inc hosp",2022-06-27,"quantile",0.45,20.5307459038302
2022-05-21,"15","37  day ahead inc hosp",2022-06-27,"quantile",0.5,22.974155852508
2022-05-21,"15","37  day ahead inc hosp",2022-06-27,"quantile",0.55,25.4175658011858
2022-05-21,"15","37  day ahead inc hosp",2022-06-27,"quantile",0.6,27.9003391838441
2022-05-21,"15","37  day ahead inc hosp",2022-06-27,"quantile",0.65,30.4664825274342
2022-05-21,"15","37  day ahead inc hosp",2022-06-27,"quantile",0.7,33.17081108429
2022-05-21,"15","37  day ahead inc hosp",2022-06-27,"quantile",0.75,36.0892067982139
2022-05-21,"15","37  day ahead inc hosp",2022-06-27,"quantile",0.8,39.3389788199256
2022-05-21,"15","37  day ahead inc hosp",2022-06-27,"quantile",0.85,43.1269850112759
2022-05-21,"15","37  day ahead inc hosp",2022-06-27,"quantile",0.9,47.8931617629468
2022-05-21,"15","37  day ahead inc hosp",2022-06-27,"quantile",0.95,54.9573536837965
2022-05-21,"15","37  day ahead inc hosp",2022-06-27,"quantile",0.975,61.0844866640863
2022-05-21,"15","37  day ahead inc hosp",2022-06-27,"quantile",0.99,68.208602894306
2022-05-21,"16","1  day ahead inc hosp",2022-05-22,"quantile",0.01,0
2022-05-21,"16","1  day ahead inc hosp",2022-05-22,"quantile",0.025,0
2022-05-21,"16","1  day ahead inc hosp",2022-05-22,"quantile",0.05,0.759137700034042
2022-05-21,"16","1  day ahead inc hosp",2022-05-22,"quantile",0.1,3.46861044333283
2022-05-21,"16","1  day ahead inc hosp",2022-05-22,"quantile",0.15,5.29667883998583
2022-05-21,"16","1  day ahead inc hosp",2022-05-22,"quantile",0.2,6.74956965069815
2022-05-21,"16","1  day ahead inc hosp",2022-05-22,"quantile",0.25,7.99602059843851
2022-05-21,"16","1  day ahead inc hosp",2022-05-22,"quantile",0.3,9.1153720726954
2022-05-21,"16","1  day ahead inc hosp",2022-05-22,"quantile",0.35,10.1526180303115
2022-05-21,"16","1  day ahead inc hosp",2022-05-22,"quantile",0.4,11.1368630115858
2022-05-21,"16","1  day ahead inc hosp",2022-05-22,"quantile",0.45,12.0891314215431
2022-05-21,"16","1  day ahead inc hosp",2022-05-22,"quantile",0.5,13.0263019756312
2022-05-21,"16","1  day ahead inc hosp",2022-05-22,"quantile",0.55,13.9634725297193
2022-05-21,"16","1  day ahead inc hosp",2022-05-22,"quantile",0.6,14.9157409396766
2022-05-21,"16","1  day ahead inc hosp",2022-05-22,"quantile",0.65,15.8999859209509
2022-05-21,"16","1  day ahead inc hosp",2022-05-22,"quantile",0.7,16.937231878567
2022-05-21,"16","1  day ahead inc hosp",2022-05-22,"quantile",0.75,18.0565833528239
2022-05-21,"16","1  day ahead inc hosp",2022-05-22,"quantile",0.8,19.3030343005642
2022-05-21,"16","1  day ahead inc hosp",2022-05-22,"quantile",0.85,20.7559251112765
2022-05-21,"16","1  day ahead inc hosp",2022-05-22,"quantile",0.9,22.5839935079295
2022-05-21,"16","1  day ahead inc hosp",2022-05-22,"quantile",0.95,25.2934662512283
2022-05-21,"16","1  day ahead inc hosp",2022-05-22,"quantile",0.975,27.6435297815897
2022-05-21,"16","1  day ahead inc hosp",2022-05-22,"quantile",0.99,30.3759865101367
2022-05-21,"16","2  day ahead inc hosp",2022-05-23,"quantile",0.01,0
2022-05-21,"16","2  day ahead inc hosp",2022-05-23,"quantile",0.025,0
2022-05-21,"16","2  day ahead inc hosp",2022-05-23,"quantile",0.05,0
2022-05-21,"16","2  day ahead inc hosp",2022-05-23,"quantile",0.1,2.77579749274969
2022-05-21,"16","2  day ahead inc hosp",2022-05-23,"quantile",0.15,4.73833337085984
2022-05-21,"16","2  day ahead inc hosp",2022-05-23,"quantile",0.2,6.29809467312839
2022-05-21,"16","2  day ahead inc hosp",2022-05-23,"quantile",0.25,7.636230986695
2022-05-21,"16","2  day ahead inc hosp",2022-05-23,"quantile",0.3,8.83791875311921
2022-05-21,"16","2  day ahead inc hosp",2022-05-23,"quantile",0.35,9.95146155598879
2022-05-21,"16","2  day ahead inc hosp",2022-05-23,"quantile",0.4,11.0081047823239
2022-05-21,"16","2  day ahead inc hosp",2022-05-23,"quantile",0.45,12.0304193322356
2022-05-21,"16","2  day ahead inc hosp",2022-05-23,"quantile",0.5,13.0365254711928
2022-05-21,"16","2  day ahead inc hosp",2022-05-23,"quantile",0.55,14.0426316101501
2022-05-21,"16","2  day ahead inc hosp",2022-05-23,"quantile",0.6,15.0649461600617
2022-05-21,"16","2  day ahead inc hosp",2022-05-23,"quantile",0.65,16.1215893863969
2022-05-21,"16","2  day ahead inc hosp",2022-05-23,"quantile",0.7,17.2351321892664
2022-05-21,"16","2  day ahead inc hosp",2022-05-23,"quantile",0.75,18.4368199556906
2022-05-21,"16","2  day ahead inc hosp",2022-05-23,"quantile",0.8,19.7749562692573
2022-05-21,"16","2  day ahead inc hosp",2022-05-23,"quantile",0.85,21.3347175715258
2022-05-21,"16","2  day ahead inc hosp",2022-05-23,"quantile",0.9,23.297253449636
2022-05-21,"16","2  day ahead inc hosp",2022-05-23,"quantile",0.95,26.2060272565794
2022-05-21,"16","2  day ahead inc hosp",2022-05-23,"quantile",0.975,28.728954737092
2022-05-21,"16","2  day ahead inc hosp",2022-05-23,"quantile",0.99,31.6624031654851
2022-05-21,"16","3  day ahead inc hosp",2022-05-24,"quantile",0.01,0
2022-05-21,"16","3  day ahead inc hosp",2022-05-24,"quantile",0.025,0
2022-05-21,"16","3  day ahead inc hosp",2022-05-24,"quantile",0.05,0
2022-05-21,"16","3  day ahead inc hosp",2022-05-24,"quantile",0.1,1.83572156156807
2022-05-21,"16","3  day ahead inc hosp",2022-05-24,"quantile",0.15,3.92408457668247
2022-05-21,"16","3  day ahead inc hosp",2022-05-24,"quantile",0.2,5.58384929864058
2022-05-21,"16","3  day ahead inc hosp",2022-05-24,"quantile",0.25,7.0077796418275
2022-05-21,"16","3  day ahead inc hosp",2022-05-24,"quantile",0.3,8.2865130984267
2022-05-21,"16","3  day ahead inc hosp",2022-05-24,"quantile",0.35,9.47145021534657
2022-05-21,"16","3  day ahead inc hosp",2022-05-24,"quantile",0.4,10.5958396640502
2022-05-21,"16","3  day ahead inc hosp",2022-05-24,"quantile",0.45,11.6836994681241
2022-05-21,"16","3  day ahead inc hosp",2022-05-24,"quantile",0.5,12.7543116660021
2022-05-21,"16","3  day ahead inc hosp",2022-05-24,"quantile",0.55,13.82492386388
2022-05-21,"16","3  day ahead inc hosp",2022-05-24,"quantile",0.6,14.9127836679539
2022-05-21,"16","3  day ahead inc hosp",2022-05-24,"quantile",0.65,16.0371731166575
2022-05-21,"16","3  day ahead inc hosp",2022-05-24,"quantile",0.7,17.2221102335774
2022-05-21,"16","3  day ahead inc hosp",2022-05-24,"quantile",0.75,18.5008436901766
2022-05-21,"16","3  day ahead inc hosp",2022-05-24,"quantile",0.8,19.9247740333635
2022-05-21,"16","3  day ahead inc hosp",2022-05-24,"quantile",0.85,21.5845387553216
2022-05-21,"16","3  day ahead inc hosp",2022-05-24,"quantile",0.9,23.672901770436
2022-05-21,"16","3  day ahead inc hosp",2022-05-24,"quantile",0.95,26.7681703489671
2022-05-21,"16","3  day ahead inc hosp",2022-05-24,"quantile",0.975,29.4528542311247
2022-05-21,"16","3  day ahead inc hosp",2022-05-24,"quantile",0.99,32.5743794337624
2022-05-21,"16","4  day ahead inc hosp",2022-05-25,"quantile",0.01,0
2022-05-21,"16","4  day ahead inc hosp",2022-05-25,"quantile",0.025,0
2022-05-21,"16","4  day ahead inc hosp",2022-05-25,"quantile",0.05,0
2022-05-21,"16","4  day ahead inc hosp",2022-05-25,"quantile",0.1,1.82478595711136
2022-05-21,"16","4  day ahead inc hosp",2022-05-25,"quantile",0.15,4.03181407041799
2022-05-21,"16","4  day ahead inc hosp",2022-05-25,"quantile",0.2,5.78589005065912
2022-05-21,"16","4  day ahead inc hosp",2022-05-25,"quantile",0.25,7.2907310558192
2022-05-21,"16","4  day ahead inc hosp",2022-05-25,"quantile",0.3,8.64212478751943
2022-05-21,"16","4  day ahead inc hosp",2022-05-25,"quantile",0.35,9.89439247786607
2022-05-21,"16","4  day ahead inc hosp",2022-05-25,"quantile",0.4,11.0826720564806
2022-05-21,"16","4  day ahead inc hosp",2022-05-25,"quantile",0.45,12.2323463006377
2022-05-21,"16","4  day ahead inc hosp",2022-05-25,"quantile",0.5,13.3637928940051
2022-05-21,"16","4  day ahead inc hosp",2022-05-25,"quantile",0.55,14.4952394873725
2022-05-21,"16","4  day ahead inc hosp",2022-05-25,"quantile",0.6,15.6449137315296
2022-05-21,"16","4  day ahead inc hosp",2022-05-25,"quantile",0.65,16.8331933101441
2022-05-21,"16","4  day ahead inc hosp",2022-05-25,"quantile",0.7,18.0854610004908
2022-05-21,"16","4  day ahead inc hosp",2022-05-25,"quantile",0.75,19.436854732191
2022-05-21,"16","4  day ahead inc hosp",2022-05-25,"quantile",0.8,20.9416957373511
2022-05-21,"16","4  day ahead inc hosp",2022-05-25,"quantile",0.85,22.6957717175922
2022-05-21,"16","4  day ahead inc hosp",2022-05-25,"quantile",0.9,24.9027998308988
2022-05-21,"16","4  day ahead inc hosp",2022-05-25,"quantile",0.95,28.1739479606116
2022-05-21,"16","4  day ahead inc hosp",2022-05-25,"quantile",0.975,31.011181123802
2022-05-21,"16","4  day ahead inc hosp",2022-05-25,"quantile",0.99,34.310077833213
2022-05-21,"16","5  day ahead inc hosp",2022-05-26,"quantile",0.01,0
2022-05-21,"16","5  day ahead inc hosp",2022-05-26,"quantile",0.025,0
2022-05-21,"16","5  day ahead inc hosp",2022-05-26,"quantile",0.05,0
2022-05-21,"16","5  day ahead inc hosp",2022-05-26,"quantile",0.1,0.677630620758693
2022-05-21,"16","5  day ahead inc hosp",2022-05-26,"quantile",0.15,2.99726121698601
2022-05-21,"16","5  day ahead inc hosp",2022-05-26,"quantile",0.2,4.84083008108116
2022-05-21,"16","5  day ahead inc hosp",2022-05-26,"quantile",0.25,6.42244801199051
2022-05-21,"16","5  day ahead inc hosp",2022-05-26,"quantile",0.3,7.84278979590424
2022-05-21,"16","5  day ahead inc hosp",2022-05-26,"quantile",0.35,9.15894813194054
2022-05-21,"16","5  day ahead inc hosp",2022-05-26,"quantile",0.4,10.4078536854347
2022-05-21,"16","5  day ahead inc hosp",2022-05-26,"quantile",0.45,11.6161842619065
2022-05-21,"16","5  day ahead inc hosp",2022-05-26,"quantile",0.5,12.8053572136004
2022-05-21,"16","5  day ahead inc hosp",2022-05-26,"quantile",0.55,13.9945301652943
2022-05-21,"16","5  day ahead inc hosp",2022-05-26,"quantile",0.6,15.2028607417661
2022-05-21,"16","5  day ahead inc hosp",2022-05-26,"quantile",0.65,16.4517662952602
2022-05-21,"16","5  day ahead inc hosp",2022-05-26,"quantile",0.7,17.7679246312965
2022-05-21,"16","5  day ahead inc hosp",2022-05-26,"quantile",0.75,19.1882664152103
2022-05-21,"16","5  day ahead inc hosp",2022-05-26,"quantile",0.8,20.7698843461196
2022-05-21,"16","5  day ahead inc hosp",2022-05-26,"quantile",0.85,22.6134532102148
2022-05-21,"16","5  day ahead inc hosp",2022-05-26,"quantile",0.9,24.9330838064421
2022-05-21,"16","5  day ahead inc hosp",2022-05-26,"quantile",0.95,28.3711257782343
2022-05-21,"16","5  day ahead inc hosp",2022-05-26,"quantile",0.975,31.3531144598859
2022-05-21,"16","5  day ahead inc hosp",2022-05-26,"quantile",0.99,34.8203207427632
2022-05-21,"16","6  day ahead inc hosp",2022-05-27,"quantile",0.01,0
2022-05-21,"16","6  day ahead inc hosp",2022-05-27,"quantile",0.025,0
2022-05-21,"16","6  day ahead inc hosp",2022-05-27,"quantile",0.05,0
2022-05-21,"16","6  day ahead inc hosp",2022-05-27,"quantile",0.1,0.395240128229251
2022-05-21,"16","6  day ahead inc hosp",2022-05-27,"quantile",0.15,2.82225457255834
2022-05-21,"16","6  day ahead inc hosp",2022-05-27,"quantile",0.2,4.75116871498751
2022-05-21,"16","6  day ahead inc hosp",2022-05-27,"quantile",0.25,6.40600529541978
2022-05-21,"16","6  day ahead inc hosp",2022-05-27,"quantile",0.3,7.89209968952258
2022-05-21,"16","6  day ahead inc hosp",2022-05-27,"quantile",0.35,9.26918761799686
2022-05-21,"16","6  day ahead inc hosp",2022-05-27,"quantile",0.4,10.5759093963968
2022-05-21,"16","6  day ahead inc hosp",2022-05-27,"quantile",0.45,11.8401778395667
2022-05-21,"16","6  day ahead inc hosp",2022-05-27,"quantile",0.5,13.0844017842157
2022-05-21,"16","6  day ahead inc hosp",2022-05-27,"quantile",0.55,14.3286257288647
2022-05-21,"16","6  day ahead inc hosp",2022-05-27,"quantile",0.6,15.5928941720346
2022-05-21,"16","6  day ahead inc hosp",2022-05-27,"quantile",0.65,16.8996159504346
2022-05-21,"16","6  day ahead inc hosp",2022-05-27,"quantile",0.7,18.2767038789089
2022-05-21,"16","6  day ahead inc hosp",2022-05-27,"quantile",0.75,19.7627982730117
2022-05-21,"16","6  day ahead inc hosp",2022-05-27,"quantile",0.8,21.4176348534439
2022-05-21,"16","6  day ahead inc hosp",2022-05-27,"quantile",0.85,23.3465489958731
2022-05-21,"16","6  day ahead inc hosp",2022-05-27,"quantile",0.9,25.7735634402022
2022-05-21,"16","6  day ahead inc hosp",2022-05-27,"quantile",0.95,29.3707644511392
2022-05-21,"16","6  day ahead inc hosp",2022-05-27,"quantile",0.975,32.4907998632282
2022-05-21,"16","6  day ahead inc hosp",2022-05-27,"quantile",0.99,36.1185153036513
2022-05-21,"16","7  day ahead inc hosp",2022-05-28,"quantile",0.01,0
2022-05-21,"16","7  day ahead inc hosp",2022-05-28,"quantile",0.025,0
2022-05-21,"16","7  day ahead inc hosp",2022-05-28,"quantile",0.05,0
2022-05-21,"16","7  day ahead inc hosp",2022-05-28,"quantile",0.1,0
2022-05-21,"16","7  day ahead inc hosp",2022-05-28,"quantile",0.15,2.20046423960607
2022-05-21,"16","7  day ahead inc hosp",2022-05-28,"quantile",0.2,4.21110428224559
2022-05-21,"16","7  day ahead inc hosp",2022-05-28,"quantile",0.25,5.9360544080462
2022-05-21,"16","7  day ahead inc hosp",2022-05-28,"quantile",0.3,7.48511293283999
2022-05-21,"16","7  day ahead inc hosp",2022-05-28,"quantile",0.35,8.92054651193076
2022-05-21,"16","7  day ahead inc hosp",2022-05-28,"quantile",0.4,10.2826326071321
2022-05-21,"16","7  day ahead inc hosp",2022-05-28,"quantile",0.45,11.6004666675334
2022-05-21,"16","7  day ahead inc hosp",2022-05-28,"quantile",0.5,12.89740696679
2022-05-21,"16","7  day ahead inc hosp",2022-05-28,"quantile",0.55,14.1943472660465
2022-05-21,"16","7  day ahead inc hosp",2022-05-28,"quantile",0.6,15.5121813264478
2022-05-21,"16","7  day ahead inc hosp",2022-05-28,"quantile",0.65,16.8742674216492
2022-05-21,"16","7  day ahead inc hosp",2022-05-28,"quantile",0.7,18.3097010007399
2022-05-21,"16","7  day ahead inc hosp",2022-05-28,"quantile",0.75,19.8587595255337
2022-05-21,"16","7  day ahead inc hosp",2022-05-28,"quantile",0.8,21.5837096513343
2022-05-21,"16","7  day ahead inc hosp",2022-05-28,"quantile",0.85,23.5943496939738
2022-05-21,"16","7  day ahead inc hosp",2022-05-28,"quantile",0.9,26.1241939822671
2022-05-21,"16","7  day ahead inc hosp",2022-05-28,"quantile",0.95,29.8738043122038
2022-05-21,"16","7  day ahead inc hosp",2022-05-28,"quantile",0.975,33.1260320791168
2022-05-21,"16","7  day ahead inc hosp",2022-05-28,"quantile",0.99,36.9074497002405
2022-05-21,"16","8  day ahead inc hosp",2022-05-29,"quantile",0.01,0
2022-05-21,"16","8  day ahead inc hosp",2022-05-29,"quantile",0.025,0
2022-05-21,"16","8  day ahead inc hosp",2022-05-29,"quantile",0.05,0
2022-05-21,"16","8  day ahead inc hosp",2022-05-29,"quantile",0.1,0.857259138242828
2022-05-21,"16","8  day ahead inc hosp",2022-05-29,"quantile",0.15,3.48591376238771
2022-05-21,"16","8  day ahead inc hosp",2022-05-29,"quantile",0.2,5.57508512761069
2022-05-21,"16","8  day ahead inc hosp",2022-05-29,"quantile",0.25,7.36740813562635
2022-05-21,"16","8  day ahead inc hosp",2022-05-29,"quantile",0.3,8.97696959089572
2022-05-21,"16","8  day ahead inc hosp",2022-05-29,"quantile",0.35,10.4684681518112
2022-05-21,"16","8  day ahead inc hosp",2022-05-29,"quantile",0.4,11.8837544321578
2022-05-21,"16","8  day ahead inc hosp",2022-05-29,"quantile",0.45,13.2530602873678
2022-05-21,"16","8  day ahead inc hosp",2022-05-29,"quantile",0.5,14.6006563155725
2022-05-21,"16","8  day ahead inc hosp",2022-05-29,"quantile",0.55,15.9482523437773
2022-05-21,"16","8  day ahead inc hosp",2022-05-29,"quantile",0.6,17.3175581989872
2022-05-21,"16","8  day ahead inc hosp",2022-05-29,"quantile",0.65,18.7328444793338
2022-05-21,"16","8  day ahead inc hosp",2022-05-29,"quantile",0.7,20.2243430402493
2022-05-21,"16","8  day ahead inc hosp",2022-05-29,"quantile",0.75,21.8339044955187
2022-05-21,"16","8  day ahead inc hosp",2022-05-29,"quantile",0.8,23.6262275035343
2022-05-21,"16","8  day ahead inc hosp",2022-05-29,"quantile",0.85,25.7153988687573
2022-05-21,"16","8  day ahead inc hosp",2022-05-29,"quantile",0.9,28.3440534929022
2022-05-21,"16","8  day ahead inc hosp",2022-05-29,"quantile",0.95,32.2401156253186
2022-05-21,"16","8  day ahead inc hosp",2022-05-29,"quantile",0.975,35.6193684899428
2022-05-21,"16","8  day ahead inc hosp",2022-05-29,"quantile",0.99,39.5484802386725
2022-05-21,"16","9  day ahead inc hosp",2022-05-30,"quantile",0.01,0
2022-05-21,"16","9  day ahead inc hosp",2022-05-30,"quantile",0.025,0
2022-05-21,"16","9  day ahead inc hosp",2022-05-30,"quantile",0.05,0
2022-05-21,"16","9  day ahead inc hosp",2022-05-30,"quantile",0.1,0.496702837517553
2022-05-21,"16","9  day ahead inc hosp",2022-05-30,"quantile",0.15,3.22058575406635
2022-05-21,"16","9  day ahead inc hosp",2022-05-30,"quantile",0.2,5.38544154729366
2022-05-21,"16","9  day ahead inc hosp",2022-05-30,"quantile",0.25,7.24269505546779
2022-05-21,"16","9  day ahead inc hosp",2022-05-30,"quantile",0.3,8.91056610664092
2022-05-21,"16","9  day ahead inc hosp",2022-05-30,"quantile",0.35,10.4560971980282
2022-05-21,"16","9  day ahead inc hosp",2022-05-30,"quantile",0.4,11.9226550659398
2022-05-21,"16","9  day ahead inc hosp",2022-05-30,"quantile",0.45,13.3415667754802
2022-05-21,"16","9  day ahead inc hosp",2022-05-30,"quantile",0.5,14.7379821759363
2022-05-21,"16","9  day ahead inc hosp",2022-05-30,"quantile",0.55,16.1343975763923
2022-05-21,"16","9  day ahead inc hosp",2022-05-30,"quantile",0.6,17.5533092859327
2022-05-21,"16","9  day ahead inc hosp",2022-05-30,"quantile",0.65,19.0198671538443
2022-05-21,"16","9  day ahead inc hosp",2022-05-30,"quantile",0.7,20.5653982452316
2022-05-21,"16","9  day ahead inc hosp",2022-05-30,"quantile",0.75,22.2332692964047
2022-05-21,"16","9  day ahead inc hosp",2022-05-30,"quantile",0.8,24.0905228045789
2022-05-21,"16","9  day ahead inc hosp",2022-05-30,"quantile",0.85,26.2553785978062
2022-05-21,"16","9  day ahead inc hosp",2022-05-30,"quantile",0.9,28.979261514355
2022-05-21,"16","9  day ahead inc hosp",2022-05-30,"quantile",0.95,33.0164663212641
2022-05-21,"16","9  day ahead inc hosp",2022-05-30,"quantile",0.975,36.5181394068422
2022-05-21,"16","9  day ahead inc hosp",2022-05-30,"quantile",0.99,40.589591118783
2022-05-21,"16","10  day ahead inc hosp",2022-05-31,"quantile",0.01,0
2022-05-21,"16","10  day ahead inc hosp",2022-05-31,"quantile",0.025,0
2022-05-21,"16","10  day ahead inc hosp",2022-05-31,"quantile",0.05,0
2022-05-21,"16","10  day ahead inc hosp",2022-05-31,"quantile",0.1,0
2022-05-21,"16","10  day ahead inc hosp",2022-05-31,"quantile",0.15,2.81366928149764
2022-05-21,"16","10  day ahead inc hosp",2022-05-31,"quantile",0.2,5.0516514569566
2022-05-21,"16","10  day ahead inc hosp",2022-05-31,"quantile",0.25,6.97164088978895
2022-05-21,"16","10  day ahead inc hosp",2022-05-31,"quantile",0.3,8.69585074024044
2022-05-21,"16","10  day ahead inc hosp",2022-05-31,"quantile",0.35,10.2935881253186
2022-05-21,"16","10  day ahead inc hosp",2022-05-31,"quantile",0.4,11.8096846606783
2022-05-21,"16","10  day ahead inc hosp",2022-05-31,"quantile",0.45,13.2765256042811
2022-05-21,"16","10  day ahead inc hosp",2022-05-31,"quantile",0.5,14.7201103389013
2022-05-21,"16","10  day ahead inc hosp",2022-05-31,"quantile",0.55,16.1636950735214
2022-05-21,"16","10  day ahead inc hosp",2022-05-31,"quantile",0.6,17.6305360171242
2022-05-21,"16","10  day ahead inc hosp",2022-05-31,"quantile",0.65,19.1466325524839
2022-05-21,"16","10  day ahead inc hosp",2022-05-31,"quantile",0.7,20.7443699375621
2022-05-21,"16","10  day ahead inc hosp",2022-05-31,"quantile",0.75,22.4685797880136
2022-05-21,"16","10  day ahead inc hosp",2022-05-31,"quantile",0.8,24.3885692208459
2022-05-21,"16","10  day ahead inc hosp",2022-05-31,"quantile",0.85,26.6265513963049
2022-05-21,"16","10  day ahead inc hosp",2022-05-31,"quantile",0.9,29.4424439995649
2022-05-21,"16","10  day ahead inc hosp",2022-05-31,"quantile",0.95,33.6160210224808
2022-05-21,"16","10  day ahead inc hosp",2022-05-31,"quantile",0.975,37.2359766677136
2022-05-21,"16","10  day ahead inc hosp",2022-05-31,"quantile",0.99,41.4449574174114
2022-05-21,"16","11  day ahead inc hosp",2022-06-01,"quantile",0.01,0
2022-05-21,"16","11  day ahead inc hosp",2022-06-01,"quantile",0.025,0
2022-05-21,"16","11  day ahead inc hosp",2022-06-01,"quantile",0.05,0
2022-05-21,"16","11  day ahead inc hosp",2022-06-01,"quantile",0.1,0
2022-05-21,"16","11  day ahead inc hosp",2022-06-01,"quantile",0.15,2.50777385621773
2022-05-21,"16","11  day ahead inc hosp",2022-06-01,"quantile",0.2,4.81656744375955
2022-05-21,"16","11  day ahead inc hosp",2022-06-01,"quantile",0.25,6.79730676299131
2022-05-21,"16","11  day ahead inc hosp",2022-06-01,"quantile",0.3,8.57607188898363
2022-05-21,"16","11  day ahead inc hosp",2022-06-01,"quantile",0.35,10.2243628672118
2022-05-21,"16","11  day ahead inc hosp",2022-06-01,"quantile",0.4,11.7884298188241
2022-05-21,"16","11  day ahead inc hosp",2022-06-01,"quantile",0.45,13.3016826953084
2022-05-21,"16","11  day ahead inc hosp",2022-06-01,"quantile",0.5,14.7909435191488
2022-05-21,"16","11  day ahead inc hosp",2022-06-01,"quantile",0.55,16.2802043429893
2022-05-21,"16","11  day ahead inc hosp",2022-06-01,"quantile",0.6,17.7934572194736
2022-05-21,"16","11  day ahead inc hosp",2022-06-01,"quantile",0.65,19.3575241710859
2022-05-21,"16","11  day ahead inc hosp",2022-06-01,"quantile",0.7,21.0058151493141
2022-05-21,"16","11  day ahead inc hosp",2022-06-01,"quantile",0.75,22.7845802753064
2022-05-21,"16","11  day ahead inc hosp",2022-06-01,"quantile",0.8,24.7653195945381
2022-05-21,"16","11  day ahead inc hosp",2022-06-01,"quantile",0.85,27.07411318208
2022-05-21,"16","11  day ahead inc hosp",2022-06-01,"quantile",0.9,29.9791027109979
2022-05-21,"16","11  day ahead inc hosp",2022-06-01,"quantile",0.95,34.2847347992624
2022-05-21,"16","11  day ahead inc hosp",2022-06-01,"quantile",0.975,38.0192285197878
2022-05-21,"16","11  day ahead inc hosp",2022-06-01,"quantile",0.99,42.3613845349475
2022-05-21,"16","12  day ahead inc hosp",2022-06-02,"quantile",0.01,0
2022-05-21,"16","12  day ahead inc hosp",2022-06-02,"quantile",0.025,0
2022-05-21,"16","12  day ahead inc hosp",2022-06-02,"quantile",0.05,0
2022-05-21,"16","12  day ahead inc hosp",2022-06-02,"quantile",0.1,0
2022-05-21,"16","12  day ahead inc hosp",2022-06-02,"quantile",0.15,2.00512691966962
2022-05-21,"16","12  day ahead inc hosp",2022-06-02,"quantile",0.2,4.38262380548807
2022-05-21,"16","12  day ahead inc hosp",2022-06-02,"quantile",0.25,6.4223044371835
2022-05-21,"16","12  day ahead inc hosp",2022-06-02,"quantile",0.3,8.25400068342604
2022-05-21,"16","12  day ahead inc hosp",2022-06-02,"quantile",0.35,9.95134023287984
2022-05-21,"16","12  day ahead inc hosp",2022-06-02,"quantile",0.4,11.5619494821151
2022-05-21,"16","12  day ahead inc hosp",2022-06-02,"quantile",0.45,13.1202325701791
2022-05-21,"16","12  day ahead inc hosp",2022-06-02,"quantile",0.5,14.6538096686074
2022-05-21,"16","12  day ahead inc hosp",2022-06-02,"quantile",0.55,16.1873867670357
2022-05-21,"16","12  day ahead inc hosp",2022-06-02,"quantile",0.6,17.7456698550997
2022-05-21,"16","12  day ahead inc hosp",2022-06-02,"quantile",0.65,19.3562791043349
2022-05-21,"16","12  day ahead inc hosp",2022-06-02,"quantile",0.7,21.0536186537887
2022-05-21,"16","12  day ahead inc hosp",2022-06-02,"quantile",0.75,22.8853149000313
2022-05-21,"16","12  day ahead inc hosp",2022-06-02,"quantile",0.8,24.9249955317267
2022-05-21,"16","12  day ahead inc hosp",2022-06-02,"quantile",0.85,27.3024924175452
2022-05-21,"16","12  day ahead inc hosp",2022-06-02,"quantile",0.9,30.2939263835806
2022-05-21,"16","12  day ahead inc hosp",2022-06-02,"quantile",0.95,34.7276821496073
2022-05-21,"16","12  day ahead inc hosp",2022-06-02,"quantile",0.975,38.5733040529975
2022-05-21,"16","12  day ahead inc hosp",2022-06-02,"quantile",0.99,43.0446705967566
2022-05-21,"16","13  day ahead inc hosp",2022-06-03,"quantile",0.01,0
2022-05-21,"16","13  day ahead inc hosp",2022-06-03,"quantile",0.025,0
2022-05-21,"16","13  day ahead inc hosp",2022-06-03,"quantile",0.05,0
2022-05-21,"16","13  day ahead inc hosp",2022-06-03,"quantile",0.1,0
2022-05-21,"16","13  day ahead inc hosp",2022-06-03,"quantile",0.15,1.51418459268036
2022-05-21,"16","13  day ahead inc hosp",2022-06-03,"quantile",0.2,3.95845443340553
2022-05-21,"16","13  day ahead inc hosp",2022-06-03,"quantile",0.25,6.05542031483427
2022-05-21,"16","13  day ahead inc hosp",2022-06-03,"quantile",0.3,7.93856048581241
2022-05-21,"16","13  day ahead inc hosp",2022-06-03,"quantile",0.35,9.68357049821112
2022-05-21,"16","13  day ahead inc hosp",2022-06-03,"quantile",0.4,11.3394143550763
2022-05-21,"16","13  day ahead inc hosp",2022-06-03,"quantile",0.45,12.9414624495183
2022-05-21,"16","13  day ahead inc hosp",2022-06-03,"quantile",0.5,14.5181106766829
2022-05-21,"16","13  day ahead inc hosp",2022-06-03,"quantile",0.55,16.0947589038475
2022-05-21,"16","13  day ahead inc hosp",2022-06-03,"quantile",0.6,17.6968069982894
2022-05-21,"16","13  day ahead inc hosp",2022-06-03,"quantile",0.65,19.3526508551546
2022-05-21,"16","13  day ahead inc hosp",2022-06-03,"quantile",0.7,21.0976608675533
2022-05-21,"16","13  day ahead inc hosp",2022-06-03,"quantile",0.75,22.9808010385315
2022-05-21,"16","13  day ahead inc hosp",2022-06-03,"quantile",0.8,25.0777669199602
2022-05-21,"16","13  day ahead inc hosp",2022-06-03,"quantile",0.85,27.5220367606854
2022-05-21,"16","13  day ahead inc hosp",2022-06-03,"quantile",0.9,30.5974863510996
2022-05-21,"16","13  day ahead inc hosp",2022-06-03,"quantile",0.95,35.155765928534
2022-05-21,"16","13  day ahead inc hosp",2022-06-03,"quantile",0.975,39.1093936675891
2022-05-21,"16","13  day ahead inc hosp",2022-06-03,"quantile",0.99,43.7063403365541
2022-05-21,"16","14  day ahead inc hosp",2022-06-04,"quantile",0.01,0
2022-05-21,"16","14  day ahead inc hosp",2022-06-04,"quantile",0.025,0
2022-05-21,"16","14  day ahead inc hosp",2022-06-04,"quantile",0.05,0
2022-05-21,"16","14  day ahead inc hosp",2022-06-04,"quantile",0.1,0
2022-05-21,"16","14  day ahead inc hosp",2022-06-04,"quantile",0.15,1.16279684975458
2022-05-21,"16","14  day ahead inc hosp",2022-06-04,"quantile",0.2,3.67206340922586
2022-05-21,"16","14  day ahead inc hosp",2022-06-04,"quantile",0.25,5.8247906879212
2022-05-21,"16","14  day ahead inc hosp",2022-06-04,"quantile",0.3,7.75800631702316
2022-05-21,"16","14  day ahead inc hosp",2022-06-04,"quantile",0.35,9.5494187041087
2022-05-21,"16","14  day ahead inc hosp",2022-06-04,"quantile",0.4,11.2492938768536
2022-05-21,"16","14  day ahead inc hosp",2022-06-04,"quantile",0.45,12.8939427789794
2022-05-21,"16","14  day ahead inc hosp",2022-06-04,"quantile",0.5,14.5125163941168
2022-05-21,"16","14  day ahead inc hosp",2022-06-04,"quantile",0.55,16.1310900092541
2022-05-21,"16","14  day ahead inc hosp",2022-06-04,"quantile",0.6,17.7757389113799
2022-05-21,"16","14  day ahead inc hosp",2022-06-04,"quantile",0.65,19.4756140841248
2022-05-21,"16","14  day ahead inc hosp",2022-06-04,"quantile",0.7,21.2670264712104
2022-05-21,"16","14  day ahead inc hosp",2022-06-04,"quantile",0.75,23.2002421003123
2022-05-21,"16","14  day ahead inc hosp",2022-06-04,"quantile",0.8,25.3529693790077
2022-05-21,"16","14  day ahead inc hosp",2022-06-04,"quantile",0.85,27.8622359384789
2022-05-21,"16","14  day ahead inc hosp",2022-06-04,"quantile",0.9,31.0194662425915
2022-05-21,"16","14  day ahead inc hosp",2022-06-04,"quantile",0.95,35.6989571571395
2022-05-21,"16","14  day ahead inc hosp",2022-06-04,"quantile",0.975,39.7577176544116
2022-05-21,"16","14  day ahead inc hosp",2022-06-04,"quantile",0.99,44.476903875146
2022-05-21,"16","15  day ahead inc hosp",2022-06-05,"quantile",0.01,0
2022-05-21,"16","15  day ahead inc hosp",2022-06-05,"quantile",0.025,0
2022-05-21,"16","15  day ahead inc hosp",2022-06-05,"quantile",0.05,0
2022-05-21,"16","15  day ahead inc hosp",2022-06-05,"quantile",0.1,0
2022-05-21,"16","15  day ahead inc hosp",2022-06-05,"quantile",0.15,2.32984169245977
2022-05-21,"16","15  day ahead inc hosp",2022-06-05,"quantile",0.2,4.90246336668298
2022-05-21,"16","15  day ahead inc hosp",2022-06-05,"quantile",0.25,7.10954369258908
2022-05-21,"16","15  day ahead inc hosp",2022-06-05,"quantile",0.3,9.09157003793787
2022-05-21,"16","15  day ahead inc hosp",2022-06-05,"quantile",0.35,10.928212827877
2022-05-21,"16","15  day ahead inc hosp",2022-06-05,"quantile",0.4,12.6710072298391
2022-05-21,"16","15  day ahead inc hosp",2022-06-05,"quantile",0.45,14.3571809829328
2022-05-21,"16","15  day ahead inc hosp",2022-06-05,"quantile",0.5,16.0166210882143
2022-05-21,"16","15  day ahead inc hosp",2022-06-05,"quantile",0.55,17.6760611934957
2022-05-21,"16","15  day ahead inc hosp",2022-06-05,"quantile",0.6,19.3622349465894
2022-05-21,"16","15  day ahead inc hosp",2022-06-05,"quantile",0.65,21.1050293485516
2022-05-21,"16","15  day ahead inc hosp",2022-06-05,"quantile",0.7,22.9416721384907
2022-05-21,"16","15  day ahead inc hosp",2022-06-05,"quantile",0.75,24.9236984838395
2022-05-21,"16","15  day ahead inc hosp",2022-06-05,"quantile",0.8,27.1307788097456
2022-05-21,"16","15  day ahead inc hosp",2022-06-05,"quantile",0.85,29.7034004839688
2022-05-21,"16","15  day ahead inc hosp",2022-06-05,"quantile",0.9,32.9403459891071
2022-05-21,"16","15  day ahead inc hosp",2022-06-05,"quantile",0.95,37.7379868398397
2022-05-21,"16","15  day ahead inc hosp",2022-06-05,"quantile",0.975,41.899224786582
2022-05-21,"16","15  day ahead inc hosp",2022-06-05,"quantile",0.99,46.737563188826
2022-05-21,"16","16  day ahead inc hosp",2022-06-06,"quantile",0.01,0
2022-05-21,"16","16  day ahead inc hosp",2022-06-06,"quantile",0.025,0
2022-05-21,"16","16  day ahead inc hosp",2022-06-06,"quantile",0.05,0
2022-05-21,"16","16  day ahead inc hosp",2022-06-06,"quantile",0.1,0
2022-05-21,"16","16  day ahead inc hosp",2022-06-06,"quantile",0.15,2.53560326929044
2022-05-21,"16","16  day ahead inc hosp",2022-06-06,"quantile",0.2,5.17005689212863
2022-05-21,"16","16  day ahead inc hosp",2022-06-06,"quantile",0.25,7.43018352432528
2022-05-21,"16","16  day ahead inc hosp",2022-06-06,"quantile",0.3,9.45984709218799
2022-05-21,"16","16  day ahead inc hosp",2022-06-06,"quantile",0.35,11.3406328681516
2022-05-21,"16","16  day ahead inc hosp",2022-06-06,"quantile",0.4,13.125314647099
2022-05-21,"16","16  day ahead inc hosp",2022-06-06,"quantile",0.45,14.8520149221846
2022-05-21,"16","16  day ahead inc hosp",2022-06-06,"quantile",0.5,16.5513390167628
2022-05-21,"16","16  day ahead inc hosp",2022-06-06,"quantile",0.55,18.2506631113411
2022-05-21,"16","16  day ahead inc hosp",2022-06-06,"quantile",0.6,19.9773633864266
2022-05-21,"16","16  day ahead inc hosp",2022-06-06,"quantile",0.65,21.7620451653741
2022-05-21,"16","16  day ahead inc hosp",2022-06-06,"quantile",0.7,23.6428309413376
2022-05-21,"16","16  day ahead inc hosp",2022-06-06,"quantile",0.75,25.6724945092004
2022-05-21,"16","16  day ahead inc hosp",2022-06-06,"quantile",0.8,27.932621141397
2022-05-21,"16","16  day ahead inc hosp",2022-06-06,"quantile",0.85,30.5670747642352
2022-05-21,"16","16  day ahead inc hosp",2022-06-06,"quantile",0.9,33.8818189795953
2022-05-21,"16","16  day ahead inc hosp",2022-06-06,"quantile",0.95,38.7947692384418
2022-05-21,"16","16  day ahead inc hosp",2022-06-06,"quantile",0.975,43.056020900172
2022-05-21,"16","16  day ahead inc hosp",2022-06-06,"quantile",0.99,48.0106468601502
2022-05-21,"16","17  day ahead inc hosp",2022-06-07,"quantile",0.01,0
2022-05-21,"16","17  day ahead inc hosp",2022-06-07,"quantile",0.025,0
2022-05-21,"16","17  day ahead inc hosp",2022-06-07,"quantile",0.05,0
2022-05-21,"16","17  day ahead inc hosp",2022-06-07,"quantile",0.1,0
2022-05-21,"16","17  day ahead inc hosp",2022-06-07,"quantile",0.15,2.19723804033991
2022-05-21,"16","17  day ahead inc hosp",2022-06-07,"quantile",0.2,4.89210529181769
2022-05-21,"16","17  day ahead inc hosp",2022-06-07,"quantile",0.25,7.20406143805563
2022-05-21,"16","17  day ahead inc hosp",2022-06-07,"quantile",0.3,9.28026951138588
2022-05-21,"16","17  day ahead inc hosp",2022-06-07,"quantile",0.35,11.2041857081831
2022-05-21,"16","17  day ahead inc hosp",2022-06-07,"quantile",0.4,13.0297940387686
2022-05-21,"16","17  day ahead inc hosp",2022-06-07,"quantile",0.45,14.7960912262031
2022-05-21,"16","17  day ahead inc hosp",2022-06-07,"quantile",0.5,16.5343844390449
2022-05-21,"16","17  day ahead inc hosp",2022-06-07,"quantile",0.55,18.2726776518867
2022-05-21,"16","17  day ahead inc hosp",2022-06-07,"quantile",0.6,20.0389748393212
2022-05-21,"16","17  day ahead inc hosp",2022-06-07,"quantile",0.65,21.8645831699067
2022-05-21,"16","17  day ahead inc hosp",2022-06-07,"quantile",0.7,23.7884993667039
2022-05-21,"16","17  day ahead inc hosp",2022-06-07,"quantile",0.75,25.8647074400342
2022-05-21,"16","17  day ahead inc hosp",2022-06-07,"quantile",0.8,28.1766635862721
2022-05-21,"16","17  day ahead inc hosp",2022-06-07,"quantile",0.85,30.8715308377499
2022-05-21,"16","17  day ahead inc hosp",2022-06-07,"quantile",0.9,34.26228919294
2022-05-21,"16","17  day ahead inc hosp",2022-06-07,"quantile",0.95,39.2879038577528
2022-05-21,"16","17  day ahead inc hosp",2022-06-07,"quantile",0.975,43.6468750895676
2022-05-21,"16","17  day ahead inc hosp",2022-06-07,"quantile",0.99,48.71512116804
2022-05-21,"16","18  day ahead inc hosp",2022-06-08,"quantile",0.01,0
2022-05-21,"16","18  day ahead inc hosp",2022-06-08,"quantile",0.025,0
2022-05-21,"16","18  day ahead inc hosp",2022-06-08,"quantile",0.05,0
2022-05-21,"16","18  day ahead inc hosp",2022-06-08,"quantile",0.1,0
2022-05-21,"16","18  day ahead inc hosp",2022-06-08,"quantile",0.15,2.03271203084743
2022-05-21,"16","18  day ahead inc hosp",2022-06-08,"quantile",0.2,4.78666793377863
2022-05-21,"16","18  day ahead inc hosp",2022-06-08,"quantile",0.25,7.14931688161031
2022-05-21,"16","18  day ahead inc hosp",2022-06-08,"quantile",0.3,9.27104865749865
2022-05-21,"16","18  day ahead inc hosp",2022-06-08,"quantile",0.35,11.2371493491039
2022-05-21,"16","18  day ahead inc hosp",2022-06-08,"quantile",0.4,13.1027866400314
2022-05-21,"16","18  day ahead inc hosp",2022-06-08,"quantile",0.45,14.9078123098482
2022-05-21,"16","18  day ahead inc hosp",2022-06-08,"quantile",0.5,16.6842199796159
2022-05-21,"16","18  day ahead inc hosp",2022-06-08,"quantile",0.55,18.4606276493835
2022-05-21,"16","18  day ahead inc hosp",2022-06-08,"quantile",0.6,20.2656533192004
2022-05-21,"16","18  day ahead inc hosp",2022-06-08,"quantile",0.65,22.1312906101279
2022-05-21,"16","18  day ahead inc hosp",2022-06-08,"quantile",0.7,24.0973913017331
2022-05-21,"16","18  day ahead inc hosp",2022-06-08,"quantile",0.75,26.2191230776214
2022-05-21,"16","18  day ahead inc hosp",2022-06-08,"quantile",0.8,28.5817720254531
2022-05-21,"16","18  day ahead inc hosp",2022-06-08,"quantile",0.85,31.3357279283843
2022-05-21,"16","18  day ahead inc hosp",2022-06-08,"quantile",0.9,34.8008332995555
2022-05-21,"16","18  day ahead inc hosp",2022-06-08,"quantile",0.95,39.9366414416557
2022-05-21,"16","18  day ahead inc hosp",2022-06-08,"quantile",0.975,44.3911890814257
2022-05-21,"16","18  day ahead inc hosp",2022-06-08,"quantile",0.99,49.5705633892558
2022-05-21,"16","19  day ahead inc hosp",2022-06-09,"quantile",0.01,0
2022-05-21,"16","19  day ahead inc hosp",2022-06-09,"quantile",0.025,0
2022-05-21,"16","19  day ahead inc hosp",2022-06-09,"quantile",0.05,0
2022-05-21,"16","19  day ahead inc hosp",2022-06-09,"quantile",0.1,0
2022-05-21,"16","19  day ahead inc hosp",2022-06-09,"quantile",0.15,1.33578663211417
2022-05-21,"16","19  day ahead inc hosp",2022-06-09,"quantile",0.2,4.14758974177385
2022-05-21,"16","19  day ahead inc hosp",2022-06-09,"quantile",0.25,6.5598664421656
2022-05-21,"16","19  day ahead inc hosp",2022-06-09,"quantile",0.3,8.72616547366306
2022-05-21,"16","19  day ahead inc hosp",2022-06-09,"quantile",0.35,10.7335643694389
2022-05-21,"16","19  day ahead inc hosp",2022-06-09,"quantile",0.4,12.6383896175642
2022-05-21,"16","19  day ahead inc hosp",2022-06-09,"quantile",0.45,14.4813300894884
2022-05-21,"16","19  day ahead inc hosp",2022-06-09,"quantile",0.5,16.2950514365004
2022-05-21,"16","19  day ahead inc hosp",2022-06-09,"quantile",0.55,18.1087727835124
2022-05-21,"16","19  day ahead inc hosp",2022-06-09,"quantile",0.6,19.9517132554366
2022-05-21,"16","19  day ahead inc hosp",2022-06-09,"quantile",0.65,21.8565385035619
2022-05-21,"16","19  day ahead inc hosp",2022-06-09,"quantile",0.7,23.8639373993378
2022-05-21,"16","19  day ahead inc hosp",2022-06-09,"quantile",0.75,26.0302364308353
2022-05-21,"16","19  day ahead inc hosp",2022-06-09,"quantile",0.8,28.442513131227
2022-05-21,"16","19  day ahead inc hosp",2022-06-09,"quantile",0.85,31.2543162408867
2022-05-21,"16","19  day ahead inc hosp",2022-06-09,"quantile",0.9,34.7922066071003
2022-05-21,"16","19  day ahead inc hosp",2022-06-09,"quantile",0.95,40.0358930761547
2022-05-21,"16","19  day ahead inc hosp",2022-06-09,"quantile",0.975,44.5840090762334
2022-05-21,"16","19  day ahead inc hosp",2022-06-09,"quantile",0.99,49.8721768240712
2022-05-21,"16","20  day ahead inc hosp",2022-06-10,"quantile",0.01,0
2022-05-21,"16","20  day ahead inc hosp",2022-06-10,"quantile",0.025,0
2022-05-21,"16","20  day ahead inc hosp",2022-06-10,"quantile",0.05,0
2022-05-21,"16","20  day ahead inc hosp",2022-06-10,"quantile",0.1,0
2022-05-21,"16","20  day ahead inc hosp",2022-06-10,"quantile",0.15,0.963836710669128
2022-05-21,"16","20  day ahead inc hosp",2022-06-10,"quantile",0.2,3.83232069000281
2022-05-21,"16","20  day ahead inc hosp",2022-06-10,"quantile",0.25,6.29322452961453
2022-05-21,"16","20  day ahead inc hosp",2022-06-10,"quantile",0.3,8.50319223501643
2022-05-21,"16","20  day ahead inc hosp",2022-06-10,"quantile",0.35,10.5510566650982
2022-05-21,"16","20  day ahead inc hosp",2022-06-10,"quantile",0.4,12.4942797481465
2022-05-21,"16","20  day ahead inc hosp",2022-06-10,"quantile",0.45,14.3743705697332
2022-05-21,"16","20  day ahead inc hosp",2022-06-10,"quantile",0.5,16.2246532616494
2022-05-21,"16","20  day ahead inc hosp",2022-06-10,"quantile",0.55,18.0749359535656
2022-05-21,"16","20  day ahead inc hosp",2022-06-10,"quantile",0.6,19.9550267751524
2022-05-21,"16","20  day ahead inc hosp",2022-06-10,"quantile",0.65,21.8982498582007
2022-05-21,"16","20  day ahead inc hosp",2022-06-10,"quantile",0.7,23.9461142882824
2022-05-21,"16","20  day ahead inc hosp",2022-06-10,"quantile",0.75,26.1560819936843
2022-05-21,"16","20  day ahead inc hosp",2022-06-10,"quantile",0.8,28.616985833296
2022-05-21,"16","20  day ahead inc hosp",2022-06-10,"quantile",0.85,31.4854698126297
2022-05-21,"16","20  day ahead inc hosp",2022-06-10,"quantile",0.9,35.094677655547
2022-05-21,"16","20  day ahead inc hosp",2022-06-10,"quantile",0.95,40.444067368311
2022-05-21,"16","20  day ahead inc hosp",2022-06-10,"quantile",0.975,45.0838651683625
2022-05-21,"16","20  day ahead inc hosp",2022-06-10,"quantile",0.99,50.4786328221111
2022-05-21,"16","21  day ahead inc hosp",2022-06-11,"quantile",0.01,0
2022-05-21,"16","21  day ahead inc hosp",2022-06-11,"quantile",0.025,0
2022-05-21,"16","21  day ahead inc hosp",2022-06-11,"quantile",0.05,0
2022-05-21,"16","21  day ahead inc hosp",2022-06-11,"quantile",0.1,0
2022-05-21,"16","21  day ahead inc hosp",2022-06-11,"quantile",0.15,0.659656415334531
2022-05-21,"16","21  day ahead inc hosp",2022-06-11,"quantile",0.2,3.58372275382554
2022-05-21,"16","21  day ahead inc hosp",2022-06-11,"quantile",0.25,6.09231130844714
2022-05-21,"16","21  day ahead inc hosp",2022-06-11,"quantile",0.3,8.34510136168599
2022-05-21,"16","21  day ahead inc hosp",2022-06-11,"quantile",0.35,10.4326470788442
2022-05-21,"16","21  day ahead inc hosp",2022-06-11,"quantile",0.4,12.4135238228866
2022-05-21,"16","21  day ahead inc hosp",2022-06-11,"quantile",0.45,14.3300449972474
2022-05-21,"16","21  day ahead inc hosp",2022-06-11,"quantile",0.5,16.2161804524579
2022-05-21,"16","21  day ahead inc hosp",2022-06-11,"quantile",0.55,18.1023159076685
2022-05-21,"16","21  day ahead inc hosp",2022-06-11,"quantile",0.6,20.0188370820293
2022-05-21,"16","21  day ahead inc hosp",2022-06-11,"quantile",0.65,21.9997138260717
2022-05-21,"16","21  day ahead inc hosp",2022-06-11,"quantile",0.7,24.0872595432299
2022-05-21,"16","21  day ahead inc hosp",2022-06-11,"quantile",0.75,26.3400495964688
2022-05-21,"16","21  day ahead inc hosp",2022-06-11,"quantile",0.8,28.8486381510904
2022-05-21,"16","21  day ahead inc hosp",2022-06-11,"quantile",0.85,31.7727044895814
2022-05-21,"16","21  day ahead inc hosp",2022-06-11,"quantile",0.9,35.4518476321356
2022-05-21,"16","21  day ahead inc hosp",2022-06-11,"quantile",0.95,40.9048919939858
2022-05-21,"16","21  day ahead inc hosp",2022-06-11,"quantile",0.975,45.6345947436894
2022-05-21,"16","21  day ahead inc hosp",2022-06-11,"quantile",0.99,51.1338963308542
2022-05-21,"16","22  day ahead inc hosp",2022-06-12,"quantile",0.01,0
2022-05-21,"16","22  day ahead inc hosp",2022-06-12,"quantile",0.025,0
2022-05-21,"16","22  day ahead inc hosp",2022-06-12,"quantile",0.05,0
2022-05-21,"16","22  day ahead inc hosp",2022-06-12,"quantile",0.1,0
2022-05-21,"16","22  day ahead inc hosp",2022-06-12,"quantile",0.15,2.77118668428526
2022-05-21,"16","22  day ahead inc hosp",2022-06-12,"quantile",0.2,5.76963535210174
2022-05-21,"16","22  day ahead inc hosp",2022-06-12,"quantile",0.25,8.3420373221564
2022-05-21,"16","22  day ahead inc hosp",2022-06-12,"quantile",0.3,10.6521337946907
2022-05-21,"16","22  day ahead inc hosp",2022-06-12,"quantile",0.35,12.7927824496898
2022-05-21,"16","22  day ahead inc hosp",2022-06-12,"quantile",0.4,14.8240486887956
2022-05-21,"16","22  day ahead inc hosp",2022-06-12,"quantile",0.45,16.7893222827832
2022-05-21,"16","22  day ahead inc hosp",2022-06-12,"quantile",0.5,18.7234372064261
2022-05-21,"16","22  day ahead inc hosp",2022-06-12,"quantile",0.55,20.6575521300691
2022-05-21,"16","22  day ahead inc hosp",2022-06-12,"quantile",0.6,22.6228257240566
2022-05-21,"16","22  day ahead inc hosp",2022-06-12,"quantile",0.65,24.6540919631625
2022-05-21,"16","22  day ahead inc hosp",2022-06-12,"quantile",0.7,26.7947406181616
2022-05-21,"16","22  day ahead inc hosp",2022-06-12,"quantile",0.75,29.1048370906959
2022-05-21,"16","22  day ahead inc hosp",2022-06-12,"quantile",0.8,31.6772390607506
2022-05-21,"16","22  day ahead inc hosp",2022-06-12,"quantile",0.85,34.675687728567
2022-05-21,"16","22  day ahead inc hosp",2022-06-12,"quantile",0.9,38.4484208260627
2022-05-21,"16","22  day ahead inc hosp",2022-06-12,"quantile",0.95,44.0401795994878
2022-05-21,"16","22  day ahead inc hosp",2022-06-12,"quantile",0.975,48.8901964142004
2022-05-21,"16","22  day ahead inc hosp",2022-06-12,"quantile",0.99,54.5293891031271
2022-05-21,"16","23  day ahead inc hosp",2022-06-13,"quantile",0.01,0
2022-05-21,"16","23  day ahead inc hosp",2022-06-13,"quantile",0.025,0
2022-05-21,"16","23  day ahead inc hosp",2022-06-13,"quantile",0.05,0
2022-05-21,"16","23  day ahead inc hosp",2022-06-13,"quantile",0.1,0
2022-05-21,"16","23  day ahead inc hosp",2022-06-13,"quantile",0.15,2.4496738618036
2022-05-21,"16","23  day ahead inc hosp",2022-06-13,"quantile",0.2,5.50855536277538
2022-05-21,"16","23  day ahead inc hosp",2022-06-13,"quantile",0.25,8.13280332263579
2022-05-21,"16","23  day ahead inc hosp",2022-06-13,"quantile",0.3,10.4894590963833
2022-05-21,"16","23  day ahead inc hosp",2022-06-13,"quantile",0.35,12.6732518826795
2022-05-21,"16","23  day ahead inc hosp",2022-06-13,"quantile",0.4,14.7454576833124
2022-05-21,"16","23  day ahead inc hosp",2022-06-13,"quantile",0.45,16.7503407768671
2022-05-21,"16","23  day ahead inc hosp",2022-06-13,"quantile",0.5,18.7234372064261
2022-05-21,"16","23  day ahead inc hosp",2022-06-13,"quantile",0.55,20.6965336359852
2022-05-21,"16","23  day ahead inc hosp",2022-06-13,"quantile",0.6,22.7014167295399
2022-05-21,"16","23  day ahead inc hosp",2022-06-13,"quantile",0.65,24.7736225301728
2022-05-21,"16","23  day ahead inc hosp",2022-06-13,"quantile",0.7,26.957415316469
2022-05-21,"16","23  day ahead inc hosp",2022-06-13,"quantile",0.75,29.3140710902165
2022-05-21,"16","23  day ahead inc hosp",2022-06-13,"quantile",0.8,31.9383190500769
2022-05-21,"16","23  day ahead inc hosp",2022-06-13,"quantile",0.85,34.9972005510487
2022-05-21,"16","23  day ahead inc hosp",2022-06-13,"quantile",0.9,38.8459719520402
2022-05-21,"16","23  day ahead inc hosp",2022-06-13,"quantile",0.95,44.5504309456246
2022-05-21,"16","23  day ahead inc hosp",2022-06-13,"quantile",0.975,49.4981983938931
2022-05-21,"16","23  day ahead inc hosp",2022-06-13,"quantile",0.99,55.2510473193125
2022-05-21,"16","24  day ahead inc hosp",2022-06-14,"quantile",0.01,0
2022-05-21,"16","24  day ahead inc hosp",2022-06-14,"quantile",0.025,0
2022-05-21,"16","24  day ahead inc hosp",2022-06-14,"quantile",0.05,0
2022-05-21,"16","24  day ahead inc hosp",2022-06-14,"quantile",0.1,0
2022-05-21,"16","24  day ahead inc hosp",2022-06-14,"quantile",0.15,2.13439111955254
2022-05-21,"16","24  day ahead inc hosp",2022-06-14,"quantile",0.2,5.25253442293747
2022-05-21,"16","24  day ahead inc hosp",2022-06-14,"quantile",0.25,7.92762373249742
2022-05-21,"16","24  day ahead inc hosp",2022-06-14,"quantile",0.3,10.3299366095931
2022-05-21,"16","24  day ahead inc hosp",2022-06-14,"quantile",0.35,12.5560375064099
2022-05-21,"16","24  day ahead inc hosp",2022-06-14,"quantile",0.4,14.6683895666078
2022-05-21,"16","24  day ahead inc hosp",2022-06-14,"quantile",0.45,16.7121146309005
2022-05-21,"16","24  day ahead inc hosp",2022-06-14,"quantile",0.5,18.7234372064261
2022-05-21,"16","24  day ahead inc hosp",2022-06-14,"quantile",0.55,20.7347597819518
2022-05-21,"16","24  day ahead inc hosp",2022-06-14,"quantile",0.6,22.7784848462445
2022-05-21,"16","24  day ahead inc hosp",2022-06-14,"quantile",0.65,24.8908369064424
2022-05-21,"16","24  day ahead inc hosp",2022-06-14,"quantile",0.7,27.1169378032592
2022-05-21,"16","24  day ahead inc hosp",2022-06-14,"quantile",0.75,29.5192506803549
2022-05-21,"16","24  day ahead inc hosp",2022-06-14,"quantile",0.8,32.1943399899148
2022-05-21,"16","24  day ahead inc hosp",2022-06-14,"quantile",0.85,35.3124832932998
2022-05-21,"16","24  day ahead inc hosp",2022-06-14,"quantile",0.9,39.2358195737175
2022-05-21,"16","24  day ahead inc hosp",2022-06-14,"quantile",0.95,45.0507949510337
2022-05-21,"16","24  day ahead inc hosp",2022-06-14,"quantile",0.975,50.0944188804416
2022-05-21,"16","24  day ahead inc hosp",2022-06-14,"quantile",0.99,55.9587216808224
2022-05-21,"16","25  day ahead inc hosp",2022-06-15,"quantile",0.01,0
2022-05-21,"16","25  day ahead inc hosp",2022-06-15,"quantile",0.025,0
2022-05-21,"16","25  day ahead inc hosp",2022-06-15,"quantile",0.05,0
2022-05-21,"16","25  day ahead inc hosp",2022-06-15,"quantile",0.1,0
2022-05-21,"16","25  day ahead inc hosp",2022-06-15,"quantile",0.15,1.82498974081403
2022-05-21,"16","25  day ahead inc hosp",2022-06-15,"quantile",0.2,5.00128936205589
2022-05-21,"16","25  day ahead inc hosp",2022-06-15,"quantile",0.25,7.72627161400037
2022-05-21,"16","25  day ahead inc hosp",2022-06-15,"quantile",0.3,10.1733898953635
2022-05-21,"16","25  day ahead inc hosp",2022-06-15,"quantile",0.35,12.4410096765743
2022-05-21,"16","25  day ahead inc hosp",2022-06-15,"quantile",0.4,14.5927590979214
2022-05-21,"16","25  day ahead inc hosp",2022-06-15,"quantile",0.45,16.674601565068
2022-05-21,"16","25  day ahead inc hosp",2022-06-15,"quantile",0.5,18.7234372064261
2022-05-21,"16","25  day ahead inc hosp",2022-06-15,"quantile",0.55,20.7722728477843
2022-05-21,"16","25  day ahead inc hosp",2022-06-15,"quantile",0.6,22.8541153149309
2022-05-21,"16","25  day ahead inc hosp",2022-06-15,"quantile",0.65,25.005864736278
2022-05-21,"16","25  day ahead inc hosp",2022-06-15,"quantile",0.7,27.2734845174888
2022-05-21,"16","25  day ahead inc hosp",2022-06-15,"quantile",0.75,29.7206027988519
2022-05-21,"16","25  day ahead inc hosp",2022-06-15,"quantile",0.8,32.4455850507964
2022-05-21,"16","25  day ahead inc hosp",2022-06-15,"quantile",0.85,35.6218846720383
2022-05-21,"16","25  day ahead inc hosp",2022-06-15,"quantile",0.9,39.6183948798813
2022-05-21,"16","25  day ahead inc hosp",2022-06-15,"quantile",0.95,45.5418250405317
2022-05-21,"16","25  day ahead inc hosp",2022-06-15,"quantile",0.975,50.6795173201886
2022-05-21,"16","25  day ahead inc hosp",2022-06-15,"quantile",0.99,56.653194906936
2022-05-21,"16","26  day ahead inc hosp",2022-06-16,"quantile",0.01,0
2022-05-21,"16","26  day ahead inc hosp",2022-06-16,"quantile",0.025,0
2022-05-21,"16","26  day ahead inc hosp",2022-06-16,"quantile",0.05,0
2022-05-21,"16","26  day ahead inc hosp",2022-06-16,"quantile",0.1,0
2022-05-21,"16","26  day ahead inc hosp",2022-06-16,"quantile",0.15,1.52115237493678
2022-05-21,"16","26  day ahead inc hosp",2022-06-16,"quantile",0.2,4.75456247997421
2022-05-21,"16","26  day ahead inc hosp",2022-06-16,"quantile",0.25,7.52854044180138
2022-05-21,"16","26  day ahead inc hosp",2022-06-16,"quantile",0.3,10.0196583849153
2022-05-21,"16","26  day ahead inc hosp",2022-06-16,"quantile",0.35,12.3280504099985
2022-05-21,"16","26  day ahead inc hosp",2022-06-16,"quantile",0.4,14.5184887036542
2022-05-21,"16","26  day ahead inc hosp",2022-06-16,"quantile",0.45,16.637763102502
2022-05-21,"16","26  day ahead inc hosp",2022-06-16,"quantile",0.5,18.7234372064261
2022-05-21,"16","26  day ahead inc hosp",2022-06-16,"quantile",0.55,20.8091113103503
2022-05-21,"16","26  day ahead inc hosp",2022-06-16,"quantile",0.6,22.9283857091981
2022-05-21,"16","26  day ahead inc hosp",2022-06-16,"quantile",0.65,25.1188240028538
2022-05-21,"16","26  day ahead inc hosp",2022-06-16,"quantile",0.7,27.427216027937
2022-05-21,"16","26  day ahead inc hosp",2022-06-16,"quantile",0.75,29.9183339710509
2022-05-21,"16","26  day ahead inc hosp",2022-06-16,"quantile",0.8,32.6923119328781
2022-05-21,"16","26  day ahead inc hosp",2022-06-16,"quantile",0.85,35.9257220379155
2022-05-21,"16","26  day ahead inc hosp",2022-06-16,"quantile",0.9,39.9940902751263
2022-05-21,"16","26  day ahead inc hosp",2022-06-16,"quantile",0.95,46.0240248599631
2022-05-21,"16","26  day ahead inc hosp",2022-06-16,"quantile",0.975,51.2540938441732
2022-05-21,"16","26  day ahead inc hosp",2022-06-16,"quantile",0.99,57.3351793135826
2022-05-21,"16","27  day ahead inc hosp",2022-06-17,"quantile",0.01,0
2022-05-21,"16","27  day ahead inc hosp",2022-06-17,"quantile",0.025,0
2022-05-21,"16","27  day ahead inc hosp",2022-06-17,"quantile",0.05,0
2022-05-21,"16","27  day ahead inc hosp",2022-06-17,"quantile",0.1,0
2022-05-21,"16","27  day ahead inc hosp",2022-06-17,"quantile",0.15,1.22258922413326
2022-05-21,"16","27  day ahead inc hosp",2022-06-17,"quantile",0.2,4.5121184504535
2022-05-21,"16","27  day ahead inc hosp",2022-06-17,"quantile",0.25,7.33424162140002
2022-05-21,"16","27  day ahead inc hosp",2022-06-17,"quantile",0.3,9.86859545029333
2022-05-21,"16","27  day ahead inc hosp",2022-06-17,"quantile",0.35,12.2170519669863
2022-05-21,"16","27  day ahead inc hosp",2022-06-17,"quantile",0.4,14.4455075452644
2022-05-21,"16","27  day ahead inc hosp",2022-06-17,"quantile",0.45,16.6015641069548
2022-05-21,"16","27  day ahead inc hosp",2022-06-17,"quantile",0.5,18.7234372064261
2022-05-21,"16","27  day ahead inc hosp",2022-06-17,"quantile",0.55,20.8453103058975
2022-05-21,"16","27  day ahead inc hosp",2022-06-17,"quantile",0.6,23.0013668675879
2022-05-21,"16","27  day ahead inc hosp",2022-06-17,"quantile",0.65,25.229822445866
2022-05-21,"16","27  day ahead inc hosp",2022-06-17,"quantile",0.7,27.578278962559
2022-05-21,"16","27  day ahead inc hosp",2022-06-17,"quantile",0.75,30.1126327914523
2022-05-21,"16","27  day ahead inc hosp",2022-06-17,"quantile",0.8,32.9347559623988
2022-05-21,"16","27  day ahead inc hosp",2022-06-17,"quantile",0.85,36.224285188719
2022-05-21,"16","27  day ahead inc hosp",2022-06-17,"quantile",0.9,40.3632640948862
2022-05-21,"16","27  day ahead inc hosp",2022-06-17,"quantile",0.95,46.4978543278781
2022-05-21,"16","27  day ahead inc hosp",2022-06-17,"quantile",0.975,51.8186964791496
2022-05-21,"16","27  day ahead inc hosp",2022-06-17,"quantile",0.99,58.0053253723448
2022-05-21,"16","28  day ahead inc hosp",2022-06-18,"quantile",0.01,0
2022-05-21,"16","28  day ahead inc hosp",2022-06-18,"quantile",0.025,0
2022-05-21,"16","28  day ahead inc hosp",2022-06-18,"quantile",0.05,0
2022-05-21,"16","28  day ahead inc hosp",2022-06-18,"quantile",0.1,0
2022-05-21,"16","28  day ahead inc hosp",2022-06-18,"quantile",0.15,0.929034806374567
2022-05-21,"16","28  day ahead inc hosp",2022-06-18,"quantile",0.2,4.27374169252647
2022-05-21,"16","28  day ahead inc hosp",2022-06-18,"quantile",0.25,7.14320238249657
2022-05-21,"16","28  day ahead inc hosp",2022-06-18,"quantile",0.3,9.72006676650059
2022-05-21,"16","28  day ahead inc hosp",2022-06-18,"quantile",0.35,12.1079156478428
2022-05-21,"16","28  day ahead inc hosp",2022-06-18,"quantile",0.4,14.3737507279853
2022-05-21,"16","28  day ahead inc hosp",2022-06-18,"quantile",0.45,16.5659723903189
2022-05-21,"16","28  day ahead inc hosp",2022-06-18,"quantile",0.5,18.7234372064261
2022-05-21,"16","28  day ahead inc hosp",2022-06-18,"quantile",0.55,20.8809020225334
2022-05-21,"16","28  day ahead inc hosp",2022-06-18,"quantile",0.6,23.073123684867
2022-05-21,"16","28  day ahead inc hosp",2022-06-18,"quantile",0.65,25.3389587650095
2022-05-21,"16","28  day ahead inc hosp",2022-06-18,"quantile",0.7,27.7268076463517
2022-05-21,"16","28  day ahead inc hosp",2022-06-18,"quantile",0.75,30.3036720303557
2022-05-21,"16","28  day ahead inc hosp",2022-06-18,"quantile",0.8,33.1731327203258
2022-05-21,"16","28  day ahead inc hosp",2022-06-18,"quantile",0.85,36.5178396064777
2022-05-21,"16","28  day ahead inc hosp",2022-06-18,"quantile",0.9,40.7262446081201
2022-05-21,"16","28  day ahead inc hosp",2022-06-18,"quantile",0.95,46.9637347729242
2022-05-21,"16","28  day ahead inc hosp",2022-06-18,"quantile",0.975,52.3738272691666
2022-05-21,"16","28  day ahead inc hosp",2022-06-18,"quantile",0.99,58.6642289763687
2022-05-21,"16","29  day ahead inc hosp",2022-06-19,"quantile",0.01,0
2022-05-21,"16","29  day ahead inc hosp",2022-06-19,"quantile",0.025,0
2022-05-21,"16","29  day ahead inc hosp",2022-06-19,"quantile",0.05,0
2022-05-21,"16","29  day ahead inc hosp",2022-06-19,"quantile",0.1,0
2022-05-21,"16","29  day ahead inc hosp",2022-06-19,"quantile",0.15,1.85375961540954
2022-05-21,"16","29  day ahead inc hosp",2022-06-19,"quantile",0.2,5.25274855003833
2022-05-21,"16","29  day ahead inc hosp",2022-06-19,"quantile",0.25,8.16877840423634
2022-05-21,"16","29  day ahead inc hosp",2022-06-19,"quantile",0.3,10.7874633369976
2022-05-21,"16","29  day ahead inc hosp",2022-06-19,"quantile",0.35,13.2140651892709
2022-05-21,"16","29  day ahead inc hosp",2022-06-19,"quantile",0.4,15.5166730491659
2022-05-21,"16","29  day ahead inc hosp",2022-06-19,"quantile",0.45,17.7444728014779
2022-05-21,"16","29  day ahead inc hosp",2022-06-19,"quantile",0.5,19.9369516303885
2022-05-21,"16","29  day ahead inc hosp",2022-06-19,"quantile",0.55,22.1294304592991
2022-05-21,"16","29  day ahead inc hosp",2022-06-19,"quantile",0.6,24.3572302116111
2022-05-21,"16","29  day ahead inc hosp",2022-06-19,"quantile",0.65,26.659838071506
2022-05-21,"16","29  day ahead inc hosp",2022-06-19,"quantile",0.7,29.0864399237794
2022-05-21,"16","29  day ahead inc hosp",2022-06-19,"quantile",0.75,31.7051248565406
2022-05-21,"16","29  day ahead inc hosp",2022-06-19,"quantile",0.8,34.6211547107386
2022-05-21,"16","29  day ahead inc hosp",2022-06-19,"quantile",0.85,38.0201436453674
2022-05-21,"16","29  day ahead inc hosp",2022-06-19,"quantile",0.9,42.2968478588945
2022-05-21,"16","29  day ahead inc hosp",2022-06-19,"quantile",0.95,48.6355677442764
2022-05-21,"16","29  day ahead inc hosp",2022-06-19,"quantile",0.975,54.1334619263291
2022-05-21,"16","29  day ahead inc hosp",2022-06-19,"quantile",0.99,60.5259520681929
2022-05-21,"16","30  day ahead inc hosp",2022-06-20,"quantile",0.01,0
2022-05-21,"16","30  day ahead inc hosp",2022-06-20,"quantile",0.025,0
2022-05-21,"16","30  day ahead inc hosp",2022-06-20,"quantile",0.05,0
2022-05-21,"16","30  day ahead inc hosp",2022-06-20,"quantile",0.1,0
2022-05-21,"16","30  day ahead inc hosp",2022-06-20,"quantile",0.15,1.56951005225261
2022-05-21,"16","30  day ahead inc hosp",2022-06-20,"quantile",0.2,5.0219276691098
2022-05-21,"16","30  day ahead inc hosp",2022-06-20,"quantile",0.25,7.9837945752797
2022-05-21,"16","30  day ahead inc hosp",2022-06-20,"quantile",0.3,10.6436425973653
2022-05-21,"16","30  day ahead inc hosp",2022-06-20,"quantile",0.35,13.1083881864244
2022-05-21,"16","30  day ahead inc hosp",2022-06-20,"quantile",0.4,15.4471907224448
2022-05-21,"16","30  day ahead inc hosp",2022-06-20,"quantile",0.45,17.7100092427858
2022-05-21,"16","30  day ahead inc hosp",2022-06-20,"quantile",0.5,19.9369516303885
2022-05-21,"16","30  day ahead inc hosp",2022-06-20,"quantile",0.55,22.1638940179912
2022-05-21,"16","30  day ahead inc hosp",2022-06-20,"quantile",0.6,24.4267125383321
2022-05-21,"16","30  day ahead inc hosp",2022-06-20,"quantile",0.65,26.7655150743525
2022-05-21,"16","30  day ahead inc hosp",2022-06-20,"quantile",0.7,29.2302606634116
2022-05-21,"16","30  day ahead inc hosp",2022-06-20,"quantile",0.75,31.8901086854972
2022-05-21,"16","30  day ahead inc hosp",2022-06-20,"quantile",0.8,34.8519755916671
2022-05-21,"16","30  day ahead inc hosp",2022-06-20,"quantile",0.85,38.3043932085243
2022-05-21,"16","30  day ahead inc hosp",2022-06-20,"quantile",0.9,42.6483229043357
2022-05-21,"16","30  day ahead inc hosp",2022-06-20,"quantile",0.95,49.0866810812815
2022-05-21,"16","30  day ahead inc hosp",2022-06-20,"quantile",0.975,54.670996621811
2022-05-21,"16","30  day ahead inc hosp",2022-06-20,"quantile",0.99,61.1639702695074
2022-05-21,"16","31  day ahead inc hosp",2022-06-21,"quantile",0.01,0
2022-05-21,"16","31  day ahead inc hosp",2022-06-21,"quantile",0.025,0
2022-05-21,"16","31  day ahead inc hosp",2022-06-21,"quantile",0.05,0
2022-05-21,"16","31  day ahead inc hosp",2022-06-21,"quantile",0.1,0
2022-05-21,"16","31  day ahead inc hosp",2022-06-21,"quantile",0.15,1.28959292193139
2022-05-21,"16","31  day ahead inc hosp",2022-06-21,"quantile",0.2,4.794624879652
2022-05-21,"16","31  day ahead inc hosp",2022-06-21,"quantile",0.25,7.80163020541298
2022-05-21,"16","31  day ahead inc hosp",2022-06-21,"quantile",0.3,10.5020139233529
2022-05-21,"16","31  day ahead inc hosp",2022-06-21,"quantile",0.35,13.0043218756473
2022-05-21,"16","31  day ahead inc hosp",2022-06-21,"quantile",0.4,15.3787674211465
2022-05-21,"16","31  day ahead inc hosp",2022-06-21,"quantile",0.45,17.6760709656514
2022-05-21,"16","31  day ahead inc hosp",2022-06-21,"quantile",0.5,19.9369516303885
2022-05-21,"16","31  day ahead inc hosp",2022-06-21,"quantile",0.55,22.1978322951255
2022-05-21,"16","31  day ahead inc hosp",2022-06-21,"quantile",0.6,24.4951358396304
2022-05-21,"16","31  day ahead inc hosp",2022-06-21,"quantile",0.65,26.8695813851297
2022-05-21,"16","31  day ahead inc hosp",2022-06-21,"quantile",0.7,29.371889337424
2022-05-21,"16","31  day ahead inc hosp",2022-06-21,"quantile",0.75,32.072273055364
2022-05-21,"16","31  day ahead inc hosp",2022-06-21,"quantile",0.8,35.0792783811249
2022-05-21,"16","31  day ahead inc hosp",2022-06-21,"quantile",0.85,38.5843103388456
2022-05-21,"16","31  day ahead inc hosp",2022-06-21,"quantile",0.9,42.9944408895553
2022-05-21,"16","31  day ahead inc hosp",2022-06-21,"quantile",0.95,49.5309187059296
2022-05-21,"16","31  day ahead inc hosp",2022-06-21,"quantile",0.975,55.2003384006911
2022-05-21,"16","31  day ahead inc hosp",2022-06-21,"quantile",0.99,61.7922640196233
2022-05-21,"16","32  day ahead inc hosp",2022-06-22,"quantile",0.01,0
2022-05-21,"16","32  day ahead inc hosp",2022-06-22,"quantile",0.025,0
2022-05-21,"16","32  day ahead inc hosp",2022-06-22,"quantile",0.05,0
2022-05-21,"16","32  day ahead inc hosp",2022-06-22,"quantile",0.1,0
2022-05-21,"16","32  day ahead inc hosp",2022-06-22,"quantile",0.15,1.01381596323472
2022-05-21,"16","32  day ahead inc hosp",2022-06-22,"quantile",0.2,4.57068405863828
2022-05-21,"16","32  day ahead inc hosp",2022-06-22,"quantile",0.25,7.62216017495401
2022-05-21,"16","32  day ahead inc hosp",2022-06-22,"quantile",0.3,10.3624800372396
2022-05-21,"16","32  day ahead inc hosp",2022-06-22,"quantile",0.35,12.9017947789456
2022-05-21,"16","32  day ahead inc hosp",2022-06-22,"quantile",0.4,15.3113561486946
2022-05-21,"16","32  day ahead inc hosp",2022-06-22,"quantile",0.45,17.6426346595533
2022-05-21,"16","32  day ahead inc hosp",2022-06-22,"quantile",0.5,19.9369516303885
2022-05-21,"16","32  day ahead inc hosp",2022-06-22,"quantile",0.55,22.2312686012237
2022-05-21,"16","32  day ahead inc hosp",2022-06-22,"quantile",0.6,24.5625471120823
2022-05-21,"16","32  day ahead inc hosp",2022-06-22,"quantile",0.65,26.9721084818313
2022-05-21,"16","32  day ahead inc hosp",2022-06-22,"quantile",0.7,29.5114232235373
2022-05-21,"16","32  day ahead inc hosp",2022-06-22,"quantile",0.75,32.2517430858229
2022-05-21,"16","32  day ahead inc hosp",2022-06-22,"quantile",0.8,35.3032192021387
2022-05-21,"16","32  day ahead inc hosp",2022-06-22,"quantile",0.85,38.8600872975422
2022-05-21,"16","32  day ahead inc hosp",2022-06-22,"quantile",0.9,43.3354395458524
2022-05-21,"16","32  day ahead inc hosp",2022-06-22,"quantile",0.95,49.9685857430399
2022-05-21,"16","32  day ahead inc hosp",2022-06-22,"quantile",0.975,55.7218508416165
2022-05-21,"16","32  day ahead inc hosp",2022-06-22,"quantile",0.99,62.4112648623951
2022-05-21,"16","33  day ahead inc hosp",2022-06-23,"quantile",0.01,0
2022-05-21,"16","33  day ahead inc hosp",2022-06-23,"quantile",0.025,0
2022-05-21,"16","33  day ahead inc hosp",2022-06-23,"quantile",0.05,0
2022-05-21,"16","33  day ahead inc hosp",2022-06-23,"quantile",0.1,0
2022-05-21,"16","33  day ahead inc hosp",2022-06-23,"quantile",0.15,0.742000727790607
2022-05-21,"16","33  day ahead inc hosp",2022-06-23,"quantile",0.2,4.34996029956475
2022-05-21,"16","33  day ahead inc hosp",2022-06-23,"quantile",0.25,7.44526835333512
2022-05-21,"16","33  day ahead inc hosp",2022-06-23,"quantile",0.3,10.224950650138
2022-05-21,"16","33  day ahead inc hosp",2022-06-23,"quantile",0.35,12.8007405535996
2022-05-21,"16","33  day ahead inc hosp",2022-06-23,"quantile",0.4,15.2449132849409
2022-05-21,"16","33  day ahead inc hosp",2022-06-23,"quantile",0.45,17.6096786886941
2022-05-21,"16","33  day ahead inc hosp",2022-06-23,"quantile",0.5,19.9369516303885
2022-05-21,"16","33  day ahead inc hosp",2022-06-23,"quantile",0.55,22.2642245720828
2022-05-21,"16","33  day ahead inc hosp",2022-06-23,"quantile",0.6,24.6289899758361
2022-05-21,"16","33  day ahead inc hosp",2022-06-23,"quantile",0.65,27.0731627071773
2022-05-21,"16","33  day ahead inc hosp",2022-06-23,"quantile",0.7,29.6489526106389
2022-05-21,"16","33  day ahead inc hosp",2022-06-23,"quantile",0.75,32.4286349074418
2022-05-21,"16","33  day ahead inc hosp",2022-06-23,"quantile",0.8,35.5239429612122
2022-05-21,"16","33  day ahead inc hosp",2022-06-23,"quantile",0.85,39.1319025329863
2022-05-21,"16","33  day ahead inc hosp",2022-06-23,"quantile",0.9,43.6715395249282
2022-05-21,"16","33  day ahead inc hosp",2022-06-23,"quantile",0.95,50.3999653960046
2022-05-21,"16","33  day ahead inc hosp",2022-06-23,"quantile",0.975,56.2358714022431
2022-05-21,"16","33  day ahead inc hosp",2022-06-23,"quantile",0.99,63.0213733377851
2022-05-21,"16","34  day ahead inc hosp",2022-06-24,"quantile",0.01,0
2022-05-21,"16","34  day ahead inc hosp",2022-06-24,"quantile",0.025,0
2022-05-21,"16","34  day ahead inc hosp",2022-06-24,"quantile",0.05,0
2022-05-21,"16","34  day ahead inc hosp",2022-06-24,"quantile",0.1,0
2022-05-21,"16","34  day ahead inc hosp",2022-06-24,"quantile",0.15,0.473981229425032
2022-05-21,"16","34  day ahead inc hosp",2022-06-24,"quantile",0.2,4.13231881568106
2022-05-21,"16","34  day ahead inc hosp",2022-06-24,"quantile",0.25,7.27084672013343
2022-05-21,"16","34  day ahead inc hosp",2022-06-24,"quantile",0.3,10.0893417786144
2022-05-21,"16","34  day ahead inc hosp",2022-06-24,"quantile",0.35,12.7010974900285
2022-05-21,"16","34  day ahead inc hosp",2022-06-24,"quantile",0.4,15.1793982560127
2022-05-21,"16","34  day ahead inc hosp",2022-06-24,"quantile",0.45,17.5771829282435
2022-05-21,"16","34  day ahead inc hosp",2022-06-24,"quantile",0.5,19.9369516303885
2022-05-21,"16","34  day ahead inc hosp",2022-06-24,"quantile",0.55,22.2967203325335
2022-05-21,"16","34  day ahead inc hosp",2022-06-24,"quantile",0.6,24.6945050047642
2022-05-21,"16","34  day ahead inc hosp",2022-06-24,"quantile",0.65,27.1728057707484
2022-05-21,"16","34  day ahead inc hosp",2022-06-24,"quantile",0.7,29.7845614821626
2022-05-21,"16","34  day ahead inc hosp",2022-06-24,"quantile",0.75,32.6030565406435
2022-05-21,"16","34  day ahead inc hosp",2022-06-24,"quantile",0.8,35.7415844450959
2022-05-21,"16","34  day ahead inc hosp",2022-06-24,"quantile",0.85,39.3999220313519
2022-05-21,"16","34  day ahead inc hosp",2022-06-24,"quantile",0.9,44.0029460689557
2022-05-21,"16","34  day ahead inc hosp",2022-06-24,"quantile",0.95,50.8253210903013
2022-05-21,"16","34  day ahead inc hosp",2022-06-24,"quantile",0.975,56.7427139733876
2022-05-21,"16","34  day ahead inc hosp",2022-06-24,"quantile",0.99,63.6229620134729
2022-05-21,"16","35  day ahead inc hosp",2022-06-25,"quantile",0.01,0
2022-05-21,"16","35  day ahead inc hosp",2022-06-25,"quantile",0.025,0
2022-05-21,"16","35  day ahead inc hosp",2022-06-25,"quantile",0.05,0
2022-05-21,"16","35  day ahead inc hosp",2022-06-25,"quantile",0.1,0
2022-05-21,"16","35  day ahead inc hosp",2022-06-25,"quantile",0.15,0.209602758722642
2022-05-21,"16","35  day ahead inc hosp",2022-06-25,"quantile",0.2,3.91763397737096
2022-05-21,"16","35  day ahead inc hosp",2022-06-25,"quantile",0.25,7.09879459361098
2022-05-21,"16","35  day ahead inc hosp",2022-06-25,"quantile",0.3,9.9555751448966
2022-05-21,"16","35  day ahead inc hosp",2022-06-25,"quantile",0.35,12.6028080710733
2022-05-21,"16","35  day ahead inc hosp",2022-06-25,"quantile",0.4,15.1147732445427
2022-05-21,"16","35  day ahead inc hosp",2022-06-25,"quantile",0.45,17.5451286206105
2022-05-21,"16","35  day ahead inc hosp",2022-06-25,"quantile",0.5,19.9369516303885
2022-05-21,"16","35  day ahead inc hosp",2022-06-25,"quantile",0.55,22.3287746401665
2022-05-21,"16","35  day ahead inc hosp",2022-06-25,"quantile",0.6,24.7591300162342
2022-05-21,"16","35  day ahead inc hosp",2022-06-25,"quantile",0.65,27.2710951897037
2022-05-21,"16","35  day ahead inc hosp",2022-06-25,"quantile",0.7,29.9183281158803
2022-05-21,"16","35  day ahead inc hosp",2022-06-25,"quantile",0.75,32.775108667166
2022-05-21,"16","35  day ahead inc hosp",2022-06-25,"quantile",0.8,35.956269283406
2022-05-21,"16","35  day ahead inc hosp",2022-06-25,"quantile",0.85,39.6643005020543
2022-05-21,"16","35  day ahead inc hosp",2022-06-25,"quantile",0.9,44.3298504763778
2022-05-21,"16","35  day ahead inc hosp",2022-06-25,"quantile",0.95,51.2448983548229
2022-05-21,"16","35  day ahead inc hosp",2022-06-25,"quantile",0.975,57.2426711207712
2022-05-21,"16","35  day ahead inc hosp",2022-06-25,"quantile",0.99,64.2163781456578
2022-05-21,"16","36  day ahead inc hosp",2022-06-26,"quantile",0.01,0
2022-05-21,"16","36  day ahead inc hosp",2022-06-26,"quantile",0.025,0
2022-05-21,"16","36  day ahead inc hosp",2022-06-26,"quantile",0.05,0
2022-05-21,"16","36  day ahead inc hosp",2022-06-26,"quantile",0.1,0
2022-05-21,"16","36  day ahead inc hosp",2022-06-26,"quantile",0.15,0.917569539570781
2022-05-21,"16","36  day ahead inc hosp",2022-06-26,"quantile",0.2,4.67463716498391
2022-05-21,"16","36  day ahead inc hosp",2022-06-26,"quantile",0.25,7.89786665194369
2022-05-21,"16","36  day ahead inc hosp",2022-06-26,"quantile",0.3,10.7924263493288
2022-05-21,"16","36  day ahead inc hosp",2022-06-26,"quantile",0.35,13.4746672845849
2022-05-21,"16","36  day ahead inc hosp",2022-06-26,"quantile",0.4,16.01985163523
2022-05-21,"16","36  day ahead inc hosp",2022-06-26,"quantile",0.45,18.4823469496576
2022-05-21,"16","36  day ahead inc hosp",2022-06-26,"quantile",0.5,20.9058003312154
2022-05-21,"16","36  day ahead inc hosp",2022-06-26,"quantile",0.55,23.3292537127732
2022-05-21,"16","36  day ahead inc hosp",2022-06-26,"quantile",0.6,25.7917490272009
2022-05-21,"16","36  day ahead inc hosp",2022-06-26,"quantile",0.65,28.336933377846
2022-05-21,"16","36  day ahead inc hosp",2022-06-26,"quantile",0.7,31.0191743131021
2022-05-21,"16","36  day ahead inc hosp",2022-06-26,"quantile",0.75,33.9137340104872
2022-05-21,"16","36  day ahead inc hosp",2022-06-26,"quantile",0.8,37.136963497447
2022-05-21,"16","36  day ahead inc hosp",2022-06-26,"quantile",0.85,40.8940311228601
2022-05-21,"16","36  day ahead inc hosp",2022-06-26,"quantile",0.9,45.6212800939913
2022-05-21,"16","36  day ahead inc hosp",2022-06-26,"quantile",0.95,52.6277751800167
2022-05-21,"16","36  day ahead inc hosp",2022-06-26,"quantile",0.975,58.7048647606549
2022-05-21,"16","36  day ahead inc hosp",2022-06-26,"quantile",0.99,65.770794723852
2022-05-21,"16","37  day ahead inc hosp",2022-06-27,"quantile",0.01,0
2022-05-21,"16","37  day ahead inc hosp",2022-06-27,"quantile",0.025,0
2022-05-21,"16","37  day ahead inc hosp",2022-06-27,"quantile",0.05,0
2022-05-21,"16","37  day ahead inc hosp",2022-06-27,"quantile",0.1,0
2022-05-21,"16","37  day ahead inc hosp",2022-06-27,"quantile",0.15,0.660049002709801
2022-05-21,"16","37  day ahead inc hosp",2022-06-27,"quantile",0.2,4.46552121590285
2022-05-21,"16","37  day ahead inc hosp",2022-06-27,"quantile",0.25,7.73027752915158
2022-05-21,"16","37  day ahead inc hosp",2022-06-27,"quantile",0.3,10.6621295999846
2022-05-21,"16","37  day ahead inc hosp",2022-06-27,"quantile",0.35,13.378927476915
2022-05-21,"16","37  day ahead inc hosp",2022-06-27,"quantile",0.4,15.9569029858782
2022-05-21,"16","37  day ahead inc hosp",2022-06-27,"quantile",0.45,18.4511241254677
2022-05-21,"16","37  day ahead inc hosp",2022-06-27,"quantile",0.5,20.9058003312154
2022-05-21,"16","37  day ahead inc hosp",2022-06-27,"quantile",0.55,23.3604765369632
2022-05-21,"16","37  day ahead inc hosp",2022-06-27,"quantile",0.6,25.8546976765527
2022-05-21,"16","37  day ahead inc hosp",2022-06-27,"quantile",0.65,28.4326731855159
2022-05-21,"16","37  day ahead inc hosp",2022-06-27,"quantile",0.7,31.1494710624462
2022-05-21,"16","37  day ahead inc hosp",2022-06-27,"quantile",0.75,34.0813231332793
2022-05-21,"16","37  day ahead inc hosp",2022-06-27,"quantile",0.8,37.346079446528
2022-05-21,"16","37  day ahead inc hosp",2022-06-27,"quantile",0.85,41.1515516597211
2022-05-21,"16","37  day ahead inc hosp",2022-06-27,"quantile",0.9,45.9397046551059
2022-05-21,"16","37  day ahead inc hosp",2022-06-27,"quantile",0.95,53.0364686796319
2022-05-21,"16","37  day ahead inc hosp",2022-06-27,"quantile",0.975,59.1918531022534
2022-05-21,"16","37  day ahead inc hosp",2022-06-27,"quantile",0.99,66.3488177396302
2022-05-21,"17","1  day ahead inc hosp",2022-05-22,"quantile",0.01,119.377105748494
2022-05-21,"17","1  day ahead inc hosp",2022-05-22,"quantile",0.025,132.102675136594
2022-05-21,"17","1  day ahead inc hosp",2022-05-22,"quantile",0.05,143.047366852887
2022-05-21,"17","1  day ahead inc hosp",2022-05-22,"quantile",0.1,155.665895461151
2022-05-21,"17","1  day ahead inc hosp",2022-05-22,"quantile",0.15,164.179556806548
2022-05-21,"17","1  day ahead inc hosp",2022-05-22,"quantile",0.2,170.945944955313
2022-05-21,"17","1  day ahead inc hosp",2022-05-22,"quantile",0.25,176.750903496328
2022-05-21,"17","1  day ahead inc hosp",2022-05-22,"quantile",0.3,181.963935675946
2022-05-21,"17","1  day ahead inc hosp",2022-05-22,"quantile",0.35,186.794586887461
2022-05-21,"17","1  day ahead inc hosp",2022-05-22,"quantile",0.4,191.378402496778
2022-05-21,"17","1  day ahead inc hosp",2022-05-22,"quantile",0.45,195.813297146858
2022-05-21,"17","1  day ahead inc hosp",2022-05-22,"quantile",0.5,200.177878217781
2022-05-21,"17","1  day ahead inc hosp",2022-05-22,"quantile",0.55,204.542459288704
2022-05-21,"17","1  day ahead inc hosp",2022-05-22,"quantile",0.6,208.977353938783
2022-05-21,"17","1  day ahead inc hosp",2022-05-22,"quantile",0.65,213.5611695481
2022-05-21,"17","1  day ahead inc hosp",2022-05-22,"quantile",0.7,218.391820759616
2022-05-21,"17","1  day ahead inc hosp",2022-05-22,"quantile",0.75,223.604852939233
2022-05-21,"17","1  day ahead inc hosp",2022-05-22,"quantile",0.8,229.409811480248
2022-05-21,"17","1  day ahead inc hosp",2022-05-22,"quantile",0.85,236.176199629013
2022-05-21,"17","1  day ahead inc hosp",2022-05-22,"quantile",0.9,244.68986097441
2022-05-21,"17","1  day ahead inc hosp",2022-05-22,"quantile",0.95,257.308389582674
2022-05-21,"17","1  day ahead inc hosp",2022-05-22,"quantile",0.975,268.253081298967
2022-05-21,"17","1  day ahead inc hosp",2022-05-22,"quantile",0.99,280.978650687067
2022-05-21,"17","2  day ahead inc hosp",2022-05-23,"quantile",0.01,111.267495859142
2022-05-21,"17","2  day ahead inc hosp",2022-05-23,"quantile",0.025,127.681716996195
2022-05-21,"17","2  day ahead inc hosp",2022-05-23,"quantile",0.05,141.798852711638
2022-05-21,"17","2  day ahead inc hosp",2022-05-23,"quantile",0.1,158.075006075272
2022-05-21,"17","2  day ahead inc hosp",2022-05-23,"quantile",0.15,169.056449478504
2022-05-21,"17","2  day ahead inc hosp",2022-05-23,"quantile",0.2,177.784152576553
2022-05-21,"17","2  day ahead inc hosp",2022-05-23,"quantile",0.25,185.271744705259
2022-05-21,"17","2  day ahead inc hosp",2022-05-23,"quantile",0.3,191.995833850601
2022-05-21,"17","2  day ahead inc hosp",2022-05-23,"quantile",0.35,198.226704533365
2022-05-21,"17","2  day ahead inc hosp",2022-05-23,"quantile",0.4,204.139191493135
2022-05-21,"17","2  day ahead inc hosp",2022-05-23,"quantile",0.45,209.859591051367
2022-05-21,"17","2  day ahead inc hosp",2022-05-23,"quantile",0.5,215.489295835793
2022-05-21,"17","2  day ahead inc hosp",2022-05-23,"quantile",0.55,221.119000620218
2022-05-21,"17","2  day ahead inc hosp",2022-05-23,"quantile",0.6,226.83940017845
2022-05-21,"17","2  day ahead inc hosp",2022-05-23,"quantile",0.65,232.751887138221
2022-05-21,"17","2  day ahead inc hosp",2022-05-23,"quantile",0.7,238.982757820984
2022-05-21,"17","2  day ahead inc hosp",2022-05-23,"quantile",0.75,245.706846966326
2022-05-21,"17","2  day ahead inc hosp",2022-05-23,"quantile",0.8,253.194439095033
2022-05-21,"17","2  day ahead inc hosp",2022-05-23,"quantile",0.85,261.922142193081
2022-05-21,"17","2  day ahead inc hosp",2022-05-23,"quantile",0.9,272.903585596314
2022-05-21,"17","2  day ahead inc hosp",2022-05-23,"quantile",0.95,289.179738959947
2022-05-21,"17","2  day ahead inc hosp",2022-05-23,"quantile",0.975,303.296874675391
2022-05-21,"17","2  day ahead inc hosp",2022-05-23,"quantile",0.99,319.711095812443
2022-05-21,"17","3  day ahead inc hosp",2022-05-24,"quantile",0.01,91.573323704147
2022-05-21,"17","3  day ahead inc hosp",2022-05-24,"quantile",0.025,110.015344119235
2022-05-21,"17","3  day ahead inc hosp",2022-05-24,"quantile",0.05,125.87649908315
2022-05-21,"17","3  day ahead inc hosp",2022-05-24,"quantile",0.1,144.163394946497
2022-05-21,"17","3  day ahead inc hosp",2022-05-24,"quantile",0.15,156.501476768265
2022-05-21,"17","3  day ahead inc hosp",2022-05-24,"quantile",0.2,166.307393075052
2022-05-21,"17","3  day ahead inc hosp",2022-05-24,"quantile",0.25,174.719996130932
2022-05-21,"17","3  day ahead inc hosp",2022-05-24,"quantile",0.3,182.27477367754
2022-05-21,"17","3  day ahead inc hosp",2022-05-24,"quantile",0.35,189.275400961396
2022-05-21,"17","3  day ahead inc hosp",2022-05-24,"quantile",0.4,195.918311660941
2022-05-21,"17","3  day ahead inc hosp",2022-05-24,"quantile",0.45,202.34540464053
2022-05-21,"17","3  day ahead inc hosp",2022-05-24,"quantile",0.5,208.670598489109
2022-05-21,"17","3  day ahead inc hosp",2022-05-24,"quantile",0.55,214.995792337687
2022-05-21,"17","3  day ahead inc hosp",2022-05-24,"quantile",0.6,221.422885317276
2022-05-21,"17","3  day ahead inc hosp",2022-05-24,"quantile",0.65,228.065796016821
2022-05-21,"17","3  day ahead inc hosp",2022-05-24,"quantile",0.7,235.066423300678
2022-05-21,"17","3  day ahead inc hosp",2022-05-24,"quantile",0.75,242.621200847286
2022-05-21,"17","3  day ahead inc hosp",2022-05-24,"quantile",0.8,251.033803903165
2022-05-21,"17","3  day ahead inc hosp",2022-05-24,"quantile",0.85,260.839720209953
2022-05-21,"17","3  day ahead inc hosp",2022-05-24,"quantile",0.9,273.17780203172
2022-05-21,"17","3  day ahead inc hosp",2022-05-24,"quantile",0.95,291.464697895067
2022-05-21,"17","3  day ahead inc hosp",2022-05-24,"quantile",0.975,307.325852858983
2022-05-21,"17","3  day ahead inc hosp",2022-05-24,"quantile",0.99,325.76787327407
2022-05-21,"17","4  day ahead inc hosp",2022-05-25,"quantile",0.01,83.4176339469583
2022-05-21,"17","4  day ahead inc hosp",2022-05-25,"quantile",0.025,104.135227791068
2022-05-21,"17","4  day ahead inc hosp",2022-05-25,"quantile",0.05,121.953501442476
2022-05-21,"17","4  day ahead inc hosp",2022-05-25,"quantile",0.1,142.49682981101
2022-05-21,"17","4  day ahead inc hosp",2022-05-25,"quantile",0.15,156.35731593159
2022-05-21,"17","4  day ahead inc hosp",2022-05-25,"quantile",0.2,167.373190913875
2022-05-21,"17","4  day ahead inc hosp",2022-05-25,"quantile",0.25,176.823830776569
2022-05-21,"17","4  day ahead inc hosp",2022-05-25,"quantile",0.3,185.310797457571
2022-05-21,"17","4  day ahead inc hosp",2022-05-25,"quantile",0.35,193.175236898397
2022-05-21,"17","4  day ahead inc hosp",2022-05-25,"quantile",0.4,200.637820862531
2022-05-21,"17","4  day ahead inc hosp",2022-05-25,"quantile",0.45,207.857957211611
2022-05-21,"17","4  day ahead inc hosp",2022-05-25,"quantile",0.5,214.963621026673
2022-05-21,"17","4  day ahead inc hosp",2022-05-25,"quantile",0.55,222.069284841734
2022-05-21,"17","4  day ahead inc hosp",2022-05-25,"quantile",0.6,229.289421190815
2022-05-21,"17","4  day ahead inc hosp",2022-05-25,"quantile",0.65,236.752005154949
2022-05-21,"17","4  day ahead inc hosp",2022-05-25,"quantile",0.7,244.616444595775
2022-05-21,"17","4  day ahead inc hosp",2022-05-25,"quantile",0.75,253.103411276777
2022-05-21,"17","4  day ahead inc hosp",2022-05-25,"quantile",0.8,262.554051139471
2022-05-21,"17","4  day ahead inc hosp",2022-05-25,"quantile",0.85,273.569926121756
2022-05-21,"17","4  day ahead inc hosp",2022-05-25,"quantile",0.9,287.430412242335
2022-05-21,"17","4  day ahead inc hosp",2022-05-25,"quantile",0.95,307.973740610869
2022-05-21,"17","4  day ahead inc hosp",2022-05-25,"quantile",0.975,325.792014262278
2022-05-21,"17","4  day ahead inc hosp",2022-05-25,"quantile",0.99,346.509608106387
2022-05-21,"17","5  day ahead inc hosp",2022-05-26,"quantile",0.01,74.9955490296305
2022-05-21,"17","5  day ahead inc hosp",2022-05-26,"quantile",0.025,97.411900276673
2022-05-21,"17","5  day ahead inc hosp",2022-05-26,"quantile",0.05,116.691199011427
2022-05-21,"17","5  day ahead inc hosp",2022-05-26,"quantile",0.1,138.91899573133
2022-05-21,"17","5  day ahead inc hosp",2022-05-26,"quantile",0.15,153.915984651548
2022-05-21,"17","5  day ahead inc hosp",2022-05-26,"quantile",0.2,165.835116031113
2022-05-21,"17","5  day ahead inc hosp",2022-05-26,"quantile",0.25,176.060669455198
2022-05-21,"17","5  day ahead inc hosp",2022-05-26,"quantile",0.3,185.24353246404
2022-05-21,"17","5  day ahead inc hosp",2022-05-26,"quantile",0.35,193.752823561895
2022-05-21,"17","5  day ahead inc hosp",2022-05-26,"quantile",0.4,201.827308688368
2022-05-21,"17","5  day ahead inc hosp",2022-05-26,"quantile",0.45,209.639466493486
2022-05-21,"17","5  day ahead inc hosp",2022-05-26,"quantile",0.5,217.327765488068
2022-05-21,"17","5  day ahead inc hosp",2022-05-26,"quantile",0.55,225.016064482649
2022-05-21,"17","5  day ahead inc hosp",2022-05-26,"quantile",0.6,232.828222287767
2022-05-21,"17","5  day ahead inc hosp",2022-05-26,"quantile",0.65,240.90270741424
2022-05-21,"17","5  day ahead inc hosp",2022-05-26,"quantile",0.7,249.411998512095
2022-05-21,"17","5  day ahead inc hosp",2022-05-26,"quantile",0.75,258.594861520937
2022-05-21,"17","5  day ahead inc hosp",2022-05-26,"quantile",0.8,268.820414945022
2022-05-21,"17","5  day ahead inc hosp",2022-05-26,"quantile",0.85,280.739546324587
2022-05-21,"17","5  day ahead inc hosp",2022-05-26,"quantile",0.9,295.736535244805
2022-05-21,"17","5  day ahead inc hosp",2022-05-26,"quantile",0.95,317.964331964708
2022-05-21,"17","5  day ahead inc hosp",2022-05-26,"quantile",0.975,337.243630699462
2022-05-21,"17","5  day ahead inc hosp",2022-05-26,"quantile",0.99,359.659981946505
2022-05-21,"17","6  day ahead inc hosp",2022-05-27,"quantile",0.01,57.9904748450749
2022-05-21,"17","6  day ahead inc hosp",2022-05-27,"quantile",0.025,82.1117729297544
2022-05-21,"17","6  day ahead inc hosp",2022-05-27,"quantile",0.05,102.857420003158
2022-05-21,"17","6  day ahead inc hosp",2022-05-27,"quantile",0.1,126.775822446874
2022-05-21,"17","6  day ahead inc hosp",2022-05-27,"quantile",0.15,142.913455022778
2022-05-21,"17","6  day ahead inc hosp",2022-05-27,"quantile",0.2,155.739133820744
2022-05-21,"17","6  day ahead inc hosp",2022-05-27,"quantile",0.25,166.742424209304
2022-05-21,"17","6  day ahead inc hosp",2022-05-27,"quantile",0.3,176.623719049217
2022-05-21,"17","6  day ahead inc hosp",2022-05-27,"quantile",0.35,185.780211325708
2022-05-21,"17","6  day ahead inc hosp",2022-05-27,"quantile",0.4,194.468827080766
2022-05-21,"17","6  day ahead inc hosp",2022-05-27,"quantile",0.45,202.875163376316
2022-05-21,"17","6  day ahead inc hosp",2022-05-27,"quantile",0.5,211.148220385846
2022-05-21,"17","6  day ahead inc hosp",2022-05-27,"quantile",0.55,219.421277395377
2022-05-21,"17","6  day ahead inc hosp",2022-05-27,"quantile",0.6,227.827613690927
2022-05-21,"17","6  day ahead inc hosp",2022-05-27,"quantile",0.65,236.516229445985
2022-05-21,"17","6  day ahead inc hosp",2022-05-27,"quantile",0.7,245.672721722476
2022-05-21,"17","6  day ahead inc hosp",2022-05-27,"quantile",0.75,255.554016562389
2022-05-21,"17","6  day ahead inc hosp",2022-05-27,"quantile",0.8,266.557306950949
2022-05-21,"17","6  day ahead inc hosp",2022-05-27,"quantile",0.85,279.382985748914
2022-05-21,"17","6  day ahead inc hosp",2022-05-27,"quantile",0.9,295.520618324819
2022-05-21,"17","6  day ahead inc hosp",2022-05-27,"quantile",0.95,319.439020768535
2022-05-21,"17","6  day ahead inc hosp",2022-05-27,"quantile",0.975,340.184667841938
2022-05-21,"17","6  day ahead inc hosp",2022-05-27,"quantile",0.99,364.305965926618
2022-05-21,"17","7  day ahead inc hosp",2022-05-28,"quantile",0.01,40.404413362538
2022-05-21,"17","7  day ahead inc hosp",2022-05-28,"quantile",0.025,65.9704645723183
2022-05-21,"17","7  day ahead inc hosp",2022-05-28,"quantile",0.05,87.9586790372574
2022-05-21,"17","7  day ahead inc hosp",2022-05-28,"quantile",0.1,113.309682104566
2022-05-21,"17","7  day ahead inc hosp",2022-05-28,"quantile",0.15,130.413883519922
2022-05-21,"17","7  day ahead inc hosp",2022-05-28,"quantile",0.2,144.007760590628
2022-05-21,"17","7  day ahead inc hosp",2022-05-28,"quantile",0.25,155.670096695527
2022-05-21,"17","7  day ahead inc hosp",2022-05-28,"quantile",0.3,166.143234957377
2022-05-21,"17","7  day ahead inc hosp",2022-05-28,"quantile",0.35,175.848158366595
2022-05-21,"17","7  day ahead inc hosp",2022-05-28,"quantile",0.4,185.057181635414
2022-05-21,"17","7  day ahead inc hosp",2022-05-28,"quantile",0.45,193.967018223154
2022-05-21,"17","7  day ahead inc hosp",2022-05-28,"quantile",0.5,202.735592717966
2022-05-21,"17","7  day ahead inc hosp",2022-05-28,"quantile",0.55,211.504167212778
2022-05-21,"17","7  day ahead inc hosp",2022-05-28,"quantile",0.6,220.414003800518
2022-05-21,"17","7  day ahead inc hosp",2022-05-28,"quantile",0.65,229.623027069337
2022-05-21,"17","7  day ahead inc hosp",2022-05-28,"quantile",0.7,239.327950478555
2022-05-21,"17","7  day ahead inc hosp",2022-05-28,"quantile",0.75,249.801088740405
2022-05-21,"17","7  day ahead inc hosp",2022-05-28,"quantile",0.8,261.463424845305
2022-05-21,"17","7  day ahead inc hosp",2022-05-28,"quantile",0.85,275.05730191601
2022-05-21,"17","7  day ahead inc hosp",2022-05-28,"quantile",0.9,292.161503331366
2022-05-21,"17","7  day ahead inc hosp",2022-05-28,"quantile",0.95,317.512506398675
2022-05-21,"17","7  day ahead inc hosp",2022-05-28,"quantile",0.975,339.500720863614
2022-05-21,"17","7  day ahead inc hosp",2022-05-28,"quantile",0.99,365.066772073394
2022-05-21,"17","8  day ahead inc hosp",2022-05-29,"quantile",0.01,41.0784029721413
2022-05-21,"17","8  day ahead inc hosp",2022-05-29,"quantile",0.025,68.0336179932277
2022-05-21,"17","8  day ahead inc hosp",2022-05-29,"quantile",0.05,91.2165899730954
2022-05-21,"17","8  day ahead inc hosp",2022-05-29,"quantile",0.1,117.945071938199
2022-05-21,"17","8  day ahead inc hosp",2022-05-29,"quantile",0.15,135.978651826301
2022-05-21,"17","8  day ahead inc hosp",2022-05-29,"quantile",0.2,150.311169445249
2022-05-21,"17","8  day ahead inc hosp",2022-05-29,"quantile",0.25,162.607193370738
2022-05-21,"17","8  day ahead inc hosp",2022-05-29,"quantile",0.3,173.649402880424
2022-05-21,"17","8  day ahead inc hosp",2022-05-29,"quantile",0.35,183.88165560933
2022-05-21,"17","8  day ahead inc hosp",2022-05-29,"quantile",0.4,193.591062834887
2022-05-21,"17","8  day ahead inc hosp",2022-05-29,"quantile",0.45,202.985026691667
2022-05-21,"17","8  day ahead inc hosp",2022-05-29,"quantile",0.5,212.230052800575
2022-05-21,"17","8  day ahead inc hosp",2022-05-29,"quantile",0.55,221.475078909482
2022-05-21,"17","8  day ahead inc hosp",2022-05-29,"quantile",0.6,230.869042766263
2022-05-21,"17","8  day ahead inc hosp",2022-05-29,"quantile",0.65,240.578449991819
2022-05-21,"17","8  day ahead inc hosp",2022-05-29,"quantile",0.7,250.810702720726
2022-05-21,"17","8  day ahead inc hosp",2022-05-29,"quantile",0.75,261.852912230411
2022-05-21,"17","8  day ahead inc hosp",2022-05-29,"quantile",0.8,274.148936155901
2022-05-21,"17","8  day ahead inc hosp",2022-05-29,"quantile",0.85,288.481453774849
2022-05-21,"17","8  day ahead inc hosp",2022-05-29,"quantile",0.9,306.515033662951
2022-05-21,"17","8  day ahead inc hosp",2022-05-29,"quantile",0.95,333.243515628054
2022-05-21,"17","8  day ahead inc hosp",2022-05-29,"quantile",0.975,356.426487607922
2022-05-21,"17","8  day ahead inc hosp",2022-05-29,"quantile",0.99,383.381702629008
2022-05-21,"17","9  day ahead inc hosp",2022-05-30,"quantile",0.01,40.712071268109
2022-05-21,"17","9  day ahead inc hosp",2022-05-30,"quantile",0.025,68.9136506943502
2022-05-21,"17","9  day ahead inc hosp",2022-05-30,"quantile",0.05,93.1685648219175
2022-05-21,"17","9  day ahead inc hosp",2022-05-30,"quantile",0.1,121.132927431974
2022-05-21,"17","9  day ahead inc hosp",2022-05-30,"quantile",0.15,140.000350123871
2022-05-21,"17","9  day ahead inc hosp",2022-05-30,"quantile",0.2,154.995579569919
2022-05-21,"17","9  day ahead inc hosp",2022-05-30,"quantile",0.25,167.860151234081
2022-05-21,"17","9  day ahead inc hosp",2022-05-30,"quantile",0.3,179.4129341848
2022-05-21,"17","9  day ahead inc hosp",2022-05-30,"quantile",0.35,190.118309297479
2022-05-21,"17","9  day ahead inc hosp",2022-05-30,"quantile",0.4,200.276663398496
2022-05-21,"17","9  day ahead inc hosp",2022-05-30,"quantile",0.45,210.104988552904
2022-05-21,"17","9  day ahead inc hosp",2022-05-30,"quantile",0.5,219.777489325169
2022-05-21,"17","9  day ahead inc hosp",2022-05-30,"quantile",0.55,229.449990097434
2022-05-21,"17","9  day ahead inc hosp",2022-05-30,"quantile",0.6,239.278315251843
2022-05-21,"17","9  day ahead inc hosp",2022-05-30,"quantile",0.65,249.43666935286
2022-05-21,"17","9  day ahead inc hosp",2022-05-30,"quantile",0.7,260.142044465538
2022-05-21,"17","9  day ahead inc hosp",2022-05-30,"quantile",0.75,271.694827416258
2022-05-21,"17","9  day ahead inc hosp",2022-05-30,"quantile",0.8,284.55939908042
2022-05-21,"17","9  day ahead inc hosp",2022-05-30,"quantile",0.85,299.554628526468
2022-05-21,"17","9  day ahead inc hosp",2022-05-30,"quantile",0.9,318.422051218364
2022-05-21,"17","9  day ahead inc hosp",2022-05-30,"quantile",0.95,346.386413828421
2022-05-21,"17","9  day ahead inc hosp",2022-05-30,"quantile",0.975,370.641327955988
2022-05-21,"17","9  day ahead inc hosp",2022-05-30,"quantile",0.99,398.842907382229
2022-05-21,"17","10  day ahead inc hosp",2022-05-31,"quantile",0.01,41.5252623114436
2022-05-21,"17","10  day ahead inc hosp",2022-05-31,"quantile",0.025,70.9083372330957
2022-05-21,"17","10  day ahead inc hosp",2022-05-31,"quantile",0.05,96.1794026673033
2022-05-21,"17","10  day ahead inc hosp",2022-05-31,"quantile",0.1,125.315322655635
2022-05-21,"17","10  day ahead inc hosp",2022-05-31,"quantile",0.15,144.973189548672
2022-05-21,"17","10  day ahead inc hosp",2022-05-31,"quantile",0.2,160.596638988196
2022-05-21,"17","10  day ahead inc hosp",2022-05-31,"quantile",0.25,174.000167468991
2022-05-21,"17","10  day ahead inc hosp",2022-05-31,"quantile",0.3,186.036950298208
2022-05-21,"17","10  day ahead inc hosp",2022-05-31,"quantile",0.35,197.190823428716
2022-05-21,"17","10  day ahead inc hosp",2022-05-31,"quantile",0.4,207.774758289936
2022-05-21,"17","10  day ahead inc hosp",2022-05-31,"quantile",0.45,218.014837755046
2022-05-21,"17","10  day ahead inc hosp",2022-05-31,"quantile",0.5,228.09256462898
2022-05-21,"17","10  day ahead inc hosp",2022-05-31,"quantile",0.55,238.170291502913
2022-05-21,"17","10  day ahead inc hosp",2022-05-31,"quantile",0.6,248.410370968024
2022-05-21,"17","10  day ahead inc hosp",2022-05-31,"quantile",0.65,258.994305829244
2022-05-21,"17","10  day ahead inc hosp",2022-05-31,"quantile",0.7,270.148178959751
2022-05-21,"17","10  day ahead inc hosp",2022-05-31,"quantile",0.75,282.184961788968
2022-05-21,"17","10  day ahead inc hosp",2022-05-31,"quantile",0.8,295.588490269763
2022-05-21,"17","10  day ahead inc hosp",2022-05-31,"quantile",0.85,311.211939709287
2022-05-21,"17","10  day ahead inc hosp",2022-05-31,"quantile",0.9,330.869806602324
2022-05-21,"17","10  day ahead inc hosp",2022-05-31,"quantile",0.95,360.005726590656
2022-05-21,"17","10  day ahead inc hosp",2022-05-31,"quantile",0.975,385.276792024864
2022-05-21,"17","10  day ahead inc hosp",2022-05-31,"quantile",0.99,414.659866946516
2022-05-21,"17","11  day ahead inc hosp",2022-06-01,"quantile",0.01,42.6524550573029
2022-05-21,"17","11  day ahead inc hosp",2022-06-01,"quantile",0.025,73.1250921912054
2022-05-21,"17","11  day ahead inc hosp",2022-06-01,"quantile",0.05,99.3332412367722
2022-05-21,"17","11  day ahead inc hosp",2022-06-01,"quantile",0.1,129.549558614522
2022-05-21,"17","11  day ahead inc hosp",2022-06-01,"quantile",0.15,149.936364497002
2022-05-21,"17","11  day ahead inc hosp",2022-06-01,"quantile",0.2,166.139151537498
2022-05-21,"17","11  day ahead inc hosp",2022-06-01,"quantile",0.25,180.03970009473
2022-05-21,"17","11  day ahead inc hosp",2022-06-01,"quantile",0.3,192.522822313638
2022-05-21,"17","11  day ahead inc hosp",2022-06-01,"quantile",0.35,204.090295406561
2022-05-21,"17","11  day ahead inc hosp",2022-06-01,"quantile",0.4,215.066696186084
2022-05-21,"17","11  day ahead inc hosp",2022-06-01,"quantile",0.45,225.686490969124
2022-05-21,"17","11  day ahead inc hosp",2022-06-01,"quantile",0.5,236.13791291808
2022-05-21,"17","11  day ahead inc hosp",2022-06-01,"quantile",0.55,246.589334867035
2022-05-21,"17","11  day ahead inc hosp",2022-06-01,"quantile",0.6,257.209129650075
2022-05-21,"17","11  day ahead inc hosp",2022-06-01,"quantile",0.65,268.185530429599
2022-05-21,"17","11  day ahead inc hosp",2022-06-01,"quantile",0.7,279.753003522521
2022-05-21,"17","11  day ahead inc hosp",2022-06-01,"quantile",0.75,292.236125741429
2022-05-21,"17","11  day ahead inc hosp",2022-06-01,"quantile",0.8,306.136674298661
2022-05-21,"17","11  day ahead inc hosp",2022-06-01,"quantile",0.85,322.339461339157
2022-05-21,"17","11  day ahead inc hosp",2022-06-01,"quantile",0.9,342.726267221637
2022-05-21,"17","11  day ahead inc hosp",2022-06-01,"quantile",0.95,372.942584599387
2022-05-21,"17","11  day ahead inc hosp",2022-06-01,"quantile",0.975,399.150733644954
2022-05-21,"17","11  day ahead inc hosp",2022-06-01,"quantile",0.99,429.623370778856
2022-05-21,"17","12  day ahead inc hosp",2022-06-02,"quantile",0.01,33.3163124157445
2022-05-21,"17","12  day ahead inc hosp",2022-06-02,"quantile",0.025,64.8187864666616
2022-05-21,"17","12  day ahead inc hosp",2022-06-02,"quantile",0.05,91.9126520747676
2022-05-21,"17","12  day ahead inc hosp",2022-06-02,"quantile",0.1,123.150143924392
2022-05-21,"17","12  day ahead inc hosp",2022-06-02,"quantile",0.15,144.225931375009
2022-05-21,"17","12  day ahead inc hosp",2022-06-02,"quantile",0.2,160.976299124701
2022-05-21,"17","12  day ahead inc hosp",2022-06-02,"quantile",0.25,175.346623172911
2022-05-21,"17","12  day ahead inc hosp",2022-06-02,"quantile",0.3,188.251618301739
2022-05-21,"17","12  day ahead inc hosp",2022-06-02,"quantile",0.35,200.210019517335
2022-05-21,"17","12  day ahead inc hosp",2022-06-02,"quantile",0.4,211.557372856331
2022-05-21,"17","12  day ahead inc hosp",2022-06-02,"quantile",0.45,222.53606853366
2022-05-21,"17","12  day ahead inc hosp",2022-06-02,"quantile",0.5,233.34070113882
2022-05-21,"17","12  day ahead inc hosp",2022-06-02,"quantile",0.55,244.145333743979
2022-05-21,"17","12  day ahead inc hosp",2022-06-02,"quantile",0.6,255.124029421308
2022-05-21,"17","12  day ahead inc hosp",2022-06-02,"quantile",0.65,266.471382760304
2022-05-21,"17","12  day ahead inc hosp",2022-06-02,"quantile",0.7,278.4297839759
2022-05-21,"17","12  day ahead inc hosp",2022-06-02,"quantile",0.75,291.334779104728
2022-05-21,"17","12  day ahead inc hosp",2022-06-02,"quantile",0.8,305.705103152939
2022-05-21,"17","12  day ahead inc hosp",2022-06-02,"quantile",0.85,322.45547090263
2022-05-21,"17","12  day ahead inc hosp",2022-06-02,"quantile",0.9,343.531258353247
2022-05-21,"17","12  day ahead inc hosp",2022-06-02,"quantile",0.95,374.768750202872
2022-05-21,"17","12  day ahead inc hosp",2022-06-02,"quantile",0.975,401.862615810978
2022-05-21,"17","12  day ahead inc hosp",2022-06-02,"quantile",0.99,433.365089861895
2022-05-21,"17","13  day ahead inc hosp",2022-06-03,"quantile",0.01,21.9306136505784
2022-05-21,"17","13  day ahead inc hosp",2022-06-03,"quantile",0.025,54.3964589354041
2022-05-21,"17","13  day ahead inc hosp",2022-06-03,"quantile",0.05,82.3188769518083
2022-05-21,"17","13  day ahead inc hosp",2022-06-03,"quantile",0.1,114.511636664482
2022-05-21,"17","13  day ahead inc hosp",2022-06-03,"quantile",0.15,136.231938807154
2022-05-21,"17","13  day ahead inc hosp",2022-06-03,"quantile",0.2,153.494546402559
2022-05-21,"17","13  day ahead inc hosp",2022-06-03,"quantile",0.25,168.304326627691
2022-05-21,"17","13  day ahead inc hosp",2022-06-03,"quantile",0.3,181.60396698536
2022-05-21,"17","13  day ahead inc hosp",2022-06-03,"quantile",0.35,193.928065819372
2022-05-21,"17","13  day ahead inc hosp",2022-06-03,"quantile",0.4,205.622430436597
2022-05-21,"17","13  day ahead inc hosp",2022-06-03,"quantile",0.45,216.936863541541
2022-05-21,"17","13  day ahead inc hosp",2022-06-03,"quantile",0.5,228.071910584244
2022-05-21,"17","13  day ahead inc hosp",2022-06-03,"quantile",0.55,239.206957626947
2022-05-21,"17","13  day ahead inc hosp",2022-06-03,"quantile",0.6,250.521390731891
2022-05-21,"17","13  day ahead inc hosp",2022-06-03,"quantile",0.65,262.215755349116
2022-05-21,"17","13  day ahead inc hosp",2022-06-03,"quantile",0.7,274.539854183129
2022-05-21,"17","13  day ahead inc hosp",2022-06-03,"quantile",0.75,287.839494540797
2022-05-21,"17","13  day ahead inc hosp",2022-06-03,"quantile",0.8,302.649274765929
2022-05-21,"17","13  day ahead inc hosp",2022-06-03,"quantile",0.85,319.911882361335
2022-05-21,"17","13  day ahead inc hosp",2022-06-03,"quantile",0.9,341.632184504006
2022-05-21,"17","13  day ahead inc hosp",2022-06-03,"quantile",0.95,373.82494421668
2022-05-21,"17","13  day ahead inc hosp",2022-06-03,"quantile",0.975,401.747362233084
2022-05-21,"17","13  day ahead inc hosp",2022-06-03,"quantile",0.99,434.21320751791
2022-05-21,"17","14  day ahead inc hosp",2022-06-04,"quantile",0.01,16.3651280127469
2022-05-21,"17","14  day ahead inc hosp",2022-06-04,"quantile",0.025,49.7426118739787
2022-05-21,"17","14  day ahead inc hosp",2022-06-04,"quantile",0.05,78.4490893592483
2022-05-21,"17","14  day ahead inc hosp",2022-06-04,"quantile",0.1,111.545819425307
2022-05-21,"17","14  day ahead inc hosp",2022-06-04,"quantile",0.15,133.876026073798
2022-05-21,"17","14  day ahead inc hosp",2022-06-04,"quantile",0.2,151.623366436062
2022-05-21,"17","14  day ahead inc hosp",2022-06-04,"quantile",0.25,166.849004213735
2022-05-21,"17","14  day ahead inc hosp",2022-06-04,"quantile",0.3,180.522097506203
2022-05-21,"17","14  day ahead inc hosp",2022-06-04,"quantile",0.35,193.192256139921
2022-05-21,"17","14  day ahead inc hosp",2022-06-04,"quantile",0.4,205.214997665805
2022-05-21,"17","14  day ahead inc hosp",2022-06-04,"quantile",0.45,216.847139230151
2022-05-21,"17","14  day ahead inc hosp",2022-06-04,"quantile",0.5,228.294857584664
2022-05-21,"17","14  day ahead inc hosp",2022-06-04,"quantile",0.55,239.742575939177
2022-05-21,"17","14  day ahead inc hosp",2022-06-04,"quantile",0.6,251.374717503523
2022-05-21,"17","14  day ahead inc hosp",2022-06-04,"quantile",0.65,263.397459029407
2022-05-21,"17","14  day ahead inc hosp",2022-06-04,"quantile",0.7,276.067617663124
2022-05-21,"17","14  day ahead inc hosp",2022-06-04,"quantile",0.75,289.740710955593
2022-05-21,"17","14  day ahead inc hosp",2022-06-04,"quantile",0.8,304.966348733266
2022-05-21,"17","14  day ahead inc hosp",2022-06-04,"quantile",0.85,322.71368909553
2022-05-21,"17","14  day ahead inc hosp",2022-06-04,"quantile",0.9,345.043895744021
2022-05-21,"17","14  day ahead inc hosp",2022-06-04,"quantile",0.95,378.14062581008
2022-05-21,"17","14  day ahead inc hosp",2022-06-04,"quantile",0.975,406.847103295349
2022-05-21,"17","14  day ahead inc hosp",2022-06-04,"quantile",0.99,440.224587156581
2022-05-21,"17","15  day ahead inc hosp",2022-06-05,"quantile",0.01,13.3254192549807
2022-05-21,"17","15  day ahead inc hosp",2022-06-05,"quantile",0.025,47.5627036049237
2022-05-21,"17","15  day ahead inc hosp",2022-06-05,"quantile",0.05,77.0086569438444
2022-05-21,"17","15  day ahead inc hosp",2022-06-05,"quantile",0.1,110.957955310253
2022-05-21,"17","15  day ahead inc hosp",2022-06-05,"quantile",0.15,133.863385743413
2022-05-21,"17","15  day ahead inc hosp",2022-06-05,"quantile",0.2,152.067895734768
2022-05-21,"17","15  day ahead inc hosp",2022-06-05,"quantile",0.25,167.685744347044
2022-05-21,"17","15  day ahead inc hosp",2022-06-05,"quantile",0.3,181.711055090772
2022-05-21,"17","15  day ahead inc hosp",2022-06-05,"quantile",0.35,194.707595683975
2022-05-21,"17","15  day ahead inc hosp",2022-06-05,"quantile",0.4,207.040041772449
2022-05-21,"17","15  day ahead inc hosp",2022-06-05,"quantile",0.45,218.971826085283
2022-05-21,"17","15  day ahead inc hosp",2022-06-05,"quantile",0.5,230.714436465712
2022-05-21,"17","15  day ahead inc hosp",2022-06-05,"quantile",0.55,242.457046846142
2022-05-21,"17","15  day ahead inc hosp",2022-06-05,"quantile",0.6,254.388831158976
2022-05-21,"17","15  day ahead inc hosp",2022-06-05,"quantile",0.65,266.72127724745
2022-05-21,"17","15  day ahead inc hosp",2022-06-05,"quantile",0.7,279.717817840653
2022-05-21,"17","15  day ahead inc hosp",2022-06-05,"quantile",0.75,293.74312858438
2022-05-21,"17","15  day ahead inc hosp",2022-06-05,"quantile",0.8,309.360977196657
2022-05-21,"17","15  day ahead inc hosp",2022-06-05,"quantile",0.85,327.565487188012
2022-05-21,"17","15  day ahead inc hosp",2022-06-05,"quantile",0.9,350.470917621172
2022-05-21,"17","15  day ahead inc hosp",2022-06-05,"quantile",0.95,384.42021598758
2022-05-21,"17","15  day ahead inc hosp",2022-06-05,"quantile",0.975,413.866169326501
2022-05-21,"17","15  day ahead inc hosp",2022-06-05,"quantile",0.99,448.103453676444
2022-05-21,"17","16  day ahead inc hosp",2022-06-06,"quantile",0.01,19.1408485703968
2022-05-21,"17","16  day ahead inc hosp",2022-06-06,"quantile",0.025,54.193733656107
2022-05-21,"17","16  day ahead inc hosp",2022-06-06,"quantile",0.05,84.341148622741
2022-05-21,"17","16  day ahead inc hosp",2022-06-06,"quantile",0.1,119.099187321572
2022-05-21,"17","16  day ahead inc hosp",2022-06-06,"quantile",0.15,142.550271017515
2022-05-21,"17","16  day ahead inc hosp",2022-06-06,"quantile",0.2,161.188448924568
2022-05-21,"17","16  day ahead inc hosp",2022-06-06,"quantile",0.25,177.178345993991
2022-05-21,"17","16  day ahead inc hosp",2022-06-06,"quantile",0.3,191.537767750877
2022-05-21,"17","16  day ahead inc hosp",2022-06-06,"quantile",0.35,204.843911990266
2022-05-21,"17","16  day ahead inc hosp",2022-06-06,"quantile",0.4,217.470141662764
2022-05-21,"17","16  day ahead inc hosp",2022-06-06,"quantile",0.45,229.686164993071
2022-05-21,"17","16  day ahead inc hosp",2022-06-06,"quantile",0.5,241.708507888738
2022-05-21,"17","16  day ahead inc hosp",2022-06-06,"quantile",0.55,253.730850784404
2022-05-21,"17","16  day ahead inc hosp",2022-06-06,"quantile",0.6,265.946874114711
2022-05-21,"17","16  day ahead inc hosp",2022-06-06,"quantile",0.65,278.573103787209
2022-05-21,"17","16  day ahead inc hosp",2022-06-06,"quantile",0.7,291.879248026598
2022-05-21,"17","16  day ahead inc hosp",2022-06-06,"quantile",0.75,306.238669783484
2022-05-21,"17","16  day ahead inc hosp",2022-06-06,"quantile",0.8,322.228566852907
2022-05-21,"17","16  day ahead inc hosp",2022-06-06,"quantile",0.85,340.86674475996
2022-05-21,"17","16  day ahead inc hosp",2022-06-06,"quantile",0.9,364.317828455903
2022-05-21,"17","16  day ahead inc hosp",2022-06-06,"quantile",0.95,399.075867154734
2022-05-21,"17","16  day ahead inc hosp",2022-06-06,"quantile",0.975,429.223282121368
2022-05-21,"17","16  day ahead inc hosp",2022-06-06,"quantile",0.99,464.276167207079
2022-05-21,"17","17  day ahead inc hosp",2022-06-07,"quantile",0.01,14.421966788809
2022-05-21,"17","17  day ahead inc hosp",2022-06-07,"quantile",0.025,50.2480642958675
2022-05-21,"17","17  day ahead inc hosp",2022-06-07,"quantile",0.05,81.0604846013415
2022-05-21,"17","17  day ahead inc hosp",2022-06-07,"quantile",0.1,116.585231866327
2022-05-21,"17","17  day ahead inc hosp",2022-06-07,"quantile",0.15,140.553610191897
2022-05-21,"17","17  day ahead inc hosp",2022-06-07,"quantile",0.2,159.602917472005
2022-05-21,"17","17  day ahead inc hosp",2022-06-07,"quantile",0.25,175.945526935855
2022-05-21,"17","17  day ahead inc hosp",2022-06-07,"quantile",0.3,190.621695323971
2022-05-21,"17","17  day ahead inc hosp",2022-06-07,"quantile",0.35,204.221352521879
2022-05-21,"17","17  day ahead inc hosp",2022-06-07,"quantile",0.4,217.126097289317
2022-05-21,"17","17  day ahead inc hosp",2022-06-07,"quantile",0.45,229.611587197208
2022-05-21,"17","17  day ahead inc hosp",2022-06-07,"quantile",0.5,241.899124379676
2022-05-21,"17","17  day ahead inc hosp",2022-06-07,"quantile",0.55,254.186661562144
2022-05-21,"17","17  day ahead inc hosp",2022-06-07,"quantile",0.6,266.672151470035
2022-05-21,"17","17  day ahead inc hosp",2022-06-07,"quantile",0.65,279.576896237472
2022-05-21,"17","17  day ahead inc hosp",2022-06-07,"quantile",0.7,293.17655343538
2022-05-21,"17","17  day ahead inc hosp",2022-06-07,"quantile",0.75,307.852721823497
2022-05-21,"17","17  day ahead inc hosp",2022-06-07,"quantile",0.8,324.195331287347
2022-05-21,"17","17  day ahead inc hosp",2022-06-07,"quantile",0.85,343.244638567455
2022-05-21,"17","17  day ahead inc hosp",2022-06-07,"quantile",0.9,367.213016893025
2022-05-21,"17","17  day ahead inc hosp",2022-06-07,"quantile",0.95,402.73776415801
2022-05-21,"17","17  day ahead inc hosp",2022-06-07,"quantile",0.975,433.550184463484
2022-05-21,"17","17  day ahead inc hosp",2022-06-07,"quantile",0.99,469.376281970543
2022-05-21,"17","18  day ahead inc hosp",2022-06-08,"quantile",0.01,9.13054886489422
2022-05-21,"17","18  day ahead inc hosp",2022-06-08,"quantile",0.025,45.6920012869066
2022-05-21,"17","18  day ahead inc hosp",2022-06-08,"quantile",0.05,77.1368673872036
2022-05-21,"17","18  day ahead inc hosp",2022-06-08,"quantile",0.1,113.390784149332
2022-05-21,"17","18  day ahead inc hosp",2022-06-08,"quantile",0.15,137.851129672884
2022-05-21,"17","18  day ahead inc hosp",2022-06-08,"quantile",0.2,157.291436886271
2022-05-21,"17","18  day ahead inc hosp",2022-06-08,"quantile",0.25,173.969489477579
2022-05-21,"17","18  day ahead inc hosp",2022-06-08,"quantile",0.3,188.94689616146
2022-05-21,"17","18  day ahead inc hosp",2022-06-08,"quantile",0.35,202.825695533873
2022-05-21,"17","18  day ahead inc hosp",2022-06-08,"quantile",0.4,215.995318927544
2022-05-21,"17","18  day ahead inc hosp",2022-06-08,"quantile",0.45,228.737081971731
2022-05-21,"17","18  day ahead inc hosp",2022-06-08,"quantile",0.5,241.27682917674
2022-05-21,"17","18  day ahead inc hosp",2022-06-08,"quantile",0.55,253.816576381749
2022-05-21,"17","18  day ahead inc hosp",2022-06-08,"quantile",0.6,266.558339425935
2022-05-21,"17","18  day ahead inc hosp",2022-06-08,"quantile",0.65,279.727962819606
2022-05-21,"17","18  day ahead inc hosp",2022-06-08,"quantile",0.7,293.60676219202
2022-05-21,"17","18  day ahead inc hosp",2022-06-08,"quantile",0.75,308.5841688759
2022-05-21,"17","18  day ahead inc hosp",2022-06-08,"quantile",0.8,325.262221467209
2022-05-21,"17","18  day ahead inc hosp",2022-06-08,"quantile",0.85,344.702528680595
2022-05-21,"17","18  day ahead inc hosp",2022-06-08,"quantile",0.9,369.162874204147
2022-05-21,"17","18  day ahead inc hosp",2022-06-08,"quantile",0.95,405.416790966276
2022-05-21,"17","18  day ahead inc hosp",2022-06-08,"quantile",0.975,436.861657066573
2022-05-21,"17","18  day ahead inc hosp",2022-06-08,"quantile",0.99,473.423109488585
2022-05-21,"17","19  day ahead inc hosp",2022-06-09,"quantile",0.01,2.61592958731654
2022-05-21,"17","19  day ahead inc hosp",2022-06-09,"quantile",0.025,39.8770246321658
2022-05-21,"17","19  day ahead inc hosp",2022-06-09,"quantile",0.05,71.9236219858941
2022-05-21,"17","19  day ahead inc hosp",2022-06-09,"quantile",0.1,108.871296346019
2022-05-21,"17","19  day ahead inc hosp",2022-06-09,"quantile",0.15,133.799716827318
2022-05-21,"17","19  day ahead inc hosp",2022-06-09,"quantile",0.2,153.612035178843
2022-05-21,"17","19  day ahead inc hosp",2022-06-09,"quantile",0.25,170.609240202176
2022-05-21,"17","19  day ahead inc hosp",2022-06-09,"quantile",0.3,185.873255633834
2022-05-21,"17","19  day ahead inc hosp",2022-06-09,"quantile",0.35,200.017640724305
2022-05-21,"17","19  day ahead inc hosp",2022-06-09,"quantile",0.4,213.439278992729
2022-05-21,"17","19  day ahead inc hosp",2022-06-09,"quantile",0.45,226.424869344784
2022-05-21,"17","19  day ahead inc hosp",2022-06-09,"quantile",0.5,239.204578067813
2022-05-21,"17","19  day ahead inc hosp",2022-06-09,"quantile",0.55,251.984286790843
2022-05-21,"17","19  day ahead inc hosp",2022-06-09,"quantile",0.6,264.969877142897
2022-05-21,"17","19  day ahead inc hosp",2022-06-09,"quantile",0.65,278.391515411321
2022-05-21,"17","19  day ahead inc hosp",2022-06-09,"quantile",0.7,292.535900501793
2022-05-21,"17","19  day ahead inc hosp",2022-06-09,"quantile",0.75,307.799915933451
2022-05-21,"17","19  day ahead inc hosp",2022-06-09,"quantile",0.8,324.797120956783
2022-05-21,"17","19  day ahead inc hosp",2022-06-09,"quantile",0.85,344.609439308308
2022-05-21,"17","19  day ahead inc hosp",2022-06-09,"quantile",0.9,369.537859789607
2022-05-21,"17","19  day ahead inc hosp",2022-06-09,"quantile",0.95,406.485534149732
2022-05-21,"17","19  day ahead inc hosp",2022-06-09,"quantile",0.975,438.532131503461
2022-05-21,"17","19  day ahead inc hosp",2022-06-09,"quantile",0.99,475.79322654831
2022-05-21,"17","20  day ahead inc hosp",2022-06-10,"quantile",0.01,6.74038556738878
2022-05-21,"17","20  day ahead inc hosp",2022-06-10,"quantile",0.025,44.6684416623386
2022-05-21,"17","20  day ahead inc hosp",2022-06-10,"quantile",0.05,77.2886623139722
2022-05-21,"17","20  day ahead inc hosp",2022-06-10,"quantile",0.1,114.897687599515
2022-05-21,"17","20  day ahead inc hosp",2022-06-10,"quantile",0.15,140.272318410423
2022-05-21,"17","20  day ahead inc hosp",2022-06-10,"quantile",0.2,160.439270586766
2022-05-21,"17","20  day ahead inc hosp",2022-06-10,"quantile",0.25,177.740719854598
2022-05-21,"17","20  day ahead inc hosp",2022-06-10,"quantile",0.3,193.27795602088
2022-05-21,"17","20  day ahead inc hosp",2022-06-10,"quantile",0.35,207.67552084001
2022-05-21,"17","20  day ahead inc hosp",2022-06-10,"quantile",0.4,221.337401912431
2022-05-21,"17","20  day ahead inc hosp",2022-06-10,"quantile",0.45,234.55542995766
2022-05-21,"17","20  day ahead inc hosp",2022-06-10,"quantile",0.5,247.563891162055
2022-05-21,"17","20  day ahead inc hosp",2022-06-10,"quantile",0.55,260.572352366449
2022-05-21,"17","20  day ahead inc hosp",2022-06-10,"quantile",0.6,273.790380411678
2022-05-21,"17","20  day ahead inc hosp",2022-06-10,"quantile",0.65,287.452261484099
2022-05-21,"17","20  day ahead inc hosp",2022-06-10,"quantile",0.7,301.849826303229
2022-05-21,"17","20  day ahead inc hosp",2022-06-10,"quantile",0.75,317.387062469511
2022-05-21,"17","20  day ahead inc hosp",2022-06-10,"quantile",0.8,334.688511737343
2022-05-21,"17","20  day ahead inc hosp",2022-06-10,"quantile",0.85,354.855463913686
2022-05-21,"17","20  day ahead inc hosp",2022-06-10,"quantile",0.9,380.230094724594
2022-05-21,"17","20  day ahead inc hosp",2022-06-10,"quantile",0.95,417.839120010137
2022-05-21,"17","20  day ahead inc hosp",2022-06-10,"quantile",0.975,450.459340661771
2022-05-21,"17","20  day ahead inc hosp",2022-06-10,"quantile",0.99,488.38739675672
2022-05-21,"17","21  day ahead inc hosp",2022-06-11,"quantile",0.01,0
2022-05-21,"17","21  day ahead inc hosp",2022-06-11,"quantile",0.025,38.0116180851595
2022-05-21,"17","21  day ahead inc hosp",2022-06-11,"quantile",0.05,71.1790668003668
2022-05-21,"17","21  day ahead inc hosp",2022-06-11,"quantile",0.1,109.419010996597
2022-05-21,"17","21  day ahead inc hosp",2022-06-11,"quantile",0.15,135.219319801251
2022-05-21,"17","21  day ahead inc hosp",2022-06-11,"quantile",0.2,155.724587352757
2022-05-21,"17","21  day ahead inc hosp",2022-06-11,"quantile",0.25,173.316281088306
2022-05-21,"17","21  day ahead inc hosp",2022-06-11,"quantile",0.3,189.11416575698
2022-05-21,"17","21  day ahead inc hosp",2022-06-11,"quantile",0.35,203.753260257969
2022-05-21,"17","21  day ahead inc hosp",2022-06-11,"quantile",0.4,217.644329379235
2022-05-21,"17","21  day ahead inc hosp",2022-06-11,"quantile",0.45,231.084099514093
2022-05-21,"17","21  day ahead inc hosp",2022-06-11,"quantile",0.5,244.31078717106
2022-05-21,"17","21  day ahead inc hosp",2022-06-11,"quantile",0.55,257.537474828028
2022-05-21,"17","21  day ahead inc hosp",2022-06-11,"quantile",0.6,270.977244962886
2022-05-21,"17","21  day ahead inc hosp",2022-06-11,"quantile",0.65,284.868314084152
2022-05-21,"17","21  day ahead inc hosp",2022-06-11,"quantile",0.7,299.507408585141
2022-05-21,"17","21  day ahead inc hosp",2022-06-11,"quantile",0.75,315.305293253815
2022-05-21,"17","21  day ahead inc hosp",2022-06-11,"quantile",0.8,332.896986989364
2022-05-21,"17","21  day ahead inc hosp",2022-06-11,"quantile",0.85,353.40225454087
2022-05-21,"17","21  day ahead inc hosp",2022-06-11,"quantile",0.9,379.202563345524
2022-05-21,"17","21  day ahead inc hosp",2022-06-11,"quantile",0.95,417.442507541754
2022-05-21,"17","21  day ahead inc hosp",2022-06-11,"quantile",0.975,450.609956256961
2022-05-21,"17","21  day ahead inc hosp",2022-06-11,"quantile",0.99,489.174283237801
2022-05-21,"17","22  day ahead inc hosp",2022-06-12,"quantile",0.01,3.23525781555921
2022-05-21,"17","22  day ahead inc hosp",2022-06-12,"quantile",0.025,43.1906723494222
2022-05-21,"17","22  day ahead inc hosp",2022-06-12,"quantile",0.05,77.554533103563
2022-05-21,"17","22  day ahead inc hosp",2022-06-12,"quantile",0.1,117.173863757804
2022-05-21,"17","22  day ahead inc hosp",2022-06-12,"quantile",0.15,143.904838057026
2022-05-21,"17","22  day ahead inc hosp",2022-06-12,"quantile",0.2,165.149769040918
2022-05-21,"17","22  day ahead inc hosp",2022-06-12,"quantile",0.25,183.376028140573
2022-05-21,"17","22  day ahead inc hosp",2022-06-12,"quantile",0.3,199.743772118282
2022-05-21,"17","22  day ahead inc hosp",2022-06-12,"quantile",0.35,214.910926195105
2022-05-21,"17","22  day ahead inc hosp",2022-06-12,"quantile",0.4,229.303072214779
2022-05-21,"17","22  day ahead inc hosp",2022-06-12,"quantile",0.45,243.227640047763
2022-05-21,"17","22  day ahead inc hosp",2022-06-12,"quantile",0.5,256.931439118512
2022-05-21,"17","22  day ahead inc hosp",2022-06-12,"quantile",0.55,270.63523818926
2022-05-21,"17","22  day ahead inc hosp",2022-06-12,"quantile",0.6,284.559806022244
2022-05-21,"17","22  day ahead inc hosp",2022-06-12,"quantile",0.65,298.951952041918
2022-05-21,"17","22  day ahead inc hosp",2022-06-12,"quantile",0.7,314.119106118741
2022-05-21,"17","22  day ahead inc hosp",2022-06-12,"quantile",0.75,330.48685009645
2022-05-21,"17","22  day ahead inc hosp",2022-06-12,"quantile",0.8,348.713109196106
2022-05-21,"17","22  day ahead inc hosp",2022-06-12,"quantile",0.85,369.958040179997
2022-05-21,"17","22  day ahead inc hosp",2022-06-12,"quantile",0.9,396.689014479219
2022-05-21,"17","22  day ahead inc hosp",2022-06-12,"quantile",0.95,436.30834513346
2022-05-21,"17","22  day ahead inc hosp",2022-06-12,"quantile",0.975,470.672205887601
2022-05-21,"17","22  day ahead inc hosp",2022-06-12,"quantile",0.99,510.627620421464
2022-05-21,"17","23  day ahead inc hosp",2022-06-13,"quantile",0.01,2.2389597617763
2022-05-21,"17","23  day ahead inc hosp",2022-06-13,"quantile",0.025,43.3517905169859
2022-05-21,"17","23  day ahead inc hosp",2022-06-13,"quantile",0.05,78.7110930736698
2022-05-21,"17","23  day ahead inc hosp",2022-06-13,"quantile",0.1,119.478104374278
2022-05-21,"17","23  day ahead inc hosp",2022-06-13,"quantile",0.15,146.983413356979
2022-05-21,"17","23  day ahead inc hosp",2022-06-13,"quantile",0.2,168.84376100039
2022-05-21,"17","23  day ahead inc hosp",2022-06-13,"quantile",0.25,187.597992796175
2022-05-21,"17","23  day ahead inc hosp",2022-06-13,"quantile",0.3,204.43987257269
2022-05-21,"17","23  day ahead inc hosp",2022-06-13,"quantile",0.35,220.046384127467
2022-05-21,"17","23  day ahead inc hosp",2022-06-13,"quantile",0.4,234.855437428857
2022-05-21,"17","23  day ahead inc hosp",2022-06-13,"quantile",0.45,249.18336788173
2022-05-21,"17","23  day ahead inc hosp",2022-06-13,"quantile",0.5,263.284134410421
2022-05-21,"17","23  day ahead inc hosp",2022-06-13,"quantile",0.55,277.384900939113
2022-05-21,"17","23  day ahead inc hosp",2022-06-13,"quantile",0.6,291.712831391986
2022-05-21,"17","23  day ahead inc hosp",2022-06-13,"quantile",0.65,306.521884693376
2022-05-21,"17","23  day ahead inc hosp",2022-06-13,"quantile",0.7,322.128396248153
2022-05-21,"17","23  day ahead inc hosp",2022-06-13,"quantile",0.75,338.970276024668
2022-05-21,"17","23  day ahead inc hosp",2022-06-13,"quantile",0.8,357.724507820453
2022-05-21,"17","23  day ahead inc hosp",2022-06-13,"quantile",0.85,379.584855463864
2022-05-21,"17","23  day ahead inc hosp",2022-06-13,"quantile",0.9,407.090164446565
2022-05-21,"17","23  day ahead inc hosp",2022-06-13,"quantile",0.95,447.857175747173
2022-05-21,"17","23  day ahead inc hosp",2022-06-13,"quantile",0.975,483.216478303857
2022-05-21,"17","23  day ahead inc hosp",2022-06-13,"quantile",0.99,524.329309059067
2022-05-21,"17","24  day ahead inc hosp",2022-06-14,"quantile",0.01,0
2022-05-21,"17","24  day ahead inc hosp",2022-06-14,"quantile",0.025,35.5287151837836
2022-05-21,"17","24  day ahead inc hosp",2022-06-14,"quantile",0.05,71.7319027878482
2022-05-21,"17","24  day ahead inc hosp",2022-06-14,"quantile",0.1,113.471859502406
2022-05-21,"17","24  day ahead inc hosp",2022-06-14,"quantile",0.15,141.63361013683
2022-05-21,"17","24  day ahead inc hosp",2022-06-14,"quantile",0.2,164.015676795407
2022-05-21,"17","24  day ahead inc hosp",2022-06-14,"quantile",0.25,183.217497051462
2022-05-21,"17","24  day ahead inc hosp",2022-06-14,"quantile",0.3,200.461325098603
2022-05-21,"17","24  day ahead inc hosp",2022-06-14,"quantile",0.35,216.440301628381
2022-05-21,"17","24  day ahead inc hosp",2022-06-14,"quantile",0.4,231.602787767619
2022-05-21,"17","24  day ahead inc hosp",2022-06-14,"quantile",0.45,246.272668581354
2022-05-21,"17","24  day ahead inc hosp",2022-06-14,"quantile",0.5,260.709963977126
2022-05-21,"17","24  day ahead inc hosp",2022-06-14,"quantile",0.55,275.147259372898
2022-05-21,"17","24  day ahead inc hosp",2022-06-14,"quantile",0.6,289.817140186633
2022-05-21,"17","24  day ahead inc hosp",2022-06-14,"quantile",0.65,304.979626325871
2022-05-21,"17","24  day ahead inc hosp",2022-06-14,"quantile",0.7,320.958602855649
2022-05-21,"17","24  day ahead inc hosp",2022-06-14,"quantile",0.75,338.20243090279
2022-05-21,"17","24  day ahead inc hosp",2022-06-14,"quantile",0.8,357.404251158845
2022-05-21,"17","24  day ahead inc hosp",2022-06-14,"quantile",0.85,379.786317817422
2022-05-21,"17","24  day ahead inc hosp",2022-06-14,"quantile",0.9,407.948068451846
2022-05-21,"17","24  day ahead inc hosp",2022-06-14,"quantile",0.95,449.688025166404
2022-05-21,"17","24  day ahead inc hosp",2022-06-14,"quantile",0.975,485.891212770468
2022-05-21,"17","24  day ahead inc hosp",2022-06-14,"quantile",0.99,527.985242266072
2022-05-21,"17","25  day ahead inc hosp",2022-06-15,"quantile",0.01,0
2022-05-21,"17","25  day ahead inc hosp",2022-06-15,"quantile",0.025,33.3399350832541
2022-05-21,"17","25  day ahead inc hosp",2022-06-15,"quantile",0.05,70.4027267256023
2022-05-21,"17","25  day ahead inc hosp",2022-06-15,"quantile",0.1,113.133751843916
2022-05-21,"17","25  day ahead inc hosp",2022-06-15,"quantile",0.15,141.964171625245
2022-05-21,"17","25  day ahead inc hosp",2022-06-15,"quantile",0.2,164.87767532454
2022-05-21,"17","25  day ahead inc hosp",2022-06-15,"quantile",0.25,184.535421241479
2022-05-21,"17","25  day ahead inc hosp",2022-06-15,"quantile",0.3,202.188684623069
2022-05-21,"17","25  day ahead inc hosp",2022-06-15,"quantile",0.35,218.547064008277
2022-05-21,"17","25  day ahead inc hosp",2022-06-15,"quantile",0.4,234.069566355431
2022-05-21,"17","25  day ahead inc hosp",2022-06-15,"quantile",0.45,249.08776701676
2022-05-21,"17","25  day ahead inc hosp",2022-06-15,"quantile",0.5,263.867859780538
2022-05-21,"17","25  day ahead inc hosp",2022-06-15,"quantile",0.55,278.647952544315
2022-05-21,"17","25  day ahead inc hosp",2022-06-15,"quantile",0.6,293.666153205644
2022-05-21,"17","25  day ahead inc hosp",2022-06-15,"quantile",0.65,309.188655552798
2022-05-21,"17","25  day ahead inc hosp",2022-06-15,"quantile",0.7,325.547034938006
2022-05-21,"17","25  day ahead inc hosp",2022-06-15,"quantile",0.75,343.200298319596
2022-05-21,"17","25  day ahead inc hosp",2022-06-15,"quantile",0.8,362.858044236535
2022-05-21,"17","25  day ahead inc hosp",2022-06-15,"quantile",0.85,385.77154793583
2022-05-21,"17","25  day ahead inc hosp",2022-06-15,"quantile",0.9,414.601967717159
2022-05-21,"17","25  day ahead inc hosp",2022-06-15,"quantile",0.95,457.332992835473
2022-05-21,"17","25  day ahead inc hosp",2022-06-15,"quantile",0.975,494.395784477821
2022-05-21,"17","25  day ahead inc hosp",2022-06-15,"quantile",0.99,537.489289437789
2022-05-21,"17","26  day ahead inc hosp",2022-06-16,"quantile",0.01,0
2022-05-21,"17","26  day ahead inc hosp",2022-06-16,"quantile",0.025,28.3827461577735
2022-05-21,"17","26  day ahead inc hosp",2022-06-16,"quantile",0.05,66.224751706273
2022-05-21,"17","26  day ahead inc hosp",2022-06-16,"quantile",0.1,109.85416055449
2022-05-21,"17","26  day ahead inc hosp",2022-06-16,"quantile",0.15,139.290715573299
2022-05-21,"17","26  day ahead inc hosp",2022-06-16,"quantile",0.2,162.685956344464
2022-05-21,"17","26  day ahead inc hosp",2022-06-16,"quantile",0.25,182.756989774386
2022-05-21,"17","26  day ahead inc hosp",2022-06-16,"quantile",0.3,200.781398115822
2022-05-21,"17","26  day ahead inc hosp",2022-06-16,"quantile",0.35,217.483698617984
2022-05-21,"17","26  day ahead inc hosp",2022-06-16,"quantile",0.4,233.332548473008
2022-05-21,"17","26  day ahead inc hosp",2022-06-16,"quantile",0.45,248.666494124989
2022-05-21,"17","26  day ahead inc hosp",2022-06-16,"quantile",0.5,263.757325861882
2022-05-21,"17","26  day ahead inc hosp",2022-06-16,"quantile",0.55,278.848157598776
2022-05-21,"17","26  day ahead inc hosp",2022-06-16,"quantile",0.6,294.182103250757
2022-05-21,"17","26  day ahead inc hosp",2022-06-16,"quantile",0.65,310.030953105781
2022-05-21,"17","26  day ahead inc hosp",2022-06-16,"quantile",0.7,326.733253607942
2022-05-21,"17","26  day ahead inc hosp",2022-06-16,"quantile",0.75,344.757661949378
2022-05-21,"17","26  day ahead inc hosp",2022-06-16,"quantile",0.8,364.8286953793
2022-05-21,"17","26  day ahead inc hosp",2022-06-16,"quantile",0.85,388.223936150465
2022-05-21,"17","26  day ahead inc hosp",2022-06-16,"quantile",0.9,417.660491169274
2022-05-21,"17","26  day ahead inc hosp",2022-06-16,"quantile",0.95,461.289900017491
2022-05-21,"17","26  day ahead inc hosp",2022-06-16,"quantile",0.975,499.131905565991
2022-05-21,"17","26  day ahead inc hosp",2022-06-16,"quantile",0.99,543.13141508853
2022-05-21,"17","27  day ahead inc hosp",2022-06-17,"quantile",0.01,0
2022-05-21,"17","27  day ahead inc hosp",2022-06-17,"quantile",0.025,21.0418327054765
2022-05-21,"17","27  day ahead inc hosp",2022-06-17,"quantile",0.05,59.6476703562282
2022-05-21,"17","27  day ahead inc hosp",2022-06-17,"quantile",0.1,104.157728699564
2022-05-21,"17","27  day ahead inc hosp",2022-06-17,"quantile",0.15,134.188453751836
2022-05-21,"17","27  day ahead inc hosp",2022-06-17,"quantile",0.2,158.055922030025
2022-05-21,"17","27  day ahead inc hosp",2022-06-17,"quantile",0.25,178.532084613039
2022-05-21,"17","27  day ahead inc hosp",2022-06-17,"quantile",0.3,196.920311454994
2022-05-21,"17","27  day ahead inc hosp",2022-06-17,"quantile",0.35,213.959744017681
2022-05-21,"17","27  day ahead inc hosp",2022-06-17,"quantile",0.4,230.128499229929
2022-05-21,"17","27  day ahead inc hosp",2022-06-17,"quantile",0.45,245.771957017258
2022-05-21,"17","27  day ahead inc hosp",2022-06-17,"quantile",0.5,261.167393691529
2022-05-21,"17","27  day ahead inc hosp",2022-06-17,"quantile",0.55,276.562830365799
2022-05-21,"17","27  day ahead inc hosp",2022-06-17,"quantile",0.6,292.206288153128
2022-05-21,"17","27  day ahead inc hosp",2022-06-17,"quantile",0.65,308.375043365376
2022-05-21,"17","27  day ahead inc hosp",2022-06-17,"quantile",0.7,325.414475928064
2022-05-21,"17","27  day ahead inc hosp",2022-06-17,"quantile",0.75,343.802702770019
2022-05-21,"17","27  day ahead inc hosp",2022-06-17,"quantile",0.8,364.278865353032
2022-05-21,"17","27  day ahead inc hosp",2022-06-17,"quantile",0.85,388.146333631221
2022-05-21,"17","27  day ahead inc hosp",2022-06-17,"quantile",0.9,418.177058683494
2022-05-21,"17","27  day ahead inc hosp",2022-06-17,"quantile",0.95,462.687117026829
2022-05-21,"17","27  day ahead inc hosp",2022-06-17,"quantile",0.975,501.292954677581
2022-05-21,"17","27  day ahead inc hosp",2022-06-17,"quantile",0.99,546.180584091483
2022-05-21,"17","28  day ahead inc hosp",2022-06-18,"quantile",0.01,0
2022-05-21,"17","28  day ahead inc hosp",2022-06-18,"quantile",0.025,12.2523586697097
2022-05-21,"17","28  day ahead inc hosp",2022-06-18,"quantile",0.05,51.5714826383415
2022-05-21,"17","28  day ahead inc hosp",2022-06-18,"quantile",0.1,96.903914424563
2022-05-21,"17","28  day ahead inc hosp",2022-06-18,"quantile",0.15,127.489490934524
2022-05-21,"17","28  day ahead inc hosp",2022-06-18,"quantile",0.2,151.797937562135
2022-05-21,"17","28  day ahead inc hosp",2022-06-18,"quantile",0.25,172.652420303495
2022-05-21,"17","28  day ahead inc hosp",2022-06-18,"quantile",0.3,191.380390340122
2022-05-21,"17","28  day ahead inc hosp",2022-06-18,"quantile",0.35,208.734645604531
2022-05-21,"17","28  day ahead inc hosp",2022-06-18,"quantile",0.4,225.202136774132
2022-05-21,"17","28  day ahead inc hosp",2022-06-18,"quantile",0.45,241.134625057444
2022-05-21,"17","28  day ahead inc hosp",2022-06-18,"quantile",0.5,256.814509758381
2022-05-21,"17","28  day ahead inc hosp",2022-06-18,"quantile",0.55,272.494394459318
2022-05-21,"17","28  day ahead inc hosp",2022-06-18,"quantile",0.6,288.42688274263
2022-05-21,"17","28  day ahead inc hosp",2022-06-18,"quantile",0.65,304.894373912231
2022-05-21,"17","28  day ahead inc hosp",2022-06-18,"quantile",0.7,322.24862917664
2022-05-21,"17","28  day ahead inc hosp",2022-06-18,"quantile",0.75,340.976599213267
2022-05-21,"17","28  day ahead inc hosp",2022-06-18,"quantile",0.8,361.831081954627
2022-05-21,"17","28  day ahead inc hosp",2022-06-18,"quantile",0.85,386.139528582238
2022-05-21,"17","28  day ahead inc hosp",2022-06-18,"quantile",0.9,416.725105092199
2022-05-21,"17","28  day ahead inc hosp",2022-06-18,"quantile",0.95,462.05753687842
2022-05-21,"17","28  day ahead inc hosp",2022-06-18,"quantile",0.975,501.376660847052
2022-05-21,"17","28  day ahead inc hosp",2022-06-18,"quantile",0.99,547.093639754486
2022-05-21,"17","29  day ahead inc hosp",2022-06-19,"quantile",0.01,0
2022-05-21,"17","29  day ahead inc hosp",2022-06-19,"quantile",0.025,13.5277356349968
2022-05-21,"17","29  day ahead inc hosp",2022-06-19,"quantile",0.05,53.5357156994231
2022-05-21,"17","29  day ahead inc hosp",2022-06-19,"quantile",0.1,99.6623544470722
2022-05-21,"17","29  day ahead inc hosp",2022-06-19,"quantile",0.15,130.783778623403
2022-05-21,"17","29  day ahead inc hosp",2022-06-19,"quantile",0.2,155.518099989527
2022-05-21,"17","29  day ahead inc hosp",2022-06-19,"quantile",0.25,176.737945335926
2022-05-21,"17","29  day ahead inc hosp",2022-06-19,"quantile",0.3,195.794022283884
2022-05-21,"17","29  day ahead inc hosp",2022-06-19,"quantile",0.35,213.452317499345
2022-05-21,"17","29  day ahead inc hosp",2022-06-19,"quantile",0.4,230.208312850364
2022-05-21,"17","29  day ahead inc hosp",2022-06-19,"quantile",0.45,246.419932268029
2022-05-21,"17","29  day ahead inc hosp",2022-06-19,"quantile",0.5,262.374522584641
2022-05-21,"17","29  day ahead inc hosp",2022-06-19,"quantile",0.55,278.329112901252
2022-05-21,"17","29  day ahead inc hosp",2022-06-19,"quantile",0.6,294.540732318917
2022-05-21,"17","29  day ahead inc hosp",2022-06-19,"quantile",0.65,311.296727669936
2022-05-21,"17","29  day ahead inc hosp",2022-06-19,"quantile",0.7,328.955022885398
2022-05-21,"17","29  day ahead inc hosp",2022-06-19,"quantile",0.75,348.011099833356
2022-05-21,"17","29  day ahead inc hosp",2022-06-19,"quantile",0.8,369.230945179755
2022-05-21,"17","29  day ahead inc hosp",2022-06-19,"quantile",0.85,393.965266545879
2022-05-21,"17","29  day ahead inc hosp",2022-06-19,"quantile",0.9,425.086690722209
2022-05-21,"17","29  day ahead inc hosp",2022-06-19,"quantile",0.95,471.213329469859
2022-05-21,"17","29  day ahead inc hosp",2022-06-19,"quantile",0.975,511.221309534285
2022-05-21,"17","29  day ahead inc hosp",2022-06-19,"quantile",0.99,557.739232522436
2022-05-21,"17","30  day ahead inc hosp",2022-06-20,"quantile",0.01,0
2022-05-21,"17","30  day ahead inc hosp",2022-06-20,"quantile",0.025,11.424489971391
2022-05-21,"17","30  day ahead inc hosp",2022-06-20,"quantile",0.05,52.0846031032948
2022-05-21,"17","30  day ahead inc hosp",2022-06-20,"quantile",0.1,98.9631095126077
2022-05-21,"17","30  day ahead inc hosp",2022-06-20,"quantile",0.15,130.591815230763
2022-05-21,"17","30  day ahead inc hosp",2022-06-20,"quantile",0.2,155.729307885177
2022-05-21,"17","30  day ahead inc hosp",2022-06-20,"quantile",0.25,177.295038297877
2022-05-21,"17","30  day ahead inc hosp",2022-06-20,"quantile",0.3,196.661730725401
2022-05-21,"17","30  day ahead inc hosp",2022-06-20,"quantile",0.35,214.60785747364
2022-05-21,"17","30  day ahead inc hosp",2022-06-20,"quantile",0.4,231.636976802158
2022-05-21,"17","30  day ahead inc hosp",2022-06-20,"quantile",0.45,248.112846828891
2022-05-21,"17","30  day ahead inc hosp",2022-06-20,"quantile",0.5,264.327498160999
2022-05-21,"17","30  day ahead inc hosp",2022-06-20,"quantile",0.55,280.542149493107
2022-05-21,"17","30  day ahead inc hosp",2022-06-20,"quantile",0.6,297.018019519841
2022-05-21,"17","30  day ahead inc hosp",2022-06-20,"quantile",0.65,314.047138848359
2022-05-21,"17","30  day ahead inc hosp",2022-06-20,"quantile",0.7,331.993265596598
2022-05-21,"17","30  day ahead inc hosp",2022-06-20,"quantile",0.75,351.359958024121
2022-05-21,"17","30  day ahead inc hosp",2022-06-20,"quantile",0.8,372.925688436821
2022-05-21,"17","30  day ahead inc hosp",2022-06-20,"quantile",0.85,398.063181091235
2022-05-21,"17","30  day ahead inc hosp",2022-06-20,"quantile",0.9,429.691886809391
2022-05-21,"17","30  day ahead inc hosp",2022-06-20,"quantile",0.95,476.570393218703
2022-05-21,"17","30  day ahead inc hosp",2022-06-20,"quantile",0.975,517.230506350607
2022-05-21,"17","30  day ahead inc hosp",2022-06-20,"quantile",0.99,564.506674962809
2022-05-21,"17","31  day ahead inc hosp",2022-06-21,"quantile",0.01,0
2022-05-21,"17","31  day ahead inc hosp",2022-06-21,"quantile",0.025,13.5887992609302
2022-05-21,"17","31  day ahead inc hosp",2022-06-21,"quantile",0.05,54.8754080403478
2022-05-21,"17","31  day ahead inc hosp",2022-06-21,"quantile",0.1,102.476223808027
2022-05-21,"17","31  day ahead inc hosp",2022-06-21,"quantile",0.15,134.5922682211
2022-05-21,"17","31  day ahead inc hosp",2022-06-21,"quantile",0.2,160.117082221284
2022-05-21,"17","31  day ahead inc hosp",2022-06-21,"quantile",0.25,182.015099860908
2022-05-21,"17","31  day ahead inc hosp",2022-06-21,"quantile",0.3,201.680196487977
2022-05-21,"17","31  day ahead inc hosp",2022-06-21,"quantile",0.35,219.902839198212
2022-05-21,"17","31  day ahead inc hosp",2022-06-21,"quantile",0.4,237.194345134108
2022-05-21,"17","31  day ahead inc hosp",2022-06-21,"quantile",0.45,253.924077240056
2022-05-21,"17","31  day ahead inc hosp",2022-06-21,"quantile",0.5,270.388565764022
2022-05-21,"17","31  day ahead inc hosp",2022-06-21,"quantile",0.55,286.853054287989
2022-05-21,"17","31  day ahead inc hosp",2022-06-21,"quantile",0.6,303.582786393937
2022-05-21,"17","31  day ahead inc hosp",2022-06-21,"quantile",0.65,320.874292329833
2022-05-21,"17","31  day ahead inc hosp",2022-06-21,"quantile",0.7,339.096935040067
2022-05-21,"17","31  day ahead inc hosp",2022-06-21,"quantile",0.75,358.762031667137
2022-05-21,"17","31  day ahead inc hosp",2022-06-21,"quantile",0.8,380.660049306761
2022-05-21,"17","31  day ahead inc hosp",2022-06-21,"quantile",0.85,406.184863306945
2022-05-21,"17","31  day ahead inc hosp",2022-06-21,"quantile",0.9,438.300907720018
2022-05-21,"17","31  day ahead inc hosp",2022-06-21,"quantile",0.95,485.901723487697
2022-05-21,"17","31  day ahead inc hosp",2022-06-21,"quantile",0.975,527.188332267115
2022-05-21,"17","31  day ahead inc hosp",2022-06-21,"quantile",0.99,575.192937462131
2022-05-21,"17","32  day ahead inc hosp",2022-06-22,"quantile",0.01,0
2022-05-21,"17","32  day ahead inc hosp",2022-06-22,"quantile",0.025,12.243801087423
2022-05-21,"17","32  day ahead inc hosp",2022-06-22,"quantile",0.05,54.1275050056996
2022-05-21,"17","32  day ahead inc hosp",2022-06-22,"quantile",0.1,102.416733228188
2022-05-21,"17","32  day ahead inc hosp",2022-06-22,"quantile",0.15,134.997246256275
2022-05-21,"17","32  day ahead inc hosp",2022-06-22,"quantile",0.2,160.891205187718
2022-05-21,"17","32  day ahead inc hosp",2022-06-22,"quantile",0.25,183.105916309075
2022-05-21,"17","32  day ahead inc hosp",2022-06-22,"quantile",0.3,203.055413470563
2022-05-21,"17","32  day ahead inc hosp",2022-06-22,"quantile",0.35,221.541595660089
2022-05-21,"17","32  day ahead inc hosp",2022-06-22,"quantile",0.4,239.083174790251
2022-05-21,"17","32  day ahead inc hosp",2022-06-22,"quantile",0.45,256.054855605725
2022-05-21,"17","32  day ahead inc hosp",2022-06-22,"quantile",0.5,272.757456833836
2022-05-21,"17","32  day ahead inc hosp",2022-06-22,"quantile",0.55,289.460058061948
2022-05-21,"17","32  day ahead inc hosp",2022-06-22,"quantile",0.6,306.431738877422
2022-05-21,"17","32  day ahead inc hosp",2022-06-22,"quantile",0.65,323.973318007584
2022-05-21,"17","32  day ahead inc hosp",2022-06-22,"quantile",0.7,342.45950019711
2022-05-21,"17","32  day ahead inc hosp",2022-06-22,"quantile",0.75,362.408997358598
2022-05-21,"17","32  day ahead inc hosp",2022-06-22,"quantile",0.8,384.623708479955
2022-05-21,"17","32  day ahead inc hosp",2022-06-22,"quantile",0.85,410.517667411398
2022-05-21,"17","32  day ahead inc hosp",2022-06-22,"quantile",0.9,443.098180439485
2022-05-21,"17","32  day ahead inc hosp",2022-06-22,"quantile",0.95,491.387408661973
2022-05-21,"17","32  day ahead inc hosp",2022-06-22,"quantile",0.975,533.27111258025
2022-05-21,"17","32  day ahead inc hosp",2022-06-22,"quantile",0.99,581.969969912998
2022-05-21,"17","33  day ahead inc hosp",2022-06-23,"quantile",0.01,0
2022-05-21,"17","33  day ahead inc hosp",2022-06-23,"quantile",0.025,6.85200919677931
2022-05-21,"17","33  day ahead inc hosp",2022-06-23,"quantile",0.05,49.3085613602607
2022-05-21,"17","33  day ahead inc hosp",2022-06-23,"quantile",0.1,98.2582469220405
2022-05-21,"17","33  day ahead inc hosp",2022-06-23,"quantile",0.15,131.28436738142
2022-05-21,"17","33  day ahead inc hosp",2022-06-23,"quantile",0.2,157.532480973211
2022-05-21,"17","33  day ahead inc hosp",2022-06-23,"quantile",0.25,180.051025258617
2022-05-21,"17","33  day ahead inc hosp",2022-06-23,"quantile",0.3,200.27337399178
2022-05-21,"17","33  day ahead inc hosp",2022-06-23,"quantile",0.35,219.012393825476
2022-05-21,"17","33  day ahead inc hosp",2022-06-23,"quantile",0.4,236.793891154908
2022-05-21,"17","33  day ahead inc hosp",2022-06-23,"quantile",0.45,253.997695604726
2022-05-21,"17","33  day ahead inc hosp",2022-06-23,"quantile",0.5,270.928740234657
2022-05-21,"17","33  day ahead inc hosp",2022-06-23,"quantile",0.55,287.859784864588
2022-05-21,"17","33  day ahead inc hosp",2022-06-23,"quantile",0.6,305.063589314406
2022-05-21,"17","33  day ahead inc hosp",2022-06-23,"quantile",0.65,322.845086643839
2022-05-21,"17","33  day ahead inc hosp",2022-06-23,"quantile",0.7,341.584106477535
2022-05-21,"17","33  day ahead inc hosp",2022-06-23,"quantile",0.75,361.806455210698
2022-05-21,"17","33  day ahead inc hosp",2022-06-23,"quantile",0.8,384.324999496104
2022-05-21,"17","33  day ahead inc hosp",2022-06-23,"quantile",0.85,410.573113087895
2022-05-21,"17","33  day ahead inc hosp",2022-06-23,"quantile",0.9,443.599233547274
2022-05-21,"17","33  day ahead inc hosp",2022-06-23,"quantile",0.95,492.548919109054
2022-05-21,"17","33  day ahead inc hosp",2022-06-23,"quantile",0.975,535.005471272535
2022-05-21,"17","33  day ahead inc hosp",2022-06-23,"quantile",0.99,584.370388489122
2022-05-21,"17","34  day ahead inc hosp",2022-06-24,"quantile",0.01,0
2022-05-21,"17","34  day ahead inc hosp",2022-06-24,"quantile",0.025,0.479372319951665
2022-05-21,"17","34  day ahead inc hosp",2022-06-24,"quantile",0.05,43.4838786949389
2022-05-21,"17","34  day ahead inc hosp",2022-06-24,"quantile",0.1,93.0653203694663
2022-05-21,"17","34  day ahead inc hosp",2022-06-24,"quantile",0.15,126.517683678848
2022-05-21,"17","34  day ahead inc hosp",2022-06-24,"quantile",0.2,153.104561575647
2022-05-21,"17","34  day ahead inc hosp",2022-06-24,"quantile",0.25,175.913735470604
2022-05-21,"17","34  day ahead inc hosp",2022-06-24,"quantile",0.3,196.39707857543
2022-05-21,"17","34  day ahead inc hosp",2022-06-24,"quantile",0.35,215.377948590408
2022-05-21,"17","34  day ahead inc hosp",2022-06-24,"quantile",0.4,233.388938091297
2022-05-21,"17","34  day ahead inc hosp",2022-06-24,"quantile",0.45,250.81477887289
2022-05-21,"17","34  day ahead inc hosp",2022-06-24,"quantile",0.5,267.964339532442
2022-05-21,"17","34  day ahead inc hosp",2022-06-24,"quantile",0.55,285.113900191994
2022-05-21,"17","34  day ahead inc hosp",2022-06-24,"quantile",0.6,302.539740973587
2022-05-21,"17","34  day ahead inc hosp",2022-06-24,"quantile",0.65,320.550730474476
2022-05-21,"17","34  day ahead inc hosp",2022-06-24,"quantile",0.7,339.531600489454
2022-05-21,"17","34  day ahead inc hosp",2022-06-24,"quantile",0.75,360.014943594281
2022-05-21,"17","34  day ahead inc hosp",2022-06-24,"quantile",0.8,382.824117489238
2022-05-21,"17","34  day ahead inc hosp",2022-06-24,"quantile",0.85,409.410995386037
2022-05-21,"17","34  day ahead inc hosp",2022-06-24,"quantile",0.9,442.863358695418
2022-05-21,"17","34  day ahead inc hosp",2022-06-24,"quantile",0.95,492.444800369946
2022-05-21,"17","34  day ahead inc hosp",2022-06-24,"quantile",0.975,535.449306744933
2022-05-21,"17","34  day ahead inc hosp",2022-06-24,"quantile",0.99,585.451339151309
2022-05-21,"17","35  day ahead inc hosp",2022-06-25,"quantile",0.01,0
2022-05-21,"17","35  day ahead inc hosp",2022-06-25,"quantile",0.025,0
2022-05-21,"17","35  day ahead inc hosp",2022-06-25,"quantile",0.05,41.9027592514792
2022-05-21,"17","35  day ahead inc hosp",2022-06-25,"quantile",0.1,92.0904070224543
2022-05-21,"17","35  day ahead inc hosp",2022-06-25,"quantile",0.15,125.951774707139
2022-05-21,"17","35  day ahead inc hosp",2022-06-25,"quantile",0.2,152.863716315727
2022-05-21,"17","35  day ahead inc hosp",2022-06-25,"quantile",0.25,175.951765931177
2022-05-21,"17","35  day ahead inc hosp",2022-06-25,"quantile",0.3,196.685548052022
2022-05-21,"17","35  day ahead inc hosp",2022-06-25,"quantile",0.35,215.898487138216
2022-05-21,"17","35  day ahead inc hosp",2022-06-25,"quantile",0.4,234.129687493605
2022-05-21,"17","35  day ahead inc hosp",2022-06-25,"quantile",0.45,251.768584825407
2022-05-21,"17","35  day ahead inc hosp",2022-06-25,"quantile",0.5,269.127824104057
2022-05-21,"17","35  day ahead inc hosp",2022-06-25,"quantile",0.55,286.487063382707
2022-05-21,"17","35  day ahead inc hosp",2022-06-25,"quantile",0.6,304.125960714509
2022-05-21,"17","35  day ahead inc hosp",2022-06-25,"quantile",0.65,322.357161069898
2022-05-21,"17","35  day ahead inc hosp",2022-06-25,"quantile",0.7,341.570100156092
2022-05-21,"17","35  day ahead inc hosp",2022-06-25,"quantile",0.75,362.303882276937
2022-05-21,"17","35  day ahead inc hosp",2022-06-25,"quantile",0.8,385.391931892387
2022-05-21,"17","35  day ahead inc hosp",2022-06-25,"quantile",0.85,412.303873500975
2022-05-21,"17","35  day ahead inc hosp",2022-06-25,"quantile",0.9,446.16524118566
2022-05-21,"17","35  day ahead inc hosp",2022-06-25,"quantile",0.95,496.352888956635
2022-05-21,"17","35  day ahead inc hosp",2022-06-25,"quantile",0.975,539.883188714363
2022-05-21,"17","35  day ahead inc hosp",2022-06-25,"quantile",0.99,590.496569557893
2022-05-21,"17","36  day ahead inc hosp",2022-06-26,"quantile",0.01,0
2022-05-21,"17","36  day ahead inc hosp",2022-06-26,"quantile",0.025,0
2022-05-21,"17","36  day ahead inc hosp",2022-06-26,"quantile",0.05,37.717791468431
2022-05-21,"17","36  day ahead inc hosp",2022-06-26,"quantile",0.1,88.4865915703354
2022-05-21,"17","36  day ahead inc hosp",2022-06-26,"quantile",0.15,122.740059973671
2022-05-21,"17","36  day ahead inc hosp",2022-06-26,"quantile",0.2,149.963630803597
2022-05-21,"17","36  day ahead inc hosp",2022-06-26,"quantile",0.25,173.319030542963
2022-05-21,"17","36  day ahead inc hosp",2022-06-26,"quantile",0.3,194.292901337888
2022-05-21,"17","36  day ahead inc hosp",2022-06-26,"quantile",0.35,213.728318360982
2022-05-21,"17","36  day ahead inc hosp",2022-06-26,"quantile",0.4,232.170628522324
2022-05-21,"17","36  day ahead inc hosp",2022-06-26,"quantile",0.45,250.013777034539
2022-05-21,"17","36  day ahead inc hosp",2022-06-26,"quantile",0.5,267.574029168305
2022-05-21,"17","36  day ahead inc hosp",2022-06-26,"quantile",0.55,285.13428130207
2022-05-21,"17","36  day ahead inc hosp",2022-06-26,"quantile",0.6,302.977429814285
2022-05-21,"17","36  day ahead inc hosp",2022-06-26,"quantile",0.65,321.419739975627
2022-05-21,"17","36  day ahead inc hosp",2022-06-26,"quantile",0.7,340.855156998721
2022-05-21,"17","36  day ahead inc hosp",2022-06-26,"quantile",0.75,361.829027793646
2022-05-21,"17","36  day ahead inc hosp",2022-06-26,"quantile",0.8,385.184427533012
2022-05-21,"17","36  day ahead inc hosp",2022-06-26,"quantile",0.85,412.407998362938
2022-05-21,"17","36  day ahead inc hosp",2022-06-26,"quantile",0.9,446.661466766274
2022-05-21,"17","36  day ahead inc hosp",2022-06-26,"quantile",0.95,497.430266868178
2022-05-21,"17","36  day ahead inc hosp",2022-06-26,"quantile",0.975,541.464629603428
2022-05-21,"17","36  day ahead inc hosp",2022-06-26,"quantile",0.99,592.664092591865
2022-05-21,"17","37  day ahead inc hosp",2022-06-27,"quantile",0.01,0
2022-05-21,"17","37  day ahead inc hosp",2022-06-27,"quantile",0.025,0
2022-05-21,"17","37  day ahead inc hosp",2022-06-27,"quantile",0.05,39.6317936265468
2022-05-21,"17","37  day ahead inc hosp",2022-06-27,"quantile",0.1,90.9586397300665
2022-05-21,"17","37  day ahead inc hosp",2022-06-27,"quantile",0.15,125.588619121363
2022-05-21,"17","37  day ahead inc hosp",2022-06-27,"quantile",0.2,153.111428948878
2022-05-21,"17","37  day ahead inc hosp",2022-06-27,"quantile",0.25,176.723549103431
2022-05-21,"17","37  day ahead inc hosp",2022-06-27,"quantile",0.3,197.927962765471
2022-05-21,"17","37  day ahead inc hosp",2022-06-27,"quantile",0.35,217.577012112704
2022-05-21,"17","37  day ahead inc hosp",2022-06-27,"quantile",0.4,236.222038458502
2022-05-21,"17","37  day ahead inc hosp",2022-06-27,"quantile",0.45,254.261317225194
2022-05-21,"17","37  day ahead inc hosp",2022-06-27,"quantile",0.5,272.01459004235
2022-05-21,"17","37  day ahead inc hosp",2022-06-27,"quantile",0.55,289.767862859506
2022-05-21,"17","37  day ahead inc hosp",2022-06-27,"quantile",0.6,307.807141626198
2022-05-21,"17","37  day ahead inc hosp",2022-06-27,"quantile",0.65,326.452167971996
2022-05-21,"17","37  day ahead inc hosp",2022-06-27,"quantile",0.7,346.101217319228
2022-05-21,"17","37  day ahead inc hosp",2022-06-27,"quantile",0.75,367.305630981269
2022-05-21,"17","37  day ahead inc hosp",2022-06-27,"quantile",0.8,390.917751135821
2022-05-21,"17","37  day ahead inc hosp",2022-06-27,"quantile",0.85,418.440560963337
2022-05-21,"17","37  day ahead inc hosp",2022-06-27,"quantile",0.9,453.070540354633
2022-05-21,"17","37  day ahead inc hosp",2022-06-27,"quantile",0.95,504.397386458153
2022-05-21,"17","37  day ahead inc hosp",2022-06-27,"quantile",0.975,548.915770876184
2022-05-21,"17","37  day ahead inc hosp",2022-06-27,"quantile",0.99,600.678013673247
2022-05-21,"18","1  day ahead inc hosp",2022-05-22,"quantile",0.01,11.7508250353212
2022-05-21,"18","1  day ahead inc hosp",2022-05-22,"quantile",0.025,22.2598688053502
2022-05-21,"18","1  day ahead inc hosp",2022-05-22,"quantile",0.05,31.2982262091104
2022-05-21,"18","1  day ahead inc hosp",2022-05-22,"quantile",0.1,41.7188734440875
2022-05-21,"18","1  day ahead inc hosp",2022-05-22,"quantile",0.15,48.749634661393
2022-05-21,"18","1  day ahead inc hosp",2022-05-22,"quantile",0.2,54.3374607972411
2022-05-21,"18","1  day ahead inc hosp",2022-05-22,"quantile",0.25,59.1313180723253
2022-05-21,"18","1  day ahead inc hosp",2022-05-22,"quantile",0.3,63.4363500657386
2022-05-21,"18","1  day ahead inc hosp",2022-05-22,"quantile",0.35,67.4256037856574
2022-05-21,"18","1  day ahead inc hosp",2022-05-22,"quantile",0.4,71.2110154558885
2022-05-21,"18","1  day ahead inc hosp",2022-05-22,"quantile",0.45,74.8734450550495
2022-05-21,"18","1  day ahead inc hosp",2022-05-22,"quantile",0.5,78.477808216596
2022-05-21,"18","1  day ahead inc hosp",2022-05-22,"quantile",0.55,82.0821713781425
2022-05-21,"18","1  day ahead inc hosp",2022-05-22,"quantile",0.6,85.7446009773034
2022-05-21,"18","1  day ahead inc hosp",2022-05-22,"quantile",0.65,89.5300126475345
2022-05-21,"18","1  day ahead inc hosp",2022-05-22,"quantile",0.7,93.5192663674533
2022-05-21,"18","1  day ahead inc hosp",2022-05-22,"quantile",0.75,97.8242983608666
2022-05-21,"18","1  day ahead inc hosp",2022-05-22,"quantile",0.8,102.618155635951
2022-05-21,"18","1  day ahead inc hosp",2022-05-22,"quantile",0.85,108.205981771799
2022-05-21,"18","1  day ahead inc hosp",2022-05-22,"quantile",0.9,115.236742989104
2022-05-21,"18","1  day ahead inc hosp",2022-05-22,"quantile",0.95,125.657390224082
2022-05-21,"18","1  day ahead inc hosp",2022-05-22,"quantile",0.975,134.695747627842
2022-05-21,"18","1  day ahead inc hosp",2022-05-22,"quantile",0.99,145.204791397871
2022-05-21,"18","2  day ahead inc hosp",2022-05-23,"quantile",0.01,2.83090860538177
2022-05-21,"18","2  day ahead inc hosp",2022-05-23,"quantile",0.025,14.7822935863039
2022-05-21,"18","2  day ahead inc hosp",2022-05-23,"quantile",0.05,25.0611440023212
2022-05-21,"18","2  day ahead inc hosp",2022-05-23,"quantile",0.1,36.912000234434
2022-05-21,"18","2  day ahead inc hosp",2022-05-23,"quantile",0.15,44.9077166721743
2022-05-21,"18","2  day ahead inc hosp",2022-05-23,"quantile",0.2,51.2624586275212
2022-05-21,"18","2  day ahead inc hosp",2022-05-23,"quantile",0.25,56.7142613882559
2022-05-21,"18","2  day ahead inc hosp",2022-05-23,"quantile",0.3,61.6101487624434
2022-05-21,"18","2  day ahead inc hosp",2022-05-23,"quantile",0.35,66.1469180477039
2022-05-21,"18","2  day ahead inc hosp",2022-05-23,"quantile",0.4,70.4518684477804
2022-05-21,"18","2  day ahead inc hosp",2022-05-23,"quantile",0.45,74.6169577806395
2022-05-21,"18","2  day ahead inc hosp",2022-05-23,"quantile",0.5,78.7160111957131
2022-05-21,"18","2  day ahead inc hosp",2022-05-23,"quantile",0.55,82.8150646107868
2022-05-21,"18","2  day ahead inc hosp",2022-05-23,"quantile",0.6,86.9801539436459
2022-05-21,"18","2  day ahead inc hosp",2022-05-23,"quantile",0.65,91.2851043437224
2022-05-21,"18","2  day ahead inc hosp",2022-05-23,"quantile",0.7,95.8218736289828
2022-05-21,"18","2  day ahead inc hosp",2022-05-23,"quantile",0.75,100.71776100317
2022-05-21,"18","2  day ahead inc hosp",2022-05-23,"quantile",0.8,106.169563763905
2022-05-21,"18","2  day ahead inc hosp",2022-05-23,"quantile",0.85,112.524305719252
2022-05-21,"18","2  day ahead inc hosp",2022-05-23,"quantile",0.9,120.520022156992
2022-05-21,"18","2  day ahead inc hosp",2022-05-23,"quantile",0.95,132.370878389105
2022-05-21,"18","2  day ahead inc hosp",2022-05-23,"quantile",0.975,142.649728805122
2022-05-21,"18","2  day ahead inc hosp",2022-05-23,"quantile",0.99,154.601113786044
2022-05-21,"18","3  day ahead inc hosp",2022-05-24,"quantile",0.01,0
2022-05-21,"18","3  day ahead inc hosp",2022-05-24,"quantile",0.025,9.36417158504395
2022-05-21,"18","3  day ahead inc hosp",2022-05-24,"quantile",0.05,20.7491453308024
2022-05-21,"18","3  day ahead inc hosp",2022-05-24,"quantile",0.1,33.8752909216671
2022-05-21,"18","3  day ahead inc hosp",2022-05-24,"quantile",0.15,42.7314390353076
2022-05-21,"18","3  day ahead inc hosp",2022-05-24,"quantile",0.2,49.7700248104206
2022-05-21,"18","3  day ahead inc hosp",2022-05-24,"quantile",0.25,55.8085046779064
2022-05-21,"18","3  day ahead inc hosp",2022-05-24,"quantile",0.3,61.2312462259747
2022-05-21,"18","3  day ahead inc hosp",2022-05-24,"quantile",0.35,66.2562244203034
2022-05-21,"18","3  day ahead inc hosp",2022-05-24,"quantile",0.4,71.0244373330324
2022-05-21,"18","3  day ahead inc hosp",2022-05-24,"quantile",0.45,75.6377385081761
2022-05-21,"18","3  day ahead inc hosp",2022-05-24,"quantile",0.5,80.1778975361113
2022-05-21,"18","3  day ahead inc hosp",2022-05-24,"quantile",0.55,84.7180565640464
2022-05-21,"18","3  day ahead inc hosp",2022-05-24,"quantile",0.6,89.3313577391902
2022-05-21,"18","3  day ahead inc hosp",2022-05-24,"quantile",0.65,94.0995706519191
2022-05-21,"18","3  day ahead inc hosp",2022-05-24,"quantile",0.7,99.1245488462479
2022-05-21,"18","3  day ahead inc hosp",2022-05-24,"quantile",0.75,104.547290394316
2022-05-21,"18","3  day ahead inc hosp",2022-05-24,"quantile",0.8,110.585770261802
2022-05-21,"18","3  day ahead inc hosp",2022-05-24,"quantile",0.85,117.624356036915
2022-05-21,"18","3  day ahead inc hosp",2022-05-24,"quantile",0.9,126.480504150555
2022-05-21,"18","3  day ahead inc hosp",2022-05-24,"quantile",0.95,139.60664974142
2022-05-21,"18","3  day ahead inc hosp",2022-05-24,"quantile",0.975,150.991623487179
2022-05-21,"18","3  day ahead inc hosp",2022-05-24,"quantile",0.99,164.229115884307
2022-05-21,"18","4  day ahead inc hosp",2022-05-25,"quantile",0.01,0
2022-05-21,"18","4  day ahead inc hosp",2022-05-25,"quantile",0.025,1.72966472432041
2022-05-21,"18","4  day ahead inc hosp",2022-05-25,"quantile",0.05,14.1224242438286
2022-05-21,"18","4  day ahead inc hosp",2022-05-25,"quantile",0.1,28.4104822893065
2022-05-21,"18","4  day ahead inc hosp",2022-05-25,"quantile",0.15,38.0505672198828
2022-05-21,"18","4  day ahead inc hosp",2022-05-25,"quantile",0.2,45.7122011257935
2022-05-21,"18","4  day ahead inc hosp",2022-05-25,"quantile",0.25,52.2852008122463
2022-05-21,"18","4  day ahead inc hosp",2022-05-25,"quantile",0.3,58.1879576777764
2022-05-21,"18","4  day ahead inc hosp",2022-05-25,"quantile",0.35,63.6577416003163
2022-05-21,"18","4  day ahead inc hosp",2022-05-25,"quantile",0.4,68.8480316514707
2022-05-21,"18","4  day ahead inc hosp",2022-05-25,"quantile",0.45,73.8696973427
2022-05-21,"18","4  day ahead inc hosp",2022-05-25,"quantile",0.5,78.8117464215998
2022-05-21,"18","4  day ahead inc hosp",2022-05-25,"quantile",0.55,83.7537955004996
2022-05-21,"18","4  day ahead inc hosp",2022-05-25,"quantile",0.6,88.7754611917288
2022-05-21,"18","4  day ahead inc hosp",2022-05-25,"quantile",0.65,93.9657512428832
2022-05-21,"18","4  day ahead inc hosp",2022-05-25,"quantile",0.7,99.4355351654231
2022-05-21,"18","4  day ahead inc hosp",2022-05-25,"quantile",0.75,105.338292030953
2022-05-21,"18","4  day ahead inc hosp",2022-05-25,"quantile",0.8,111.911291717406
2022-05-21,"18","4  day ahead inc hosp",2022-05-25,"quantile",0.85,119.572925623317
2022-05-21,"18","4  day ahead inc hosp",2022-05-25,"quantile",0.9,129.213010553893
2022-05-21,"18","4  day ahead inc hosp",2022-05-25,"quantile",0.95,143.501068599371
2022-05-21,"18","4  day ahead inc hosp",2022-05-25,"quantile",0.975,155.893828118879
2022-05-21,"18","4  day ahead inc hosp",2022-05-25,"quantile",0.99,170.30308927155
2022-05-21,"18","5  day ahead inc hosp",2022-05-26,"quantile",0.01,0
2022-05-21,"18","5  day ahead inc hosp",2022-05-26,"quantile",0.025,0
2022-05-21,"18","5  day ahead inc hosp",2022-05-26,"quantile",0.05,6.66876522361402
2022-05-21,"18","5  day ahead inc hosp",2022-05-26,"quantile",0.1,22.0311057793143
2022-05-21,"18","5  day ahead inc hosp",2022-05-26,"quantile",0.15,32.39600401937
2022-05-21,"18","5  day ahead inc hosp",2022-05-26,"quantile",0.2,40.6336965666055
2022-05-21,"18","5  day ahead inc hosp",2022-05-26,"quantile",0.25,47.7009032740809
2022-05-21,"18","5  day ahead inc hosp",2022-05-26,"quantile",0.3,54.0474733185994
2022-05-21,"18","5  day ahead inc hosp",2022-05-26,"quantile",0.35,59.9285162928577
2022-05-21,"18","5  day ahead inc hosp",2022-05-26,"quantile",0.4,65.5090509669824
2022-05-21,"18","5  day ahead inc hosp",2022-05-26,"quantile",0.45,70.9082828471998
2022-05-21,"18","5  day ahead inc hosp",2022-05-26,"quantile",0.5,76.2219119458073
2022-05-21,"18","5  day ahead inc hosp",2022-05-26,"quantile",0.55,81.5355410444148
2022-05-21,"18","5  day ahead inc hosp",2022-05-26,"quantile",0.6,86.9347729246321
2022-05-21,"18","5  day ahead inc hosp",2022-05-26,"quantile",0.65,92.5153075987569
2022-05-21,"18","5  day ahead inc hosp",2022-05-26,"quantile",0.7,98.3963505730152
2022-05-21,"18","5  day ahead inc hosp",2022-05-26,"quantile",0.75,104.742920617534
2022-05-21,"18","5  day ahead inc hosp",2022-05-26,"quantile",0.8,111.810127325009
2022-05-21,"18","5  day ahead inc hosp",2022-05-26,"quantile",0.85,120.047819872245
2022-05-21,"18","5  day ahead inc hosp",2022-05-26,"quantile",0.9,130.4127181123
2022-05-21,"18","5  day ahead inc hosp",2022-05-26,"quantile",0.95,145.775058668001
2022-05-21,"18","5  day ahead inc hosp",2022-05-26,"quantile",0.975,159.099598053102
2022-05-21,"18","5  day ahead inc hosp",2022-05-26,"quantile",0.99,174.592254667372
2022-05-21,"18","6  day ahead inc hosp",2022-05-27,"quantile",0.01,0
2022-05-21,"18","6  day ahead inc hosp",2022-05-27,"quantile",0.025,0
2022-05-21,"18","6  day ahead inc hosp",2022-05-27,"quantile",0.05,7.32788177230324
2022-05-21,"18","6  day ahead inc hosp",2022-05-27,"quantile",0.1,23.69414011035
2022-05-21,"18","6  day ahead inc hosp",2022-05-27,"quantile",0.15,34.7363769120444
2022-05-21,"18","6  day ahead inc hosp",2022-05-27,"quantile",0.2,43.512396676001
2022-05-21,"18","6  day ahead inc hosp",2022-05-27,"quantile",0.25,51.0414402018589
2022-05-21,"18","6  day ahead inc hosp",2022-05-27,"quantile",0.3,57.8027539829517
2022-05-21,"18","6  day ahead inc hosp",2022-05-27,"quantile",0.35,64.0681188383189
2022-05-21,"18","6  day ahead inc hosp",2022-05-27,"quantile",0.4,70.0133373946972
2022-05-21,"18","6  day ahead inc hosp",2022-05-27,"quantile",0.45,75.7654051514471
2022-05-21,"18","6  day ahead inc hosp",2022-05-27,"quantile",0.5,81.4262760470675
2022-05-21,"18","6  day ahead inc hosp",2022-05-27,"quantile",0.55,87.0871469426879
2022-05-21,"18","6  day ahead inc hosp",2022-05-27,"quantile",0.6,92.8392146994378
2022-05-21,"18","6  day ahead inc hosp",2022-05-27,"quantile",0.65,98.7844332558161
2022-05-21,"18","6  day ahead inc hosp",2022-05-27,"quantile",0.7,105.049798111183
2022-05-21,"18","6  day ahead inc hosp",2022-05-27,"quantile",0.75,111.811111892276
2022-05-21,"18","6  day ahead inc hosp",2022-05-27,"quantile",0.8,119.340155418134
2022-05-21,"18","6  day ahead inc hosp",2022-05-27,"quantile",0.85,128.116175182091
2022-05-21,"18","6  day ahead inc hosp",2022-05-27,"quantile",0.9,139.158411983785
2022-05-21,"18","6  day ahead inc hosp",2022-05-27,"quantile",0.95,155.524670321832
2022-05-21,"18","6  day ahead inc hosp",2022-05-27,"quantile",0.975,169.719958664865
2022-05-21,"18","6  day ahead inc hosp",2022-05-27,"quantile",0.99,186.225049121131
2022-05-21,"18","7  day ahead inc hosp",2022-05-28,"quantile",0.01,0
2022-05-21,"18","7  day ahead inc hosp",2022-05-28,"quantile",0.025,0
2022-05-21,"18","7  day ahead inc hosp",2022-05-28,"quantile",0.05,0
2022-05-21,"18","7  day ahead inc hosp",2022-05-28,"quantile",0.1,12.9496138998564
2022-05-21,"18","7  day ahead inc hosp",2022-05-28,"quantile",0.15,24.6299765501631
2022-05-21,"18","7  day ahead inc hosp",2022-05-28,"quantile",0.2,33.9131585095957
2022-05-21,"18","7  day ahead inc hosp",2022-05-28,"quantile",0.25,41.8773020405938
2022-05-21,"18","7  day ahead inc hosp",2022-05-28,"quantile",0.3,49.0293490736336
2022-05-21,"18","7  day ahead inc hosp",2022-05-28,"quantile",0.35,55.6567865178247
2022-05-21,"18","7  day ahead inc hosp",2022-05-28,"quantile",0.4,61.9455765538414
2022-05-21,"18","7  day ahead inc hosp",2022-05-28,"quantile",0.45,68.0300536932617
2022-05-21,"18","7  day ahead inc hosp",2022-05-28,"quantile",0.5,74.0180637463757
2022-05-21,"18","7  day ahead inc hosp",2022-05-28,"quantile",0.55,80.0060737994898
2022-05-21,"18","7  day ahead inc hosp",2022-05-28,"quantile",0.6,86.0905509389101
2022-05-21,"18","7  day ahead inc hosp",2022-05-28,"quantile",0.65,92.3793409749268
2022-05-21,"18","7  day ahead inc hosp",2022-05-28,"quantile",0.7,99.0067784191179
2022-05-21,"18","7  day ahead inc hosp",2022-05-28,"quantile",0.75,106.158825452158
2022-05-21,"18","7  day ahead inc hosp",2022-05-28,"quantile",0.8,114.122968983156
2022-05-21,"18","7  day ahead inc hosp",2022-05-28,"quantile",0.85,123.406150942588
2022-05-21,"18","7  day ahead inc hosp",2022-05-28,"quantile",0.9,135.086513592895
2022-05-21,"18","7  day ahead inc hosp",2022-05-28,"quantile",0.95,152.398570565596
2022-05-21,"18","7  day ahead inc hosp",2022-05-28,"quantile",0.975,167.414198173479
2022-05-21,"18","7  day ahead inc hosp",2022-05-28,"quantile",0.99,184.873110309444
2022-05-21,"18","8  day ahead inc hosp",2022-05-29,"quantile",0.01,0
2022-05-21,"18","8  day ahead inc hosp",2022-05-29,"quantile",0.025,0
2022-05-21,"18","8  day ahead inc hosp",2022-05-29,"quantile",0.05,2.63595694584448
2022-05-21,"18","8  day ahead inc hosp",2022-05-29,"quantile",0.1,20.8447521081945
2022-05-21,"18","8  day ahead inc hosp",2022-05-29,"quantile",0.15,33.1301397577832
2022-05-21,"18","8  day ahead inc hosp",2022-05-29,"quantile",0.2,42.8941764069624
2022-05-21,"18","8  day ahead inc hosp",2022-05-29,"quantile",0.25,51.2708504456495
2022-05-21,"18","8  day ahead inc hosp",2022-05-29,"quantile",0.3,58.7933626243854
2022-05-21,"18","8  day ahead inc hosp",2022-05-29,"quantile",0.35,65.7640912364075
2022-05-21,"18","8  day ahead inc hosp",2022-05-29,"quantile",0.4,72.3786310201792
2022-05-21,"18","8  day ahead inc hosp",2022-05-29,"quantile",0.45,78.7782748104237
2022-05-21,"18","8  day ahead inc hosp",2022-05-29,"quantile",0.5,85.0764546661843
2022-05-21,"18","8  day ahead inc hosp",2022-05-29,"quantile",0.55,91.374634521945
2022-05-21,"18","8  day ahead inc hosp",2022-05-29,"quantile",0.6,97.7742783121894
2022-05-21,"18","8  day ahead inc hosp",2022-05-29,"quantile",0.65,104.388818095961
2022-05-21,"18","8  day ahead inc hosp",2022-05-29,"quantile",0.7,111.359546707983
2022-05-21,"18","8  day ahead inc hosp",2022-05-29,"quantile",0.75,118.882058886719
2022-05-21,"18","8  day ahead inc hosp",2022-05-29,"quantile",0.8,127.258732925406
2022-05-21,"18","8  day ahead inc hosp",2022-05-29,"quantile",0.85,137.022769574585
2022-05-21,"18","8  day ahead inc hosp",2022-05-29,"quantile",0.9,149.308157224174
2022-05-21,"18","8  day ahead inc hosp",2022-05-29,"quantile",0.95,167.516952386524
2022-05-21,"18","8  day ahead inc hosp",2022-05-29,"quantile",0.975,183.310366639793
2022-05-21,"18","8  day ahead inc hosp",2022-05-29,"quantile",0.99,201.673623839244
2022-05-21,"18","9  day ahead inc hosp",2022-05-30,"quantile",0.01,0
2022-05-21,"18","9  day ahead inc hosp",2022-05-30,"quantile",0.025,0
2022-05-21,"18","9  day ahead inc hosp",2022-05-30,"quantile",0.05,2.70904545804166
2022-05-21,"18","9  day ahead inc hosp",2022-05-30,"quantile",0.1,21.772443001575
2022-05-21,"18","9  day ahead inc hosp",2022-05-30,"quantile",0.15,34.6344268205141
2022-05-21,"18","9  day ahead inc hosp",2022-05-30,"quantile",0.2,44.8567238266224
2022-05-21,"18","9  day ahead inc hosp",2022-05-30,"quantile",0.25,53.6265444472789
2022-05-21,"18","9  day ahead inc hosp",2022-05-30,"quantile",0.3,61.5021144073293
2022-05-21,"18","9  day ahead inc hosp",2022-05-30,"quantile",0.35,68.8000036698668
2022-05-21,"18","9  day ahead inc hosp",2022-05-30,"quantile",0.4,75.7249869178679
2022-05-21,"18","9  day ahead inc hosp",2022-05-30,"quantile",0.45,82.4249883524871
2022-05-21,"18","9  day ahead inc hosp",2022-05-30,"quantile",0.5,89.0187637956474
2022-05-21,"18","9  day ahead inc hosp",2022-05-30,"quantile",0.55,95.6125392388076
2022-05-21,"18","9  day ahead inc hosp",2022-05-30,"quantile",0.6,102.312540673427
2022-05-21,"18","9  day ahead inc hosp",2022-05-30,"quantile",0.65,109.237523921428
2022-05-21,"18","9  day ahead inc hosp",2022-05-30,"quantile",0.7,116.535413183965
2022-05-21,"18","9  day ahead inc hosp",2022-05-30,"quantile",0.75,124.410983144016
2022-05-21,"18","9  day ahead inc hosp",2022-05-30,"quantile",0.8,133.180803764672
2022-05-21,"18","9  day ahead inc hosp",2022-05-30,"quantile",0.85,143.403100770781
2022-05-21,"18","9  day ahead inc hosp",2022-05-30,"quantile",0.9,156.26508458972
2022-05-21,"18","9  day ahead inc hosp",2022-05-30,"quantile",0.95,175.328482133253
2022-05-21,"18","9  day ahead inc hosp",2022-05-30,"quantile",0.975,191.863136501945
2022-05-21,"18","9  day ahead inc hosp",2022-05-30,"quantile",0.99,211.088245525694
2022-05-21,"18","10  day ahead inc hosp",2022-05-31,"quantile",0.01,0
2022-05-21,"18","10  day ahead inc hosp",2022-05-31,"quantile",0.025,0
2022-05-21,"18","10  day ahead inc hosp",2022-05-31,"quantile",0.05,0.0682144460215
2022-05-21,"18","10  day ahead inc hosp",2022-05-31,"quantile",0.1,19.9495129584719
2022-05-21,"18","10  day ahead inc hosp",2022-05-31,"quantile",0.15,33.3633306781458
2022-05-21,"18","10  day ahead inc hosp",2022-05-31,"quantile",0.2,44.0242077750675
2022-05-21,"18","10  day ahead inc hosp",2022-05-31,"quantile",0.25,53.1702910617301
2022-05-21,"18","10  day ahead inc hosp",2022-05-31,"quantile",0.3,61.3837565247404
2022-05-21,"18","10  day ahead inc hosp",2022-05-31,"quantile",0.35,68.9947563272668
2022-05-21,"18","10  day ahead inc hosp",2022-05-31,"quantile",0.4,76.2168508585709
2022-05-21,"18","10  day ahead inc hosp",2022-05-31,"quantile",0.45,83.2043108982267
2022-05-21,"18","10  day ahead inc hosp",2022-05-31,"quantile",0.5,90.0809873988436
2022-05-21,"18","10  day ahead inc hosp",2022-05-31,"quantile",0.55,96.9576638994605
2022-05-21,"18","10  day ahead inc hosp",2022-05-31,"quantile",0.6,103.945123939116
2022-05-21,"18","10  day ahead inc hosp",2022-05-31,"quantile",0.65,111.16721847042
2022-05-21,"18","10  day ahead inc hosp",2022-05-31,"quantile",0.7,118.778218272947
2022-05-21,"18","10  day ahead inc hosp",2022-05-31,"quantile",0.75,126.991683735957
2022-05-21,"18","10  day ahead inc hosp",2022-05-31,"quantile",0.8,136.13776702262
2022-05-21,"18","10  day ahead inc hosp",2022-05-31,"quantile",0.85,146.798644119541
2022-05-21,"18","10  day ahead inc hosp",2022-05-31,"quantile",0.9,160.212461839215
2022-05-21,"18","10  day ahead inc hosp",2022-05-31,"quantile",0.95,180.093760351666
2022-05-21,"18","10  day ahead inc hosp",2022-05-31,"quantile",0.975,197.337821834068
2022-05-21,"18","10  day ahead inc hosp",2022-05-31,"quantile",0.99,217.387769938161
2022-05-21,"18","11  day ahead inc hosp",2022-06-01,"quantile",0.01,0
2022-05-21,"18","11  day ahead inc hosp",2022-06-01,"quantile",0.025,0
2022-05-21,"18","11  day ahead inc hosp",2022-06-01,"quantile",0.05,0
2022-05-21,"18","11  day ahead inc hosp",2022-06-01,"quantile",0.1,16.5952915341841
2022-05-21,"18","11  day ahead inc hosp",2022-06-01,"quantile",0.15,30.539121132778
2022-05-21,"18","11  day ahead inc hosp",2022-06-01,"quantile",0.2,41.6212348693468
2022-05-21,"18","11  day ahead inc hosp",2022-06-01,"quantile",0.25,51.128701685205
2022-05-21,"18","11  day ahead inc hosp",2022-06-01,"quantile",0.3,59.6667007264606
2022-05-21,"18","11  day ahead inc hosp",2022-06-01,"quantile",0.35,67.5784292544027
2022-05-21,"18","11  day ahead inc hosp",2022-06-01,"quantile",0.4,75.0858859378002
2022-05-21,"18","11  day ahead inc hosp",2022-06-01,"quantile",0.45,82.3494371620756
2022-05-21,"18","11  day ahead inc hosp",2022-06-01,"quantile",0.5,89.4978275258883
2022-05-21,"18","11  day ahead inc hosp",2022-06-01,"quantile",0.55,96.646217889701
2022-05-21,"18","11  day ahead inc hosp",2022-06-01,"quantile",0.6,103.909769113976
2022-05-21,"18","11  day ahead inc hosp",2022-06-01,"quantile",0.65,111.417225797374
2022-05-21,"18","11  day ahead inc hosp",2022-06-01,"quantile",0.7,119.328954325316
2022-05-21,"18","11  day ahead inc hosp",2022-06-01,"quantile",0.75,127.866953366572
2022-05-21,"18","11  day ahead inc hosp",2022-06-01,"quantile",0.8,137.37442018243
2022-05-21,"18","11  day ahead inc hosp",2022-06-01,"quantile",0.85,148.456533918999
2022-05-21,"18","11  day ahead inc hosp",2022-06-01,"quantile",0.9,162.400363517593
2022-05-21,"18","11  day ahead inc hosp",2022-06-01,"quantile",0.95,183.06721947537
2022-05-21,"18","11  day ahead inc hosp",2022-06-01,"quantile",0.975,200.992634888287
2022-05-21,"18","11  day ahead inc hosp",2022-06-01,"quantile",0.99,221.834804184659
2022-05-21,"18","12  day ahead inc hosp",2022-06-02,"quantile",0.01,0
2022-05-21,"18","12  day ahead inc hosp",2022-06-02,"quantile",0.025,0
2022-05-21,"18","12  day ahead inc hosp",2022-06-02,"quantile",0.05,0
2022-05-21,"18","12  day ahead inc hosp",2022-06-02,"quantile",0.1,20.0719278438549
2022-05-21,"18","12  day ahead inc hosp",2022-06-02,"quantile",0.15,34.5263479959263
2022-05-21,"18","12  day ahead inc hosp",2022-06-02,"quantile",0.2,46.0142629183492
2022-05-21,"18","12  day ahead inc hosp",2022-06-02,"quantile",0.25,55.8698710184474
2022-05-21,"18","12  day ahead inc hosp",2022-06-02,"quantile",0.3,64.7205116927092
2022-05-21,"18","12  day ahead inc hosp",2022-06-02,"quantile",0.35,72.9219492865491
2022-05-21,"18","12  day ahead inc hosp",2022-06-02,"quantile",0.4,80.7043115427722
2022-05-21,"18","12  day ahead inc hosp",2022-06-02,"quantile",0.45,88.2338370902128
2022-05-21,"18","12  day ahead inc hosp",2022-06-02,"quantile",0.5,95.6439848547829
2022-05-21,"18","12  day ahead inc hosp",2022-06-02,"quantile",0.55,103.054132619353
2022-05-21,"18","12  day ahead inc hosp",2022-06-02,"quantile",0.6,110.583658166794
2022-05-21,"18","12  day ahead inc hosp",2022-06-02,"quantile",0.65,118.366020423017
2022-05-21,"18","12  day ahead inc hosp",2022-06-02,"quantile",0.7,126.567458016857
2022-05-21,"18","12  day ahead inc hosp",2022-06-02,"quantile",0.75,135.418098691118
2022-05-21,"18","12  day ahead inc hosp",2022-06-02,"quantile",0.8,145.273706791217
2022-05-21,"18","12  day ahead inc hosp",2022-06-02,"quantile",0.85,156.761621713639
2022-05-21,"18","12  day ahead inc hosp",2022-06-02,"quantile",0.9,171.216041865711
2022-05-21,"18","12  day ahead inc hosp",2022-06-02,"quantile",0.95,192.63966993889
2022-05-21,"18","12  day ahead inc hosp",2022-06-02,"quantile",0.975,211.22147230148
2022-05-21,"18","12  day ahead inc hosp",2022-06-02,"quantile",0.99,232.826833279267
2022-05-21,"18","13  day ahead inc hosp",2022-06-03,"quantile",0.01,0
2022-05-21,"18","13  day ahead inc hosp",2022-06-03,"quantile",0.025,0
2022-05-21,"18","13  day ahead inc hosp",2022-06-03,"quantile",0.05,0
2022-05-21,"18","13  day ahead inc hosp",2022-06-03,"quantile",0.1,17.5729421657534
2022-05-21,"18","13  day ahead inc hosp",2022-06-03,"quantile",0.15,32.5205219026404
2022-05-21,"18","13  day ahead inc hosp",2022-06-03,"quantile",0.2,44.4003844295976
2022-05-21,"18","13  day ahead inc hosp",2022-06-03,"quantile",0.25,54.59224867471
2022-05-21,"18","13  day ahead inc hosp",2022-06-03,"quantile",0.3,63.7448577596275
2022-05-21,"18","13  day ahead inc hosp",2022-06-03,"quantile",0.35,72.2261140882292
2022-05-21,"18","13  day ahead inc hosp",2022-06-03,"quantile",0.4,80.2739969602076
2022-05-21,"18","13  day ahead inc hosp",2022-06-03,"quantile",0.45,88.0604167762364
2022-05-21,"18","13  day ahead inc hosp",2022-06-03,"quantile",0.5,95.7233858478219
2022-05-21,"18","13  day ahead inc hosp",2022-06-03,"quantile",0.55,103.386354919408
2022-05-21,"18","13  day ahead inc hosp",2022-06-03,"quantile",0.6,111.172774735436
2022-05-21,"18","13  day ahead inc hosp",2022-06-03,"quantile",0.65,119.220657607415
2022-05-21,"18","13  day ahead inc hosp",2022-06-03,"quantile",0.7,127.701913936016
2022-05-21,"18","13  day ahead inc hosp",2022-06-03,"quantile",0.75,136.854523020934
2022-05-21,"18","13  day ahead inc hosp",2022-06-03,"quantile",0.8,147.046387266046
2022-05-21,"18","13  day ahead inc hosp",2022-06-03,"quantile",0.85,158.926249793004
2022-05-21,"18","13  day ahead inc hosp",2022-06-03,"quantile",0.9,173.873829529891
2022-05-21,"18","13  day ahead inc hosp",2022-06-03,"quantile",0.95,196.02839439712
2022-05-21,"18","13  day ahead inc hosp",2022-06-03,"quantile",0.975,215.244175421037
2022-05-21,"18","13  day ahead inc hosp",2022-06-03,"quantile",0.99,237.586673602357
2022-05-21,"18","14  day ahead inc hosp",2022-06-04,"quantile",0.01,0
2022-05-21,"18","14  day ahead inc hosp",2022-06-04,"quantile",0.025,0
2022-05-21,"18","14  day ahead inc hosp",2022-06-04,"quantile",0.05,0
2022-05-21,"18","14  day ahead inc hosp",2022-06-04,"quantile",0.1,9.87258416531829
2022-05-21,"18","14  day ahead inc hosp",2022-06-04,"quantile",0.15,25.2975644910296
2022-05-21,"18","14  day ahead inc hosp",2022-06-04,"quantile",0.2,37.5568498720778
2022-05-21,"18","14  day ahead inc hosp",2022-06-04,"quantile",0.25,48.0742251415486
2022-05-21,"18","14  day ahead inc hosp",2022-06-04,"quantile",0.3,57.5191531866811
2022-05-21,"18","14  day ahead inc hosp",2022-06-04,"quantile",0.35,66.2712865961558
2022-05-21,"18","14  day ahead inc hosp",2022-06-04,"quantile",0.4,74.5762053287552
2022-05-21,"18","14  day ahead inc hosp",2022-06-04,"quantile",0.45,82.6113103145865
2022-05-21,"18","14  day ahead inc hosp",2022-06-04,"quantile",0.5,90.5190217465617
2022-05-21,"18","14  day ahead inc hosp",2022-06-04,"quantile",0.55,98.4267331785369
2022-05-21,"18","14  day ahead inc hosp",2022-06-04,"quantile",0.6,106.461838164368
2022-05-21,"18","14  day ahead inc hosp",2022-06-04,"quantile",0.65,114.766756896968
2022-05-21,"18","14  day ahead inc hosp",2022-06-04,"quantile",0.7,123.518890306442
2022-05-21,"18","14  day ahead inc hosp",2022-06-04,"quantile",0.75,132.963818351575
2022-05-21,"18","14  day ahead inc hosp",2022-06-04,"quantile",0.8,143.481193621046
2022-05-21,"18","14  day ahead inc hosp",2022-06-04,"quantile",0.85,155.740479002094
2022-05-21,"18","14  day ahead inc hosp",2022-06-04,"quantile",0.9,171.165459327805
2022-05-21,"18","14  day ahead inc hosp",2022-06-04,"quantile",0.95,194.027603783097
2022-05-21,"18","14  day ahead inc hosp",2022-06-04,"quantile",0.975,213.857104575499
2022-05-21,"18","14  day ahead inc hosp",2022-06-04,"quantile",0.99,236.913184619256
2022-05-21,"18","15  day ahead inc hosp",2022-06-05,"quantile",0.01,0
2022-05-21,"18","15  day ahead inc hosp",2022-06-05,"quantile",0.025,0
2022-05-21,"18","15  day ahead inc hosp",2022-06-05,"quantile",0.05,0
2022-05-21,"18","15  day ahead inc hosp",2022-06-05,"quantile",0.1,14.1704647330824
2022-05-21,"18","15  day ahead inc hosp",2022-06-05,"quantile",0.15,30.058507284214
2022-05-21,"18","15  day ahead inc hosp",2022-06-05,"quantile",0.2,42.6858198426549
2022-05-21,"18","15  day ahead inc hosp",2022-06-05,"quantile",0.25,53.5189296605674
2022-05-21,"18","15  day ahead inc hosp",2022-06-05,"quantile",0.3,63.2473970883871
2022-05-21,"18","15  day ahead inc hosp",2022-06-05,"quantile",0.35,72.2622719917366
2022-05-21,"18","15  day ahead inc hosp",2022-06-05,"quantile",0.4,80.8165067084764
2022-05-21,"18","15  day ahead inc hosp",2022-06-05,"quantile",0.45,89.092827794274
2022-05-21,"18","15  day ahead inc hosp",2022-06-05,"quantile",0.5,97.2379309360828
2022-05-21,"18","15  day ahead inc hosp",2022-06-05,"quantile",0.55,105.383034077892
2022-05-21,"18","15  day ahead inc hosp",2022-06-05,"quantile",0.6,113.659355163689
2022-05-21,"18","15  day ahead inc hosp",2022-06-05,"quantile",0.65,122.213589880429
2022-05-21,"18","15  day ahead inc hosp",2022-06-05,"quantile",0.7,131.228464783779
2022-05-21,"18","15  day ahead inc hosp",2022-06-05,"quantile",0.75,140.956932211598
2022-05-21,"18","15  day ahead inc hosp",2022-06-05,"quantile",0.8,151.790042029511
2022-05-21,"18","15  day ahead inc hosp",2022-06-05,"quantile",0.85,164.417354587952
2022-05-21,"18","15  day ahead inc hosp",2022-06-05,"quantile",0.9,180.305397139083
2022-05-21,"18","15  day ahead inc hosp",2022-06-05,"quantile",0.95,203.853869567948
2022-05-21,"18","15  day ahead inc hosp",2022-06-05,"quantile",0.975,224.278657522603
2022-05-21,"18","15  day ahead inc hosp",2022-06-05,"quantile",0.99,248.026887540564
2022-05-21,"18","16  day ahead inc hosp",2022-06-06,"quantile",0.01,0
2022-05-21,"18","16  day ahead inc hosp",2022-06-06,"quantile",0.025,0
2022-05-21,"18","16  day ahead inc hosp",2022-06-06,"quantile",0.05,0
2022-05-21,"18","16  day ahead inc hosp",2022-06-06,"quantile",0.1,16.0395684924013
2022-05-21,"18","16  day ahead inc hosp",2022-06-06,"quantile",0.15,32.3775541137853
2022-05-21,"18","16  day ahead inc hosp",2022-06-06,"quantile",0.2,45.3624671609773
2022-05-21,"18","16  day ahead inc hosp",2022-06-06,"quantile",0.25,56.502366356887
2022-05-21,"18","16  day ahead inc hosp",2022-06-06,"quantile",0.3,66.5063401278725
2022-05-21,"18","16  day ahead inc hosp",2022-06-06,"quantile",0.35,75.776512716818
2022-05-21,"18","16  day ahead inc hosp",2022-06-06,"quantile",0.4,84.5729999715734
2022-05-21,"18","16  day ahead inc hosp",2022-06-06,"quantile",0.45,93.0837031914668
2022-05-21,"18","16  day ahead inc hosp",2022-06-06,"quantile",0.5,101.459472427186
2022-05-21,"18","16  day ahead inc hosp",2022-06-06,"quantile",0.55,109.835241662905
2022-05-21,"18","16  day ahead inc hosp",2022-06-06,"quantile",0.6,118.345944882798
2022-05-21,"18","16  day ahead inc hosp",2022-06-06,"quantile",0.65,127.142432137554
2022-05-21,"18","16  day ahead inc hosp",2022-06-06,"quantile",0.7,136.412604726499
2022-05-21,"18","16  day ahead inc hosp",2022-06-06,"quantile",0.75,146.416578497485
2022-05-21,"18","16  day ahead inc hosp",2022-06-06,"quantile",0.8,157.556477693394
2022-05-21,"18","16  day ahead inc hosp",2022-06-06,"quantile",0.85,170.541390740586
2022-05-21,"18","16  day ahead inc hosp",2022-06-06,"quantile",0.9,186.879376361971
2022-05-21,"18","16  day ahead inc hosp",2022-06-06,"quantile",0.95,211.094732200186
2022-05-21,"18","16  day ahead inc hosp",2022-06-06,"quantile",0.975,232.097942057476
2022-05-21,"18","16  day ahead inc hosp",2022-06-06,"quantile",0.99,256.518712540566
2022-05-21,"18","17  day ahead inc hosp",2022-06-07,"quantile",0.01,0
2022-05-21,"18","17  day ahead inc hosp",2022-06-07,"quantile",0.025,0
2022-05-21,"18","17  day ahead inc hosp",2022-06-07,"quantile",0.05,0
2022-05-21,"18","17  day ahead inc hosp",2022-06-07,"quantile",0.1,16.5782399326253
2022-05-21,"18","17  day ahead inc hosp",2022-06-07,"quantile",0.15,33.3541051032368
2022-05-21,"18","17  day ahead inc hosp",2022-06-07,"quantile",0.2,46.6870309350907
2022-05-21,"18","17  day ahead inc hosp",2022-06-07,"quantile",0.25,58.1254941125943
2022-05-21,"18","17  day ahead inc hosp",2022-06-07,"quantile",0.3,68.3975875665588
2022-05-21,"18","17  day ahead inc hosp",2022-06-07,"quantile",0.35,77.9162129996051
2022-05-21,"18","17  day ahead inc hosp",2022-06-07,"quantile",0.4,86.9484577071553
2022-05-21,"18","17  day ahead inc hosp",2022-06-07,"quantile",0.45,95.6872589910266
2022-05-21,"18","17  day ahead inc hosp",2022-06-07,"quantile",0.5,104.287509882096
2022-05-21,"18","17  day ahead inc hosp",2022-06-07,"quantile",0.55,112.887760773164
2022-05-21,"18","17  day ahead inc hosp",2022-06-07,"quantile",0.6,121.626562057036
2022-05-21,"18","17  day ahead inc hosp",2022-06-07,"quantile",0.65,130.658806764586
2022-05-21,"18","17  day ahead inc hosp",2022-06-07,"quantile",0.7,140.177432197632
2022-05-21,"18","17  day ahead inc hosp",2022-06-07,"quantile",0.75,150.449525651597
2022-05-21,"18","17  day ahead inc hosp",2022-06-07,"quantile",0.8,161.8879888291
2022-05-21,"18","17  day ahead inc hosp",2022-06-07,"quantile",0.85,175.220914660954
2022-05-21,"18","17  day ahead inc hosp",2022-06-07,"quantile",0.9,191.996779831566
2022-05-21,"18","17  day ahead inc hosp",2022-06-07,"quantile",0.95,216.861139123728
2022-05-21,"18","17  day ahead inc hosp",2022-06-07,"quantile",0.975,238.427262688851
2022-05-21,"18","17  day ahead inc hosp",2022-06-07,"quantile",0.99,263.502542009122
2022-05-21,"18","18  day ahead inc hosp",2022-06-08,"quantile",0.01,0
2022-05-21,"18","18  day ahead inc hosp",2022-06-08,"quantile",0.025,0
2022-05-21,"18","18  day ahead inc hosp",2022-06-08,"quantile",0.05,0
2022-05-21,"18","18  day ahead inc hosp",2022-06-08,"quantile",0.1,9.51507488829806
2022-05-21,"18","18  day ahead inc hosp",2022-06-08,"quantile",0.15,26.7176773158532
2022-05-21,"18","18  day ahead inc hosp",2022-06-08,"quantile",0.2,40.3897603916793
2022-05-21,"18","18  day ahead inc hosp",2022-06-08,"quantile",0.25,52.1191902853776
2022-05-21,"18","18  day ahead inc hosp",2022-06-08,"quantile",0.3,62.6525808431894
2022-05-21,"18","18  day ahead inc hosp",2022-06-08,"quantile",0.35,72.4133369840031
2022-05-21,"18","18  day ahead inc hosp",2022-06-08,"quantile",0.4,81.6753400552111
2022-05-21,"18","18  day ahead inc hosp",2022-06-08,"quantile",0.45,90.6364352148931
2022-05-21,"18","18  day ahead inc hosp",2022-06-08,"quantile",0.5,99.4554555963553
2022-05-21,"18","18  day ahead inc hosp",2022-06-08,"quantile",0.55,108.274475977817
2022-05-21,"18","18  day ahead inc hosp",2022-06-08,"quantile",0.6,117.2355711375
2022-05-21,"18","18  day ahead inc hosp",2022-06-08,"quantile",0.65,126.497574208708
2022-05-21,"18","18  day ahead inc hosp",2022-06-08,"quantile",0.7,136.258330349521
2022-05-21,"18","18  day ahead inc hosp",2022-06-08,"quantile",0.75,146.791720907333
2022-05-21,"18","18  day ahead inc hosp",2022-06-08,"quantile",0.8,158.521150801031
2022-05-21,"18","18  day ahead inc hosp",2022-06-08,"quantile",0.85,172.193233876857
2022-05-21,"18","18  day ahead inc hosp",2022-06-08,"quantile",0.9,189.395836304413
2022-05-21,"18","18  day ahead inc hosp",2022-06-08,"quantile",0.95,214.892684494887
2022-05-21,"18","18  day ahead inc hosp",2022-06-08,"quantile",0.975,237.00739785371
2022-05-21,"18","18  day ahead inc hosp",2022-06-08,"quantile",0.99,262.720531365428
2022-05-21,"18","19  day ahead inc hosp",2022-06-09,"quantile",0.01,0
2022-05-21,"18","19  day ahead inc hosp",2022-06-09,"quantile",0.025,0
2022-05-21,"18","19  day ahead inc hosp",2022-06-09,"quantile",0.05,0
2022-05-21,"18","19  day ahead inc hosp",2022-06-09,"quantile",0.1,14.2534585225823
2022-05-21,"18","19  day ahead inc hosp",2022-06-09,"quantile",0.15,31.8724655416657
2022-05-21,"18","19  day ahead inc hosp",2022-06-09,"quantile",0.2,45.8754937865444
2022-05-21,"18","19  day ahead inc hosp",2022-06-09,"quantile",0.25,57.8888451673731
2022-05-21,"18","19  day ahead inc hosp",2022-06-09,"quantile",0.3,68.6772059955905
2022-05-21,"18","19  day ahead inc hosp",2022-06-09,"quantile",0.35,78.6742300901012
2022-05-21,"18","19  day ahead inc hosp",2022-06-09,"quantile",0.4,88.1604283446742
2022-05-21,"18","19  day ahead inc hosp",2022-06-09,"quantile",0.45,97.3384349388516
2022-05-21,"18","19  day ahead inc hosp",2022-06-09,"quantile",0.5,106.370927705965
2022-05-21,"18","19  day ahead inc hosp",2022-06-09,"quantile",0.55,115.403420473079
2022-05-21,"18","19  day ahead inc hosp",2022-06-09,"quantile",0.6,124.581427067256
2022-05-21,"18","19  day ahead inc hosp",2022-06-09,"quantile",0.65,134.067625321829
2022-05-21,"18","19  day ahead inc hosp",2022-06-09,"quantile",0.7,144.06464941634
2022-05-21,"18","19  day ahead inc hosp",2022-06-09,"quantile",0.75,154.853010244557
2022-05-21,"18","19  day ahead inc hosp",2022-06-09,"quantile",0.8,166.866361625386
2022-05-21,"18","19  day ahead inc hosp",2022-06-09,"quantile",0.85,180.869389870265
2022-05-21,"18","19  day ahead inc hosp",2022-06-09,"quantile",0.9,198.488396889348
2022-05-21,"18","19  day ahead inc hosp",2022-06-09,"quantile",0.95,224.602419411481
2022-05-21,"18","19  day ahead inc hosp",2022-06-09,"quantile",0.975,247.252439461354
2022-05-21,"18","19  day ahead inc hosp",2022-06-09,"quantile",0.99,273.587982687064
2022-05-21,"18","20  day ahead inc hosp",2022-06-10,"quantile",0.01,0
2022-05-21,"18","20  day ahead inc hosp",2022-06-10,"quantile",0.025,0
2022-05-21,"18","20  day ahead inc hosp",2022-06-10,"quantile",0.05,0
2022-05-21,"18","20  day ahead inc hosp",2022-06-10,"quantile",0.1,10.0569070704379
2022-05-21,"18","20  day ahead inc hosp",2022-06-10,"quantile",0.15,28.0827020985773
2022-05-21,"18","20  day ahead inc hosp",2022-06-10,"quantile",0.2,42.4090325576114
2022-05-21,"18","20  day ahead inc hosp",2022-06-10,"quantile",0.25,54.6997484508105
2022-05-21,"18","20  day ahead inc hosp",2022-06-10,"quantile",0.3,65.7371911834471
2022-05-21,"18","20  day ahead inc hosp",2022-06-10,"quantile",0.35,75.9650267830265
2022-05-21,"18","20  day ahead inc hosp",2022-06-10,"quantile",0.4,85.6702425848034
2022-05-21,"18","20  day ahead inc hosp",2022-06-10,"quantile",0.45,95.06015119057
2022-05-21,"18","20  day ahead inc hosp",2022-06-10,"quantile",0.5,104.301186342936
2022-05-21,"18","20  day ahead inc hosp",2022-06-10,"quantile",0.55,113.542221495303
2022-05-21,"18","20  day ahead inc hosp",2022-06-10,"quantile",0.6,122.93213010107
2022-05-21,"18","20  day ahead inc hosp",2022-06-10,"quantile",0.65,132.637345902846
2022-05-21,"18","20  day ahead inc hosp",2022-06-10,"quantile",0.7,142.865181502426
2022-05-21,"18","20  day ahead inc hosp",2022-06-10,"quantile",0.75,153.902624235062
2022-05-21,"18","20  day ahead inc hosp",2022-06-10,"quantile",0.8,166.193340128262
2022-05-21,"18","20  day ahead inc hosp",2022-06-10,"quantile",0.85,180.519670587296
2022-05-21,"18","20  day ahead inc hosp",2022-06-10,"quantile",0.9,198.545465615435
2022-05-21,"18","20  day ahead inc hosp",2022-06-10,"quantile",0.95,225.262409245365
2022-05-21,"18","20  day ahead inc hosp",2022-06-10,"quantile",0.975,248.435373440228
2022-05-21,"18","20  day ahead inc hosp",2022-06-10,"quantile",0.99,275.378952248454
2022-05-21,"18","21  day ahead inc hosp",2022-06-11,"quantile",0.01,0
2022-05-21,"18","21  day ahead inc hosp",2022-06-11,"quantile",0.025,0
2022-05-21,"18","21  day ahead inc hosp",2022-06-11,"quantile",0.05,0
2022-05-21,"18","21  day ahead inc hosp",2022-06-11,"quantile",0.1,6.94217423034611
2022-05-21,"18","21  day ahead inc hosp",2022-06-11,"quantile",0.15,25.3657776904318
2022-05-21,"18","21  day ahead inc hosp",2022-06-11,"quantile",0.2,40.0082736803929
2022-05-21,"18","21  day ahead inc hosp",2022-06-11,"quantile",0.25,52.5702314472147
2022-05-21,"18","21  day ahead inc hosp",2022-06-11,"quantile",0.3,63.8512577654469
2022-05-21,"18","21  day ahead inc hosp",2022-06-11,"quantile",0.35,74.3048098582918
2022-05-21,"18","21  day ahead inc hosp",2022-06-11,"quantile",0.4,84.2242085393136
2022-05-21,"18","21  day ahead inc hosp",2022-06-11,"quantile",0.45,93.8213415594679
2022-05-21,"18","21  day ahead inc hosp",2022-06-11,"quantile",0.5,103.266315661422
2022-05-21,"18","21  day ahead inc hosp",2022-06-11,"quantile",0.55,112.711289763376
2022-05-21,"18","21  day ahead inc hosp",2022-06-11,"quantile",0.6,122.308422783531
2022-05-21,"18","21  day ahead inc hosp",2022-06-11,"quantile",0.65,132.227821464552
2022-05-21,"18","21  day ahead inc hosp",2022-06-11,"quantile",0.7,142.681373557397
2022-05-21,"18","21  day ahead inc hosp",2022-06-11,"quantile",0.75,153.96239987563
2022-05-21,"18","21  day ahead inc hosp",2022-06-11,"quantile",0.8,166.524357642451
2022-05-21,"18","21  day ahead inc hosp",2022-06-11,"quantile",0.85,181.166853632412
2022-05-21,"18","21  day ahead inc hosp",2022-06-11,"quantile",0.9,199.590457092498
2022-05-21,"18","21  day ahead inc hosp",2022-06-11,"quantile",0.95,226.897012744268
2022-05-21,"18","21  day ahead inc hosp",2022-06-11,"quantile",0.975,250.581377436891
2022-05-21,"18","21  day ahead inc hosp",2022-06-11,"quantile",0.99,278.119569843019
2022-05-21,"18","22  day ahead inc hosp",2022-06-12,"quantile",0.01,0
2022-05-21,"18","22  day ahead inc hosp",2022-06-12,"quantile",0.025,0
2022-05-21,"18","22  day ahead inc hosp",2022-06-12,"quantile",0.05,0
2022-05-21,"18","22  day ahead inc hosp",2022-06-12,"quantile",0.1,18.6589309018869
2022-05-21,"18","22  day ahead inc hosp",2022-06-12,"quantile",0.15,37.9367420472951
2022-05-21,"18","22  day ahead inc hosp",2022-06-12,"quantile",0.2,53.2581352266158
2022-05-21,"18","22  day ahead inc hosp",2022-06-12,"quantile",0.25,66.4025263317561
2022-05-21,"18","22  day ahead inc hosp",2022-06-12,"quantile",0.3,78.2065957886575
2022-05-21,"18","22  day ahead inc hosp",2022-06-12,"quantile",0.35,89.1448252984894
2022-05-21,"18","22  day ahead inc hosp",2022-06-12,"quantile",0.4,99.5241354515239
2022-05-21,"18","22  day ahead inc hosp",2022-06-12,"quantile",0.45,109.566238143363
2022-05-21,"18","22  day ahead inc hosp",2022-06-12,"quantile",0.5,119.449127090968
2022-05-21,"18","22  day ahead inc hosp",2022-06-12,"quantile",0.55,129.332016038573
2022-05-21,"18","22  day ahead inc hosp",2022-06-12,"quantile",0.6,139.374118730412
2022-05-21,"18","22  day ahead inc hosp",2022-06-12,"quantile",0.65,149.753428883446
2022-05-21,"18","22  day ahead inc hosp",2022-06-12,"quantile",0.7,160.691658393278
2022-05-21,"18","22  day ahead inc hosp",2022-06-12,"quantile",0.75,172.49572785018
2022-05-21,"18","22  day ahead inc hosp",2022-06-12,"quantile",0.8,185.64011895532
2022-05-21,"18","22  day ahead inc hosp",2022-06-12,"quantile",0.85,200.961512134641
2022-05-21,"18","22  day ahead inc hosp",2022-06-12,"quantile",0.9,220.239323280049
2022-05-21,"18","22  day ahead inc hosp",2022-06-12,"quantile",0.95,248.811943398956
2022-05-21,"18","22  day ahead inc hosp",2022-06-12,"quantile",0.975,273.594430203588
2022-05-21,"18","22  day ahead inc hosp",2022-06-12,"quantile",0.99,302.409426881158
2022-05-21,"18","23  day ahead inc hosp",2022-06-13,"quantile",0.01,0
2022-05-21,"18","23  day ahead inc hosp",2022-06-13,"quantile",0.025,0
2022-05-21,"18","23  day ahead inc hosp",2022-06-13,"quantile",0.05,0
2022-05-21,"18","23  day ahead inc hosp",2022-06-13,"quantile",0.1,15.1032732566593
2022-05-21,"18","23  day ahead inc hosp",2022-06-13,"quantile",0.15,34.9742940521169
2022-05-21,"18","23  day ahead inc hosp",2022-06-13,"quantile",0.2,50.7671514561683
2022-05-21,"18","23  day ahead inc hosp",2022-06-13,"quantile",0.25,64.316016886157
2022-05-21,"18","23  day ahead inc hosp",2022-06-13,"quantile",0.3,76.4833167875768
2022-05-21,"18","23  day ahead inc hosp",2022-06-13,"quantile",0.35,87.7581334364124
2022-05-21,"18","23  day ahead inc hosp",2022-06-13,"quantile",0.4,98.4568318694334
2022-05-21,"18","23  day ahead inc hosp",2022-06-13,"quantile",0.45,108.80794641841
2022-05-21,"18","23  day ahead inc hosp",2022-06-13,"quantile",0.5,118.994947956903
2022-05-21,"18","23  day ahead inc hosp",2022-06-13,"quantile",0.55,129.181949495397
2022-05-21,"18","23  day ahead inc hosp",2022-06-13,"quantile",0.6,139.533064044373
2022-05-21,"18","23  day ahead inc hosp",2022-06-13,"quantile",0.65,150.231762477394
2022-05-21,"18","23  day ahead inc hosp",2022-06-13,"quantile",0.7,161.50657912623
2022-05-21,"18","23  day ahead inc hosp",2022-06-13,"quantile",0.75,173.673879027649
2022-05-21,"18","23  day ahead inc hosp",2022-06-13,"quantile",0.8,187.222744457638
2022-05-21,"18","23  day ahead inc hosp",2022-06-13,"quantile",0.85,203.01560186169
2022-05-21,"18","23  day ahead inc hosp",2022-06-13,"quantile",0.9,222.886622657147
2022-05-21,"18","23  day ahead inc hosp",2022-06-13,"quantile",0.95,252.338468838281
2022-05-21,"18","23  day ahead inc hosp",2022-06-13,"quantile",0.975,277.883553129414
2022-05-21,"18","23  day ahead inc hosp",2022-06-13,"quantile",0.99,307.585234190722
2022-05-21,"18","24  day ahead inc hosp",2022-06-14,"quantile",0.01,0
2022-05-21,"18","24  day ahead inc hosp",2022-06-14,"quantile",0.025,0
2022-05-21,"18","24  day ahead inc hosp",2022-06-14,"quantile",0.05,0
2022-05-21,"18","24  day ahead inc hosp",2022-06-14,"quantile",0.1,14.5496909850661
2022-05-21,"18","24  day ahead inc hosp",2022-06-14,"quantile",0.15,34.996718454823
2022-05-21,"18","24  day ahead inc hosp",2022-06-14,"quantile",0.2,51.2473677038244
2022-05-21,"18","24  day ahead inc hosp",2022-06-14,"quantile",0.25,65.1889777742213
2022-05-21,"18","24  day ahead inc hosp",2022-06-14,"quantile",0.3,77.7089745010111
2022-05-21,"18","24  day ahead inc hosp",2022-06-14,"quantile",0.35,89.3106173208865
2022-05-21,"18","24  day ahead inc hosp",2022-06-14,"quantile",0.4,100.319441829823
2022-05-21,"18","24  day ahead inc hosp",2022-06-14,"quantile",0.45,110.970606946308
2022-05-21,"18","24  day ahead inc hosp",2022-06-14,"quantile",0.5,121.452901863922
2022-05-21,"18","24  day ahead inc hosp",2022-06-14,"quantile",0.55,131.935196781537
2022-05-21,"18","24  day ahead inc hosp",2022-06-14,"quantile",0.6,142.586361898021
2022-05-21,"18","24  day ahead inc hosp",2022-06-14,"quantile",0.65,153.595186406958
2022-05-21,"18","24  day ahead inc hosp",2022-06-14,"quantile",0.7,165.196829226833
2022-05-21,"18","24  day ahead inc hosp",2022-06-14,"quantile",0.75,177.716825953623
2022-05-21,"18","24  day ahead inc hosp",2022-06-14,"quantile",0.8,191.65843602402
2022-05-21,"18","24  day ahead inc hosp",2022-06-14,"quantile",0.85,207.909085273021
2022-05-21,"18","24  day ahead inc hosp",2022-06-14,"quantile",0.9,228.356112742778
2022-05-21,"18","24  day ahead inc hosp",2022-06-14,"quantile",0.95,258.661687584628
2022-05-21,"18","24  day ahead inc hosp",2022-06-14,"quantile",0.975,284.947254168981
2022-05-21,"18","24  day ahead inc hosp",2022-06-14,"quantile",0.99,315.509905922501
2022-05-21,"18","25  day ahead inc hosp",2022-06-15,"quantile",0.01,0
2022-05-21,"18","25  day ahead inc hosp",2022-06-15,"quantile",0.025,0
2022-05-21,"18","25  day ahead inc hosp",2022-06-15,"quantile",0.05,0
2022-05-21,"18","25  day ahead inc hosp",2022-06-15,"quantile",0.1,11.6028657919023
2022-05-21,"18","25  day ahead inc hosp",2022-06-15,"quantile",0.15,32.6101120951301
2022-05-21,"18","25  day ahead inc hosp",2022-06-15,"quantile",0.2,49.3060055136758
2022-05-21,"18","25  day ahead inc hosp",2022-06-15,"quantile",0.25,63.6295954362491
2022-05-21,"18","25  day ahead inc hosp",2022-06-15,"quantile",0.3,76.4926218758769
2022-05-21,"18","25  day ahead inc hosp",2022-06-15,"quantile",0.35,88.4121328463434
2022-05-21,"18","25  day ahead inc hosp",2022-06-15,"quantile",0.4,99.7225831457969
2022-05-21,"18","25  day ahead inc hosp",2022-06-15,"quantile",0.45,110.665574705293
2022-05-21,"18","25  day ahead inc hosp",2022-06-15,"quantile",0.5,121.435069267919
2022-05-21,"18","25  day ahead inc hosp",2022-06-15,"quantile",0.55,132.204563830544
2022-05-21,"18","25  day ahead inc hosp",2022-06-15,"quantile",0.6,143.14755539004
2022-05-21,"18","25  day ahead inc hosp",2022-06-15,"quantile",0.65,154.458005689494
2022-05-21,"18","25  day ahead inc hosp",2022-06-15,"quantile",0.7,166.37751665996
2022-05-21,"18","25  day ahead inc hosp",2022-06-15,"quantile",0.75,179.240543099588
2022-05-21,"18","25  day ahead inc hosp",2022-06-15,"quantile",0.8,193.564133022161
2022-05-21,"18","25  day ahead inc hosp",2022-06-15,"quantile",0.85,210.260026440707
2022-05-21,"18","25  day ahead inc hosp",2022-06-15,"quantile",0.9,231.267272743935
2022-05-21,"18","25  day ahead inc hosp",2022-06-15,"quantile",0.95,262.40317628812
2022-05-21,"18","25  day ahead inc hosp",2022-06-15,"quantile",0.975,289.408929191525
2022-05-21,"18","25  day ahead inc hosp",2022-06-15,"quantile",0.99,320.808953181105
2022-05-21,"18","26  day ahead inc hosp",2022-06-16,"quantile",0.01,0
2022-05-21,"18","26  day ahead inc hosp",2022-06-16,"quantile",0.025,0
2022-05-21,"18","26  day ahead inc hosp",2022-06-16,"quantile",0.05,0
2022-05-21,"18","26  day ahead inc hosp",2022-06-16,"quantile",0.1,5.82001435729468
2022-05-21,"18","26  day ahead inc hosp",2022-06-16,"quantile",0.15,27.3729227953679
2022-05-21,"18","26  day ahead inc hosp",2022-06-16,"quantile",0.2,44.5024911808469
2022-05-21,"18","26  day ahead inc hosp",2022-06-16,"quantile",0.25,59.1981356098978
2022-05-21,"18","26  day ahead inc hosp",2022-06-16,"quantile",0.3,72.3952784951704
2022-05-21,"18","26  day ahead inc hosp",2022-06-16,"quantile",0.35,84.6243981458311
2022-05-21,"18","26  day ahead inc hosp",2022-06-16,"quantile",0.4,96.22863680609
2022-05-21,"18","26  day ahead inc hosp",2022-06-16,"quantile",0.45,107.455872004651
2022-05-21,"18","26  day ahead inc hosp",2022-06-16,"quantile",0.5,118.505103630831
2022-05-21,"18","26  day ahead inc hosp",2022-06-16,"quantile",0.55,129.554335257012
2022-05-21,"18","26  day ahead inc hosp",2022-06-16,"quantile",0.6,140.781570455572
2022-05-21,"18","26  day ahead inc hosp",2022-06-16,"quantile",0.65,152.385809115831
2022-05-21,"18","26  day ahead inc hosp",2022-06-16,"quantile",0.7,164.614928766492
2022-05-21,"18","26  day ahead inc hosp",2022-06-16,"quantile",0.75,177.812071651765
2022-05-21,"18","26  day ahead inc hosp",2022-06-16,"quantile",0.8,192.507716080816
2022-05-21,"18","26  day ahead inc hosp",2022-06-16,"quantile",0.85,209.637284466295
2022-05-21,"18","26  day ahead inc hosp",2022-06-16,"quantile",0.9,231.190192904368
2022-05-21,"18","26  day ahead inc hosp",2022-06-16,"quantile",0.95,263.134849930709
2022-05-21,"18","26  day ahead inc hosp",2022-06-16,"quantile",0.975,290.842075867261
2022-05-21,"18","26  day ahead inc hosp",2022-06-16,"quantile",0.99,323.057713853889
2022-05-21,"18","27  day ahead inc hosp",2022-06-17,"quantile",0.01,0
2022-05-21,"18","27  day ahead inc hosp",2022-06-17,"quantile",0.025,0
2022-05-21,"18","27  day ahead inc hosp",2022-06-17,"quantile",0.05,0
2022-05-21,"18","27  day ahead inc hosp",2022-06-17,"quantile",0.1,7.35177724473554
2022-05-21,"18","27  day ahead inc hosp",2022-06-17,"quantile",0.15,29.4368701138057
2022-05-21,"18","27  day ahead inc hosp",2022-06-17,"quantile",0.2,46.9894018144513
2022-05-21,"18","27  day ahead inc hosp",2022-06-17,"quantile",0.25,62.0479111065474
2022-05-21,"18","27  day ahead inc hosp",2022-06-17,"quantile",0.3,75.5709178536447
2022-05-21,"18","27  day ahead inc hosp",2022-06-17,"quantile",0.35,88.1019989357094
2022-05-21,"18","27  day ahead inc hosp",2022-06-17,"quantile",0.4,99.992769465498
2022-05-21,"18","27  day ahead inc hosp",2022-06-17,"quantile",0.45,111.497227563835
2022-05-21,"18","27  day ahead inc hosp",2022-06-17,"quantile",0.5,122.819286825452
2022-05-21,"18","27  day ahead inc hosp",2022-06-17,"quantile",0.55,134.141346087069
2022-05-21,"18","27  day ahead inc hosp",2022-06-17,"quantile",0.6,145.645804185405
2022-05-21,"18","27  day ahead inc hosp",2022-06-17,"quantile",0.65,157.536574715194
2022-05-21,"18","27  day ahead inc hosp",2022-06-17,"quantile",0.7,170.067655797259
2022-05-21,"18","27  day ahead inc hosp",2022-06-17,"quantile",0.75,183.590662544356
2022-05-21,"18","27  day ahead inc hosp",2022-06-17,"quantile",0.8,198.649171836452
2022-05-21,"18","27  day ahead inc hosp",2022-06-17,"quantile",0.85,216.201703537098
2022-05-21,"18","27  day ahead inc hosp",2022-06-17,"quantile",0.9,238.286796406168
2022-05-21,"18","27  day ahead inc hosp",2022-06-17,"quantile",0.95,271.020230927287
2022-05-21,"18","27  day ahead inc hosp",2022-06-17,"quantile",0.975,299.411603707032
2022-05-21,"18","27  day ahead inc hosp",2022-06-17,"quantile",0.99,332.422710250508
2022-05-21,"18","28  day ahead inc hosp",2022-06-18,"quantile",0.01,0
2022-05-21,"18","28  day ahead inc hosp",2022-06-18,"quantile",0.025,0
2022-05-21,"18","28  day ahead inc hosp",2022-06-18,"quantile",0.05,0
2022-05-21,"18","28  day ahead inc hosp",2022-06-18,"quantile",0.1,0
2022-05-21,"18","28  day ahead inc hosp",2022-06-18,"quantile",0.15,21.1328197263217
2022-05-21,"18","28  day ahead inc hosp",2022-06-18,"quantile",0.2,39.0983596606386
2022-05-21,"18","28  day ahead inc hosp",2022-06-18,"quantile",0.25,54.5111932422743
2022-05-21,"18","28  day ahead inc hosp",2022-06-18,"quantile",0.3,68.3523941522307
2022-05-21,"18","28  day ahead inc hosp",2022-06-18,"quantile",0.35,81.1783295465941
2022-05-21,"18","28  day ahead inc hosp",2022-06-18,"quantile",0.4,93.3488879848881
2022-05-21,"18","28  day ahead inc hosp",2022-06-18,"quantile",0.45,105.124044122663
2022-05-21,"18","28  day ahead inc hosp",2022-06-18,"quantile",0.5,116.712509608573
2022-05-21,"18","28  day ahead inc hosp",2022-06-18,"quantile",0.55,128.300975094484
2022-05-21,"18","28  day ahead inc hosp",2022-06-18,"quantile",0.6,140.076131232259
2022-05-21,"18","28  day ahead inc hosp",2022-06-18,"quantile",0.65,152.246689670553
2022-05-21,"18","28  day ahead inc hosp",2022-06-18,"quantile",0.7,165.072625064916
2022-05-21,"18","28  day ahead inc hosp",2022-06-18,"quantile",0.75,178.913825974873
2022-05-21,"18","28  day ahead inc hosp",2022-06-18,"quantile",0.8,194.326659556508
2022-05-21,"18","28  day ahead inc hosp",2022-06-18,"quantile",0.85,212.292199490825
2022-05-21,"18","28  day ahead inc hosp",2022-06-18,"quantile",0.9,234.896951025203
2022-05-21,"18","28  day ahead inc hosp",2022-06-18,"quantile",0.95,268.400597969471
2022-05-21,"18","28  day ahead inc hosp",2022-06-18,"quantile",0.975,297.460015161455
2022-05-21,"18","28  day ahead inc hosp",2022-06-18,"quantile",0.99,331.247867705884
2022-05-21,"18","29  day ahead inc hosp",2022-06-19,"quantile",0.01,0
2022-05-21,"18","29  day ahead inc hosp",2022-06-19,"quantile",0.025,0
2022-05-21,"18","29  day ahead inc hosp",2022-06-19,"quantile",0.05,0
2022-05-21,"18","29  day ahead inc hosp",2022-06-19,"quantile",0.1,6.44664688612556
2022-05-21,"18","29  day ahead inc hosp",2022-06-19,"quantile",0.15,29.5593762106001
2022-05-21,"18","29  day ahead inc hosp",2022-06-19,"quantile",0.2,47.9286407892625
2022-05-21,"18","29  day ahead inc hosp",2022-06-19,"quantile",0.25,63.6878341674227
2022-05-21,"18","29  day ahead inc hosp",2022-06-19,"quantile",0.3,77.8400768793576
2022-05-21,"18","29  day ahead inc hosp",2022-06-19,"quantile",0.35,90.954238857749
2022-05-21,"18","29  day ahead inc hosp",2022-06-19,"quantile",0.4,103.398296138547
2022-05-21,"18","29  day ahead inc hosp",2022-06-19,"quantile",0.45,115.43806557162
2022-05-21,"18","29  day ahead inc hosp",2022-06-19,"quantile",0.5,127.286949009004
2022-05-21,"18","29  day ahead inc hosp",2022-06-19,"quantile",0.55,139.135832446388
2022-05-21,"18","29  day ahead inc hosp",2022-06-19,"quantile",0.6,151.175601879461
2022-05-21,"18","29  day ahead inc hosp",2022-06-19,"quantile",0.65,163.619659160259
2022-05-21,"18","29  day ahead inc hosp",2022-06-19,"quantile",0.7,176.73382113865
2022-05-21,"18","29  day ahead inc hosp",2022-06-19,"quantile",0.75,190.886063850585
2022-05-21,"18","29  day ahead inc hosp",2022-06-19,"quantile",0.8,206.645257228745
2022-05-21,"18","29  day ahead inc hosp",2022-06-19,"quantile",0.85,225.014521807408
2022-05-21,"18","29  day ahead inc hosp",2022-06-19,"quantile",0.9,248.127251131882
2022-05-21,"18","29  day ahead inc hosp",2022-06-19,"quantile",0.95,282.383797682637
2022-05-21,"18","29  day ahead inc hosp",2022-06-19,"quantile",0.975,312.096243000333
2022-05-21,"18","29  day ahead inc hosp",2022-06-19,"quantile",0.99,346.643381867442
2022-05-21,"18","30  day ahead inc hosp",2022-06-20,"quantile",0.01,0
2022-05-21,"18","30  day ahead inc hosp",2022-06-20,"quantile",0.025,0
2022-05-21,"18","30  day ahead inc hosp",2022-06-20,"quantile",0.05,0
2022-05-21,"18","30  day ahead inc hosp",2022-06-20,"quantile",0.1,6.44712478116411
2022-05-21,"18","30  day ahead inc hosp",2022-06-20,"quantile",0.15,30.0569049944975
2022-05-21,"18","30  day ahead inc hosp",2022-06-20,"quantile",0.2,48.8212098627912
2022-05-21,"18","30  day ahead inc hosp",2022-06-20,"quantile",0.25,64.9193126344006
2022-05-21,"18","30  day ahead inc hosp",2022-06-20,"quantile",0.3,79.375906456088
2022-05-21,"18","30  day ahead inc hosp",2022-06-20,"quantile",0.35,92.7720950950477
2022-05-21,"18","30  day ahead inc hosp",2022-06-20,"quantile",0.4,105.483768097277
2022-05-21,"18","30  day ahead inc hosp",2022-06-20,"quantile",0.45,117.782458837928
2022-05-21,"18","30  day ahead inc hosp",2022-06-20,"quantile",0.5,129.886158483378
2022-05-21,"18","30  day ahead inc hosp",2022-06-20,"quantile",0.55,141.989858128829
2022-05-21,"18","30  day ahead inc hosp",2022-06-20,"quantile",0.6,154.288548869479
2022-05-21,"18","30  day ahead inc hosp",2022-06-20,"quantile",0.65,167.000221871709
2022-05-21,"18","30  day ahead inc hosp",2022-06-20,"quantile",0.7,180.396410510669
2022-05-21,"18","30  day ahead inc hosp",2022-06-20,"quantile",0.75,194.853004332356
2022-05-21,"18","30  day ahead inc hosp",2022-06-20,"quantile",0.8,210.951107103965
2022-05-21,"18","30  day ahead inc hosp",2022-06-20,"quantile",0.85,229.715411972259
2022-05-21,"18","30  day ahead inc hosp",2022-06-20,"quantile",0.9,253.325192185593
2022-05-21,"18","30  day ahead inc hosp",2022-06-20,"quantile",0.95,288.318443029174
2022-05-21,"18","30  day ahead inc hosp",2022-06-20,"quantile",0.975,318.669869453256
2022-05-21,"18","30  day ahead inc hosp",2022-06-20,"quantile",0.99,353.959961947362
2022-05-21,"18","31  day ahead inc hosp",2022-06-21,"quantile",0.01,0
2022-05-21,"18","31  day ahead inc hosp",2022-06-21,"quantile",0.025,0
2022-05-21,"18","31  day ahead inc hosp",2022-06-21,"quantile",0.05,0
2022-05-21,"18","31  day ahead inc hosp",2022-06-21,"quantile",0.1,4.87398052882573
2022-05-21,"18","31  day ahead inc hosp",2022-06-21,"quantile",0.15,28.9705609214332
2022-05-21,"18","31  day ahead inc hosp",2022-06-21,"quantile",0.2,48.1217591403342
2022-05-21,"18","31  day ahead inc hosp",2022-06-21,"quantile",0.25,64.5517819571275
2022-05-21,"18","31  day ahead inc hosp",2022-06-21,"quantile",0.3,79.3064502378104
2022-05-21,"18","31  day ahead inc hosp",2022-06-21,"quantile",0.35,92.9788492850039
2022-05-21,"18","31  day ahead inc hosp",2022-06-21,"quantile",0.4,105.952618953973
2022-05-21,"18","31  day ahead inc hosp",2022-06-21,"quantile",0.45,118.504891252913
2022-05-21,"18","31  day ahead inc hosp",2022-06-21,"quantile",0.5,130.858152016851
2022-05-21,"18","31  day ahead inc hosp",2022-06-21,"quantile",0.55,143.21141278079
2022-05-21,"18","31  day ahead inc hosp",2022-06-21,"quantile",0.6,155.76368507973
2022-05-21,"18","31  day ahead inc hosp",2022-06-21,"quantile",0.65,168.737454748699
2022-05-21,"18","31  day ahead inc hosp",2022-06-21,"quantile",0.7,182.409853795892
2022-05-21,"18","31  day ahead inc hosp",2022-06-21,"quantile",0.75,197.164522076575
2022-05-21,"18","31  day ahead inc hosp",2022-06-21,"quantile",0.8,213.594544893368
2022-05-21,"18","31  day ahead inc hosp",2022-06-21,"quantile",0.85,232.745743112269
2022-05-21,"18","31  day ahead inc hosp",2022-06-21,"quantile",0.9,256.842323504877
2022-05-21,"18","31  day ahead inc hosp",2022-06-21,"quantile",0.95,292.557085545518
2022-05-21,"18","31  day ahead inc hosp",2022-06-21,"quantile",0.975,323.534315331214
2022-05-21,"18","31  day ahead inc hosp",2022-06-21,"quantile",0.99,359.552039476166
2022-05-21,"18","32  day ahead inc hosp",2022-06-22,"quantile",0.01,0
2022-05-21,"18","32  day ahead inc hosp",2022-06-22,"quantile",0.025,0
2022-05-21,"18","32  day ahead inc hosp",2022-06-22,"quantile",0.05,0
2022-05-21,"18","32  day ahead inc hosp",2022-06-22,"quantile",0.1,2.74182524987864
2022-05-21,"18","32  day ahead inc hosp",2022-06-22,"quantile",0.15,27.3155643123999
2022-05-21,"18","32  day ahead inc hosp",2022-06-22,"quantile",0.2,46.8459931159106
2022-05-21,"18","32  day ahead inc hosp",2022-06-22,"quantile",0.25,63.6013620069676
2022-05-21,"18","32  day ahead inc hosp",2022-06-22,"quantile",0.3,78.6482011175823
2022-05-21,"18","32  day ahead inc hosp",2022-06-22,"quantile",0.35,92.5913399808657
2022-05-21,"18","32  day ahead inc hosp",2022-06-22,"quantile",0.4,105.822015259599
2022-05-21,"18","32  day ahead inc hosp",2022-06-22,"quantile",0.45,118.622846709132
2022-05-21,"18","32  day ahead inc hosp",2022-06-22,"quantile",0.5,131.220725812236
2022-05-21,"18","32  day ahead inc hosp",2022-06-22,"quantile",0.55,143.81860491534
2022-05-21,"18","32  day ahead inc hosp",2022-06-22,"quantile",0.6,156.619436364873
2022-05-21,"18","32  day ahead inc hosp",2022-06-22,"quantile",0.65,169.850111643606
2022-05-21,"18","32  day ahead inc hosp",2022-06-22,"quantile",0.7,183.79325050689
2022-05-21,"18","32  day ahead inc hosp",2022-06-22,"quantile",0.75,198.840089617504
2022-05-21,"18","32  day ahead inc hosp",2022-06-22,"quantile",0.8,215.595458508561
2022-05-21,"18","32  day ahead inc hosp",2022-06-22,"quantile",0.85,235.125887312072
2022-05-21,"18","32  day ahead inc hosp",2022-06-22,"quantile",0.9,259.699626374593
2022-05-21,"18","32  day ahead inc hosp",2022-06-22,"quantile",0.95,296.121609443029
2022-05-21,"18","32  day ahead inc hosp",2022-06-22,"quantile",0.975,327.712247999651
2022-05-21,"18","32  day ahead inc hosp",2022-06-22,"quantile",0.99,364.443192405167
2022-05-21,"18","33  day ahead inc hosp",2022-06-23,"quantile",0.01,0
2022-05-21,"18","33  day ahead inc hosp",2022-06-23,"quantile",0.025,0
2022-05-21,"18","33  day ahead inc hosp",2022-06-23,"quantile",0.05,0
2022-05-21,"18","33  day ahead inc hosp",2022-06-23,"quantile",0.1,4.68642681627904
2022-05-21,"18","33  day ahead inc hosp",2022-06-23,"quantile",0.15,29.7282341873209
2022-05-21,"18","33  day ahead inc hosp",2022-06-23,"quantile",0.2,49.6306688443766
2022-05-21,"18","33  day ahead inc hosp",2022-06-23,"quantile",0.25,66.7051856337458
2022-05-21,"18","33  day ahead inc hosp",2022-06-23,"quantile",0.3,82.0386294207253
2022-05-21,"18","33  day ahead inc hosp",2022-06-23,"quantile",0.35,96.2473502292959
2022-05-21,"18","33  day ahead inc hosp",2022-06-23,"quantile",0.4,109.730036802792
2022-05-21,"18","33  day ahead inc hosp",2022-06-23,"quantile",0.45,122.77469209651
2022-05-21,"18","33  day ahead inc hosp",2022-06-23,"quantile",0.5,135.612529308868
2022-05-21,"18","33  day ahead inc hosp",2022-06-23,"quantile",0.55,148.450366521226
2022-05-21,"18","33  day ahead inc hosp",2022-06-23,"quantile",0.6,161.495021814944
2022-05-21,"18","33  day ahead inc hosp",2022-06-23,"quantile",0.65,174.977708388441
2022-05-21,"18","33  day ahead inc hosp",2022-06-23,"quantile",0.7,189.186429197011
2022-05-21,"18","33  day ahead inc hosp",2022-06-23,"quantile",0.75,204.519872983991
2022-05-21,"18","33  day ahead inc hosp",2022-06-23,"quantile",0.8,221.59438977336
2022-05-21,"18","33  day ahead inc hosp",2022-06-23,"quantile",0.85,241.496824430416
2022-05-21,"18","33  day ahead inc hosp",2022-06-23,"quantile",0.9,266.538631801457
2022-05-21,"18","33  day ahead inc hosp",2022-06-23,"quantile",0.95,303.654362612735
2022-05-21,"18","33  day ahead inc hosp",2022-06-23,"quantile",0.975,335.846723874911
2022-05-21,"18","33  day ahead inc hosp",2022-06-23,"quantile",0.99,373.27730096451
2022-05-21,"18","34  day ahead inc hosp",2022-06-24,"quantile",0.01,0
2022-05-21,"18","34  day ahead inc hosp",2022-06-24,"quantile",0.025,0
2022-05-21,"18","34  day ahead inc hosp",2022-06-24,"quantile",0.05,0
2022-05-21,"18","34  day ahead inc hosp",2022-06-24,"quantile",0.1,2.13274192116003
2022-05-21,"18","34  day ahead inc hosp",2022-06-24,"quantile",0.15,27.6340277966576
2022-05-21,"18","34  day ahead inc hosp",2022-06-24,"quantile",0.2,47.9016414032897
2022-05-21,"18","34  day ahead inc hosp",2022-06-24,"quantile",0.25,65.2894492152452
2022-05-21,"18","34  day ahead inc hosp",2022-06-24,"quantile",0.3,80.9042380231734
2022-05-21,"18","34  day ahead inc hosp",2022-06-24,"quantile",0.35,95.3736669224428
2022-05-21,"18","34  day ahead inc hosp",2022-06-24,"quantile",0.4,109.103739979312
2022-05-21,"18","34  day ahead inc hosp",2022-06-24,"quantile",0.45,122.387744558675
2022-05-21,"18","34  day ahead inc hosp",2022-06-24,"quantile",0.5,135.46113626418
2022-05-21,"18","34  day ahead inc hosp",2022-06-24,"quantile",0.55,148.534527969685
2022-05-21,"18","34  day ahead inc hosp",2022-06-24,"quantile",0.6,161.818532549048
2022-05-21,"18","34  day ahead inc hosp",2022-06-24,"quantile",0.65,175.548605605917
2022-05-21,"18","34  day ahead inc hosp",2022-06-24,"quantile",0.7,190.018034505187
2022-05-21,"18","34  day ahead inc hosp",2022-06-24,"quantile",0.75,205.632823313115
2022-05-21,"18","34  day ahead inc hosp",2022-06-24,"quantile",0.8,223.02063112507
2022-05-21,"18","34  day ahead inc hosp",2022-06-24,"quantile",0.85,243.288244731702
2022-05-21,"18","34  day ahead inc hosp",2022-06-24,"quantile",0.9,268.7895306072
2022-05-21,"18","34  day ahead inc hosp",2022-06-24,"quantile",0.95,306.586277777731
2022-05-21,"18","34  day ahead inc hosp",2022-06-24,"quantile",0.975,339.36931916888
2022-05-21,"18","34  day ahead inc hosp",2022-06-24,"quantile",0.99,377.486689560864
2022-05-21,"18","35  day ahead inc hosp",2022-06-25,"quantile",0.01,0
2022-05-21,"18","35  day ahead inc hosp",2022-06-25,"quantile",0.025,0
2022-05-21,"18","35  day ahead inc hosp",2022-06-25,"quantile",0.05,0
2022-05-21,"18","35  day ahead inc hosp",2022-06-25,"quantile",0.1,0
2022-05-21,"18","35  day ahead inc hosp",2022-06-25,"quantile",0.15,21.4114224172374
2022-05-21,"18","35  day ahead inc hosp",2022-06-25,"quantile",0.2,42.0377506735486
2022-05-21,"18","35  day ahead inc hosp",2022-06-25,"quantile",0.25,59.7333037143708
2022-05-21,"18","35  day ahead inc hosp",2022-06-25,"quantile",0.3,75.6244572490875
2022-05-21,"18","35  day ahead inc hosp",2022-06-25,"quantile",0.35,90.349979254304
2022-05-21,"18","35  day ahead inc hosp",2022-06-25,"quantile",0.4,104.323059625318
2022-05-21,"18","35  day ahead inc hosp",2022-06-25,"quantile",0.45,117.842176593416
2022-05-21,"18","35  day ahead inc hosp",2022-06-25,"quantile",0.5,131.14695306956
2022-05-21,"18","35  day ahead inc hosp",2022-06-25,"quantile",0.55,144.451729545704
2022-05-21,"18","35  day ahead inc hosp",2022-06-25,"quantile",0.6,157.970846513801
2022-05-21,"18","35  day ahead inc hosp",2022-06-25,"quantile",0.65,171.943926884815
2022-05-21,"18","35  day ahead inc hosp",2022-06-25,"quantile",0.7,186.669448890032
2022-05-21,"18","35  day ahead inc hosp",2022-06-25,"quantile",0.75,202.560602424748
2022-05-21,"18","35  day ahead inc hosp",2022-06-25,"quantile",0.8,220.256155465571
2022-05-21,"18","35  day ahead inc hosp",2022-06-25,"quantile",0.85,240.882483721882
2022-05-21,"18","35  day ahead inc hosp",2022-06-25,"quantile",0.9,266.83511453649
2022-05-21,"18","35  day ahead inc hosp",2022-06-25,"quantile",0.95,305.300822897195
2022-05-21,"18","35  day ahead inc hosp",2022-06-25,"quantile",0.975,338.664088355977
2022-05-21,"18","35  day ahead inc hosp",2022-06-25,"quantile",0.99,377.456094619368
2022-05-21,"18","36  day ahead inc hosp",2022-06-26,"quantile",0.01,0
2022-05-21,"18","36  day ahead inc hosp",2022-06-26,"quantile",0.025,0
2022-05-21,"18","36  day ahead inc hosp",2022-06-26,"quantile",0.05,0
2022-05-21,"18","36  day ahead inc hosp",2022-06-26,"quantile",0.1,0
2022-05-21,"18","36  day ahead inc hosp",2022-06-26,"quantile",0.15,25.392714208971
2022-05-21,"18","36  day ahead inc hosp",2022-06-26,"quantile",0.2,46.3716244134232
2022-05-21,"18","36  day ahead inc hosp",2022-06-26,"quantile",0.25,64.3696613712584
2022-05-21,"18","36  day ahead inc hosp",2022-06-26,"quantile",0.3,80.5324548121112
2022-05-21,"18","36  day ahead inc hosp",2022-06-26,"quantile",0.35,95.5096916728016
2022-05-21,"18","36  day ahead inc hosp",2022-06-26,"quantile",0.4,109.721624826411
2022-05-21,"18","36  day ahead inc hosp",2022-06-26,"quantile",0.45,123.47183462589
2022-05-21,"18","36  day ahead inc hosp",2022-06-26,"quantile",0.5,137.004040043882
2022-05-21,"18","36  day ahead inc hosp",2022-06-26,"quantile",0.55,150.536245461874
2022-05-21,"18","36  day ahead inc hosp",2022-06-26,"quantile",0.6,164.286455261353
2022-05-21,"18","36  day ahead inc hosp",2022-06-26,"quantile",0.65,178.498388414962
2022-05-21,"18","36  day ahead inc hosp",2022-06-26,"quantile",0.7,193.475625275653
2022-05-21,"18","36  day ahead inc hosp",2022-06-26,"quantile",0.75,209.638418716505
2022-05-21,"18","36  day ahead inc hosp",2022-06-26,"quantile",0.8,227.636455674341
2022-05-21,"18","36  day ahead inc hosp",2022-06-26,"quantile",0.85,248.615365878793
2022-05-21,"18","36  day ahead inc hosp",2022-06-26,"quantile",0.9,275.011625293619
2022-05-21,"18","36  day ahead inc hosp",2022-06-26,"quantile",0.95,314.134858067876
2022-05-21,"18","36  day ahead inc hosp",2022-06-26,"quantile",0.975,348.068427896181
2022-05-21,"18","36  day ahead inc hosp",2022-06-26,"quantile",0.99,387.523536238172
2022-05-21,"18","37  day ahead inc hosp",2022-06-27,"quantile",0.01,0
2022-05-21,"18","37  day ahead inc hosp",2022-06-27,"quantile",0.025,0
2022-05-21,"18","37  day ahead inc hosp",2022-06-27,"quantile",0.05,0
2022-05-21,"18","37  day ahead inc hosp",2022-06-27,"quantile",0.1,0
2022-05-21,"18","37  day ahead inc hosp",2022-06-27,"quantile",0.15,26.7387243450208
2022-05-21,"18","37  day ahead inc hosp",2022-06-27,"quantile",0.2,48.0643879782078
2022-05-21,"18","37  day ahead inc hosp",2022-06-27,"quantile",0.25,66.3599085023868
2022-05-21,"18","37  day ahead inc hosp",2022-06-27,"quantile",0.3,82.7898513799324
2022-05-21,"18","37  day ahead inc hosp",2022-06-27,"quantile",0.35,98.0146420069435
2022-05-21,"18","37  day ahead inc hosp",2022-06-27,"quantile",0.4,112.461479476456
2022-05-21,"18","37  day ahead inc hosp",2022-06-27,"quantile",0.45,126.438961920096
2022-05-21,"18","37  day ahead inc hosp",2022-06-27,"quantile",0.5,140.194836660341
2022-05-21,"18","37  day ahead inc hosp",2022-06-27,"quantile",0.55,153.950711400586
2022-05-21,"18","37  day ahead inc hosp",2022-06-27,"quantile",0.6,167.928193844226
2022-05-21,"18","37  day ahead inc hosp",2022-06-27,"quantile",0.65,182.375031313739
2022-05-21,"18","37  day ahead inc hosp",2022-06-27,"quantile",0.7,197.59982194075
2022-05-21,"18","37  day ahead inc hosp",2022-06-27,"quantile",0.75,214.029764818295
2022-05-21,"18","37  day ahead inc hosp",2022-06-27,"quantile",0.8,232.325285342474
2022-05-21,"18","37  day ahead inc hosp",2022-06-27,"quantile",0.85,253.650948975661
2022-05-21,"18","37  day ahead inc hosp",2022-06-27,"quantile",0.9,280.483503382395
2022-05-21,"18","37  day ahead inc hosp",2022-06-27,"quantile",0.95,320.253391057952
2022-05-21,"18","37  day ahead inc hosp",2022-06-27,"quantile",0.975,354.747837574918
2022-05-21,"18","37  day ahead inc hosp",2022-06-27,"quantile",0.99,394.85508627908
2022-05-21,"19","1  day ahead inc hosp",2022-05-22,"quantile",0.01,3.89952901275817
2022-05-21,"19","1  day ahead inc hosp",2022-05-22,"quantile",0.025,8.48103082318719
2022-05-21,"19","1  day ahead inc hosp",2022-05-22,"quantile",0.05,12.4213751318414
2022-05-21,"19","1  day ahead inc hosp",2022-05-22,"quantile",0.1,16.9643397647462
2022-05-21,"19","1  day ahead inc hosp",2022-05-22,"quantile",0.15,20.0294564347941
2022-05-21,"19","1  day ahead inc hosp",2022-05-22,"quantile",0.2,22.4655139979724
2022-05-21,"19","1  day ahead inc hosp",2022-05-22,"quantile",0.25,24.555434476501
2022-05-21,"19","1  day ahead inc hosp",2022-05-22,"quantile",0.3,26.4322476579274
2022-05-21,"19","1  day ahead inc hosp",2022-05-22,"quantile",0.35,28.1713947715966
2022-05-21,"19","1  day ahead inc hosp",2022-05-22,"quantile",0.4,29.8216753109015
2022-05-21,"19","1  day ahead inc hosp",2022-05-22,"quantile",0.45,31.4183408312202
2022-05-21,"19","1  day ahead inc hosp",2022-05-22,"quantile",0.5,32.9896918229407
2022-05-21,"19","1  day ahead inc hosp",2022-05-22,"quantile",0.55,34.5610428146612
2022-05-21,"19","1  day ahead inc hosp",2022-05-22,"quantile",0.6,36.1577083349798
2022-05-21,"19","1  day ahead inc hosp",2022-05-22,"quantile",0.65,37.8079888742848
2022-05-21,"19","1  day ahead inc hosp",2022-05-22,"quantile",0.7,39.5471359879539
2022-05-21,"19","1  day ahead inc hosp",2022-05-22,"quantile",0.75,41.4239491693804
2022-05-21,"19","1  day ahead inc hosp",2022-05-22,"quantile",0.8,43.5138696479089
2022-05-21,"19","1  day ahead inc hosp",2022-05-22,"quantile",0.85,45.9499272110872
2022-05-21,"19","1  day ahead inc hosp",2022-05-22,"quantile",0.9,49.0150438811351
2022-05-21,"19","1  day ahead inc hosp",2022-05-22,"quantile",0.95,53.5580085140399
2022-05-21,"19","1  day ahead inc hosp",2022-05-22,"quantile",0.975,57.4983528226942
2022-05-21,"19","1  day ahead inc hosp",2022-05-22,"quantile",0.99,62.0798546331232
2022-05-21,"19","2  day ahead inc hosp",2022-05-23,"quantile",0.01,4.1132624754917
2022-05-21,"19","2  day ahead inc hosp",2022-05-23,"quantile",0.025,9.16092919781395
2022-05-21,"19","2  day ahead inc hosp",2022-05-23,"quantile",0.05,13.5022010480205
2022-05-21,"19","2  day ahead inc hosp",2022-05-23,"quantile",0.1,18.5074094593761
2022-05-21,"19","2  day ahead inc hosp",2022-05-23,"quantile",0.15,21.8843998122375
2022-05-21,"19","2  day ahead inc hosp",2022-05-23,"quantile",0.2,24.5683246919191
2022-05-21,"19","2  day ahead inc hosp",2022-05-23,"quantile",0.25,26.8708932574831
2022-05-21,"19","2  day ahead inc hosp",2022-05-23,"quantile",0.3,28.9386709932328
2022-05-21,"19","2  day ahead inc hosp",2022-05-23,"quantile",0.35,30.8547752258902
2022-05-21,"19","2  day ahead inc hosp",2022-05-23,"quantile",0.4,32.6729707664406
2022-05-21,"19","2  day ahead inc hosp",2022-05-23,"quantile",0.45,34.4320959937287
2022-05-21,"19","2  day ahead inc hosp",2022-05-23,"quantile",0.5,36.1633309551425
2022-05-21,"19","2  day ahead inc hosp",2022-05-23,"quantile",0.55,37.8945659165564
2022-05-21,"19","2  day ahead inc hosp",2022-05-23,"quantile",0.6,39.6536911438445
2022-05-21,"19","2  day ahead inc hosp",2022-05-23,"quantile",0.65,41.4718866843949
2022-05-21,"19","2  day ahead inc hosp",2022-05-23,"quantile",0.7,43.3879909170523
2022-05-21,"19","2  day ahead inc hosp",2022-05-23,"quantile",0.75,45.455768652802
2022-05-21,"19","2  day ahead inc hosp",2022-05-23,"quantile",0.8,47.758337218366
2022-05-21,"19","2  day ahead inc hosp",2022-05-23,"quantile",0.85,50.4422620980475
2022-05-21,"19","2  day ahead inc hosp",2022-05-23,"quantile",0.9,53.819252450909
2022-05-21,"19","2  day ahead inc hosp",2022-05-23,"quantile",0.95,58.8244608622646
2022-05-21,"19","2  day ahead inc hosp",2022-05-23,"quantile",0.975,63.1657327124711
2022-05-21,"19","2  day ahead inc hosp",2022-05-23,"quantile",0.99,68.2133994347934
2022-05-21,"19","3  day ahead inc hosp",2022-05-24,"quantile",0.01,4.74178019788057
2022-05-21,"19","3  day ahead inc hosp",2022-05-24,"quantile",0.025,10.0230490569731
2022-05-21,"19","3  day ahead inc hosp",2022-05-24,"quantile",0.05,14.5652316321338
2022-05-21,"19","3  day ahead inc hosp",2022-05-24,"quantile",0.1,19.8020772422575
2022-05-21,"19","3  day ahead inc hosp",2022-05-24,"quantile",0.15,23.3353521134276
2022-05-21,"19","3  day ahead inc hosp",2022-05-24,"quantile",0.2,26.1434869739408
2022-05-21,"19","3  day ahead inc hosp",2022-05-24,"quantile",0.25,28.5526166431921
2022-05-21,"19","3  day ahead inc hosp",2022-05-24,"quantile",0.3,30.7160895434622
2022-05-21,"19","3  day ahead inc hosp",2022-05-24,"quantile",0.35,32.7208696074783
2022-05-21,"19","3  day ahead inc hosp",2022-05-24,"quantile",0.4,34.6232098403596
2022-05-21,"19","3  day ahead inc hosp",2022-05-24,"quantile",0.45,36.4637460312764
2022-05-21,"19","3  day ahead inc hosp",2022-05-24,"quantile",0.5,38.2751012162481
2022-05-21,"19","3  day ahead inc hosp",2022-05-24,"quantile",0.55,40.0864564012197
2022-05-21,"19","3  day ahead inc hosp",2022-05-24,"quantile",0.6,41.9269925921365
2022-05-21,"19","3  day ahead inc hosp",2022-05-24,"quantile",0.65,43.8293328250179
2022-05-21,"19","3  day ahead inc hosp",2022-05-24,"quantile",0.7,45.8341128890339
2022-05-21,"19","3  day ahead inc hosp",2022-05-24,"quantile",0.75,47.9975857893041
2022-05-21,"19","3  day ahead inc hosp",2022-05-24,"quantile",0.8,50.4067154585553
2022-05-21,"19","3  day ahead inc hosp",2022-05-24,"quantile",0.85,53.2148503190685
2022-05-21,"19","3  day ahead inc hosp",2022-05-24,"quantile",0.9,56.7481251902387
2022-05-21,"19","3  day ahead inc hosp",2022-05-24,"quantile",0.95,61.9849708003623
2022-05-21,"19","3  day ahead inc hosp",2022-05-24,"quantile",0.975,66.5271533755231
2022-05-21,"19","3  day ahead inc hosp",2022-05-24,"quantile",0.99,71.8084222346156
2022-05-21,"19","4  day ahead inc hosp",2022-05-25,"quantile",0.01,2.7054127556805
2022-05-21,"19","4  day ahead inc hosp",2022-05-25,"quantile",0.025,8.30719447799524
2022-05-21,"19","4  day ahead inc hosp",2022-05-25,"quantile",0.05,13.1250357975383
2022-05-21,"19","4  day ahead inc hosp",2022-05-25,"quantile",0.1,18.6796982856767
2022-05-21,"19","4  day ahead inc hosp",2022-05-25,"quantile",0.15,22.4274026956044
2022-05-21,"19","4  day ahead inc hosp",2022-05-25,"quantile",0.2,25.4059593559675
2022-05-21,"19","4  day ahead inc hosp",2022-05-25,"quantile",0.25,27.961295754845
2022-05-21,"19","4  day ahead inc hosp",2022-05-25,"quantile",0.3,30.2560668170286
2022-05-21,"19","4  day ahead inc hosp",2022-05-25,"quantile",0.35,32.3825141953951
2022-05-21,"19","4  day ahead inc hosp",2022-05-25,"quantile",0.4,34.4003048117224
2022-05-21,"19","4  day ahead inc hosp",2022-05-25,"quantile",0.45,36.3525405847196
2022-05-21,"19","4  day ahead inc hosp",2022-05-25,"quantile",0.5,38.2738243970983
2022-05-21,"19","4  day ahead inc hosp",2022-05-25,"quantile",0.55,40.195108209477
2022-05-21,"19","4  day ahead inc hosp",2022-05-25,"quantile",0.6,42.1473439824743
2022-05-21,"19","4  day ahead inc hosp",2022-05-25,"quantile",0.65,44.1651345988016
2022-05-21,"19","4  day ahead inc hosp",2022-05-25,"quantile",0.7,46.2915819771681
2022-05-21,"19","4  day ahead inc hosp",2022-05-25,"quantile",0.75,48.5863530393517
2022-05-21,"19","4  day ahead inc hosp",2022-05-25,"quantile",0.8,51.1416894382292
2022-05-21,"19","4  day ahead inc hosp",2022-05-25,"quantile",0.85,54.1202460985923
2022-05-21,"19","4  day ahead inc hosp",2022-05-25,"quantile",0.9,57.86795050852
2022-05-21,"19","4  day ahead inc hosp",2022-05-25,"quantile",0.95,63.4226129966584
2022-05-21,"19","4  day ahead inc hosp",2022-05-25,"quantile",0.975,68.2404543162014
2022-05-21,"19","4  day ahead inc hosp",2022-05-25,"quantile",0.99,73.8422360385162
2022-05-21,"19","5  day ahead inc hosp",2022-05-26,"quantile",0.01,0
2022-05-21,"19","5  day ahead inc hosp",2022-05-26,"quantile",0.025,5.65458424989224
2022-05-21,"19","5  day ahead inc hosp",2022-05-26,"quantile",0.05,10.7426521538856
2022-05-21,"19","5  day ahead inc hosp",2022-05-26,"quantile",0.1,16.6088685875339
2022-05-21,"19","5  day ahead inc hosp",2022-05-26,"quantile",0.15,20.5667769653915
2022-05-21,"19","5  day ahead inc hosp",2022-05-26,"quantile",0.2,23.7123970758637
2022-05-21,"19","5  day ahead inc hosp",2022-05-26,"quantile",0.25,26.4110590393234
2022-05-21,"19","5  day ahead inc hosp",2022-05-26,"quantile",0.3,28.8345408881644
2022-05-21,"19","5  day ahead inc hosp",2022-05-26,"quantile",0.35,31.0802579921108
2022-05-21,"19","5  day ahead inc hosp",2022-05-26,"quantile",0.4,33.2112239146016
2022-05-21,"19","5  day ahead inc hosp",2022-05-26,"quantile",0.45,35.2729581060791
2022-05-21,"19","5  day ahead inc hosp",2022-05-26,"quantile",0.5,37.302004280882
2022-05-21,"19","5  day ahead inc hosp",2022-05-26,"quantile",0.55,39.3310504556849
2022-05-21,"19","5  day ahead inc hosp",2022-05-26,"quantile",0.6,41.3927846471624
2022-05-21,"19","5  day ahead inc hosp",2022-05-26,"quantile",0.65,43.5237505696531
2022-05-21,"19","5  day ahead inc hosp",2022-05-26,"quantile",0.7,45.7694676735995
2022-05-21,"19","5  day ahead inc hosp",2022-05-26,"quantile",0.75,48.1929495224406
2022-05-21,"19","5  day ahead inc hosp",2022-05-26,"quantile",0.8,50.8916114859002
2022-05-21,"19","5  day ahead inc hosp",2022-05-26,"quantile",0.85,54.0372315963725
2022-05-21,"19","5  day ahead inc hosp",2022-05-26,"quantile",0.9,57.99513997423
2022-05-21,"19","5  day ahead inc hosp",2022-05-26,"quantile",0.95,63.8613564078783
2022-05-21,"19","5  day ahead inc hosp",2022-05-26,"quantile",0.975,68.9494243118717
2022-05-21,"19","5  day ahead inc hosp",2022-05-26,"quantile",0.99,74.8654028375384
2022-05-21,"19","6  day ahead inc hosp",2022-05-27,"quantile",0.01,0
2022-05-21,"19","6  day ahead inc hosp",2022-05-27,"quantile",0.025,1.2880743822796
2022-05-21,"19","6  day ahead inc hosp",2022-05-27,"quantile",0.05,6.59702048387879
2022-05-21,"19","6  day ahead inc hosp",2022-05-27,"quantile",0.1,12.7178953334678
2022-05-21,"19","6  day ahead inc hosp",2022-05-27,"quantile",0.15,16.847620535567
2022-05-21,"19","6  day ahead inc hosp",2022-05-27,"quantile",0.2,20.1297952112424
2022-05-21,"19","6  day ahead inc hosp",2022-05-27,"quantile",0.25,22.9456088325973
2022-05-21,"19","6  day ahead inc hosp",2022-05-27,"quantile",0.3,25.4742964909524
2022-05-21,"19","6  day ahead inc hosp",2022-05-27,"quantile",0.35,27.8175024562136
2022-05-21,"19","6  day ahead inc hosp",2022-05-27,"quantile",0.4,30.0409757746354
2022-05-21,"19","6  day ahead inc hosp",2022-05-27,"quantile",0.45,32.1922119422557
2022-05-21,"19","6  day ahead inc hosp",2022-05-27,"quantile",0.5,34.3093410731837
2022-05-21,"19","6  day ahead inc hosp",2022-05-27,"quantile",0.55,36.4264702041118
2022-05-21,"19","6  day ahead inc hosp",2022-05-27,"quantile",0.6,38.5777063717321
2022-05-21,"19","6  day ahead inc hosp",2022-05-27,"quantile",0.65,40.8011796901539
2022-05-21,"19","6  day ahead inc hosp",2022-05-27,"quantile",0.7,43.144385655415
2022-05-21,"19","6  day ahead inc hosp",2022-05-27,"quantile",0.75,45.6730733137702
2022-05-21,"19","6  day ahead inc hosp",2022-05-27,"quantile",0.8,48.4888869351251
2022-05-21,"19","6  day ahead inc hosp",2022-05-27,"quantile",0.85,51.7710616108005
2022-05-21,"19","6  day ahead inc hosp",2022-05-27,"quantile",0.9,55.9007868128997
2022-05-21,"19","6  day ahead inc hosp",2022-05-27,"quantile",0.95,62.0216616624887
2022-05-21,"19","6  day ahead inc hosp",2022-05-27,"quantile",0.975,67.3306077640879
2022-05-21,"19","6  day ahead inc hosp",2022-05-27,"quantile",0.99,73.5034049286722
2022-05-21,"19","7  day ahead inc hosp",2022-05-28,"quantile",0.01,0
2022-05-21,"19","7  day ahead inc hosp",2022-05-28,"quantile",0.025,0
2022-05-21,"19","7  day ahead inc hosp",2022-05-28,"quantile",0.05,4.29363674887261
2022-05-21,"19","7  day ahead inc hosp",2022-05-28,"quantile",0.1,10.7456168114724
2022-05-21,"19","7  day ahead inc hosp",2022-05-28,"quantile",0.15,15.0987371288644
2022-05-21,"19","7  day ahead inc hosp",2022-05-28,"quantile",0.2,18.5584591604052
2022-05-21,"19","7  day ahead inc hosp",2022-05-28,"quantile",0.25,21.5265926039763
2022-05-21,"19","7  day ahead inc hosp",2022-05-28,"quantile",0.3,24.1920681703237
2022-05-21,"19","7  day ahead inc hosp",2022-05-28,"quantile",0.35,26.662028517813
2022-05-21,"19","7  day ahead inc hosp",2022-05-28,"quantile",0.4,29.0057793496313
2022-05-21,"19","7  day ahead inc hosp",2022-05-28,"quantile",0.45,31.273385403423
2022-05-21,"19","7  day ahead inc hosp",2022-05-28,"quantile",0.5,33.5050394199423
2022-05-21,"19","7  day ahead inc hosp",2022-05-28,"quantile",0.55,35.7366934364615
2022-05-21,"19","7  day ahead inc hosp",2022-05-28,"quantile",0.6,38.0042994902532
2022-05-21,"19","7  day ahead inc hosp",2022-05-28,"quantile",0.65,40.3480503220716
2022-05-21,"19","7  day ahead inc hosp",2022-05-28,"quantile",0.7,42.8180106695609
2022-05-21,"19","7  day ahead inc hosp",2022-05-28,"quantile",0.75,45.4834862359082
2022-05-21,"19","7  day ahead inc hosp",2022-05-28,"quantile",0.8,48.4516196794793
2022-05-21,"19","7  day ahead inc hosp",2022-05-28,"quantile",0.85,51.9113417110202
2022-05-21,"19","7  day ahead inc hosp",2022-05-28,"quantile",0.9,56.2644620284122
2022-05-21,"19","7  day ahead inc hosp",2022-05-28,"quantile",0.95,62.7164420910119
2022-05-21,"19","7  day ahead inc hosp",2022-05-28,"quantile",0.975,68.3125725858601
2022-05-21,"19","7  day ahead inc hosp",2022-05-28,"quantile",0.99,74.8192836712934
2022-05-21,"19","8  day ahead inc hosp",2022-05-29,"quantile",0.01,0
2022-05-21,"19","8  day ahead inc hosp",2022-05-29,"quantile",0.025,0
2022-05-21,"19","8  day ahead inc hosp",2022-05-29,"quantile",0.05,3.28383059933852
2022-05-21,"19","8  day ahead inc hosp",2022-05-29,"quantile",0.1,10.140304987292
2022-05-21,"19","8  day ahead inc hosp",2022-05-29,"quantile",0.15,14.766335705659
2022-05-21,"19","8  day ahead inc hosp",2022-05-29,"quantile",0.2,18.4429582724591
2022-05-21,"19","8  day ahead inc hosp",2022-05-29,"quantile",0.25,21.5971730620927
2022-05-21,"19","8  day ahead inc hosp",2022-05-29,"quantile",0.3,24.4297554282899
2022-05-21,"19","8  day ahead inc hosp",2022-05-29,"quantile",0.35,27.0545651297318
2022-05-21,"19","8  day ahead inc hosp",2022-05-29,"quantile",0.4,29.5452528556997
2022-05-21,"19","8  day ahead inc hosp",2022-05-29,"quantile",0.45,31.955022055068
2022-05-21,"19","8  day ahead inc hosp",2022-05-29,"quantile",0.5,34.3265852742005
2022-05-21,"19","8  day ahead inc hosp",2022-05-29,"quantile",0.55,36.698148493333
2022-05-21,"19","8  day ahead inc hosp",2022-05-29,"quantile",0.6,39.1079176927012
2022-05-21,"19","8  day ahead inc hosp",2022-05-29,"quantile",0.65,41.5986054186692
2022-05-21,"19","8  day ahead inc hosp",2022-05-29,"quantile",0.7,44.223415120111
2022-05-21,"19","8  day ahead inc hosp",2022-05-29,"quantile",0.75,47.0559974863083
2022-05-21,"19","8  day ahead inc hosp",2022-05-29,"quantile",0.8,50.2102122759419
2022-05-21,"19","8  day ahead inc hosp",2022-05-29,"quantile",0.85,53.8868348427419
2022-05-21,"19","8  day ahead inc hosp",2022-05-29,"quantile",0.9,58.512865561109
2022-05-21,"19","8  day ahead inc hosp",2022-05-29,"quantile",0.95,65.3693399490624
2022-05-21,"19","8  day ahead inc hosp",2022-05-29,"quantile",0.975,71.3163089473069
2022-05-21,"19","8  day ahead inc hosp",2022-05-29,"quantile",0.99,78.2309456129865
2022-05-21,"19","9  day ahead inc hosp",2022-05-30,"quantile",0.01,0
2022-05-21,"19","9  day ahead inc hosp",2022-05-30,"quantile",0.025,0
2022-05-21,"19","9  day ahead inc hosp",2022-05-30,"quantile",0.05,6.07888652570253
2022-05-21,"19","9  day ahead inc hosp",2022-05-30,"quantile",0.1,13.3054556629846
2022-05-21,"19","9  day ahead inc hosp",2022-05-30,"quantile",0.15,18.181187551695
2022-05-21,"19","9  day ahead inc hosp",2022-05-30,"quantile",0.2,22.0562646929956
2022-05-21,"19","9  day ahead inc hosp",2022-05-30,"quantile",0.25,25.3807358368204
2022-05-21,"19","9  day ahead inc hosp",2022-05-30,"quantile",0.3,28.3662136710752
2022-05-21,"19","9  day ahead inc hosp",2022-05-30,"quantile",0.35,31.1327038096521
2022-05-21,"19","9  day ahead inc hosp",2022-05-30,"quantile",0.4,33.757832415501
2022-05-21,"19","9  day ahead inc hosp",2022-05-30,"quantile",0.45,36.2976747220258
2022-05-21,"19","9  day ahead inc hosp",2022-05-30,"quantile",0.5,38.7972487883429
2022-05-21,"19","9  day ahead inc hosp",2022-05-30,"quantile",0.55,41.2968228546601
2022-05-21,"19","9  day ahead inc hosp",2022-05-30,"quantile",0.6,43.8366651611848
2022-05-21,"19","9  day ahead inc hosp",2022-05-30,"quantile",0.65,46.4617937670338
2022-05-21,"19","9  day ahead inc hosp",2022-05-30,"quantile",0.7,49.2282839056107
2022-05-21,"19","9  day ahead inc hosp",2022-05-30,"quantile",0.75,52.2137617398655
2022-05-21,"19","9  day ahead inc hosp",2022-05-30,"quantile",0.8,55.5382328836902
2022-05-21,"19","9  day ahead inc hosp",2022-05-30,"quantile",0.85,59.4133100249909
2022-05-21,"19","9  day ahead inc hosp",2022-05-30,"quantile",0.9,64.2890419137013
2022-05-21,"19","9  day ahead inc hosp",2022-05-30,"quantile",0.95,71.5156110509834
2022-05-21,"19","9  day ahead inc hosp",2022-05-30,"quantile",0.975,77.783582050568
2022-05-21,"19","9  day ahead inc hosp",2022-05-30,"quantile",0.99,85.0714529148583
2022-05-21,"19","10  day ahead inc hosp",2022-05-31,"quantile",0.01,0
2022-05-21,"19","10  day ahead inc hosp",2022-05-31,"quantile",0.025,0.777157427310172
2022-05-21,"19","10  day ahead inc hosp",2022-05-31,"quantile",0.05,7.28997844992637
2022-05-21,"19","10  day ahead inc hosp",2022-05-31,"quantile",0.1,14.7988439826162
2022-05-21,"19","10  day ahead inc hosp",2022-05-31,"quantile",0.15,19.865039909103
2022-05-21,"19","10  day ahead inc hosp",2022-05-31,"quantile",0.2,23.8914918297955
2022-05-21,"19","10  day ahead inc hosp",2022-05-31,"quantile",0.25,27.3458290556726
2022-05-21,"19","10  day ahead inc hosp",2022-05-31,"quantile",0.3,30.4479306452903
2022-05-21,"19","10  day ahead inc hosp",2022-05-31,"quantile",0.35,33.3224900736249
2022-05-21,"19","10  day ahead inc hosp",2022-05-31,"quantile",0.4,36.0501658673351
2022-05-21,"19","10  day ahead inc hosp",2022-05-31,"quantile",0.45,38.6892237648845
2022-05-21,"19","10  day ahead inc hosp",2022-05-31,"quantile",0.5,41.2864403965147
2022-05-21,"19","10  day ahead inc hosp",2022-05-31,"quantile",0.55,43.8836570281448
2022-05-21,"19","10  day ahead inc hosp",2022-05-31,"quantile",0.6,46.5227149256942
2022-05-21,"19","10  day ahead inc hosp",2022-05-31,"quantile",0.65,49.2503907194044
2022-05-21,"19","10  day ahead inc hosp",2022-05-31,"quantile",0.7,52.124950147739
2022-05-21,"19","10  day ahead inc hosp",2022-05-31,"quantile",0.75,55.2270517373567
2022-05-21,"19","10  day ahead inc hosp",2022-05-31,"quantile",0.8,58.6813889632338
2022-05-21,"19","10  day ahead inc hosp",2022-05-31,"quantile",0.85,62.7078408839263
2022-05-21,"19","10  day ahead inc hosp",2022-05-31,"quantile",0.9,67.7740368104131
2022-05-21,"19","10  day ahead inc hosp",2022-05-31,"quantile",0.95,75.2829023431029
2022-05-21,"19","10  day ahead inc hosp",2022-05-31,"quantile",0.975,81.7957233657191
2022-05-21,"19","10  day ahead inc hosp",2022-05-31,"quantile",0.99,89.368285296559
2022-05-21,"19","11  day ahead inc hosp",2022-06-01,"quantile",0.01,0
2022-05-21,"19","11  day ahead inc hosp",2022-06-01,"quantile",0.025,0
2022-05-21,"19","11  day ahead inc hosp",2022-06-01,"quantile",0.05,5.74394082296795
2022-05-21,"19","11  day ahead inc hosp",2022-06-01,"quantile",0.1,13.4658385547422
2022-05-21,"19","11  day ahead inc hosp",2022-06-01,"quantile",0.15,18.6757662945786
2022-05-21,"19","11  day ahead inc hosp",2022-06-01,"quantile",0.2,22.8164517041302
2022-05-21,"19","11  day ahead inc hosp",2022-06-01,"quantile",0.25,26.3687910919056
2022-05-21,"19","11  day ahead inc hosp",2022-06-01,"quantile",0.3,29.5589016517922
2022-05-21,"19","11  day ahead inc hosp",2022-06-01,"quantile",0.35,32.5150145070395
2022-05-21,"19","11  day ahead inc hosp",2022-06-01,"quantile",0.4,35.3200765277627
2022-05-21,"19","11  day ahead inc hosp",2022-06-01,"quantile",0.45,38.0340064955308
2022-05-21,"19","11  day ahead inc hosp",2022-06-01,"quantile",0.5,40.7049081289933
2022-05-21,"19","11  day ahead inc hosp",2022-06-01,"quantile",0.55,43.3758097624557
2022-05-21,"19","11  day ahead inc hosp",2022-06-01,"quantile",0.6,46.0897397302238
2022-05-21,"19","11  day ahead inc hosp",2022-06-01,"quantile",0.65,48.894801750947
2022-05-21,"19","11  day ahead inc hosp",2022-06-01,"quantile",0.7,51.8509146061943
2022-05-21,"19","11  day ahead inc hosp",2022-06-01,"quantile",0.75,55.0410251660809
2022-05-21,"19","11  day ahead inc hosp",2022-06-01,"quantile",0.8,58.5933645538563
2022-05-21,"19","11  day ahead inc hosp",2022-06-01,"quantile",0.85,62.7340499634079
2022-05-21,"19","11  day ahead inc hosp",2022-06-01,"quantile",0.9,67.9439777032443
2022-05-21,"19","11  day ahead inc hosp",2022-06-01,"quantile",0.95,75.6658754350186
2022-05-21,"19","11  day ahead inc hosp",2022-06-01,"quantile",0.975,82.363470120001
2022-05-21,"19","11  day ahead inc hosp",2022-06-01,"quantile",0.99,90.1508713649565
2022-05-21,"19","12  day ahead inc hosp",2022-06-02,"quantile",0.01,0
2022-05-21,"19","12  day ahead inc hosp",2022-06-02,"quantile",0.025,0
2022-05-21,"19","12  day ahead inc hosp",2022-06-02,"quantile",0.05,3.04086426491749
2022-05-21,"19","12  day ahead inc hosp",2022-06-02,"quantile",0.1,10.9502810604918
2022-05-21,"19","12  day ahead inc hosp",2022-06-02,"quantile",0.15,16.2867270224254
2022-05-21,"19","12  day ahead inc hosp",2022-06-02,"quantile",0.2,20.5279651041906
2022-05-21,"19","12  day ahead inc hosp",2022-06-02,"quantile",0.25,24.1665697313455
2022-05-21,"19","12  day ahead inc hosp",2022-06-02,"quantile",0.3,27.4341491423343
2022-05-21,"19","12  day ahead inc hosp",2022-06-02,"quantile",0.35,30.4620484332944
2022-05-21,"19","12  day ahead inc hosp",2022-06-02,"quantile",0.4,33.3352287614983
2022-05-21,"19","12  day ahead inc hosp",2022-06-02,"quantile",0.45,36.1150639800806
2022-05-21,"19","12  day ahead inc hosp",2022-06-02,"quantile",0.5,38.850825961505
2022-05-21,"19","12  day ahead inc hosp",2022-06-02,"quantile",0.55,41.5865879429294
2022-05-21,"19","12  day ahead inc hosp",2022-06-02,"quantile",0.6,44.3664231615117
2022-05-21,"19","12  day ahead inc hosp",2022-06-02,"quantile",0.65,47.2396034897156
2022-05-21,"19","12  day ahead inc hosp",2022-06-02,"quantile",0.7,50.2675027806757
2022-05-21,"19","12  day ahead inc hosp",2022-06-02,"quantile",0.75,53.5350821916645
2022-05-21,"19","12  day ahead inc hosp",2022-06-02,"quantile",0.8,57.1736868188194
2022-05-21,"19","12  day ahead inc hosp",2022-06-02,"quantile",0.85,61.4149249005846
2022-05-21,"19","12  day ahead inc hosp",2022-06-02,"quantile",0.9,66.7513708625182
2022-05-21,"19","12  day ahead inc hosp",2022-06-02,"quantile",0.95,74.6607876580925
2022-05-21,"19","12  day ahead inc hosp",2022-06-02,"quantile",0.975,81.5210271654575
2022-05-21,"19","12  day ahead inc hosp",2022-06-02,"quantile",0.99,89.4975381657625
2022-05-21,"19","13  day ahead inc hosp",2022-06-03,"quantile",0.01,0
2022-05-21,"19","13  day ahead inc hosp",2022-06-03,"quantile",0.025,0
2022-05-21,"19","13  day ahead inc hosp",2022-06-03,"quantile",0.05,0.347240174761588
2022-05-21,"19","13  day ahead inc hosp",2022-06-03,"quantile",0.1,8.4663079952496
2022-05-21,"19","13  day ahead inc hosp",2022-06-03,"quantile",0.15,13.9442045083719
2022-05-21,"19","13  day ahead inc hosp",2022-06-03,"quantile",0.2,18.2978630041483
2022-05-21,"19","13  day ahead inc hosp",2022-06-03,"quantile",0.25,22.0329143364213
2022-05-21,"19","13  day ahead inc hosp",2022-06-03,"quantile",0.3,25.3871058694168
2022-05-21,"19","13  day ahead inc hosp",2022-06-03,"quantile",0.35,28.4952641992027
2022-05-21,"19","13  day ahead inc hosp",2022-06-03,"quantile",0.4,31.4446025067037
2022-05-21,"19","13  day ahead inc hosp",2022-06-03,"quantile",0.45,34.2981214516252
2022-05-21,"19","13  day ahead inc hosp",2022-06-03,"quantile",0.5,37.1063989317455
2022-05-21,"19","13  day ahead inc hosp",2022-06-03,"quantile",0.55,39.9146764118659
2022-05-21,"19","13  day ahead inc hosp",2022-06-03,"quantile",0.6,42.7681953567873
2022-05-21,"19","13  day ahead inc hosp",2022-06-03,"quantile",0.65,45.7175336642884
2022-05-21,"19","13  day ahead inc hosp",2022-06-03,"quantile",0.7,48.8256919940743
2022-05-21,"19","13  day ahead inc hosp",2022-06-03,"quantile",0.75,52.1798835270697
2022-05-21,"19","13  day ahead inc hosp",2022-06-03,"quantile",0.8,55.9149348593428
2022-05-21,"19","13  day ahead inc hosp",2022-06-03,"quantile",0.85,60.2685933551191
2022-05-21,"19","13  day ahead inc hosp",2022-06-03,"quantile",0.9,65.7464898682414
2022-05-21,"19","13  day ahead inc hosp",2022-06-03,"quantile",0.95,73.8655576887294
2022-05-21,"19","13  day ahead inc hosp",2022-06-03,"quantile",0.975,80.9076381941156
2022-05-21,"19","13  day ahead inc hosp",2022-06-03,"quantile",0.99,89.0955786524541
2022-05-21,"19","14  day ahead inc hosp",2022-06-04,"quantile",0.01,0
2022-05-21,"19","14  day ahead inc hosp",2022-06-04,"quantile",0.025,0
2022-05-21,"19","14  day ahead inc hosp",2022-06-04,"quantile",0.05,0
2022-05-21,"19","14  day ahead inc hosp",2022-06-04,"quantile",0.1,5.20856456799784
2022-05-21,"19","14  day ahead inc hosp",2022-06-04,"quantile",0.15,10.8635591206085
2022-05-21,"19","14  day ahead inc hosp",2022-06-04,"quantile",0.2,15.3579695240481
2022-05-21,"19","14  day ahead inc hosp",2022-06-04,"quantile",0.25,19.2137734603087
2022-05-21,"19","14  day ahead inc hosp",2022-06-04,"quantile",0.3,22.6764045637011
2022-05-21,"19","14  day ahead inc hosp",2022-06-04,"quantile",0.35,25.8850483161864
2022-05-21,"19","14  day ahead inc hosp",2022-06-04,"quantile",0.4,28.9297374633382
2022-05-21,"19","14  day ahead inc hosp",2022-06-04,"quantile",0.45,31.875509449108
2022-05-21,"19","14  day ahead inc hosp",2022-06-04,"quantile",0.5,34.7745773329677
2022-05-21,"19","14  day ahead inc hosp",2022-06-04,"quantile",0.55,37.6736452168274
2022-05-21,"19","14  day ahead inc hosp",2022-06-04,"quantile",0.6,40.6194172025972
2022-05-21,"19","14  day ahead inc hosp",2022-06-04,"quantile",0.65,43.6641063497491
2022-05-21,"19","14  day ahead inc hosp",2022-06-04,"quantile",0.7,46.8727501022343
2022-05-21,"19","14  day ahead inc hosp",2022-06-04,"quantile",0.75,50.3353812056268
2022-05-21,"19","14  day ahead inc hosp",2022-06-04,"quantile",0.8,54.1911851418873
2022-05-21,"19","14  day ahead inc hosp",2022-06-04,"quantile",0.85,58.6855955453269
2022-05-21,"19","14  day ahead inc hosp",2022-06-04,"quantile",0.9,64.3405900979376
2022-05-21,"19","14  day ahead inc hosp",2022-06-04,"quantile",0.95,72.722143890922
2022-05-21,"19","14  day ahead inc hosp",2022-06-04,"quantile",0.975,79.9918918318713
2022-05-21,"19","14  day ahead inc hosp",2022-06-04,"quantile",0.99,88.4445448854815
2022-05-21,"19","15  day ahead inc hosp",2022-06-05,"quantile",0.01,0
2022-05-21,"19","15  day ahead inc hosp",2022-06-05,"quantile",0.025,0
2022-05-21,"19","15  day ahead inc hosp",2022-06-05,"quantile",0.05,0
2022-05-21,"19","15  day ahead inc hosp",2022-06-05,"quantile",0.1,7.03143171755163
2022-05-21,"19","15  day ahead inc hosp",2022-06-05,"quantile",0.15,12.8897451346544
2022-05-21,"19","15  day ahead inc hosp",2022-06-05,"quantile",0.2,17.5457469262531
2022-05-21,"19","15  day ahead inc hosp",2022-06-05,"quantile",0.25,21.5401818851842
2022-05-21,"19","15  day ahead inc hosp",2022-06-05,"quantile",0.3,25.1273079315067
2022-05-21,"19","15  day ahead inc hosp",2022-06-05,"quantile",0.35,28.451314802072
2022-05-21,"19","15  day ahead inc hosp",2022-06-05,"quantile",0.4,31.6054722668979
2022-05-21,"19","15  day ahead inc hosp",2022-06-05,"quantile",0.45,34.6571561168839
2022-05-21,"19","15  day ahead inc hosp",2022-06-05,"quantile",0.5,37.6604566723665
2022-05-21,"19","15  day ahead inc hosp",2022-06-05,"quantile",0.55,40.6637572278492
2022-05-21,"19","15  day ahead inc hosp",2022-06-05,"quantile",0.6,43.7154410778352
2022-05-21,"19","15  day ahead inc hosp",2022-06-05,"quantile",0.65,46.8695985426611
2022-05-21,"19","15  day ahead inc hosp",2022-06-05,"quantile",0.7,50.1936054132264
2022-05-21,"19","15  day ahead inc hosp",2022-06-05,"quantile",0.75,53.7807314595489
2022-05-21,"19","15  day ahead inc hosp",2022-06-05,"quantile",0.8,57.77516641848
2022-05-21,"19","15  day ahead inc hosp",2022-06-05,"quantile",0.85,62.4311682100787
2022-05-21,"19","15  day ahead inc hosp",2022-06-05,"quantile",0.9,68.2894816271814
2022-05-21,"19","15  day ahead inc hosp",2022-06-05,"quantile",0.95,76.9723846052118
2022-05-21,"19","15  day ahead inc hosp",2022-06-05,"quantile",0.975,84.5035080227857
2022-05-21,"19","15  day ahead inc hosp",2022-06-05,"quantile",0.99,93.2600665540789
2022-05-21,"19","16  day ahead inc hosp",2022-06-06,"quantile",0.01,0
2022-05-21,"19","16  day ahead inc hosp",2022-06-06,"quantile",0.025,0
2022-05-21,"19","16  day ahead inc hosp",2022-06-06,"quantile",0.05,0
2022-05-21,"19","16  day ahead inc hosp",2022-06-06,"quantile",0.1,7.86043442988715
2022-05-21,"19","16  day ahead inc hosp",2022-06-06,"quantile",0.15,13.912496298722
2022-05-21,"19","16  day ahead inc hosp",2022-06-06,"quantile",0.2,18.7224832178064
2022-05-21,"19","16  day ahead inc hosp",2022-06-06,"quantile",0.25,22.8490237050245
2022-05-21,"19","16  day ahead inc hosp",2022-06-06,"quantile",0.3,26.5547845986416
2022-05-21,"19","16  day ahead inc hosp",2022-06-06,"quantile",0.35,29.9887243353521
2022-05-21,"19","16  day ahead inc hosp",2022-06-06,"quantile",0.4,33.2471973397913
2022-05-21,"19","16  day ahead inc hosp",2022-06-06,"quantile",0.45,36.3998076815872
2022-05-21,"19","16  day ahead inc hosp",2022-06-06,"quantile",0.5,39.5024345774823
2022-05-21,"19","16  day ahead inc hosp",2022-06-06,"quantile",0.55,42.6050614733775
2022-05-21,"19","16  day ahead inc hosp",2022-06-06,"quantile",0.6,45.7576718151734
2022-05-21,"19","16  day ahead inc hosp",2022-06-06,"quantile",0.65,49.0161448196126
2022-05-21,"19","16  day ahead inc hosp",2022-06-06,"quantile",0.7,52.450084556323
2022-05-21,"19","16  day ahead inc hosp",2022-06-06,"quantile",0.75,56.1558454499402
2022-05-21,"19","16  day ahead inc hosp",2022-06-06,"quantile",0.8,60.2823859371583
2022-05-21,"19","16  day ahead inc hosp",2022-06-06,"quantile",0.85,65.0923728562427
2022-05-21,"19","16  day ahead inc hosp",2022-06-06,"quantile",0.9,71.1444347250775
2022-05-21,"19","16  day ahead inc hosp",2022-06-06,"quantile",0.95,80.1145020947606
2022-05-21,"19","16  day ahead inc hosp",2022-06-06,"quantile",0.975,87.8946977961248
2022-05-21,"19","16  day ahead inc hosp",2022-06-06,"quantile",0.99,96.9408566845764
2022-05-21,"19","17  day ahead inc hosp",2022-06-07,"quantile",0.01,0
2022-05-21,"19","17  day ahead inc hosp",2022-06-07,"quantile",0.025,0
2022-05-21,"19","17  day ahead inc hosp",2022-06-07,"quantile",0.05,0.939691953627161
2022-05-21,"19","17  day ahead inc hosp",2022-06-07,"quantile",0.1,10.1410635674173
2022-05-21,"19","17  day ahead inc hosp",2022-06-07,"quantile",0.15,16.3491853116318
2022-05-21,"19","17  day ahead inc hosp",2022-06-07,"quantile",0.2,21.2832036724693
2022-05-21,"19","17  day ahead inc hosp",2022-06-07,"quantile",0.25,25.5161520927426
2022-05-21,"19","17  day ahead inc hosp",2022-06-07,"quantile",0.3,29.3174705989187
2022-05-21,"19","17  day ahead inc hosp",2022-06-07,"quantile",0.35,32.8399587045961
2022-05-21,"19","17  day ahead inc hosp",2022-06-07,"quantile",0.4,36.1824554520211
2022-05-21,"19","17  day ahead inc hosp",2022-06-07,"quantile",0.45,39.4163597375545
2022-05-21,"19","17  day ahead inc hosp",2022-06-07,"quantile",0.5,42.5989916924225
2022-05-21,"19","17  day ahead inc hosp",2022-06-07,"quantile",0.55,45.7816236472905
2022-05-21,"19","17  day ahead inc hosp",2022-06-07,"quantile",0.6,49.0155279328239
2022-05-21,"19","17  day ahead inc hosp",2022-06-07,"quantile",0.65,52.3580246802489
2022-05-21,"19","17  day ahead inc hosp",2022-06-07,"quantile",0.7,55.8805127859263
2022-05-21,"19","17  day ahead inc hosp",2022-06-07,"quantile",0.75,59.6818312921024
2022-05-21,"19","17  day ahead inc hosp",2022-06-07,"quantile",0.8,63.9147797123757
2022-05-21,"19","17  day ahead inc hosp",2022-06-07,"quantile",0.85,68.8487980732131
2022-05-21,"19","17  day ahead inc hosp",2022-06-07,"quantile",0.9,75.0569198174276
2022-05-21,"19","17  day ahead inc hosp",2022-06-07,"quantile",0.95,84.2582914312178
2022-05-21,"19","17  day ahead inc hosp",2022-06-07,"quantile",0.975,92.2391090690227
2022-05-21,"19","17  day ahead inc hosp",2022-06-07,"quantile",0.99,101.518534315187
2022-05-21,"19","18  day ahead inc hosp",2022-06-08,"quantile",0.01,0
2022-05-21,"19","18  day ahead inc hosp",2022-06-08,"quantile",0.025,0
2022-05-21,"19","18  day ahead inc hosp",2022-06-08,"quantile",0.05,0
2022-05-21,"19","18  day ahead inc hosp",2022-06-08,"quantile",0.1,8.81541551710347
2022-05-21,"19","18  day ahead inc hosp",2022-06-08,"quantile",0.15,15.1436206895276
2022-05-21,"19","18  day ahead inc hosp",2022-06-08,"quantile",0.2,20.1730775523839
2022-05-21,"19","18  day ahead inc hosp",2022-06-08,"quantile",0.25,24.487903709384
2022-05-21,"19","18  day ahead inc hosp",2022-06-08,"quantile",0.3,28.3627509536786
2022-05-21,"19","18  day ahead inc hosp",2022-06-08,"quantile",0.35,31.9533743931954
2022-05-21,"19","18  day ahead inc hosp",2022-06-08,"quantile",0.4,35.3605249094651
2022-05-21,"19","18  day ahead inc hosp",2022-06-08,"quantile",0.45,38.6569824645877
2022-05-21,"19","18  day ahead inc hosp",2022-06-08,"quantile",0.5,41.9011759305884
2022-05-21,"19","18  day ahead inc hosp",2022-06-08,"quantile",0.55,45.1453693965892
2022-05-21,"19","18  day ahead inc hosp",2022-06-08,"quantile",0.6,48.4418269517118
2022-05-21,"19","18  day ahead inc hosp",2022-06-08,"quantile",0.65,51.8489774679815
2022-05-21,"19","18  day ahead inc hosp",2022-06-08,"quantile",0.7,55.4396009074983
2022-05-21,"19","18  day ahead inc hosp",2022-06-08,"quantile",0.75,59.3144481517929
2022-05-21,"19","18  day ahead inc hosp",2022-06-08,"quantile",0.8,63.629274308793
2022-05-21,"19","18  day ahead inc hosp",2022-06-08,"quantile",0.85,68.6587311716493
2022-05-21,"19","18  day ahead inc hosp",2022-06-08,"quantile",0.9,74.9869363440734
2022-05-21,"19","18  day ahead inc hosp",2022-06-08,"quantile",0.95,84.3662896877876
2022-05-21,"19","18  day ahead inc hosp",2022-06-08,"quantile",0.975,92.5014799331781
2022-05-21,"19","18  day ahead inc hosp",2022-06-08,"quantile",0.99,101.960396697275
2022-05-21,"19","19  day ahead inc hosp",2022-06-09,"quantile",0.01,0
2022-05-21,"19","19  day ahead inc hosp",2022-06-09,"quantile",0.025,0
2022-05-21,"19","19  day ahead inc hosp",2022-06-09,"quantile",0.05,0
2022-05-21,"19","19  day ahead inc hosp",2022-06-09,"quantile",0.1,7.68126529960875
2022-05-21,"19","19  day ahead inc hosp",2022-06-09,"quantile",0.15,14.1161025472017
2022-05-21,"19","19  day ahead inc hosp",2022-06-09,"quantile",0.2,19.2303072030966
2022-05-21,"19","19  day ahead inc hosp",2022-06-09,"quantile",0.25,23.6178394204372
2022-05-21,"19","19  day ahead inc hosp",2022-06-09,"quantile",0.3,27.5579789539929
2022-05-21,"19","19  day ahead inc hosp",2022-06-09,"quantile",0.35,31.2091054300063
2022-05-21,"19","19  day ahead inc hosp",2022-06-09,"quantile",0.4,34.6736674113065
2022-05-21,"19","19  day ahead inc hosp",2022-06-09,"quantile",0.45,38.0256712232636
2022-05-21,"19","19  day ahead inc hosp",2022-06-09,"quantile",0.5,41.3245302811823
2022-05-21,"19","19  day ahead inc hosp",2022-06-09,"quantile",0.55,44.623389339101
2022-05-21,"19","19  day ahead inc hosp",2022-06-09,"quantile",0.6,47.975393151058
2022-05-21,"19","19  day ahead inc hosp",2022-06-09,"quantile",0.65,51.4399551323582
2022-05-21,"19","19  day ahead inc hosp",2022-06-09,"quantile",0.7,55.0910816083716
2022-05-21,"19","19  day ahead inc hosp",2022-06-09,"quantile",0.75,59.0312211419273
2022-05-21,"19","19  day ahead inc hosp",2022-06-09,"quantile",0.8,63.4187533592679
2022-05-21,"19","19  day ahead inc hosp",2022-06-09,"quantile",0.85,68.5329580151629
2022-05-21,"19","19  day ahead inc hosp",2022-06-09,"quantile",0.9,74.9677952627558
2022-05-21,"19","19  day ahead inc hosp",2022-06-09,"quantile",0.95,84.5051934048814
2022-05-21,"19","19  day ahead inc hosp",2022-06-09,"quantile",0.975,92.7774639430443
2022-05-21,"19","19  day ahead inc hosp",2022-06-09,"quantile",0.99,102.395766172043
2022-05-21,"19","20  day ahead inc hosp",2022-06-10,"quantile",0.01,0
2022-05-21,"19","20  day ahead inc hosp",2022-06-10,"quantile",0.025,0
2022-05-21,"19","20  day ahead inc hosp",2022-06-10,"quantile",0.05,0
2022-05-21,"19","20  day ahead inc hosp",2022-06-10,"quantile",0.1,4.6806836927784
2022-05-21,"19","20  day ahead inc hosp",2022-06-10,"quantile",0.15,11.2348193054878
2022-05-21,"19","20  day ahead inc hosp",2022-06-10,"quantile",0.2,16.4438385201422
2022-05-21,"19","20  day ahead inc hosp",2022-06-10,"quantile",0.25,20.91271318645
2022-05-21,"19","20  day ahead inc hosp",2022-06-10,"quantile",0.3,24.9259007531724
2022-05-21,"19","20  day ahead inc hosp",2022-06-10,"quantile",0.35,28.6447171182478
2022-05-21,"19","20  day ahead inc hosp",2022-06-10,"quantile",0.4,32.1735101848592
2022-05-21,"19","20  day ahead inc hosp",2022-06-10,"quantile",0.45,35.5876583151952
2022-05-21,"19","20  day ahead inc hosp",2022-06-10,"quantile",0.5,38.9476764168032
2022-05-21,"19","20  day ahead inc hosp",2022-06-10,"quantile",0.55,42.3076945184113
2022-05-21,"19","20  day ahead inc hosp",2022-06-10,"quantile",0.6,45.7218426487472
2022-05-21,"19","20  day ahead inc hosp",2022-06-10,"quantile",0.65,49.2506357153586
2022-05-21,"19","20  day ahead inc hosp",2022-06-10,"quantile",0.7,52.9694520804341
2022-05-21,"19","20  day ahead inc hosp",2022-06-10,"quantile",0.75,56.9826396471564
2022-05-21,"19","20  day ahead inc hosp",2022-06-10,"quantile",0.8,61.4515143134643
2022-05-21,"19","20  day ahead inc hosp",2022-06-10,"quantile",0.85,66.6605335281186
2022-05-21,"19","20  day ahead inc hosp",2022-06-10,"quantile",0.9,73.2146691408281
2022-05-21,"19","20  day ahead inc hosp",2022-06-10,"quantile",0.95,82.9288854311122
2022-05-21,"19","20  day ahead inc hosp",2022-06-10,"quantile",0.975,91.3545193432086
2022-05-21,"19","20  day ahead inc hosp",2022-06-10,"quantile",0.99,101.151139637912
2022-05-21,"19","21  day ahead inc hosp",2022-06-11,"quantile",0.01,0
2022-05-21,"19","21  day ahead inc hosp",2022-06-11,"quantile",0.025,0
2022-05-21,"19","21  day ahead inc hosp",2022-06-11,"quantile",0.05,0
2022-05-21,"19","21  day ahead inc hosp",2022-06-11,"quantile",0.1,2.83905645340536
2022-05-21,"19","21  day ahead inc hosp",2022-06-11,"quantile",0.15,9.5411652706496
2022-05-21,"19","21  day ahead inc hosp",2022-06-11,"quantile",0.2,14.8677888974222
2022-05-21,"19","21  day ahead inc hosp",2022-06-11,"quantile",0.25,19.437557677632
2022-05-21,"19","21  day ahead inc hosp",2022-06-11,"quantile",0.3,23.5413512769021
2022-05-21,"19","21  day ahead inc hosp",2022-06-11,"quantile",0.35,27.3441276341311
2022-05-21,"19","21  day ahead inc hosp",2022-06-11,"quantile",0.4,30.9525905228307
2022-05-21,"19","21  day ahead inc hosp",2022-06-11,"quantile",0.45,34.4438201280484
2022-05-21,"19","21  day ahead inc hosp",2022-06-11,"quantile",0.5,37.8796976068756
2022-05-21,"19","21  day ahead inc hosp",2022-06-11,"quantile",0.55,41.3155750857027
2022-05-21,"19","21  day ahead inc hosp",2022-06-11,"quantile",0.6,44.8068046909204
2022-05-21,"19","21  day ahead inc hosp",2022-06-11,"quantile",0.65,48.41526757962
2022-05-21,"19","21  day ahead inc hosp",2022-06-11,"quantile",0.7,52.2180439368491
2022-05-21,"19","21  day ahead inc hosp",2022-06-11,"quantile",0.75,56.3218375361191
2022-05-21,"19","21  day ahead inc hosp",2022-06-11,"quantile",0.8,60.891606316329
2022-05-21,"19","21  day ahead inc hosp",2022-06-11,"quantile",0.85,66.2182299431015
2022-05-21,"19","21  day ahead inc hosp",2022-06-11,"quantile",0.9,72.9203387603458
2022-05-21,"19","21  day ahead inc hosp",2022-06-11,"quantile",0.95,82.8538736303721
2022-05-21,"19","21  day ahead inc hosp",2022-06-11,"quantile",0.975,91.4697337025425
2022-05-21,"19","21  day ahead inc hosp",2022-06-11,"quantile",0.99,101.487533018292
2022-05-21,"19","22  day ahead inc hosp",2022-06-12,"quantile",0.01,0
2022-05-21,"19","22  day ahead inc hosp",2022-06-12,"quantile",0.025,0
2022-05-21,"19","22  day ahead inc hosp",2022-06-12,"quantile",0.05,0
2022-05-21,"19","22  day ahead inc hosp",2022-06-12,"quantile",0.1,6.52686310567773
2022-05-21,"19","22  day ahead inc hosp",2022-06-12,"quantile",0.15,13.495766199374
2022-05-21,"19","22  day ahead inc hosp",2022-06-12,"quantile",0.2,19.03442945952
2022-05-21,"19","22  day ahead inc hosp",2022-06-12,"quantile",0.25,23.7861093647972
2022-05-21,"19","22  day ahead inc hosp",2022-06-12,"quantile",0.3,28.0532647765774
2022-05-21,"19","22  day ahead inc hosp",2022-06-12,"quantile",0.35,32.0074201988741
2022-05-21,"19","22  day ahead inc hosp",2022-06-12,"quantile",0.4,35.7595270169318
2022-05-21,"19","22  day ahead inc hosp",2022-06-12,"quantile",0.45,39.3897337861811
2022-05-21,"19","22  day ahead inc hosp",2022-06-12,"quantile",0.5,42.9623849986103
2022-05-21,"19","22  day ahead inc hosp",2022-06-12,"quantile",0.55,46.5350362110395
2022-05-21,"19","22  day ahead inc hosp",2022-06-12,"quantile",0.6,50.1652429802888
2022-05-21,"19","22  day ahead inc hosp",2022-06-12,"quantile",0.65,53.9173497983465
2022-05-21,"19","22  day ahead inc hosp",2022-06-12,"quantile",0.7,57.8715052206432
2022-05-21,"19","22  day ahead inc hosp",2022-06-12,"quantile",0.75,62.1386606324234
2022-05-21,"19","22  day ahead inc hosp",2022-06-12,"quantile",0.8,66.8903405377007
2022-05-21,"19","22  day ahead inc hosp",2022-06-12,"quantile",0.85,72.4290037978466
2022-05-21,"19","22  day ahead inc hosp",2022-06-12,"quantile",0.9,79.3979068915429
2022-05-21,"19","22  day ahead inc hosp",2022-06-12,"quantile",0.95,89.7268710690494
2022-05-21,"19","22  day ahead inc hosp",2022-06-12,"quantile",0.975,98.6857070935129
2022-05-21,"19","22  day ahead inc hosp",2022-06-12,"quantile",0.99,109.102290074667
2022-05-21,"19","23  day ahead inc hosp",2022-06-13,"quantile",0.01,0
2022-05-21,"19","23  day ahead inc hosp",2022-06-13,"quantile",0.025,0
2022-05-21,"19","23  day ahead inc hosp",2022-06-13,"quantile",0.05,0
2022-05-21,"19","23  day ahead inc hosp",2022-06-13,"quantile",0.1,7.56425299380457
2022-05-21,"19","23  day ahead inc hosp",2022-06-13,"quantile",0.15,14.734839619563
2022-05-21,"19","23  day ahead inc hosp",2022-06-13,"quantile",0.2,20.433794557494
2022-05-21,"19","23  day ahead inc hosp",2022-06-13,"quantile",0.25,25.3229904496691
2022-05-21,"19","23  day ahead inc hosp",2022-06-13,"quantile",0.3,29.7136394677939
2022-05-21,"19","23  day ahead inc hosp",2022-06-13,"quantile",0.35,33.7822301205952
2022-05-21,"19","23  day ahead inc hosp",2022-06-13,"quantile",0.4,37.6429247817562
2022-05-21,"19","23  day ahead inc hosp",2022-06-13,"quantile",0.45,41.3781915458848
2022-05-21,"19","23  day ahead inc hosp",2022-06-13,"quantile",0.5,45.0542370666666
2022-05-21,"19","23  day ahead inc hosp",2022-06-13,"quantile",0.55,48.7302825874484
2022-05-21,"19","23  day ahead inc hosp",2022-06-13,"quantile",0.6,52.465549351577
2022-05-21,"19","23  day ahead inc hosp",2022-06-13,"quantile",0.65,56.3262440127381
2022-05-21,"19","23  day ahead inc hosp",2022-06-13,"quantile",0.7,60.3948346655394
2022-05-21,"19","23  day ahead inc hosp",2022-06-13,"quantile",0.75,64.7854836836642
2022-05-21,"19","23  day ahead inc hosp",2022-06-13,"quantile",0.8,69.6746795758393
2022-05-21,"19","23  day ahead inc hosp",2022-06-13,"quantile",0.85,75.3736345137702
2022-05-21,"19","23  day ahead inc hosp",2022-06-13,"quantile",0.9,82.5442211395287
2022-05-21,"19","23  day ahead inc hosp",2022-06-13,"quantile",0.95,93.1721106930743
2022-05-21,"19","23  day ahead inc hosp",2022-06-13,"quantile",0.975,102.390219901321
2022-05-21,"19","23  day ahead inc hosp",2022-06-13,"quantile",0.99,113.108263990402
2022-05-21,"19","24  day ahead inc hosp",2022-06-14,"quantile",0.01,0
2022-05-21,"19","24  day ahead inc hosp",2022-06-14,"quantile",0.025,0
2022-05-21,"19","24  day ahead inc hosp",2022-06-14,"quantile",0.05,0
2022-05-21,"19","24  day ahead inc hosp",2022-06-14,"quantile",0.1,8.61433262915013
2022-05-21,"19","24  day ahead inc hosp",2022-06-14,"quantile",0.15,15.9432344979765
2022-05-21,"19","24  day ahead inc hosp",2022-06-14,"quantile",0.2,21.7680133724024
2022-05-21,"19","24  day ahead inc hosp",2022-06-14,"quantile",0.25,26.7651549985146
2022-05-21,"19","24  day ahead inc hosp",2022-06-14,"quantile",0.3,31.2527426219179
2022-05-21,"19","24  day ahead inc hosp",2022-06-14,"quantile",0.35,35.41116133925
2022-05-21,"19","24  day ahead inc hosp",2022-06-14,"quantile",0.4,39.3570940493451
2022-05-21,"19","24  day ahead inc hosp",2022-06-14,"quantile",0.45,43.1748296122694
2022-05-21,"19","24  day ahead inc hosp",2022-06-14,"quantile",0.5,46.932036420199
2022-05-21,"19","24  day ahead inc hosp",2022-06-14,"quantile",0.55,50.6892432281286
2022-05-21,"19","24  day ahead inc hosp",2022-06-14,"quantile",0.6,54.5069787910528
2022-05-21,"19","24  day ahead inc hosp",2022-06-14,"quantile",0.65,58.452911501148
2022-05-21,"19","24  day ahead inc hosp",2022-06-14,"quantile",0.7,62.61133021848
2022-05-21,"19","24  day ahead inc hosp",2022-06-14,"quantile",0.75,67.0989178418834
2022-05-21,"19","24  day ahead inc hosp",2022-06-14,"quantile",0.8,72.0960594679955
2022-05-21,"19","24  day ahead inc hosp",2022-06-14,"quantile",0.85,77.9208383424215
2022-05-21,"19","24  day ahead inc hosp",2022-06-14,"quantile",0.9,85.2497402112478
2022-05-21,"19","24  day ahead inc hosp",2022-06-14,"quantile",0.95,96.1122768035621
2022-05-21,"19","24  day ahead inc hosp",2022-06-14,"quantile",0.975,105.533907324094
2022-05-21,"19","24  day ahead inc hosp",2022-06-14,"quantile",0.99,116.488588921895
2022-05-21,"19","25  day ahead inc hosp",2022-06-15,"quantile",0.01,0
2022-05-21,"19","25  day ahead inc hosp",2022-06-15,"quantile",0.025,0
2022-05-21,"19","25  day ahead inc hosp",2022-06-15,"quantile",0.05,0
2022-05-21,"19","25  day ahead inc hosp",2022-06-15,"quantile",0.1,8.22094007451517
2022-05-21,"19","25  day ahead inc hosp",2022-06-15,"quantile",0.15,15.6818218496686
2022-05-21,"19","25  day ahead inc hosp",2022-06-15,"quantile",0.2,21.6114941697951
2022-05-21,"19","25  day ahead inc hosp",2022-06-15,"quantile",0.25,26.6986250324288
2022-05-21,"19","25  day ahead inc hosp",2022-06-15,"quantile",0.3,31.2670257714628
2022-05-21,"19","25  day ahead inc hosp",2022-06-15,"quantile",0.35,35.5003298839884
2022-05-21,"19","25  day ahead inc hosp",2022-06-15,"quantile",0.4,39.5173215110635
2022-05-21,"19","25  day ahead inc hosp",2022-06-15,"quantile",0.45,43.403807398524
2022-05-21,"19","25  day ahead inc hosp",2022-06-15,"quantile",0.5,47.2286745205685
2022-05-21,"19","25  day ahead inc hosp",2022-06-15,"quantile",0.55,51.0535416426129
2022-05-21,"19","25  day ahead inc hosp",2022-06-15,"quantile",0.6,54.9400275300735
2022-05-21,"19","25  day ahead inc hosp",2022-06-15,"quantile",0.65,58.9570191571486
2022-05-21,"19","25  day ahead inc hosp",2022-06-15,"quantile",0.7,63.1903232696742
2022-05-21,"19","25  day ahead inc hosp",2022-06-15,"quantile",0.75,67.7587240087082
2022-05-21,"19","25  day ahead inc hosp",2022-06-15,"quantile",0.8,72.8458548713419
2022-05-21,"19","25  day ahead inc hosp",2022-06-15,"quantile",0.85,78.7755271914684
2022-05-21,"19","25  day ahead inc hosp",2022-06-15,"quantile",0.9,86.2364089666218
2022-05-21,"19","25  day ahead inc hosp",2022-06-15,"quantile",0.95,97.2945596615107
2022-05-21,"19","25  day ahead inc hosp",2022-06-15,"quantile",0.975,106.885856243317
2022-05-21,"19","25  day ahead inc hosp",2022-06-15,"quantile",0.99,118.037811304045
2022-05-21,"19","26  day ahead inc hosp",2022-06-16,"quantile",0.01,0
2022-05-21,"19","26  day ahead inc hosp",2022-06-16,"quantile",0.025,0
2022-05-21,"19","26  day ahead inc hosp",2022-06-16,"quantile",0.05,0
2022-05-21,"19","26  day ahead inc hosp",2022-06-16,"quantile",0.1,6.14050255330469
2022-05-21,"19","26  day ahead inc hosp",2022-06-16,"quantile",0.15,13.7213873060157
2022-05-21,"19","26  day ahead inc hosp",2022-06-16,"quantile",0.2,19.7464341885332
2022-05-21,"19","26  day ahead inc hosp",2022-06-16,"quantile",0.25,24.9153879333863
2022-05-21,"19","26  day ahead inc hosp",2022-06-16,"quantile",0.3,29.5572681494958
2022-05-21,"19","26  day ahead inc hosp",2022-06-16,"quantile",0.35,33.8586619481631
2022-05-21,"19","26  day ahead inc hosp",2022-06-16,"quantile",0.4,37.9402640288817
2022-05-21,"19","26  day ahead inc hosp",2022-06-16,"quantile",0.45,41.8892612779729
2022-05-21,"19","26  day ahead inc hosp",2022-06-16,"quantile",0.5,45.7756486676265
2022-05-21,"19","26  day ahead inc hosp",2022-06-16,"quantile",0.55,49.6620360572801
2022-05-21,"19","26  day ahead inc hosp",2022-06-16,"quantile",0.6,53.6110333063714
2022-05-21,"19","26  day ahead inc hosp",2022-06-16,"quantile",0.65,57.69263538709
2022-05-21,"19","26  day ahead inc hosp",2022-06-16,"quantile",0.7,61.9940291857572
2022-05-21,"19","26  day ahead inc hosp",2022-06-16,"quantile",0.75,66.6359094018668
2022-05-21,"19","26  day ahead inc hosp",2022-06-16,"quantile",0.8,71.8048631467199
2022-05-21,"19","26  day ahead inc hosp",2022-06-16,"quantile",0.85,77.8299100292374
2022-05-21,"19","26  day ahead inc hosp",2022-06-16,"quantile",0.9,85.4107947819484
2022-05-21,"19","26  day ahead inc hosp",2022-06-16,"quantile",0.95,96.646807966776
2022-05-21,"19","26  day ahead inc hosp",2022-06-16,"quantile",0.975,106.392373733263
2022-05-21,"19","26  day ahead inc hosp",2022-06-16,"quantile",0.99,117.723700060446
2022-05-21,"19","27  day ahead inc hosp",2022-06-17,"quantile",0.01,0
2022-05-21,"19","27  day ahead inc hosp",2022-06-17,"quantile",0.025,0
2022-05-21,"19","27  day ahead inc hosp",2022-06-17,"quantile",0.05,0
2022-05-21,"19","27  day ahead inc hosp",2022-06-17,"quantile",0.1,3.39591601619467
2022-05-21,"19","27  day ahead inc hosp",2022-06-17,"quantile",0.15,11.1056173838053
2022-05-21,"19","27  day ahead inc hosp",2022-06-17,"quantile",0.2,17.2330436282752
2022-05-21,"19","27  day ahead inc hosp",2022-06-17,"quantile",0.25,22.4898297496522
2022-05-21,"19","27  day ahead inc hosp",2022-06-17,"quantile",0.3,27.210586154454
2022-05-21,"19","27  day ahead inc hosp",2022-06-17,"quantile",0.35,31.5850704968466
2022-05-21,"19","27  day ahead inc hosp",2022-06-17,"quantile",0.4,35.7360283560206
2022-05-21,"19","27  day ahead inc hosp",2022-06-17,"quantile",0.45,39.7521281234154
2022-05-21,"19","27  day ahead inc hosp",2022-06-17,"quantile",0.5,43.7045541462964
2022-05-21,"19","27  day ahead inc hosp",2022-06-17,"quantile",0.55,47.6569801691774
2022-05-21,"19","27  day ahead inc hosp",2022-06-17,"quantile",0.6,51.6730799365723
2022-05-21,"19","27  day ahead inc hosp",2022-06-17,"quantile",0.65,55.8240377957463
2022-05-21,"19","27  day ahead inc hosp",2022-06-17,"quantile",0.7,60.1985221381389
2022-05-21,"19","27  day ahead inc hosp",2022-06-17,"quantile",0.75,64.9192785429406
2022-05-21,"19","27  day ahead inc hosp",2022-06-17,"quantile",0.8,70.1760646643176
2022-05-21,"19","27  day ahead inc hosp",2022-06-17,"quantile",0.85,76.3034909087876
2022-05-21,"19","27  day ahead inc hosp",2022-06-17,"quantile",0.9,84.0131922763982
2022-05-21,"19","27  day ahead inc hosp",2022-06-17,"quantile",0.95,95.4401310893881
2022-05-21,"19","27  day ahead inc hosp",2022-06-17,"quantile",0.975,105.351296364808
2022-05-21,"19","27  day ahead inc hosp",2022-06-17,"quantile",0.99,116.875167908994
2022-05-21,"19","28  day ahead inc hosp",2022-06-18,"quantile",0.01,0
2022-05-21,"19","28  day ahead inc hosp",2022-06-18,"quantile",0.025,0
2022-05-21,"19","28  day ahead inc hosp",2022-06-18,"quantile",0.05,0
2022-05-21,"19","28  day ahead inc hosp",2022-06-18,"quantile",0.1,1.4122070484277
2022-05-21,"19","28  day ahead inc hosp",2022-06-18,"quantile",0.15,9.28074956689126
2022-05-21,"19","28  day ahead inc hosp",2022-06-18,"quantile",0.2,15.5344177226922
2022-05-21,"19","28  day ahead inc hosp",2022-06-18,"quantile",0.25,20.8995081631982
2022-05-21,"19","28  day ahead inc hosp",2022-06-18,"quantile",0.3,25.7175251938635
2022-05-21,"19","28  day ahead inc hosp",2022-06-18,"quantile",0.35,30.1821360008495
2022-05-21,"19","28  day ahead inc hosp",2022-06-18,"quantile",0.4,34.4186150614365
2022-05-21,"19","28  day ahead inc hosp",2022-06-18,"quantile",0.45,38.5174575809272
2022-05-21,"19","28  day ahead inc hosp",2022-06-18,"quantile",0.5,42.5513145008301
2022-05-21,"19","28  day ahead inc hosp",2022-06-18,"quantile",0.55,46.585171420733
2022-05-21,"19","28  day ahead inc hosp",2022-06-18,"quantile",0.6,50.6840139402237
2022-05-21,"19","28  day ahead inc hosp",2022-06-18,"quantile",0.65,54.9204930008107
2022-05-21,"19","28  day ahead inc hosp",2022-06-18,"quantile",0.7,59.3851038077967
2022-05-21,"19","28  day ahead inc hosp",2022-06-18,"quantile",0.75,64.203120838462
2022-05-21,"19","28  day ahead inc hosp",2022-06-18,"quantile",0.8,69.5682112789681
2022-05-21,"19","28  day ahead inc hosp",2022-06-18,"quantile",0.85,75.821879434769
2022-05-21,"19","28  day ahead inc hosp",2022-06-18,"quantile",0.9,83.6904219532325
2022-05-21,"19","28  day ahead inc hosp",2022-06-18,"quantile",0.95,95.3527872795511
2022-05-21,"19","28  day ahead inc hosp",2022-06-18,"quantile",0.975,105.46814994519
2022-05-21,"19","28  day ahead inc hosp",2022-06-18,"quantile",0.99,117.229445084803
2022-05-21,"19","29  day ahead inc hosp",2022-06-19,"quantile",0.01,0
2022-05-21,"19","29  day ahead inc hosp",2022-06-19,"quantile",0.025,0
2022-05-21,"19","29  day ahead inc hosp",2022-06-19,"quantile",0.05,0
2022-05-21,"19","29  day ahead inc hosp",2022-06-19,"quantile",0.1,2.74896154281097
2022-05-21,"19","29  day ahead inc hosp",2022-06-19,"quantile",0.15,10.800075680952
2022-05-21,"19","29  day ahead inc hosp",2022-06-19,"quantile",0.2,17.1988459724344
2022-05-21,"19","29  day ahead inc hosp",2022-06-19,"quantile",0.25,22.688421125216
2022-05-21,"19","29  day ahead inc hosp",2022-06-19,"quantile",0.3,27.6182292748666
2022-05-21,"19","29  day ahead inc hosp",2022-06-19,"quantile",0.35,32.1864312137996
2022-05-21,"19","29  day ahead inc hosp",2022-06-19,"quantile",0.4,36.5212081284054
2022-05-21,"19","29  day ahead inc hosp",2022-06-19,"quantile",0.45,40.7151549592511
2022-05-21,"19","29  day ahead inc hosp",2022-06-19,"quantile",0.5,44.8426083475833
2022-05-21,"19","29  day ahead inc hosp",2022-06-19,"quantile",0.55,48.9700617359155
2022-05-21,"19","29  day ahead inc hosp",2022-06-19,"quantile",0.6,53.1640085667612
2022-05-21,"19","29  day ahead inc hosp",2022-06-19,"quantile",0.65,57.498785481367
2022-05-21,"19","29  day ahead inc hosp",2022-06-19,"quantile",0.7,62.0669874203
2022-05-21,"19","29  day ahead inc hosp",2022-06-19,"quantile",0.75,66.9967955699506
2022-05-21,"19","29  day ahead inc hosp",2022-06-19,"quantile",0.8,72.4863707227322
2022-05-21,"19","29  day ahead inc hosp",2022-06-19,"quantile",0.85,78.8851410142146
2022-05-21,"19","29  day ahead inc hosp",2022-06-19,"quantile",0.9,86.9362551523556
2022-05-21,"19","29  day ahead inc hosp",2022-06-19,"quantile",0.95,98.8692191215486
2022-05-21,"19","29  day ahead inc hosp",2022-06-19,"quantile",0.975,109.219285754429
2022-05-21,"19","29  day ahead inc hosp",2022-06-19,"quantile",0.99,121.253474978061
2022-05-21,"19","30  day ahead inc hosp",2022-06-20,"quantile",0.01,0
2022-05-21,"19","30  day ahead inc hosp",2022-06-20,"quantile",0.025,0
2022-05-21,"19","30  day ahead inc hosp",2022-06-20,"quantile",0.05,0
2022-05-21,"19","30  day ahead inc hosp",2022-06-20,"quantile",0.1,3.7083018079413
2022-05-21,"19","30  day ahead inc hosp",2022-06-20,"quantile",0.15,11.9355549664511
2022-05-21,"19","30  day ahead inc hosp",2022-06-20,"quantile",0.2,18.4743149676021
2022-05-21,"19","30  day ahead inc hosp",2022-06-20,"quantile",0.25,24.0839888263593
2022-05-21,"19","30  day ahead inc hosp",2022-06-20,"quantile",0.3,29.1216493257825
2022-05-21,"19","30  day ahead inc hosp",2022-06-20,"quantile",0.35,33.789792539993
2022-05-21,"19","30  day ahead inc hosp",2022-06-20,"quantile",0.4,38.2194039515586
2022-05-21,"19","30  day ahead inc hosp",2022-06-20,"quantile",0.45,42.5051042557236
2022-05-21,"19","30  day ahead inc hosp",2022-06-20,"quantile",0.5,46.7228564007204
2022-05-21,"19","30  day ahead inc hosp",2022-06-20,"quantile",0.55,50.9406085457172
2022-05-21,"19","30  day ahead inc hosp",2022-06-20,"quantile",0.6,55.2263088498821
2022-05-21,"19","30  day ahead inc hosp",2022-06-20,"quantile",0.65,59.6559202614477
2022-05-21,"19","30  day ahead inc hosp",2022-06-20,"quantile",0.7,64.3240634756583
2022-05-21,"19","30  day ahead inc hosp",2022-06-20,"quantile",0.75,69.3617239750814
2022-05-21,"19","30  day ahead inc hosp",2022-06-20,"quantile",0.8,74.9713978338386
2022-05-21,"19","30  day ahead inc hosp",2022-06-20,"quantile",0.85,81.5101578349896
2022-05-21,"19","30  day ahead inc hosp",2022-06-20,"quantile",0.9,89.7374109934995
2022-05-21,"19","30  day ahead inc hosp",2022-06-20,"quantile",0.95,101.931439524387
2022-05-21,"19","30  day ahead inc hosp",2022-06-20,"quantile",0.975,112.507940730942
2022-05-21,"19","30  day ahead inc hosp",2022-06-20,"quantile",0.99,124.805409081464
2022-05-21,"19","31  day ahead inc hosp",2022-06-21,"quantile",0.01,0
2022-05-21,"19","31  day ahead inc hosp",2022-06-21,"quantile",0.025,0
2022-05-21,"19","31  day ahead inc hosp",2022-06-21,"quantile",0.05,0
2022-05-21,"19","31  day ahead inc hosp",2022-06-21,"quantile",0.1,4.67183121496116
2022-05-21,"19","31  day ahead inc hosp",2022-06-21,"quantile",0.15,13.0450653536004
2022-05-21,"19","31  day ahead inc hosp",2022-06-21,"quantile",0.2,19.6998464100671
2022-05-21,"19","31  day ahead inc hosp",2022-06-21,"quantile",0.25,25.4090560035744
2022-05-21,"19","31  day ahead inc hosp",2022-06-21,"quantile",0.3,30.5361026690844
2022-05-21,"19","31  day ahead inc hosp",2022-06-21,"quantile",0.35,35.2870754873761
2022-05-21,"19","31  day ahead inc hosp",2022-06-21,"quantile",0.4,39.7952840932901
2022-05-21,"19","31  day ahead inc hosp",2022-06-21,"quantile",0.45,44.1570280925851
2022-05-21,"19","31  day ahead inc hosp",2022-06-21,"quantile",0.5,48.4496182886552
2022-05-21,"19","31  day ahead inc hosp",2022-06-21,"quantile",0.55,52.7422084847253
2022-05-21,"19","31  day ahead inc hosp",2022-06-21,"quantile",0.6,57.1039524840202
2022-05-21,"19","31  day ahead inc hosp",2022-06-21,"quantile",0.65,61.6121610899342
2022-05-21,"19","31  day ahead inc hosp",2022-06-21,"quantile",0.7,66.363133908226
2022-05-21,"19","31  day ahead inc hosp",2022-06-21,"quantile",0.75,71.490180573736
2022-05-21,"19","31  day ahead inc hosp",2022-06-21,"quantile",0.8,77.1993901672433
2022-05-21,"19","31  day ahead inc hosp",2022-06-21,"quantile",0.85,83.8541712237099
2022-05-21,"19","31  day ahead inc hosp",2022-06-21,"quantile",0.9,92.2274053623492
2022-05-21,"19","31  day ahead inc hosp",2022-06-21,"quantile",0.95,104.637799696303
2022-05-21,"19","31  day ahead inc hosp",2022-06-21,"quantile",0.975,115.401965969524
2022-05-21,"19","31  day ahead inc hosp",2022-06-21,"quantile",0.99,127.917635516524
2022-05-21,"19","32  day ahead inc hosp",2022-06-22,"quantile",0.01,0
2022-05-21,"19","32  day ahead inc hosp",2022-06-22,"quantile",0.025,0
2022-05-21,"19","32  day ahead inc hosp",2022-06-22,"quantile",0.05,0
2022-05-21,"19","32  day ahead inc hosp",2022-06-22,"quantile",0.1,4.3529606695467
2022-05-21,"19","32  day ahead inc hosp",2022-06-22,"quantile",0.15,12.8427022129332
2022-05-21,"19","32  day ahead inc hosp",2022-06-22,"quantile",0.2,19.5900796613331
2022-05-21,"19","32  day ahead inc hosp",2022-06-22,"quantile",0.25,25.3787287141801
2022-05-21,"19","32  day ahead inc hosp",2022-06-22,"quantile",0.3,30.5771144693568
2022-05-21,"19","32  day ahead inc hosp",2022-06-22,"quantile",0.35,35.3941935858744
2022-05-21,"19","32  day ahead inc hosp",2022-06-22,"quantile",0.4,39.9651306042557
2022-05-21,"19","32  day ahead inc hosp",2022-06-22,"quantile",0.45,44.3875650685629
2022-05-21,"19","32  day ahead inc hosp",2022-06-22,"quantile",0.5,48.7398835052515
2022-05-21,"19","32  day ahead inc hosp",2022-06-22,"quantile",0.55,53.0922019419401
2022-05-21,"19","32  day ahead inc hosp",2022-06-22,"quantile",0.6,57.5146364062472
2022-05-21,"19","32  day ahead inc hosp",2022-06-22,"quantile",0.65,62.0855734246285
2022-05-21,"19","32  day ahead inc hosp",2022-06-22,"quantile",0.7,66.9026525411461
2022-05-21,"19","32  day ahead inc hosp",2022-06-22,"quantile",0.75,72.1010382963228
2022-05-21,"19","32  day ahead inc hosp",2022-06-22,"quantile",0.8,77.8896873491698
2022-05-21,"19","32  day ahead inc hosp",2022-06-22,"quantile",0.85,84.6370647975697
2022-05-21,"19","32  day ahead inc hosp",2022-06-22,"quantile",0.9,93.1268063409562
2022-05-21,"19","32  day ahead inc hosp",2022-06-22,"quantile",0.95,105.709882199372
2022-05-21,"19","32  day ahead inc hosp",2022-06-22,"quantile",0.975,116.623823942381
2022-05-21,"19","32  day ahead inc hosp",2022-06-22,"quantile",0.99,129.313639841132
2022-05-21,"19","33  day ahead inc hosp",2022-06-23,"quantile",0.01,0
2022-05-21,"19","33  day ahead inc hosp",2022-06-23,"quantile",0.025,0
2022-05-21,"19","33  day ahead inc hosp",2022-06-23,"quantile",0.05,0
2022-05-21,"19","33  day ahead inc hosp",2022-06-23,"quantile",0.1,2.47229467583423
2022-05-21,"19","33  day ahead inc hosp",2022-06-23,"quantile",0.15,11.0672977765655
2022-05-21,"19","33  day ahead inc hosp",2022-06-23,"quantile",0.2,17.8983337738837
2022-05-21,"19","33  day ahead inc hosp",2022-06-23,"quantile",0.25,23.7587544126041
2022-05-21,"19","33  day ahead inc hosp",2022-06-23,"quantile",0.3,29.0215932700893
2022-05-21,"19","33  day ahead inc hosp",2022-06-23,"quantile",0.35,33.8983977913281
2022-05-21,"19","33  day ahead inc hosp",2022-06-23,"quantile",0.4,38.5260083782299
2022-05-21,"19","33  day ahead inc hosp",2022-06-23,"quantile",0.45,43.0032751759583
2022-05-21,"19","33  day ahead inc hosp",2022-06-23,"quantile",0.5,47.4095566001377
2022-05-21,"19","33  day ahead inc hosp",2022-06-23,"quantile",0.55,51.8158380243171
2022-05-21,"19","33  day ahead inc hosp",2022-06-23,"quantile",0.6,56.2931048220456
2022-05-21,"19","33  day ahead inc hosp",2022-06-23,"quantile",0.65,60.9207154089473
2022-05-21,"19","33  day ahead inc hosp",2022-06-23,"quantile",0.7,65.7975199301862
2022-05-21,"19","33  day ahead inc hosp",2022-06-23,"quantile",0.75,71.0603587876713
2022-05-21,"19","33  day ahead inc hosp",2022-06-23,"quantile",0.8,76.9207794263918
2022-05-21,"19","33  day ahead inc hosp",2022-06-23,"quantile",0.85,83.75181542371
2022-05-21,"19","33  day ahead inc hosp",2022-06-23,"quantile",0.9,92.3468185244412
2022-05-21,"19","33  day ahead inc hosp",2022-06-23,"quantile",0.95,105.085907867399
2022-05-21,"19","33  day ahead inc hosp",2022-06-23,"quantile",0.975,116.135168041336
2022-05-21,"19","33  day ahead inc hosp",2022-06-23,"quantile",0.99,128.982320859838
2022-05-21,"19","34  day ahead inc hosp",2022-06-24,"quantile",0.01,0
2022-05-21,"19","34  day ahead inc hosp",2022-06-24,"quantile",0.025,0
2022-05-21,"19","34  day ahead inc hosp",2022-06-24,"quantile",0.05,0
2022-05-21,"19","34  day ahead inc hosp",2022-06-24,"quantile",0.1,0
2022-05-21,"19","34  day ahead inc hosp",2022-06-24,"quantile",0.15,8.65061117118005
2022-05-21,"19","34  day ahead inc hosp",2022-06-24,"quantile",0.2,15.5739514462918
2022-05-21,"19","34  day ahead inc hosp",2022-06-24,"quantile",0.25,21.5135609364305
2022-05-21,"19","34  day ahead inc hosp",2022-06-24,"quantile",0.3,26.8475138299236
2022-05-21,"19","34  day ahead inc hosp",2022-06-24,"quantile",0.35,31.7902161036337
2022-05-21,"19","34  day ahead inc hosp",2022-06-24,"quantile",0.4,36.4803572134754
2022-05-21,"19","34  day ahead inc hosp",2022-06-24,"quantile",0.45,41.0181230158081
2022-05-21,"19","34  day ahead inc hosp",2022-06-24,"quantile",0.5,45.4839442557306
2022-05-21,"19","34  day ahead inc hosp",2022-06-24,"quantile",0.55,49.949765495653
2022-05-21,"19","34  day ahead inc hosp",2022-06-24,"quantile",0.6,54.4875312979857
2022-05-21,"19","34  day ahead inc hosp",2022-06-24,"quantile",0.65,59.1776724078274
2022-05-21,"19","34  day ahead inc hosp",2022-06-24,"quantile",0.7,64.1203746815376
2022-05-21,"19","34  day ahead inc hosp",2022-06-24,"quantile",0.75,69.4543275750306
2022-05-21,"19","34  day ahead inc hosp",2022-06-24,"quantile",0.8,75.3939370651693
2022-05-21,"19","34  day ahead inc hosp",2022-06-24,"quantile",0.85,82.3172773402811
2022-05-21,"19","34  day ahead inc hosp",2022-06-24,"quantile",0.9,91.0284202994699
2022-05-21,"19","34  day ahead inc hosp",2022-06-24,"quantile",0.95,103.939646407921
2022-05-21,"19","34  day ahead inc hosp",2022-06-24,"quantile",0.975,115.138209554484
2022-05-21,"19","34  day ahead inc hosp",2022-06-24,"quantile",0.99,128.158959344672
2022-05-21,"19","35  day ahead inc hosp",2022-06-25,"quantile",0.01,0
2022-05-21,"19","35  day ahead inc hosp",2022-06-25,"quantile",0.025,0
2022-05-21,"19","35  day ahead inc hosp",2022-06-25,"quantile",0.05,0
2022-05-21,"19","35  day ahead inc hosp",2022-06-25,"quantile",0.1,0
2022-05-21,"19","35  day ahead inc hosp",2022-06-25,"quantile",0.15,6.97967347893749
2022-05-21,"19","35  day ahead inc hosp",2022-06-25,"quantile",0.2,14.0149356506089
2022-05-21,"19","35  day ahead inc hosp",2022-06-25,"quantile",0.25,20.0505641622811
2022-05-21,"19","35  day ahead inc hosp",2022-06-25,"quantile",0.3,25.4707451047039
2022-05-21,"19","35  day ahead inc hosp",2022-06-25,"quantile",0.35,30.4933505162955
2022-05-21,"19","35  day ahead inc hosp",2022-06-25,"quantile",0.4,35.259311890242
2022-05-21,"19","35  day ahead inc hosp",2022-06-25,"quantile",0.45,39.8704346755568
2022-05-21,"19","35  day ahead inc hosp",2022-06-25,"quantile",0.5,44.4084498512107
2022-05-21,"19","35  day ahead inc hosp",2022-06-25,"quantile",0.55,48.9464650268645
2022-05-21,"19","35  day ahead inc hosp",2022-06-25,"quantile",0.6,53.5575878121793
2022-05-21,"19","35  day ahead inc hosp",2022-06-25,"quantile",0.65,58.3235491861258
2022-05-21,"19","35  day ahead inc hosp",2022-06-25,"quantile",0.7,63.3461545977174
2022-05-21,"19","35  day ahead inc hosp",2022-06-25,"quantile",0.75,68.7663355401402
2022-05-21,"19","35  day ahead inc hosp",2022-06-25,"quantile",0.8,74.8019640518124
2022-05-21,"19","35  day ahead inc hosp",2022-06-25,"quantile",0.85,81.8372262234838
2022-05-21,"19","35  day ahead inc hosp",2022-06-25,"quantile",0.9,90.6891924850747
2022-05-21,"19","35  day ahead inc hosp",2022-06-25,"quantile",0.95,103.809139941249
2022-05-21,"19","35  day ahead inc hosp",2022-06-25,"quantile",0.975,115.188737729517
2022-05-21,"19","35  day ahead inc hosp",2022-06-25,"quantile",0.99,128.419979414259
2022-05-21,"19","36  day ahead inc hosp",2022-06-26,"quantile",0.01,0
2022-05-21,"19","36  day ahead inc hosp",2022-06-26,"quantile",0.025,0
2022-05-21,"19","36  day ahead inc hosp",2022-06-26,"quantile",0.05,0
2022-05-21,"19","36  day ahead inc hosp",2022-06-26,"quantile",0.1,0
2022-05-21,"19","36  day ahead inc hosp",2022-06-26,"quantile",0.15,8.30028487022304
2022-05-21,"19","36  day ahead inc hosp",2022-06-26,"quantile",0.2,15.4624363587009
2022-05-21,"19","36  day ahead inc hosp",2022-06-26,"quantile",0.25,21.6069246057541
2022-05-21,"19","36  day ahead inc hosp",2022-06-26,"quantile",0.3,27.1248649550005
2022-05-21,"19","36  day ahead inc hosp",2022-06-26,"quantile",0.35,32.2380590260783
2022-05-21,"19","36  day ahead inc hosp",2022-06-26,"quantile",0.4,37.0899801791928
2022-05-21,"19","36  day ahead inc hosp",2022-06-26,"quantile",0.45,41.7842700456571
2022-05-21,"19","36  day ahead inc hosp",2022-06-26,"quantile",0.5,46.4041337198097
2022-05-21,"19","36  day ahead inc hosp",2022-06-26,"quantile",0.55,51.0239973939623
2022-05-21,"19","36  day ahead inc hosp",2022-06-26,"quantile",0.6,55.7182872604266
2022-05-21,"19","36  day ahead inc hosp",2022-06-26,"quantile",0.65,60.5702084135411
2022-05-21,"19","36  day ahead inc hosp",2022-06-26,"quantile",0.7,65.6834024846189
2022-05-21,"19","36  day ahead inc hosp",2022-06-26,"quantile",0.75,71.2013428338653
2022-05-21,"19","36  day ahead inc hosp",2022-06-26,"quantile",0.8,77.3458310809185
2022-05-21,"19","36  day ahead inc hosp",2022-06-26,"quantile",0.85,84.5079825693963
2022-05-21,"19","36  day ahead inc hosp",2022-06-26,"quantile",0.9,93.5196045657586
2022-05-21,"19","36  day ahead inc hosp",2022-06-26,"quantile",0.95,106.876185871338
2022-05-21,"19","36  day ahead inc hosp",2022-06-26,"quantile",0.975,118.461028233816
2022-05-21,"19","36  day ahead inc hosp",2022-06-26,"quantile",0.99,131.930911091681
2022-05-21,"19","37  day ahead inc hosp",2022-06-27,"quantile",0.01,0
2022-05-21,"19","37  day ahead inc hosp",2022-06-27,"quantile",0.025,0
2022-05-21,"19","37  day ahead inc hosp",2022-06-27,"quantile",0.05,0
2022-05-21,"19","37  day ahead inc hosp",2022-06-27,"quantile",0.1,0.215743412093367
2022-05-21,"19","37  day ahead inc hosp",2022-06-27,"quantile",0.15,9.38266260191982
2022-05-21,"19","37  day ahead inc hosp",2022-06-27,"quantile",0.2,16.6682393767419
2022-05-21,"19","37  day ahead inc hosp",2022-06-27,"quantile",0.25,22.9186155294824
2022-05-21,"19","37  day ahead inc hosp",2022-06-27,"quantile",0.3,28.5316464906394
2022-05-21,"19","37  day ahead inc hosp",2022-06-27,"quantile",0.35,33.7329561849865
2022-05-21,"19","37  day ahead inc hosp",2022-06-27,"quantile",0.4,38.6684904477379
2022-05-21,"19","37  day ahead inc hosp",2022-06-27,"quantile",0.45,43.4436769654225
2022-05-21,"19","37  day ahead inc hosp",2022-06-27,"quantile",0.5,48.1431547049535
2022-05-21,"19","37  day ahead inc hosp",2022-06-27,"quantile",0.55,52.8426324444844
2022-05-21,"19","37  day ahead inc hosp",2022-06-27,"quantile",0.6,57.6178189621691
2022-05-21,"19","37  day ahead inc hosp",2022-06-27,"quantile",0.65,62.5533532249205
2022-05-21,"19","37  day ahead inc hosp",2022-06-27,"quantile",0.7,67.7546629192675
2022-05-21,"19","37  day ahead inc hosp",2022-06-27,"quantile",0.75,73.3676938804246
2022-05-21,"19","37  day ahead inc hosp",2022-06-27,"quantile",0.8,79.6180700331651
2022-05-21,"19","37  day ahead inc hosp",2022-06-27,"quantile",0.85,86.9036468079871
2022-05-21,"19","37  day ahead inc hosp",2022-06-27,"quantile",0.9,96.0705659978136
2022-05-21,"19","37  day ahead inc hosp",2022-06-27,"quantile",0.95,109.657321138011
2022-05-21,"19","37  day ahead inc hosp",2022-06-27,"quantile",0.975,121.441804975281
2022-05-21,"19","37  day ahead inc hosp",2022-06-27,"quantile",0.99,135.143814192303
2022-05-21,"20","1  day ahead inc hosp",2022-05-22,"quantile",0.01,0
2022-05-21,"20","1  day ahead inc hosp",2022-05-22,"quantile",0.025,0
2022-05-21,"20","1  day ahead inc hosp",2022-05-22,"quantile",0.05,3.01021128934073
2022-05-21,"20","1  day ahead inc hosp",2022-05-22,"quantile",0.1,7.42621611014521
2022-05-21,"20","1  day ahead inc hosp",2022-05-22,"quantile",0.15,10.4056735977121
2022-05-21,"20","1  day ahead inc hosp",2022-05-22,"quantile",0.2,12.7736519581058
2022-05-21,"20","1  day ahead inc hosp",2022-05-22,"quantile",0.25,14.8051665425324
2022-05-21,"20","1  day ahead inc hosp",2022-05-22,"quantile",0.3,16.6295294259452
2022-05-21,"20","1  day ahead inc hosp",2022-05-22,"quantile",0.35,18.3200735218477
2022-05-21,"20","1  day ahead inc hosp",2022-05-22,"quantile",0.4,19.9242345501916
2022-05-21,"20","1  day ahead inc hosp",2022-05-22,"quantile",0.45,21.4762789099187
2022-05-21,"20","1  day ahead inc hosp",2022-05-22,"quantile",0.5,23.0037161926908
2022-05-21,"20","1  day ahead inc hosp",2022-05-22,"quantile",0.55,24.5311534754628
2022-05-21,"20","1  day ahead inc hosp",2022-05-22,"quantile",0.6,26.0831978351899
2022-05-21,"20","1  day ahead inc hosp",2022-05-22,"quantile",0.65,27.6873588635338
2022-05-21,"20","1  day ahead inc hosp",2022-05-22,"quantile",0.7,29.3779029594363
2022-05-21,"20","1  day ahead inc hosp",2022-05-22,"quantile",0.75,31.2022658428491
2022-05-21,"20","1  day ahead inc hosp",2022-05-22,"quantile",0.8,33.2337804272757
2022-05-21,"20","1  day ahead inc hosp",2022-05-22,"quantile",0.85,35.6017587876694
2022-05-21,"20","1  day ahead inc hosp",2022-05-22,"quantile",0.9,38.5812162752363
2022-05-21,"20","1  day ahead inc hosp",2022-05-22,"quantile",0.95,42.9972210960408
2022-05-21,"20","1  day ahead inc hosp",2022-05-22,"quantile",0.975,46.8274467017199
2022-05-21,"20","1  day ahead inc hosp",2022-05-22,"quantile",0.99,51.280911722081
2022-05-21,"20","2  day ahead inc hosp",2022-05-23,"quantile",0.01,0
2022-05-21,"20","2  day ahead inc hosp",2022-05-23,"quantile",0.025,0
2022-05-21,"20","2  day ahead inc hosp",2022-05-23,"quantile",0.05,1.31230041425121
2022-05-21,"20","2  day ahead inc hosp",2022-05-23,"quantile",0.1,6.16066418402259
2022-05-21,"20","2  day ahead inc hosp",2022-05-23,"quantile",0.15,9.43183220182873
2022-05-21,"20","2  day ahead inc hosp",2022-05-23,"quantile",0.2,12.0316528442446
2022-05-21,"20","2  day ahead inc hosp",2022-05-23,"quantile",0.25,14.262067463018
2022-05-21,"20","2  day ahead inc hosp",2022-05-23,"quantile",0.3,16.2650487245382
2022-05-21,"20","2  day ahead inc hosp",2022-05-23,"quantile",0.35,18.1211093672169
2022-05-21,"20","2  day ahead inc hosp",2022-05-23,"quantile",0.4,19.882329412553
2022-05-21,"20","2  day ahead inc hosp",2022-05-23,"quantile",0.45,21.5863301888493
2022-05-21,"20","2  day ahead inc hosp",2022-05-23,"quantile",0.5,23.2633146766155
2022-05-21,"20","2  day ahead inc hosp",2022-05-23,"quantile",0.55,24.9402991643817
2022-05-21,"20","2  day ahead inc hosp",2022-05-23,"quantile",0.6,26.644299940678
2022-05-21,"20","2  day ahead inc hosp",2022-05-23,"quantile",0.65,28.4055199860141
2022-05-21,"20","2  day ahead inc hosp",2022-05-23,"quantile",0.7,30.2615806286928
2022-05-21,"20","2  day ahead inc hosp",2022-05-23,"quantile",0.75,32.264561890213
2022-05-21,"20","2  day ahead inc hosp",2022-05-23,"quantile",0.8,34.4949765089864
2022-05-21,"20","2  day ahead inc hosp",2022-05-23,"quantile",0.85,37.0947971514023
2022-05-21,"20","2  day ahead inc hosp",2022-05-23,"quantile",0.9,40.3659651692084
2022-05-21,"20","2  day ahead inc hosp",2022-05-23,"quantile",0.95,45.2143289389798
2022-05-21,"20","2  day ahead inc hosp",2022-05-23,"quantile",0.975,49.4195614534774
2022-05-21,"20","2  day ahead inc hosp",2022-05-23,"quantile",0.99,54.3090530484457
2022-05-21,"20","3  day ahead inc hosp",2022-05-24,"quantile",0.01,0
2022-05-21,"20","3  day ahead inc hosp",2022-05-24,"quantile",0.025,0
2022-05-21,"20","3  day ahead inc hosp",2022-05-24,"quantile",0.05,0
2022-05-21,"20","3  day ahead inc hosp",2022-05-24,"quantile",0.1,4.82684115307759
2022-05-21,"20","3  day ahead inc hosp",2022-05-24,"quantile",0.15,8.21251841385935
2022-05-21,"20","3  day ahead inc hosp",2022-05-24,"quantile",0.2,10.9033473725754
2022-05-21,"20","3  day ahead inc hosp",2022-05-24,"quantile",0.25,13.2118390232001
2022-05-21,"20","3  day ahead inc hosp",2022-05-24,"quantile",0.3,15.284935872395
2022-05-21,"20","3  day ahead inc hosp",2022-05-24,"quantile",0.35,17.2059690563657
2022-05-21,"20","3  day ahead inc hosp",2022-05-24,"quantile",0.4,19.0288416897093
2022-05-21,"20","3  day ahead inc hosp",2022-05-24,"quantile",0.45,20.7924920584023
2022-05-21,"20","3  day ahead inc hosp",2022-05-24,"quantile",0.5,22.5281804168138
2022-05-21,"20","3  day ahead inc hosp",2022-05-24,"quantile",0.55,24.2638687752252
2022-05-21,"20","3  day ahead inc hosp",2022-05-24,"quantile",0.6,26.0275191439182
2022-05-21,"20","3  day ahead inc hosp",2022-05-24,"quantile",0.65,27.8503917772618
2022-05-21,"20","3  day ahead inc hosp",2022-05-24,"quantile",0.7,29.7714249612325
2022-05-21,"20","3  day ahead inc hosp",2022-05-24,"quantile",0.75,31.8445218104274
2022-05-21,"20","3  day ahead inc hosp",2022-05-24,"quantile",0.8,34.1530134610521
2022-05-21,"20","3  day ahead inc hosp",2022-05-24,"quantile",0.85,36.8438424197682
2022-05-21,"20","3  day ahead inc hosp",2022-05-24,"quantile",0.9,40.2295196805499
2022-05-21,"20","3  day ahead inc hosp",2022-05-24,"quantile",0.95,45.2476033980357
2022-05-21,"20","3  day ahead inc hosp",2022-05-24,"quantile",0.975,49.6000426561644
2022-05-21,"20","3  day ahead inc hosp",2022-05-24,"quantile",0.99,54.6606939035956
2022-05-21,"20","4  day ahead inc hosp",2022-05-25,"quantile",0.01,0
2022-05-21,"20","4  day ahead inc hosp",2022-05-25,"quantile",0.025,0
2022-05-21,"20","4  day ahead inc hosp",2022-05-25,"quantile",0.05,0
2022-05-21,"20","4  day ahead inc hosp",2022-05-25,"quantile",0.1,1.70889389356357
2022-05-21,"20","4  day ahead inc hosp",2022-05-25,"quantile",0.15,5.20366982343677
2022-05-21,"20","4  day ahead inc hosp",2022-05-25,"quantile",0.2,7.98120694584849
2022-05-21,"20","4  day ahead inc hosp",2022-05-25,"quantile",0.25,10.3640864802829
2022-05-21,"20","4  day ahead inc hosp",2022-05-25,"quantile",0.3,12.503985948193
2022-05-21,"20","4  day ahead inc hosp",2022-05-25,"quantile",0.35,14.4869217139837
2022-05-21,"20","4  day ahead inc hosp",2022-05-25,"quantile",0.4,16.3685338440078
2022-05-21,"20","4  day ahead inc hosp",2022-05-25,"quantile",0.45,18.1890153555259
2022-05-21,"20","4  day ahead inc hosp",2022-05-25,"quantile",0.5,19.9806338204639
2022-05-21,"20","4  day ahead inc hosp",2022-05-25,"quantile",0.55,21.7722522854019
2022-05-21,"20","4  day ahead inc hosp",2022-05-25,"quantile",0.6,23.59273379692
2022-05-21,"20","4  day ahead inc hosp",2022-05-25,"quantile",0.65,25.4743459269441
2022-05-21,"20","4  day ahead inc hosp",2022-05-25,"quantile",0.7,27.4572816927348
2022-05-21,"20","4  day ahead inc hosp",2022-05-25,"quantile",0.75,29.5971811606449
2022-05-21,"20","4  day ahead inc hosp",2022-05-25,"quantile",0.8,31.9800606950793
2022-05-21,"20","4  day ahead inc hosp",2022-05-25,"quantile",0.85,34.757597817491
2022-05-21,"20","4  day ahead inc hosp",2022-05-25,"quantile",0.9,38.2523737473642
2022-05-21,"20","4  day ahead inc hosp",2022-05-25,"quantile",0.95,43.4321581270214
2022-05-21,"20","4  day ahead inc hosp",2022-05-25,"quantile",0.975,47.9248485945208
2022-05-21,"20","4  day ahead inc hosp",2022-05-25,"quantile",0.99,53.1485721826698
2022-05-21,"20","5  day ahead inc hosp",2022-05-26,"quantile",0.01,0
2022-05-21,"20","5  day ahead inc hosp",2022-05-26,"quantile",0.025,0
2022-05-21,"20","5  day ahead inc hosp",2022-05-26,"quantile",0.05,0
2022-05-21,"20","5  day ahead inc hosp",2022-05-26,"quantile",0.1,1.04161066118933
2022-05-21,"20","5  day ahead inc hosp",2022-05-26,"quantile",0.15,4.68502814242269
2022-05-21,"20","5  day ahead inc hosp",2022-05-26,"quantile",0.2,7.58070085782238
2022-05-21,"20","5  day ahead inc hosp",2022-05-26,"quantile",0.25,10.0649302120478
2022-05-21,"20","5  day ahead inc hosp",2022-05-26,"quantile",0.3,12.2958449504781
2022-05-21,"20","5  day ahead inc hosp",2022-05-26,"quantile",0.35,14.3631199283926
2022-05-21,"20","5  day ahead inc hosp",2022-05-26,"quantile",0.4,16.3247617231726
2022-05-21,"20","5  day ahead inc hosp",2022-05-26,"quantile",0.45,18.2226728615178
2022-05-21,"20","5  day ahead inc hosp",2022-05-26,"quantile",0.5,20.0904933358028
2022-05-21,"20","5  day ahead inc hosp",2022-05-26,"quantile",0.55,21.9583138100879
2022-05-21,"20","5  day ahead inc hosp",2022-05-26,"quantile",0.6,23.8562249484331
2022-05-21,"20","5  day ahead inc hosp",2022-05-26,"quantile",0.65,25.8178667432131
2022-05-21,"20","5  day ahead inc hosp",2022-05-26,"quantile",0.7,27.8851417211276
2022-05-21,"20","5  day ahead inc hosp",2022-05-26,"quantile",0.75,30.1160564595579
2022-05-21,"20","5  day ahead inc hosp",2022-05-26,"quantile",0.8,32.6002858137833
2022-05-21,"20","5  day ahead inc hosp",2022-05-26,"quantile",0.85,35.495958529183
2022-05-21,"20","5  day ahead inc hosp",2022-05-26,"quantile",0.9,39.1393760104164
2022-05-21,"20","5  day ahead inc hosp",2022-05-26,"quantile",0.95,44.5394695604904
2022-05-21,"20","5  day ahead inc hosp",2022-05-26,"quantile",0.975,49.2232453777433
2022-05-21,"20","5  day ahead inc hosp",2022-05-26,"quantile",0.99,54.6691469806205
2022-05-21,"20","6  day ahead inc hosp",2022-05-27,"quantile",0.01,0
2022-05-21,"20","6  day ahead inc hosp",2022-05-27,"quantile",0.025,0
2022-05-21,"20","6  day ahead inc hosp",2022-05-27,"quantile",0.05,0
2022-05-21,"20","6  day ahead inc hosp",2022-05-27,"quantile",0.1,0.700476722913457
2022-05-21,"20","6  day ahead inc hosp",2022-05-27,"quantile",0.15,4.54786690537426
2022-05-21,"20","6  day ahead inc hosp",2022-05-27,"quantile",0.2,7.60565065764331
2022-05-21,"20","6  day ahead inc hosp",2022-05-27,"quantile",0.25,10.2289568468622
2022-05-21,"20","6  day ahead inc hosp",2022-05-27,"quantile",0.3,12.5847668814669
2022-05-21,"20","6  day ahead inc hosp",2022-05-27,"quantile",0.35,14.7677759644071
2022-05-21,"20","6  day ahead inc hosp",2022-05-27,"quantile",0.4,16.8392381071936
2022-05-21,"20","6  day ahead inc hosp",2022-05-27,"quantile",0.45,18.8434017031756
2022-05-21,"20","6  day ahead inc hosp",2022-05-27,"quantile",0.5,20.8157900425242
2022-05-21,"20","6  day ahead inc hosp",2022-05-27,"quantile",0.55,22.7881783818727
2022-05-21,"20","6  day ahead inc hosp",2022-05-27,"quantile",0.6,24.7923419778547
2022-05-21,"20","6  day ahead inc hosp",2022-05-27,"quantile",0.65,26.8638041206412
2022-05-21,"20","6  day ahead inc hosp",2022-05-27,"quantile",0.7,29.0468132035814
2022-05-21,"20","6  day ahead inc hosp",2022-05-27,"quantile",0.75,31.4026232381861
2022-05-21,"20","6  day ahead inc hosp",2022-05-27,"quantile",0.8,34.025929427405
2022-05-21,"20","6  day ahead inc hosp",2022-05-27,"quantile",0.85,37.083713179674
2022-05-21,"20","6  day ahead inc hosp",2022-05-27,"quantile",0.9,40.9311033621348
2022-05-21,"20","6  day ahead inc hosp",2022-05-27,"quantile",0.95,46.6335151817904
2022-05-21,"20","6  day ahead inc hosp",2022-05-27,"quantile",0.975,51.5795070119789
2022-05-21,"20","6  day ahead inc hosp",2022-05-27,"quantile",0.99,57.3302913976498
2022-05-21,"20","7  day ahead inc hosp",2022-05-28,"quantile",0.01,0
2022-05-21,"20","7  day ahead inc hosp",2022-05-28,"quantile",0.025,0
2022-05-21,"20","7  day ahead inc hosp",2022-05-28,"quantile",0.05,0
2022-05-21,"20","7  day ahead inc hosp",2022-05-28,"quantile",0.1,0
2022-05-21,"20","7  day ahead inc hosp",2022-05-28,"quantile",0.15,2.42248095504864
2022-05-21,"20","7  day ahead inc hosp",2022-05-28,"quantile",0.2,5.68559766093839
2022-05-21,"20","7  day ahead inc hosp",2022-05-28,"quantile",0.25,8.48506124117095
2022-05-21,"20","7  day ahead inc hosp",2022-05-28,"quantile",0.3,10.999066057279
2022-05-21,"20","7  day ahead inc hosp",2022-05-28,"quantile",0.35,13.3286661810173
2022-05-21,"20","7  day ahead inc hosp",2022-05-28,"quantile",0.4,15.5392288863522
2022-05-21,"20","7  day ahead inc hosp",2022-05-28,"quantile",0.45,17.6779738863974
2022-05-21,"20","7  day ahead inc hosp",2022-05-28,"quantile",0.5,19.7828098924931
2022-05-21,"20","7  day ahead inc hosp",2022-05-28,"quantile",0.55,21.8876458985889
2022-05-21,"20","7  day ahead inc hosp",2022-05-28,"quantile",0.6,24.0263908986341
2022-05-21,"20","7  day ahead inc hosp",2022-05-28,"quantile",0.65,26.2369536039689
2022-05-21,"20","7  day ahead inc hosp",2022-05-28,"quantile",0.7,28.5665537277072
2022-05-21,"20","7  day ahead inc hosp",2022-05-28,"quantile",0.75,31.0805585438153
2022-05-21,"20","7  day ahead inc hosp",2022-05-28,"quantile",0.8,33.8800221240479
2022-05-21,"20","7  day ahead inc hosp",2022-05-28,"quantile",0.85,37.1431388299376
2022-05-21,"20","7  day ahead inc hosp",2022-05-28,"quantile",0.9,41.2488847543013
2022-05-21,"20","7  day ahead inc hosp",2022-05-28,"quantile",0.95,47.3342187020578
2022-05-21,"20","7  day ahead inc hosp",2022-05-28,"quantile",0.975,52.6123383716734
2022-05-21,"20","7  day ahead inc hosp",2022-05-28,"quantile",0.99,58.7492931471468
2022-05-21,"20","8  day ahead inc hosp",2022-05-29,"quantile",0.01,0
2022-05-21,"20","8  day ahead inc hosp",2022-05-29,"quantile",0.025,0
2022-05-21,"20","8  day ahead inc hosp",2022-05-29,"quantile",0.05,0
2022-05-21,"20","8  day ahead inc hosp",2022-05-29,"quantile",0.1,0.573023144926488
2022-05-21,"20","8  day ahead inc hosp",2022-05-29,"quantile",0.15,4.98122678148241
2022-05-21,"20","8  day ahead inc hosp",2022-05-29,"quantile",0.2,8.48472728891799
2022-05-21,"20","8  day ahead inc hosp",2022-05-29,"quantile",0.25,11.4904187666973
2022-05-21,"20","8  day ahead inc hosp",2022-05-29,"quantile",0.3,14.1896226085435
2022-05-21,"20","8  day ahead inc hosp",2022-05-29,"quantile",0.35,16.6908372298004
2022-05-21,"20","8  day ahead inc hosp",2022-05-29,"quantile",0.4,19.0642453110621
2022-05-21,"20","8  day ahead inc hosp",2022-05-29,"quantile",0.45,21.3605450969108
2022-05-21,"20","8  day ahead inc hosp",2022-05-29,"quantile",0.5,23.6204379172059
2022-05-21,"20","8  day ahead inc hosp",2022-05-29,"quantile",0.55,25.8803307375009
2022-05-21,"20","8  day ahead inc hosp",2022-05-29,"quantile",0.6,28.1766305233496
2022-05-21,"20","8  day ahead inc hosp",2022-05-29,"quantile",0.65,30.5500386046113
2022-05-21,"20","8  day ahead inc hosp",2022-05-29,"quantile",0.7,33.0512532258682
2022-05-21,"20","8  day ahead inc hosp",2022-05-29,"quantile",0.75,35.7504570677144
2022-05-21,"20","8  day ahead inc hosp",2022-05-29,"quantile",0.8,38.7561485454937
2022-05-21,"20","8  day ahead inc hosp",2022-05-29,"quantile",0.85,42.2596490529293
2022-05-21,"20","8  day ahead inc hosp",2022-05-29,"quantile",0.9,46.6678526894852
2022-05-21,"20","8  day ahead inc hosp",2022-05-29,"quantile",0.95,53.2014745288141
2022-05-21,"20","8  day ahead inc hosp",2022-05-29,"quantile",0.975,58.8684170894118
2022-05-21,"20","8  day ahead inc hosp",2022-05-29,"quantile",0.99,65.4574625045428
2022-05-21,"20","9  day ahead inc hosp",2022-05-30,"quantile",0.01,0
2022-05-21,"20","9  day ahead inc hosp",2022-05-30,"quantile",0.025,0
2022-05-21,"20","9  day ahead inc hosp",2022-05-30,"quantile",0.05,0
2022-05-21,"20","9  day ahead inc hosp",2022-05-30,"quantile",0.1,0
2022-05-21,"20","9  day ahead inc hosp",2022-05-30,"quantile",0.15,3.25893596606412
2022-05-21,"20","9  day ahead inc hosp",2022-05-30,"quantile",0.2,7.02744487010235
2022-05-21,"20","9  day ahead inc hosp",2022-05-30,"quantile",0.25,10.2604899553717
2022-05-21,"20","9  day ahead inc hosp",2022-05-30,"quantile",0.3,13.1638643634026
2022-05-21,"20","9  day ahead inc hosp",2022-05-30,"quantile",0.35,15.8542734417265
2022-05-21,"20","9  day ahead inc hosp",2022-05-30,"quantile",0.4,18.4072085613785
2022-05-21,"20","9  day ahead inc hosp",2022-05-30,"quantile",0.45,20.8772028345193
2022-05-21,"20","9  day ahead inc hosp",2022-05-30,"quantile",0.5,23.308036281633
2022-05-21,"20","9  day ahead inc hosp",2022-05-30,"quantile",0.55,25.7388697287466
2022-05-21,"20","9  day ahead inc hosp",2022-05-30,"quantile",0.6,28.2088640018874
2022-05-21,"20","9  day ahead inc hosp",2022-05-30,"quantile",0.65,30.7617991215394
2022-05-21,"20","9  day ahead inc hosp",2022-05-30,"quantile",0.7,33.4522081998634
2022-05-21,"20","9  day ahead inc hosp",2022-05-30,"quantile",0.75,36.3555826078943
2022-05-21,"20","9  day ahead inc hosp",2022-05-30,"quantile",0.8,39.5886276931636
2022-05-21,"20","9  day ahead inc hosp",2022-05-30,"quantile",0.85,43.3571365972018
2022-05-21,"20","9  day ahead inc hosp",2022-05-30,"quantile",0.9,48.0987813093741
2022-05-21,"20","9  day ahead inc hosp",2022-05-30,"quantile",0.95,55.1266130521905
2022-05-21,"20","9  day ahead inc hosp",2022-05-30,"quantile",0.975,61.2222090005746
2022-05-21,"20","9  day ahead inc hosp",2022-05-30,"quantile",0.99,68.3096566157053
2022-05-21,"20","10  day ahead inc hosp",2022-05-31,"quantile",0.01,0
2022-05-21,"20","10  day ahead inc hosp",2022-05-31,"quantile",0.025,0
2022-05-21,"20","10  day ahead inc hosp",2022-05-31,"quantile",0.05,0
2022-05-21,"20","10  day ahead inc hosp",2022-05-31,"quantile",0.1,0
2022-05-21,"20","10  day ahead inc hosp",2022-05-31,"quantile",0.15,2.37557932213205
2022-05-21,"20","10  day ahead inc hosp",2022-05-31,"quantile",0.2,6.42412497646841
2022-05-21,"20","10  day ahead inc hosp",2022-05-31,"quantile",0.25,9.89741665854851
2022-05-21,"20","10  day ahead inc hosp",2022-05-31,"quantile",0.3,13.0165399356487
2022-05-21,"20","10  day ahead inc hosp",2022-05-31,"quantile",0.35,15.9068724941743
2022-05-21,"20","10  day ahead inc hosp",2022-05-31,"quantile",0.4,18.649515445978
2022-05-21,"20","10  day ahead inc hosp",2022-05-31,"quantile",0.45,21.3030542421964
2022-05-21,"20","10  day ahead inc hosp",2022-05-31,"quantile",0.5,23.9145221833181
2022-05-21,"20","10  day ahead inc hosp",2022-05-31,"quantile",0.55,26.5259901244398
2022-05-21,"20","10  day ahead inc hosp",2022-05-31,"quantile",0.6,29.1795289206581
2022-05-21,"20","10  day ahead inc hosp",2022-05-31,"quantile",0.65,31.9221718724618
2022-05-21,"20","10  day ahead inc hosp",2022-05-31,"quantile",0.7,34.8125044309875
2022-05-21,"20","10  day ahead inc hosp",2022-05-31,"quantile",0.75,37.9316277080876
2022-05-21,"20","10  day ahead inc hosp",2022-05-31,"quantile",0.8,41.4049193901677
2022-05-21,"20","10  day ahead inc hosp",2022-05-31,"quantile",0.85,45.4534650445041
2022-05-21,"20","10  day ahead inc hosp",2022-05-31,"quantile",0.9,50.547459932854
2022-05-21,"20","10  day ahead inc hosp",2022-05-31,"quantile",0.95,58.097527714649
2022-05-21,"20","10  day ahead inc hosp",2022-05-31,"quantile",0.975,64.6460855437087
2022-05-21,"20","10  day ahead inc hosp",2022-05-31,"quantile",0.99,72.2601992351548
2022-05-21,"20","11  day ahead inc hosp",2022-06-01,"quantile",0.01,0
2022-05-21,"20","11  day ahead inc hosp",2022-06-01,"quantile",0.025,0
2022-05-21,"20","11  day ahead inc hosp",2022-06-01,"quantile",0.05,0
2022-05-21,"20","11  day ahead inc hosp",2022-06-01,"quantile",0.1,0
2022-05-21,"20","11  day ahead inc hosp",2022-06-01,"quantile",0.15,0
2022-05-21,"20","11  day ahead inc hosp",2022-06-01,"quantile",0.2,4.15200922986484
2022-05-21,"20","11  day ahead inc hosp",2022-06-01,"quantile",0.25,7.87192364760221
2022-05-21,"20","11  day ahead inc hosp",2022-06-01,"quantile",0.3,11.2125217635187
2022-05-21,"20","11  day ahead inc hosp",2022-06-01,"quantile",0.35,14.3080837665567
2022-05-21,"20","11  day ahead inc hosp",2022-06-01,"quantile",0.4,17.2454693917716
2022-05-21,"20","11  day ahead inc hosp",2022-06-01,"quantile",0.45,20.0874239782538
2022-05-21,"20","11  day ahead inc hosp",2022-06-01,"quantile",0.5,22.884320448469
2022-05-21,"20","11  day ahead inc hosp",2022-06-01,"quantile",0.55,25.6812169186842
2022-05-21,"20","11  day ahead inc hosp",2022-06-01,"quantile",0.6,28.5231715051664
2022-05-21,"20","11  day ahead inc hosp",2022-06-01,"quantile",0.65,31.4605571303812
2022-05-21,"20","11  day ahead inc hosp",2022-06-01,"quantile",0.7,34.5561191334193
2022-05-21,"20","11  day ahead inc hosp",2022-06-01,"quantile",0.75,37.8967172493358
2022-05-21,"20","11  day ahead inc hosp",2022-06-01,"quantile",0.8,41.6166316670731
2022-05-21,"20","11  day ahead inc hosp",2022-06-01,"quantile",0.85,45.9526462402617
2022-05-21,"20","11  day ahead inc hosp",2022-06-01,"quantile",0.9,51.4083426699105
2022-05-21,"20","11  day ahead inc hosp",2022-06-01,"quantile",0.95,59.4945066224795
2022-05-21,"20","11  day ahead inc hosp",2022-06-01,"quantile",0.975,66.5080479295306
2022-05-21,"20","11  day ahead inc hosp",2022-06-01,"quantile",0.99,74.6628054021709
2022-05-21,"20","12  day ahead inc hosp",2022-06-02,"quantile",0.01,0
2022-05-21,"20","12  day ahead inc hosp",2022-06-02,"quantile",0.025,0
2022-05-21,"20","12  day ahead inc hosp",2022-06-02,"quantile",0.05,0
2022-05-21,"20","12  day ahead inc hosp",2022-06-02,"quantile",0.1,0
2022-05-21,"20","12  day ahead inc hosp",2022-06-02,"quantile",0.15,0
2022-05-21,"20","12  day ahead inc hosp",2022-06-02,"quantile",0.2,2.48017540985761
2022-05-21,"20","12  day ahead inc hosp",2022-06-02,"quantile",0.25,6.44835903594441
2022-05-21,"20","12  day ahead inc hosp",2022-06-02,"quantile",0.3,10.0119105740411
2022-05-21,"20","12  day ahead inc hosp",2022-06-02,"quantile",0.35,13.3140721494312
2022-05-21,"20","12  day ahead inc hosp",2022-06-02,"quantile",0.4,16.447500565392
2022-05-21,"20","12  day ahead inc hosp",2022-06-02,"quantile",0.45,19.4791288207056
2022-05-21,"20","12  day ahead inc hosp",2022-06-02,"quantile",0.5,22.4626917553922
2022-05-21,"20","12  day ahead inc hosp",2022-06-02,"quantile",0.55,25.4462546900789
2022-05-21,"20","12  day ahead inc hosp",2022-06-02,"quantile",0.6,28.4778829453925
2022-05-21,"20","12  day ahead inc hosp",2022-06-02,"quantile",0.65,31.6113113613532
2022-05-21,"20","12  day ahead inc hosp",2022-06-02,"quantile",0.7,34.9134729367434
2022-05-21,"20","12  day ahead inc hosp",2022-06-02,"quantile",0.75,38.4770244748401
2022-05-21,"20","12  day ahead inc hosp",2022-06-02,"quantile",0.8,42.4452081009269
2022-05-21,"20","12  day ahead inc hosp",2022-06-02,"quantile",0.85,47.0706107579767
2022-05-21,"20","12  day ahead inc hosp",2022-06-02,"quantile",0.9,52.890423476733
2022-05-21,"20","12  day ahead inc hosp",2022-06-02,"quantile",0.95,61.5162626200847
2022-05-21,"20","12  day ahead inc hosp",2022-06-02,"quantile",0.975,68.9978916712315
2022-05-21,"20","12  day ahead inc hosp",2022-06-02,"quantile",0.99,77.6969023052779
2022-05-21,"20","13  day ahead inc hosp",2022-06-03,"quantile",0.01,0
2022-05-21,"20","13  day ahead inc hosp",2022-06-03,"quantile",0.025,0
2022-05-21,"20","13  day ahead inc hosp",2022-06-03,"quantile",0.05,0
2022-05-21,"20","13  day ahead inc hosp",2022-06-03,"quantile",0.1,0
2022-05-21,"20","13  day ahead inc hosp",2022-06-03,"quantile",0.15,0
2022-05-21,"20","13  day ahead inc hosp",2022-06-03,"quantile",0.2,0.345521566058633
2022-05-21,"20","13  day ahead inc hosp",2022-06-03,"quantile",0.25,4.56038439103997
2022-05-21,"20","13  day ahead inc hosp",2022-06-03,"quantile",0.3,8.34546147368514
2022-05-21,"20","13  day ahead inc hosp",2022-06-03,"quantile",0.35,11.8528994800052
2022-05-21,"20","13  day ahead inc hosp",2022-06-03,"quantile",0.4,15.1811151548924
2022-05-21,"20","13  day ahead inc hosp",2022-06-03,"quantile",0.45,18.401202337472
2022-05-21,"20","13  day ahead inc hosp",2022-06-03,"quantile",0.5,21.5702362543334
2022-05-21,"20","13  day ahead inc hosp",2022-06-03,"quantile",0.55,24.7392701711948
2022-05-21,"20","13  day ahead inc hosp",2022-06-03,"quantile",0.6,27.9593573537744
2022-05-21,"20","13  day ahead inc hosp",2022-06-03,"quantile",0.65,31.2875730286617
2022-05-21,"20","13  day ahead inc hosp",2022-06-03,"quantile",0.7,34.7950110349817
2022-05-21,"20","13  day ahead inc hosp",2022-06-03,"quantile",0.75,38.5800881176269
2022-05-21,"20","13  day ahead inc hosp",2022-06-03,"quantile",0.8,42.7949509426082
2022-05-21,"20","13  day ahead inc hosp",2022-06-03,"quantile",0.85,47.7078883333092
2022-05-21,"20","13  day ahead inc hosp",2022-06-03,"quantile",0.9,53.8894854034098
2022-05-21,"20","13  day ahead inc hosp",2022-06-03,"quantile",0.95,63.0515434544973
2022-05-21,"20","13  day ahead inc hosp",2022-06-03,"quantile",0.975,70.9982624396458
2022-05-21,"20","13  day ahead inc hosp",2022-06-03,"quantile",0.99,80.2380406330044
2022-05-21,"20","14  day ahead inc hosp",2022-06-04,"quantile",0.01,0
2022-05-21,"20","14  day ahead inc hosp",2022-06-04,"quantile",0.025,0
2022-05-21,"20","14  day ahead inc hosp",2022-06-04,"quantile",0.05,0
2022-05-21,"20","14  day ahead inc hosp",2022-06-04,"quantile",0.1,0
2022-05-21,"20","14  day ahead inc hosp",2022-06-04,"quantile",0.15,0
2022-05-21,"20","14  day ahead inc hosp",2022-06-04,"quantile",0.2,0
2022-05-21,"20","14  day ahead inc hosp",2022-06-04,"quantile",0.25,2.84852882646476
2022-05-21,"20","14  day ahead inc hosp",2022-06-04,"quantile",0.3,6.8518111180456
2022-05-21,"20","14  day ahead inc hosp",2022-06-04,"quantile",0.35,10.5614487695214
2022-05-21,"20","14  day ahead inc hosp",2022-06-04,"quantile",0.4,14.081532134515
2022-05-21,"20","14  day ahead inc hosp",2022-06-04,"quantile",0.45,17.4872535277393
2022-05-21,"20","14  day ahead inc hosp",2022-06-04,"quantile",0.5,20.8389784949688
2022-05-21,"20","14  day ahead inc hosp",2022-06-04,"quantile",0.55,24.1907034621984
2022-05-21,"20","14  day ahead inc hosp",2022-06-04,"quantile",0.6,27.5964248554227
2022-05-21,"20","14  day ahead inc hosp",2022-06-04,"quantile",0.65,31.1165082204163
2022-05-21,"20","14  day ahead inc hosp",2022-06-04,"quantile",0.7,34.8261458718921
2022-05-21,"20","14  day ahead inc hosp",2022-06-04,"quantile",0.75,38.8294281634729
2022-05-21,"20","14  day ahead inc hosp",2022-06-04,"quantile",0.8,43.2872728361892
2022-05-21,"20","14  day ahead inc hosp",2022-06-04,"quantile",0.85,48.4834352462012
2022-05-21,"20","14  day ahead inc hosp",2022-06-04,"quantile",0.9,55.0213940629151
2022-05-21,"20","14  day ahead inc hosp",2022-06-04,"quantile",0.95,64.7116339046681
2022-05-21,"20","14  day ahead inc hosp",2022-06-04,"quantile",0.975,73.1164718233669
2022-05-21,"20","14  day ahead inc hosp",2022-06-04,"quantile",0.99,82.8889122815036
2022-05-21,"20","15  day ahead inc hosp",2022-06-05,"quantile",0.01,0
2022-05-21,"20","15  day ahead inc hosp",2022-06-05,"quantile",0.025,0
2022-05-21,"20","15  day ahead inc hosp",2022-06-05,"quantile",0.05,0
2022-05-21,"20","15  day ahead inc hosp",2022-06-05,"quantile",0.1,0
2022-05-21,"20","15  day ahead inc hosp",2022-06-05,"quantile",0.15,0
2022-05-21,"20","15  day ahead inc hosp",2022-06-05,"quantile",0.2,0
2022-05-21,"20","15  day ahead inc hosp",2022-06-05,"quantile",0.25,3.99919291429042
2022-05-21,"20","15  day ahead inc hosp",2022-06-05,"quantile",0.3,8.21619449014805
2022-05-21,"20","15  day ahead inc hosp",2022-06-05,"quantile",0.35,12.1238749090467
2022-05-21,"20","15  day ahead inc hosp",2022-06-05,"quantile",0.4,15.8318814936802
2022-05-21,"20","15  day ahead inc hosp",2022-06-05,"quantile",0.45,19.4194207767237
2022-05-21,"20","15  day ahead inc hosp",2022-06-05,"quantile",0.5,22.950080979821
2022-05-21,"20","15  day ahead inc hosp",2022-06-05,"quantile",0.55,26.4807411829182
2022-05-21,"20","15  day ahead inc hosp",2022-06-05,"quantile",0.6,30.0682804659617
2022-05-21,"20","15  day ahead inc hosp",2022-06-05,"quantile",0.65,33.7762870505952
2022-05-21,"20","15  day ahead inc hosp",2022-06-05,"quantile",0.7,37.6839674694939
2022-05-21,"20","15  day ahead inc hosp",2022-06-05,"quantile",0.75,41.9009690453515
2022-05-21,"20","15  day ahead inc hosp",2022-06-05,"quantile",0.8,46.5968002759665
2022-05-21,"20","15  day ahead inc hosp",2022-06-05,"quantile",0.85,52.0703650849023
2022-05-21,"20","15  day ahead inc hosp",2022-06-05,"quantile",0.9,58.9573594622305
2022-05-21,"20","15  day ahead inc hosp",2022-06-05,"quantile",0.95,69.1649225833849
2022-05-21,"20","15  day ahead inc hosp",2022-06-05,"quantile",0.975,78.0184612964854
2022-05-21,"20","15  day ahead inc hosp",2022-06-05,"quantile",0.99,88.3126133972766
2022-05-21,"20","16  day ahead inc hosp",2022-06-06,"quantile",0.01,0
2022-05-21,"20","16  day ahead inc hosp",2022-06-06,"quantile",0.025,0
2022-05-21,"20","16  day ahead inc hosp",2022-06-06,"quantile",0.05,0
2022-05-21,"20","16  day ahead inc hosp",2022-06-06,"quantile",0.1,0
2022-05-21,"20","16  day ahead inc hosp",2022-06-06,"quantile",0.15,0
2022-05-21,"20","16  day ahead inc hosp",2022-06-06,"quantile",0.2,1.49673550386226
2022-05-21,"20","16  day ahead inc hosp",2022-06-06,"quantile",0.25,6.42482177359168
2022-05-21,"20","16  day ahead inc hosp",2022-06-06,"quantile",0.3,10.8503955527179
2022-05-21,"20","16  day ahead inc hosp",2022-06-06,"quantile",0.35,14.9513492014168
2022-05-21,"20","16  day ahead inc hosp",2022-06-06,"quantile",0.4,18.8427531809005
2022-05-21,"20","16  day ahead inc hosp",2022-06-06,"quantile",0.45,22.6077315659023
2022-05-21,"20","16  day ahead inc hosp",2022-06-06,"quantile",0.5,26.3130176410335
2022-05-21,"20","16  day ahead inc hosp",2022-06-06,"quantile",0.55,30.0183037161646
2022-05-21,"20","16  day ahead inc hosp",2022-06-06,"quantile",0.6,33.7832821011664
2022-05-21,"20","16  day ahead inc hosp",2022-06-06,"quantile",0.65,37.6746860806501
2022-05-21,"20","16  day ahead inc hosp",2022-06-06,"quantile",0.7,41.775639729349
2022-05-21,"20","16  day ahead inc hosp",2022-06-06,"quantile",0.75,46.2012135084752
2022-05-21,"20","16  day ahead inc hosp",2022-06-06,"quantile",0.8,51.1292997782046
2022-05-21,"20","16  day ahead inc hosp",2022-06-06,"quantile",0.85,56.8735862009214
2022-05-21,"20","16  day ahead inc hosp",2022-06-06,"quantile",0.9,64.1012101856467
2022-05-21,"20","16  day ahead inc hosp",2022-06-06,"quantile",0.95,74.8136376972652
2022-05-21,"20","16  day ahead inc hosp",2022-06-06,"quantile",0.975,84.1050709766582
2022-05-21,"20","16  day ahead inc hosp",2022-06-06,"quantile",0.99,94.9083701445825
2022-05-21,"20","17  day ahead inc hosp",2022-06-07,"quantile",0.01,0
2022-05-21,"20","17  day ahead inc hosp",2022-06-07,"quantile",0.025,0
2022-05-21,"20","17  day ahead inc hosp",2022-06-07,"quantile",0.05,0
2022-05-21,"20","17  day ahead inc hosp",2022-06-07,"quantile",0.1,0
2022-05-21,"20","17  day ahead inc hosp",2022-06-07,"quantile",0.15,0
2022-05-21,"20","17  day ahead inc hosp",2022-06-07,"quantile",0.2,0
2022-05-21,"20","17  day ahead inc hosp",2022-06-07,"quantile",0.25,2.70405243554486
2022-05-21,"20","17  day ahead inc hosp",2022-06-07,"quantile",0.3,7.33273225640364
2022-05-21,"20","17  day ahead inc hosp",2022-06-07,"quantile",0.35,11.621893921619
2022-05-21,"20","17  day ahead inc hosp",2022-06-07,"quantile",0.4,15.6918889038746
2022-05-21,"20","17  day ahead inc hosp",2022-06-07,"quantile",0.45,19.6296561508751
2022-05-21,"20","17  day ahead inc hosp",2022-06-07,"quantile",0.5,23.5049915858783
2022-05-21,"20","17  day ahead inc hosp",2022-06-07,"quantile",0.55,27.3803270208815
2022-05-21,"20","17  day ahead inc hosp",2022-06-07,"quantile",0.6,31.318094267882
2022-05-21,"20","17  day ahead inc hosp",2022-06-07,"quantile",0.65,35.3880892501376
2022-05-21,"20","17  day ahead inc hosp",2022-06-07,"quantile",0.7,39.6772509153529
2022-05-21,"20","17  day ahead inc hosp",2022-06-07,"quantile",0.75,44.3059307362117
2022-05-21,"20","17  day ahead inc hosp",2022-06-07,"quantile",0.8,49.4601852149726
2022-05-21,"20","17  day ahead inc hosp",2022-06-07,"quantile",0.85,55.4680983076138
2022-05-21,"20","17  day ahead inc hosp",2022-06-07,"quantile",0.9,63.0274248402874
2022-05-21,"20","17  day ahead inc hosp",2022-06-07,"quantile",0.95,74.2314854954984
2022-05-21,"20","17  day ahead inc hosp",2022-06-07,"quantile",0.975,83.9493372077511
2022-05-21,"20","17  day ahead inc hosp",2022-06-07,"quantile",0.99,95.2484399575747
2022-05-21,"20","18  day ahead inc hosp",2022-06-08,"quantile",0.01,0
2022-05-21,"20","18  day ahead inc hosp",2022-06-08,"quantile",0.025,0
2022-05-21,"20","18  day ahead inc hosp",2022-06-08,"quantile",0.05,0
2022-05-21,"20","18  day ahead inc hosp",2022-06-08,"quantile",0.1,0
2022-05-21,"20","18  day ahead inc hosp",2022-06-08,"quantile",0.15,0
2022-05-21,"20","18  day ahead inc hosp",2022-06-08,"quantile",0.2,0
2022-05-21,"20","18  day ahead inc hosp",2022-06-08,"quantile",0.25,2.31415249142927
2022-05-21,"20","18  day ahead inc hosp",2022-06-08,"quantile",0.3,7.1403803428523
2022-05-21,"20","18  day ahead inc hosp",2022-06-08,"quantile",0.35,11.6125996989273
2022-05-21,"20","18  day ahead inc hosp",2022-06-08,"quantile",0.4,15.856298528558
2022-05-21,"20","18  day ahead inc hosp",2022-06-08,"quantile",0.45,19.9621262581522
2022-05-21,"20","18  day ahead inc hosp",2022-06-08,"quantile",0.5,24.0028576402916
2022-05-21,"20","18  day ahead inc hosp",2022-06-08,"quantile",0.55,28.0435890224309
2022-05-21,"20","18  day ahead inc hosp",2022-06-08,"quantile",0.6,32.1494167520251
2022-05-21,"20","18  day ahead inc hosp",2022-06-08,"quantile",0.65,36.3931155816559
2022-05-21,"20","18  day ahead inc hosp",2022-06-08,"quantile",0.7,40.8653349377308
2022-05-21,"20","18  day ahead inc hosp",2022-06-08,"quantile",0.75,45.6915627891538
2022-05-21,"20","18  day ahead inc hosp",2022-06-08,"quantile",0.8,51.0657963679418
2022-05-21,"20","18  day ahead inc hosp",2022-06-08,"quantile",0.85,57.3301219680769
2022-05-21,"20","18  day ahead inc hosp",2022-06-08,"quantile",0.9,65.2120739850608
2022-05-21,"20","18  day ahead inc hosp",2022-06-08,"quantile",0.95,76.8943142081877
2022-05-21,"20","18  day ahead inc hosp",2022-06-08,"quantile",0.975,87.026915382786
2022-05-21,"20","18  day ahead inc hosp",2022-06-08,"quantile",0.99,98.8082540144936
2022-05-21,"20","19  day ahead inc hosp",2022-06-09,"quantile",0.01,0
2022-05-21,"20","19  day ahead inc hosp",2022-06-09,"quantile",0.025,0
2022-05-21,"20","19  day ahead inc hosp",2022-06-09,"quantile",0.05,0
2022-05-21,"20","19  day ahead inc hosp",2022-06-09,"quantile",0.1,0
2022-05-21,"20","19  day ahead inc hosp",2022-06-09,"quantile",0.15,0
2022-05-21,"20","19  day ahead inc hosp",2022-06-09,"quantile",0.2,0
2022-05-21,"20","19  day ahead inc hosp",2022-06-09,"quantile",0.25,0
2022-05-21,"20","19  day ahead inc hosp",2022-06-09,"quantile",0.3,4.87968203784073
2022-05-21,"20","19  day ahead inc hosp",2022-06-09,"quantile",0.35,9.52986026450004
2022-05-21,"20","19  day ahead inc hosp",2022-06-09,"quantile",0.4,13.9424246596795
2022-05-21,"20","19  day ahead inc hosp",2022-06-09,"quantile",0.45,18.2116317782073
2022-05-21,"20","19  day ahead inc hosp",2022-06-09,"quantile",0.5,22.413152230794
2022-05-21,"20","19  day ahead inc hosp",2022-06-09,"quantile",0.55,26.6146726833808
2022-05-21,"20","19  day ahead inc hosp",2022-06-09,"quantile",0.6,30.8838798019086
2022-05-21,"20","19  day ahead inc hosp",2022-06-09,"quantile",0.65,35.296444197088
2022-05-21,"20","19  day ahead inc hosp",2022-06-09,"quantile",0.7,39.9466224237473
2022-05-21,"20","19  day ahead inc hosp",2022-06-09,"quantile",0.75,44.964895876971
2022-05-21,"20","19  day ahead inc hosp",2022-06-09,"quantile",0.8,50.5529813404253
2022-05-21,"20","19  day ahead inc hosp",2022-06-09,"quantile",0.85,57.0665774302242
2022-05-21,"20","19  day ahead inc hosp",2022-06-09,"quantile",0.9,65.2621686422616
2022-05-21,"20","19  day ahead inc hosp",2022-06-09,"quantile",0.95,77.4092693989352
2022-05-21,"20","19  day ahead inc hosp",2022-06-09,"quantile",0.975,87.9450677598843
2022-05-21,"20","19  day ahead inc hosp",2022-06-09,"quantile",0.99,100.195210256059
2022-05-21,"20","20  day ahead inc hosp",2022-06-10,"quantile",0.01,0
2022-05-21,"20","20  day ahead inc hosp",2022-06-10,"quantile",0.025,0
2022-05-21,"20","20  day ahead inc hosp",2022-06-10,"quantile",0.05,0
2022-05-21,"20","20  day ahead inc hosp",2022-06-10,"quantile",0.1,0
2022-05-21,"20","20  day ahead inc hosp",2022-06-10,"quantile",0.15,0
2022-05-21,"20","20  day ahead inc hosp",2022-06-10,"quantile",0.2,0
2022-05-21,"20","20  day ahead inc hosp",2022-06-10,"quantile",0.25,1.32339317198473
2022-05-21,"20","20  day ahead inc hosp",2022-06-10,"quantile",0.3,6.5283579944841
2022-05-21,"20","20  day ahead inc hosp",2022-06-10,"quantile",0.35,11.3515335973532
2022-05-21,"20","20  day ahead inc hosp",2022-06-10,"quantile",0.4,15.9282555851054
2022-05-21,"20","20  day ahead inc hosp",2022-06-10,"quantile",0.45,20.3562870742277
2022-05-21,"20","20  day ahead inc hosp",2022-06-10,"quantile",0.5,24.7141137970177
2022-05-21,"20","20  day ahead inc hosp",2022-06-10,"quantile",0.55,29.0719405198077
2022-05-21,"20","20  day ahead inc hosp",2022-06-10,"quantile",0.6,33.49997200893
2022-05-21,"20","20  day ahead inc hosp",2022-06-10,"quantile",0.65,38.0766939966822
2022-05-21,"20","20  day ahead inc hosp",2022-06-10,"quantile",0.7,42.8998695995513
2022-05-21,"20","20  day ahead inc hosp",2022-06-10,"quantile",0.75,48.1048344220507
2022-05-21,"20","20  day ahead inc hosp",2022-06-10,"quantile",0.8,53.9008095783497
2022-05-21,"20","20  day ahead inc hosp",2022-06-10,"quantile",0.85,60.6567264950721
2022-05-21,"20","20  day ahead inc hosp",2022-06-10,"quantile",0.9,69.1572126395322
2022-05-21,"20","20  day ahead inc hosp",2022-06-10,"quantile",0.95,81.7562136153013
2022-05-21,"20","20  day ahead inc hosp",2022-06-10,"quantile",0.975,92.6839680226382
2022-05-21,"20","20  day ahead inc hosp",2022-06-10,"quantile",0.99,105.389844128738
2022-05-21,"20","21  day ahead inc hosp",2022-06-11,"quantile",0.01,0
2022-05-21,"20","21  day ahead inc hosp",2022-06-11,"quantile",0.025,0
2022-05-21,"20","21  day ahead inc hosp",2022-06-11,"quantile",0.05,0
2022-05-21,"20","21  day ahead inc hosp",2022-06-11,"quantile",0.1,0
2022-05-21,"20","21  day ahead inc hosp",2022-06-11,"quantile",0.15,0
2022-05-21,"20","21  day ahead inc hosp",2022-06-11,"quantile",0.2,0
2022-05-21,"20","21  day ahead inc hosp",2022-06-11,"quantile",0.25,0
2022-05-21,"20","21  day ahead inc hosp",2022-06-11,"quantile",0.3,5.18523943581351
2022-05-21,"20","21  day ahead inc hosp",2022-06-11,"quantile",0.35,10.1766394819018
2022-05-21,"20","21  day ahead inc hosp",2022-06-11,"quantile",0.4,14.9129900155648
2022-05-21,"20","21  day ahead inc hosp",2022-06-11,"quantile",0.45,19.495463970222
2022-05-21,"20","21  day ahead inc hosp",2022-06-11,"quantile",0.5,24.0052845316047
2022-05-21,"20","21  day ahead inc hosp",2022-06-11,"quantile",0.55,28.5151050929874
2022-05-21,"20","21  day ahead inc hosp",2022-06-11,"quantile",0.6,33.0975790476446
2022-05-21,"20","21  day ahead inc hosp",2022-06-11,"quantile",0.65,37.8339295813076
2022-05-21,"20","21  day ahead inc hosp",2022-06-11,"quantile",0.7,42.8253296273959
2022-05-21,"20","21  day ahead inc hosp",2022-06-11,"quantile",0.75,48.2118350740267
2022-05-21,"20","21  day ahead inc hosp",2022-06-11,"quantile",0.8,54.2099643241971
2022-05-21,"20","21  day ahead inc hosp",2022-06-11,"quantile",0.85,61.2015165267413
2022-05-21,"20","21  day ahead inc hosp",2022-06-11,"quantile",0.9,69.9984856663247
2022-05-21,"20","21  day ahead inc hosp",2022-06-11,"quantile",0.95,83.0369191029409
2022-05-21,"20","21  day ahead inc hosp",2022-06-11,"quantile",0.975,94.3458156357514
2022-05-21,"20","21  day ahead inc hosp",2022-06-11,"quantile",0.99,107.494851831708
2022-05-21,"20","22  day ahead inc hosp",2022-06-12,"quantile",0.01,0
2022-05-21,"20","22  day ahead inc hosp",2022-06-12,"quantile",0.025,0
2022-05-21,"20","22  day ahead inc hosp",2022-06-12,"quantile",0.05,0
2022-05-21,"20","22  day ahead inc hosp",2022-06-12,"quantile",0.1,0
2022-05-21,"20","22  day ahead inc hosp",2022-06-12,"quantile",0.15,0
2022-05-21,"20","22  day ahead inc hosp",2022-06-12,"quantile",0.2,0
2022-05-21,"20","22  day ahead inc hosp",2022-06-12,"quantile",0.25,6.03471198841165
2022-05-21,"20","22  day ahead inc hosp",2022-06-12,"quantile",0.3,11.7189276673195
2022-05-21,"20","22  day ahead inc hosp",2022-06-12,"quantile",0.35,16.9862006113063
2022-05-21,"20","22  day ahead inc hosp",2022-06-12,"quantile",0.4,21.9843275474055
2022-05-21,"20","22  day ahead inc hosp",2022-06-12,"quantile",0.45,26.8200732009334
2022-05-21,"20","22  day ahead inc hosp",2022-06-12,"quantile",0.5,31.5791499340882
2022-05-21,"20","22  day ahead inc hosp",2022-06-12,"quantile",0.55,36.338226667243
2022-05-21,"20","22  day ahead inc hosp",2022-06-12,"quantile",0.6,41.1739723207708
2022-05-21,"20","22  day ahead inc hosp",2022-06-12,"quantile",0.65,46.1720992568701
2022-05-21,"20","22  day ahead inc hosp",2022-06-12,"quantile",0.7,51.4393722008569
2022-05-21,"20","22  day ahead inc hosp",2022-06-12,"quantile",0.75,57.1235878797647
2022-05-21,"20","22  day ahead inc hosp",2022-06-12,"quantile",0.8,63.453231591396
2022-05-21,"20","22  day ahead inc hosp",2022-06-12,"quantile",0.85,70.8312043871836
2022-05-21,"20","22  day ahead inc hosp",2022-06-12,"quantile",0.9,80.1143788693267
2022-05-21,"20","22  day ahead inc hosp",2022-06-12,"quantile",0.95,93.873441865386
2022-05-21,"20","22  day ahead inc hosp",2022-06-12,"quantile",0.975,105.80737707066
2022-05-21,"20","22  day ahead inc hosp",2022-06-12,"quantile",0.99,119.683155801067
2022-05-21,"20","23  day ahead inc hosp",2022-06-13,"quantile",0.01,0
2022-05-21,"20","23  day ahead inc hosp",2022-06-13,"quantile",0.025,0
2022-05-21,"20","23  day ahead inc hosp",2022-06-13,"quantile",0.05,0
2022-05-21,"20","23  day ahead inc hosp",2022-06-13,"quantile",0.1,0
2022-05-21,"20","23  day ahead inc hosp",2022-06-13,"quantile",0.15,0
2022-05-21,"20","23  day ahead inc hosp",2022-06-13,"quantile",0.2,0
2022-05-21,"20","23  day ahead inc hosp",2022-06-13,"quantile",0.25,5.36863191197919
2022-05-21,"20","23  day ahead inc hosp",2022-06-13,"quantile",0.3,11.2700558230103
2022-05-21,"20","23  day ahead inc hosp",2022-06-13,"quantile",0.35,16.7386045645569
2022-05-21,"20","23  day ahead inc hosp",2022-06-13,"quantile",0.4,21.9277225497372
2022-05-21,"20","23  day ahead inc hosp",2022-06-13,"quantile",0.45,26.9482542535724
2022-05-21,"20","23  day ahead inc hosp",2022-06-13,"quantile",0.5,31.8891873240198
2022-05-21,"20","23  day ahead inc hosp",2022-06-13,"quantile",0.55,36.8301203944673
2022-05-21,"20","23  day ahead inc hosp",2022-06-13,"quantile",0.6,41.8506520983025
2022-05-21,"20","23  day ahead inc hosp",2022-06-13,"quantile",0.65,47.0397700834828
2022-05-21,"20","23  day ahead inc hosp",2022-06-13,"quantile",0.7,52.5083188250294
2022-05-21,"20","23  day ahead inc hosp",2022-06-13,"quantile",0.75,58.4097427360605
2022-05-21,"20","23  day ahead inc hosp",2022-06-13,"quantile",0.8,64.9812581144681
2022-05-21,"20","23  day ahead inc hosp",2022-06-13,"quantile",0.85,72.6411618780712
2022-05-21,"20","23  day ahead inc hosp",2022-06-13,"quantile",0.9,82.2790698945593
2022-05-21,"20","23  day ahead inc hosp",2022-06-13,"quantile",0.95,96.5639014254291
2022-05-21,"20","23  day ahead inc hosp",2022-06-13,"quantile",0.975,108.953862424698
2022-05-21,"20","23  day ahead inc hosp",2022-06-13,"quantile",0.99,123.359869692799
2022-05-21,"20","24  day ahead inc hosp",2022-06-14,"quantile",0.01,0
2022-05-21,"20","24  day ahead inc hosp",2022-06-14,"quantile",0.025,0
2022-05-21,"20","24  day ahead inc hosp",2022-06-14,"quantile",0.05,0
2022-05-21,"20","24  day ahead inc hosp",2022-06-14,"quantile",0.1,0
2022-05-21,"20","24  day ahead inc hosp",2022-06-14,"quantile",0.15,0
2022-05-21,"20","24  day ahead inc hosp",2022-06-14,"quantile",0.2,0
2022-05-21,"20","24  day ahead inc hosp",2022-06-14,"quantile",0.25,4.8584253806866
2022-05-21,"20","24  day ahead inc hosp",2022-06-14,"quantile",0.3,10.9526521990997
2022-05-21,"20","24  day ahead inc hosp",2022-06-14,"quantile",0.35,16.5998615677129
2022-05-21,"20","24  day ahead inc hosp",2022-06-14,"quantile",0.4,21.9585110167187
2022-05-21,"20","24  day ahead inc hosp",2022-06-14,"quantile",0.45,27.1430663737766
2022-05-21,"20","24  day ahead inc hosp",2022-06-14,"quantile",0.5,32.2454225643937
2022-05-21,"20","24  day ahead inc hosp",2022-06-14,"quantile",0.55,37.3477787550108
2022-05-21,"20","24  day ahead inc hosp",2022-06-14,"quantile",0.6,42.5323341120687
2022-05-21,"20","24  day ahead inc hosp",2022-06-14,"quantile",0.65,47.8909835610744
2022-05-21,"20","24  day ahead inc hosp",2022-06-14,"quantile",0.7,53.5381929296876
2022-05-21,"20","24  day ahead inc hosp",2022-06-14,"quantile",0.75,59.6324197481007
2022-05-21,"20","24  day ahead inc hosp",2022-06-14,"quantile",0.8,66.4186303068519
2022-05-21,"20","24  day ahead inc hosp",2022-06-14,"quantile",0.85,74.3287875242238
2022-05-21,"20","24  day ahead inc hosp",2022-06-14,"quantile",0.9,84.2815715290622
2022-05-21,"20","24  day ahead inc hosp",2022-06-14,"quantile",0.95,99.0330967074543
2022-05-21,"20","24  day ahead inc hosp",2022-06-14,"quantile",0.975,111.827844846068
2022-05-21,"20","24  day ahead inc hosp",2022-06-14,"quantile",0.99,126.704504642598
2022-05-21,"20","25  day ahead inc hosp",2022-06-15,"quantile",0.01,0
2022-05-21,"20","25  day ahead inc hosp",2022-06-15,"quantile",0.025,0
2022-05-21,"20","25  day ahead inc hosp",2022-06-15,"quantile",0.05,0
2022-05-21,"20","25  day ahead inc hosp",2022-06-15,"quantile",0.1,0
2022-05-21,"20","25  day ahead inc hosp",2022-06-15,"quantile",0.15,0
2022-05-21,"20","25  day ahead inc hosp",2022-06-15,"quantile",0.2,0
2022-05-21,"20","25  day ahead inc hosp",2022-06-15,"quantile",0.25,2.56883108813447
2022-05-21,"20","25  day ahead inc hosp",2022-06-15,"quantile",0.3,8.85018665506127
2022-05-21,"20","25  day ahead inc hosp",2022-06-15,"quantile",0.35,14.6707986969308
2022-05-21,"20","25  day ahead inc hosp",2022-06-15,"quantile",0.4,20.1939903257725
2022-05-21,"20","25  day ahead inc hosp",2022-06-15,"quantile",0.45,25.5377421460527
2022-05-21,"20","25  day ahead inc hosp",2022-06-15,"quantile",0.5,30.7967708001128
2022-05-21,"20","25  day ahead inc hosp",2022-06-15,"quantile",0.55,36.0557994541729
2022-05-21,"20","25  day ahead inc hosp",2022-06-15,"quantile",0.6,41.3995512744532
2022-05-21,"20","25  day ahead inc hosp",2022-06-15,"quantile",0.65,46.9227429032948
2022-05-21,"20","25  day ahead inc hosp",2022-06-15,"quantile",0.7,52.7433549451644
2022-05-21,"20","25  day ahead inc hosp",2022-06-15,"quantile",0.75,59.0247105120912
2022-05-21,"20","25  day ahead inc hosp",2022-06-15,"quantile",0.8,66.0192978062098
2022-05-21,"20","25  day ahead inc hosp",2022-06-15,"quantile",0.85,74.1723435580486
2022-05-21,"20","25  day ahead inc hosp",2022-06-15,"quantile",0.9,84.4307368010311
2022-05-21,"20","25  day ahead inc hosp",2022-06-15,"quantile",0.95,99.6352209072007
2022-05-21,"20","25  day ahead inc hosp",2022-06-15,"quantile",0.975,112.822843364094
2022-05-21,"20","25  day ahead inc hosp",2022-06-15,"quantile",0.99,128.156304460074
2022-05-21,"20","26  day ahead inc hosp",2022-06-16,"quantile",0.01,0
2022-05-21,"20","26  day ahead inc hosp",2022-06-16,"quantile",0.025,0
2022-05-21,"20","26  day ahead inc hosp",2022-06-16,"quantile",0.05,0
2022-05-21,"20","26  day ahead inc hosp",2022-06-16,"quantile",0.1,0
2022-05-21,"20","26  day ahead inc hosp",2022-06-16,"quantile",0.15,0
2022-05-21,"20","26  day ahead inc hosp",2022-06-16,"quantile",0.2,0
2022-05-21,"20","26  day ahead inc hosp",2022-06-16,"quantile",0.25,2.00689348541742
2022-05-21,"20","26  day ahead inc hosp",2022-06-16,"quantile",0.3,8.47586155893081
2022-05-21,"20","26  day ahead inc hosp",2022-06-16,"quantile",0.35,14.4703245480056
2022-05-21,"20","26  day ahead inc hosp",2022-06-16,"quantile",0.4,20.1584837248239
2022-05-21,"20","26  day ahead inc hosp",2022-06-16,"quantile",0.45,25.6618435569254
2022-05-21,"20","26  day ahead inc hosp",2022-06-16,"quantile",0.5,31.0779496980798
2022-05-21,"20","26  day ahead inc hosp",2022-06-16,"quantile",0.55,36.4940558392343
2022-05-21,"20","26  day ahead inc hosp",2022-06-16,"quantile",0.6,41.9974156713357
2022-05-21,"20","26  day ahead inc hosp",2022-06-16,"quantile",0.65,47.685574848154
2022-05-21,"20","26  day ahead inc hosp",2022-06-16,"quantile",0.7,53.6800378372288
2022-05-21,"20","26  day ahead inc hosp",2022-06-16,"quantile",0.75,60.1490059107422
2022-05-21,"20","26  day ahead inc hosp",2022-06-16,"quantile",0.8,67.3525086277829
2022-05-21,"20","26  day ahead inc hosp",2022-06-16,"quantile",0.85,75.7490708202243
2022-05-21,"20","26  day ahead inc hosp",2022-06-16,"quantile",0.9,86.3138633506473
2022-05-21,"20","26  day ahead inc hosp",2022-06-16,"quantile",0.95,101.972477356664
2022-05-21,"20","26  day ahead inc hosp",2022-06-16,"quantile",0.975,115.553989775477
2022-05-21,"20","26  day ahead inc hosp",2022-06-16,"quantile",0.99,131.345433076127
2022-05-21,"20","27  day ahead inc hosp",2022-06-17,"quantile",0.01,0
2022-05-21,"20","27  day ahead inc hosp",2022-06-17,"quantile",0.025,0
2022-05-21,"20","27  day ahead inc hosp",2022-06-17,"quantile",0.05,0
2022-05-21,"20","27  day ahead inc hosp",2022-06-17,"quantile",0.1,0
2022-05-21,"20","27  day ahead inc hosp",2022-06-17,"quantile",0.15,0
2022-05-21,"20","27  day ahead inc hosp",2022-06-17,"quantile",0.2,0
2022-05-21,"20","27  day ahead inc hosp",2022-06-17,"quantile",0.25,2.11882408054234
2022-05-21,"20","27  day ahead inc hosp",2022-06-17,"quantile",0.3,8.77729083274499
2022-05-21,"20","27  day ahead inc hosp",2022-06-17,"quantile",0.35,14.947352588574
2022-05-21,"20","27  day ahead inc hosp",2022-06-17,"quantile",0.4,20.8021378232012
2022-05-21,"20","27  day ahead inc hosp",2022-06-17,"quantile",0.45,26.4667102945804
2022-05-21,"20","27  day ahead inc hosp",2022-06-17,"quantile",0.5,32.0414731095237
2022-05-21,"20","27  day ahead inc hosp",2022-06-17,"quantile",0.55,37.6162359244669
2022-05-21,"20","27  day ahead inc hosp",2022-06-17,"quantile",0.6,43.2808083958462
2022-05-21,"20","27  day ahead inc hosp",2022-06-17,"quantile",0.65,49.1355936304733
2022-05-21,"20","27  day ahead inc hosp",2022-06-17,"quantile",0.7,55.3056553863024
2022-05-21,"20","27  day ahead inc hosp",2022-06-17,"quantile",0.75,61.964122138505
2022-05-21,"20","27  day ahead inc hosp",2022-06-17,"quantile",0.8,69.3786406205489
2022-05-21,"20","27  day ahead inc hosp",2022-06-17,"quantile",0.85,78.0211674588068
2022-05-21,"20","27  day ahead inc hosp",2022-06-17,"quantile",0.9,88.8954396778587
2022-05-21,"20","27  day ahead inc hosp",2022-06-17,"quantile",0.95,105.012749202315
2022-05-21,"20","27  day ahead inc hosp",2022-06-17,"quantile",0.975,118.992111576285
2022-05-21,"20","27  day ahead inc hosp",2022-06-17,"quantile",0.99,135.246141429546
2022-05-21,"20","28  day ahead inc hosp",2022-06-18,"quantile",0.01,0
2022-05-21,"20","28  day ahead inc hosp",2022-06-18,"quantile",0.025,0
2022-05-21,"20","28  day ahead inc hosp",2022-06-18,"quantile",0.05,0
2022-05-21,"20","28  day ahead inc hosp",2022-06-18,"quantile",0.1,0
2022-05-21,"20","28  day ahead inc hosp",2022-06-18,"quantile",0.15,0
2022-05-21,"20","28  day ahead inc hosp",2022-06-18,"quantile",0.2,0
2022-05-21,"20","28  day ahead inc hosp",2022-06-18,"quantile",0.25,1.28152914453673
2022-05-21,"20","28  day ahead inc hosp",2022-06-18,"quantile",0.3,8.13100973636818
2022-05-21,"20","28  day ahead inc hosp",2022-06-18,"quantile",0.35,14.478074281366
2022-05-21,"20","28  day ahead inc hosp",2022-06-18,"quantile",0.4,20.5008178537739
2022-05-21,"20","28  day ahead inc hosp",2022-06-18,"quantile",0.45,26.327891960722
2022-05-21,"20","28  day ahead inc hosp",2022-06-18,"quantile",0.5,32.0625800091959
2022-05-21,"20","28  day ahead inc hosp",2022-06-18,"quantile",0.55,37.7972680576698
2022-05-21,"20","28  day ahead inc hosp",2022-06-18,"quantile",0.6,43.624342164618
2022-05-21,"20","28  day ahead inc hosp",2022-06-18,"quantile",0.65,49.6470857370258
2022-05-21,"20","28  day ahead inc hosp",2022-06-18,"quantile",0.7,55.9941502820237
2022-05-21,"20","28  day ahead inc hosp",2022-06-18,"quantile",0.75,62.8436308738552
2022-05-21,"20","28  day ahead inc hosp",2022-06-18,"quantile",0.8,70.4708523244594
2022-05-21,"20","28  day ahead inc hosp",2022-06-18,"quantile",0.85,79.3613104503406
2022-05-21,"20","28  day ahead inc hosp",2022-06-18,"quantile",0.9,90.5475368424824
2022-05-21,"20","28  day ahead inc hosp",2022-06-18,"quantile",0.95,107.127209444104
2022-05-21,"20","28  day ahead inc hosp",2022-06-18,"quantile",0.975,121.50760283347
2022-05-21,"20","28  day ahead inc hosp",2022-06-18,"quantile",0.99,138.227917909328
2022-05-21,"20","29  day ahead inc hosp",2022-06-19,"quantile",0.01,0
2022-05-21,"20","29  day ahead inc hosp",2022-06-19,"quantile",0.025,0
2022-05-21,"20","29  day ahead inc hosp",2022-06-19,"quantile",0.05,0
2022-05-21,"20","29  day ahead inc hosp",2022-06-19,"quantile",0.1,0
2022-05-21,"20","29  day ahead inc hosp",2022-06-19,"quantile",0.15,0
2022-05-21,"20","29  day ahead inc hosp",2022-06-19,"quantile",0.2,0
2022-05-21,"20","29  day ahead inc hosp",2022-06-19,"quantile",0.25,3.05292051342007
2022-05-21,"20","29  day ahead inc hosp",2022-06-19,"quantile",0.3,10.0940178213379
2022-05-21,"20","29  day ahead inc hosp",2022-06-19,"quantile",0.35,16.6186438103891
2022-05-21,"20","29  day ahead inc hosp",2022-06-19,"quantile",0.4,22.8098758294321
2022-05-21,"20","29  day ahead inc hosp",2022-06-19,"quantile",0.45,28.7999644584006
2022-05-21,"20","29  day ahead inc hosp",2022-06-19,"quantile",0.5,34.6950824952358
2022-05-21,"20","29  day ahead inc hosp",2022-06-19,"quantile",0.55,40.590200532071
2022-05-21,"20","29  day ahead inc hosp",2022-06-19,"quantile",0.6,46.5802891610395
2022-05-21,"20","29  day ahead inc hosp",2022-06-19,"quantile",0.65,52.7715211800825
2022-05-21,"20","29  day ahead inc hosp",2022-06-19,"quantile",0.7,59.2961471691337
2022-05-21,"20","29  day ahead inc hosp",2022-06-19,"quantile",0.75,66.3372444770515
2022-05-21,"20","29  day ahead inc hosp",2022-06-19,"quantile",0.8,74.1778402277408
2022-05-21,"20","29  day ahead inc hosp",2022-06-19,"quantile",0.85,83.3170121601283
2022-05-21,"20","29  day ahead inc hosp",2022-06-19,"quantile",0.9,94.816177312797
2022-05-21,"20","29  day ahead inc hosp",2022-06-19,"quantile",0.95,111.859672298483
2022-05-21,"20","29  day ahead inc hosp",2022-06-19,"quantile",0.975,126.642362434349
2022-05-21,"20","29  day ahead inc hosp",2022-06-19,"quantile",0.99,143.830434418751
2022-05-21,"20","30  day ahead inc hosp",2022-06-20,"quantile",0.01,0
2022-05-21,"20","30  day ahead inc hosp",2022-06-20,"quantile",0.025,0
2022-05-21,"20","30  day ahead inc hosp",2022-06-20,"quantile",0.05,0
2022-05-21,"20","30  day ahead inc hosp",2022-06-20,"quantile",0.1,0
2022-05-21,"20","30  day ahead inc hosp",2022-06-20,"quantile",0.15,0
2022-05-21,"20","30  day ahead inc hosp",2022-06-20,"quantile",0.2,0
2022-05-21,"20","30  day ahead inc hosp",2022-06-20,"quantile",0.25,2.06378836525657
2022-05-21,"20","30  day ahead inc hosp",2022-06-20,"quantile",0.3,9.29615291210221
2022-05-21,"20","30  day ahead inc hosp",2022-06-20,"quantile",0.35,15.9980165025368
2022-05-21,"20","30  day ahead inc hosp",2022-06-20,"quantile",0.4,22.3574296731898
2022-05-21,"20","30  day ahead inc hosp",2022-06-20,"quantile",0.45,28.5102355126856
2022-05-21,"20","30  day ahead inc hosp",2022-06-20,"quantile",0.5,34.5654909401504
2022-05-21,"20","30  day ahead inc hosp",2022-06-20,"quantile",0.55,40.6207463676152
2022-05-21,"20","30  day ahead inc hosp",2022-06-20,"quantile",0.6,46.773552207111
2022-05-21,"20","30  day ahead inc hosp",2022-06-20,"quantile",0.65,53.132965377764
2022-05-21,"20","30  day ahead inc hosp",2022-06-20,"quantile",0.7,59.8348289681985
2022-05-21,"20","30  day ahead inc hosp",2022-06-20,"quantile",0.75,67.0671935150442
2022-05-21,"20","30  day ahead inc hosp",2022-06-20,"quantile",0.8,75.1207744064298
2022-05-21,"20","30  day ahead inc hosp",2022-06-20,"quantile",0.85,84.5082065325272
2022-05-21,"20","30  day ahead inc hosp",2022-06-20,"quantile",0.9,96.319739697246
2022-05-21,"20","30  day ahead inc hosp",2022-06-20,"quantile",0.95,113.826211131777
2022-05-21,"20","30  day ahead inc hosp",2022-06-20,"quantile",0.975,129.010464291496
2022-05-21,"20","30  day ahead inc hosp",2022-06-20,"quantile",0.99,146.665440073301
2022-05-21,"20","31  day ahead inc hosp",2022-06-21,"quantile",0.01,0
2022-05-21,"20","31  day ahead inc hosp",2022-06-21,"quantile",0.025,0
2022-05-21,"20","31  day ahead inc hosp",2022-06-21,"quantile",0.05,0
2022-05-21,"20","31  day ahead inc hosp",2022-06-21,"quantile",0.1,0
2022-05-21,"20","31  day ahead inc hosp",2022-06-21,"quantile",0.15,0
2022-05-21,"20","31  day ahead inc hosp",2022-06-21,"quantile",0.2,0
2022-05-21,"20","31  day ahead inc hosp",2022-06-21,"quantile",0.25,1.25943756102856
2022-05-21,"20","31  day ahead inc hosp",2022-06-21,"quantile",0.3,8.68190859382304
2022-05-21,"20","31  day ahead inc hosp",2022-06-21,"quantile",0.35,15.5599341750192
2022-05-21,"20","31  day ahead inc hosp",2022-06-21,"quantile",0.4,22.0865078479864
2022-05-21,"20","31  day ahead inc hosp",2022-06-21,"quantile",0.45,28.4010434080038
2022-05-21,"20","31  day ahead inc hosp",2022-06-21,"quantile",0.5,34.6154643923735
2022-05-21,"20","31  day ahead inc hosp",2022-06-21,"quantile",0.55,40.8298853767432
2022-05-21,"20","31  day ahead inc hosp",2022-06-21,"quantile",0.6,47.1444209367606
2022-05-21,"20","31  day ahead inc hosp",2022-06-21,"quantile",0.65,53.6709946097278
2022-05-21,"20","31  day ahead inc hosp",2022-06-21,"quantile",0.7,60.549020190924
2022-05-21,"20","31  day ahead inc hosp",2022-06-21,"quantile",0.75,67.9714912237184
2022-05-21,"20","31  day ahead inc hosp",2022-06-21,"quantile",0.8,76.2367647023138
2022-05-21,"20","31  day ahead inc hosp",2022-06-21,"quantile",0.85,85.8709503931709
2022-05-21,"20","31  day ahead inc hosp",2022-06-21,"quantile",0.9,97.9929558866929
2022-05-21,"20","31  day ahead inc hosp",2022-06-21,"quantile",0.95,115.959594081932
2022-05-21,"20","31  day ahead inc hosp",2022-06-21,"quantile",0.975,131.542973280065
2022-05-21,"20","31  day ahead inc hosp",2022-06-21,"quantile",0.99,149.662019337041
2022-05-21,"20","32  day ahead inc hosp",2022-06-22,"quantile",0.01,0
2022-05-21,"20","32  day ahead inc hosp",2022-06-22,"quantile",0.025,0
2022-05-21,"20","32  day ahead inc hosp",2022-06-22,"quantile",0.05,0
2022-05-21,"20","32  day ahead inc hosp",2022-06-22,"quantile",0.1,0
2022-05-21,"20","32  day ahead inc hosp",2022-06-22,"quantile",0.15,0
2022-05-21,"20","32  day ahead inc hosp",2022-06-22,"quantile",0.2,0
2022-05-21,"20","32  day ahead inc hosp",2022-06-22,"quantile",0.25,0.265624533319233
2022-05-21,"20","32  day ahead inc hosp",2022-06-22,"quantile",0.3,7.87641476496301
2022-05-21,"20","32  day ahead inc hosp",2022-06-22,"quantile",0.35,14.928946149064
2022-05-21,"20","32  day ahead inc hosp",2022-06-22,"quantile",0.4,21.6211087640282
2022-05-21,"20","32  day ahead inc hosp",2022-06-22,"quantile",0.45,28.095853541773
2022-05-21,"20","32  day ahead inc hosp",2022-06-22,"quantile",0.5,34.4679436872506
2022-05-21,"20","32  day ahead inc hosp",2022-06-22,"quantile",0.55,40.8400338327283
2022-05-21,"20","32  day ahead inc hosp",2022-06-22,"quantile",0.6,47.3147786104731
2022-05-21,"20","32  day ahead inc hosp",2022-06-22,"quantile",0.65,54.0069412254372
2022-05-21,"20","32  day ahead inc hosp",2022-06-22,"quantile",0.7,61.0594726095383
2022-05-21,"20","32  day ahead inc hosp",2022-06-22,"quantile",0.75,68.6702628411821
2022-05-21,"20","32  day ahead inc hosp",2022-06-22,"quantile",0.8,77.1452386780463
2022-05-21,"20","32  day ahead inc hosp",2022-06-22,"quantile",0.85,87.0238580787625
2022-05-21,"20","32  day ahead inc hosp",2022-06-22,"quantile",0.9,99.4534169939012
2022-05-21,"20","32  day ahead inc hosp",2022-06-22,"quantile",0.95,117.875895689696
2022-05-21,"20","32  day ahead inc hosp",2022-06-22,"quantile",0.975,133.854648540752
2022-05-21,"20","32  day ahead inc hosp",2022-06-22,"quantile",0.99,152.433401913834
2022-05-21,"20","33  day ahead inc hosp",2022-06-23,"quantile",0.01,0
2022-05-21,"20","33  day ahead inc hosp",2022-06-23,"quantile",0.025,0
2022-05-21,"20","33  day ahead inc hosp",2022-06-23,"quantile",0.05,0
2022-05-21,"20","33  day ahead inc hosp",2022-06-23,"quantile",0.1,0
2022-05-21,"20","33  day ahead inc hosp",2022-06-23,"quantile",0.15,0
2022-05-21,"20","33  day ahead inc hosp",2022-06-23,"quantile",0.2,0
2022-05-21,"20","33  day ahead inc hosp",2022-06-23,"quantile",0.25,0
2022-05-21,"20","33  day ahead inc hosp",2022-06-23,"quantile",0.3,6.69525516860472
2022-05-21,"20","33  day ahead inc hosp",2022-06-23,"quantile",0.35,13.9202166427125
2022-05-21,"20","33  day ahead inc hosp",2022-06-23,"quantile",0.4,20.7759985511177
2022-05-21,"20","33  day ahead inc hosp",2022-06-23,"quantile",0.45,27.4090468888175
2022-05-21,"20","33  day ahead inc hosp",2022-06-23,"quantile",0.5,33.9369307511146
2022-05-21,"20","33  day ahead inc hosp",2022-06-23,"quantile",0.55,40.4648146134118
2022-05-21,"20","33  day ahead inc hosp",2022-06-23,"quantile",0.6,47.0978629511115
2022-05-21,"20","33  day ahead inc hosp",2022-06-23,"quantile",0.65,53.9536448595168
2022-05-21,"20","33  day ahead inc hosp",2022-06-23,"quantile",0.7,61.1786063336245
2022-05-21,"20","33  day ahead inc hosp",2022-06-23,"quantile",0.75,68.9754757435365
2022-05-21,"20","33  day ahead inc hosp",2022-06-23,"quantile",0.8,77.6576595695279
2022-05-21,"20","33  day ahead inc hosp",2022-06-23,"quantile",0.85,87.7778051882269
2022-05-21,"20","33  day ahead inc hosp",2022-06-23,"quantile",0.9,100.511259236298
2022-05-21,"20","33  day ahead inc hosp",2022-06-23,"quantile",0.95,119.384156297734
2022-05-21,"20","33  day ahead inc hosp",2022-06-23,"quantile",0.975,135.753579908302
2022-05-21,"20","33  day ahead inc hosp",2022-06-23,"quantile",0.99,154.786572467551
2022-05-21,"20","34  day ahead inc hosp",2022-06-24,"quantile",0.01,0
2022-05-21,"20","34  day ahead inc hosp",2022-06-24,"quantile",0.025,0
2022-05-21,"20","34  day ahead inc hosp",2022-06-24,"quantile",0.05,0
2022-05-21,"20","34  day ahead inc hosp",2022-06-24,"quantile",0.1,0
2022-05-21,"20","34  day ahead inc hosp",2022-06-24,"quantile",0.15,0
2022-05-21,"20","34  day ahead inc hosp",2022-06-24,"quantile",0.2,0
2022-05-21,"20","34  day ahead inc hosp",2022-06-24,"quantile",0.25,0
2022-05-21,"20","34  day ahead inc hosp",2022-06-24,"quantile",0.3,5.6017308461803
2022-05-21,"20","34  day ahead inc hosp",2022-06-24,"quantile",0.35,12.9967616024398
2022-05-21,"20","34  day ahead inc hosp",2022-06-24,"quantile",0.4,20.0139226284957
2022-05-21,"20","34  day ahead inc hosp",2022-06-24,"quantile",0.45,26.8031071301477
2022-05-21,"20","34  day ahead inc hosp",2022-06-24,"quantile",0.5,33.4846516765066
2022-05-21,"20","34  day ahead inc hosp",2022-06-24,"quantile",0.55,40.1661962228654
2022-05-21,"20","34  day ahead inc hosp",2022-06-24,"quantile",0.6,46.9553807245175
2022-05-21,"20","34  day ahead inc hosp",2022-06-24,"quantile",0.65,53.9725417505734
2022-05-21,"20","34  day ahead inc hosp",2022-06-24,"quantile",0.7,61.3675725068329
2022-05-21,"20","34  day ahead inc hosp",2022-06-24,"quantile",0.75,69.3479734121482
2022-05-21,"20","34  day ahead inc hosp",2022-06-24,"quantile",0.8,78.234528261582
2022-05-21,"20","34  day ahead inc hosp",2022-06-24,"quantile",0.85,88.5928932682752
2022-05-21,"20","34  day ahead inc hosp",2022-06-24,"quantile",0.9,101.626081702063
2022-05-21,"20","34  day ahead inc hosp",2022-06-24,"quantile",0.95,120.943230274993
2022-05-21,"20","34  day ahead inc hosp",2022-06-24,"quantile",0.975,137.697975818787
2022-05-21,"20","34  day ahead inc hosp",2022-06-24,"quantile",0.99,157.178988397707
2022-05-21,"20","35  day ahead inc hosp",2022-06-25,"quantile",0.01,0
2022-05-21,"20","35  day ahead inc hosp",2022-06-25,"quantile",0.025,0
2022-05-21,"20","35  day ahead inc hosp",2022-06-25,"quantile",0.05,0
2022-05-21,"20","35  day ahead inc hosp",2022-06-25,"quantile",0.1,0
2022-05-21,"20","35  day ahead inc hosp",2022-06-25,"quantile",0.15,0
2022-05-21,"20","35  day ahead inc hosp",2022-06-25,"quantile",0.2,0
2022-05-21,"20","35  day ahead inc hosp",2022-06-25,"quantile",0.25,0
2022-05-21,"20","35  day ahead inc hosp",2022-06-25,"quantile",0.3,4.55010642137044
2022-05-21,"20","35  day ahead inc hosp",2022-06-25,"quantile",0.35,12.1126662062144
2022-05-21,"20","35  day ahead inc hosp",2022-06-25,"quantile",0.4,19.2887958976976
2022-05-21,"20","35  day ahead inc hosp",2022-06-25,"quantile",0.45,26.2317844228798
2022-05-21,"20","35  day ahead inc hosp",2022-06-25,"quantile",0.5,33.0646944880836
2022-05-21,"20","35  day ahead inc hosp",2022-06-25,"quantile",0.55,39.8976045532875
2022-05-21,"20","35  day ahead inc hosp",2022-06-25,"quantile",0.6,46.8405930784697
2022-05-21,"20","35  day ahead inc hosp",2022-06-25,"quantile",0.65,54.0167227699529
2022-05-21,"20","35  day ahead inc hosp",2022-06-25,"quantile",0.7,61.5792825547968
2022-05-21,"20","35  day ahead inc hosp",2022-06-25,"quantile",0.75,69.7404736225129
2022-05-21,"20","35  day ahead inc hosp",2022-06-25,"quantile",0.8,78.828346891093
2022-05-21,"20","35  day ahead inc hosp",2022-06-25,"quantile",0.85,89.4213731026535
2022-05-21,"20","35  day ahead inc hosp",2022-06-25,"quantile",0.9,102.7498189153
2022-05-21,"20","35  day ahead inc hosp",2022-06-25,"quantile",0.95,122.504583401147
2022-05-21,"20","35  day ahead inc hosp",2022-06-25,"quantile",0.975,139.638895485993
2022-05-21,"20","35  day ahead inc hosp",2022-06-25,"quantile",0.99,159.561236197379
2022-05-21,"20","36  day ahead inc hosp",2022-06-26,"quantile",0.01,0
2022-05-21,"20","36  day ahead inc hosp",2022-06-26,"quantile",0.025,0
2022-05-21,"20","36  day ahead inc hosp",2022-06-26,"quantile",0.05,0
2022-05-21,"20","36  day ahead inc hosp",2022-06-26,"quantile",0.1,0
2022-05-21,"20","36  day ahead inc hosp",2022-06-26,"quantile",0.15,0
2022-05-21,"20","36  day ahead inc hosp",2022-06-26,"quantile",0.2,0
2022-05-21,"20","36  day ahead inc hosp",2022-06-26,"quantile",0.25,0
2022-05-21,"20","36  day ahead inc hosp",2022-06-26,"quantile",0.3,5.48324010450426
2022-05-21,"20","36  day ahead inc hosp",2022-06-26,"quantile",0.35,13.2106892791651
2022-05-21,"20","36  day ahead inc hosp",2022-06-26,"quantile",0.4,20.5432828770159
2022-05-21,"20","36  day ahead inc hosp",2022-06-26,"quantile",0.45,27.6376520423508
2022-05-21,"20","36  day ahead inc hosp",2022-06-26,"quantile",0.5,34.6195426648499
2022-05-21,"20","36  day ahead inc hosp",2022-06-26,"quantile",0.55,41.601433287349
2022-05-21,"20","36  day ahead inc hosp",2022-06-26,"quantile",0.6,48.695802452684
2022-05-21,"20","36  day ahead inc hosp",2022-06-26,"quantile",0.65,56.0283960505348
2022-05-21,"20","36  day ahead inc hosp",2022-06-26,"quantile",0.7,63.7558452251956
2022-05-21,"20","36  day ahead inc hosp",2022-06-26,"quantile",0.75,72.0949778700521
2022-05-21,"20","36  day ahead inc hosp",2022-06-26,"quantile",0.8,81.3809975230076
2022-05-21,"20","36  day ahead inc hosp",2022-06-26,"quantile",0.85,92.204987545504
2022-05-21,"20","36  day ahead inc hosp",2022-06-26,"quantile",0.9,105.824038571171
2022-05-21,"20","36  day ahead inc hosp",2022-06-26,"quantile",0.95,126.009523759361
2022-05-21,"20","36  day ahead inc hosp",2022-06-26,"quantile",0.975,143.517421818399
2022-05-21,"20","36  day ahead inc hosp",2022-06-26,"quantile",0.99,163.874136960809
2022-05-21,"20","37  day ahead inc hosp",2022-06-27,"quantile",0.01,0
2022-05-21,"20","37  day ahead inc hosp",2022-06-27,"quantile",0.025,0
2022-05-21,"20","37  day ahead inc hosp",2022-06-27,"quantile",0.05,0
2022-05-21,"20","37  day ahead inc hosp",2022-06-27,"quantile",0.1,0
2022-05-21,"20","37  day ahead inc hosp",2022-06-27,"quantile",0.15,0
2022-05-21,"20","37  day ahead inc hosp",2022-06-27,"quantile",0.2,0
2022-05-21,"20","37  day ahead inc hosp",2022-06-27,"quantile",0.25,0
2022-05-21,"20","37  day ahead inc hosp",2022-06-27,"quantile",0.3,7.31040443856261
2022-05-21,"20","37  day ahead inc hosp",2022-06-27,"quantile",0.35,15.200063094105
2022-05-21,"20","37  day ahead inc hosp",2022-06-27,"quantile",0.4,22.6865776268127
2022-05-21,"20","37  day ahead inc hosp",2022-06-27,"quantile",0.45,29.9298670779343
2022-05-21,"20","37  day ahead inc hosp",2022-06-27,"quantile",0.5,37.0583169113514
2022-05-21,"20","37  day ahead inc hosp",2022-06-27,"quantile",0.55,44.1867667447685
2022-05-21,"20","37  day ahead inc hosp",2022-06-27,"quantile",0.6,51.4300561958901
2022-05-21,"20","37  day ahead inc hosp",2022-06-27,"quantile",0.65,58.9165707285977
2022-05-21,"20","37  day ahead inc hosp",2022-06-27,"quantile",0.7,66.8062293841402
2022-05-21,"20","37  day ahead inc hosp",2022-06-27,"quantile",0.75,75.3204115630345
2022-05-21,"20","37  day ahead inc hosp",2022-06-27,"quantile",0.8,84.8013571732258
2022-05-21,"20","37  day ahead inc hosp",2022-06-27,"quantile",0.85,95.852557205511
2022-05-21,"20","37  day ahead inc hosp",2022-06-27,"quantile",0.9,109.757490305202
2022-05-21,"20","37  day ahead inc hosp",2022-06-27,"quantile",0.95,130.366695792254
2022-05-21,"20","37  day ahead inc hosp",2022-06-27,"quantile",0.975,148.24210801946
2022-05-21,"20","37  day ahead inc hosp",2022-06-27,"quantile",0.99,169.026137806207
2022-05-21,"21","1  day ahead inc hosp",2022-05-22,"quantile",0.01,0
2022-05-21,"21","1  day ahead inc hosp",2022-05-22,"quantile",0.025,0
2022-05-21,"21","1  day ahead inc hosp",2022-05-22,"quantile",0.05,0
2022-05-21,"21","1  day ahead inc hosp",2022-05-22,"quantile",0.1,0.184525568915284
2022-05-21,"21","1  day ahead inc hosp",2022-05-22,"quantile",0.15,12.3214014672528
2022-05-21,"21","1  day ahead inc hosp",2022-05-22,"quantile",0.2,21.9674056844559
2022-05-21,"21","1  day ahead inc hosp",2022-05-22,"quantile",0.25,30.2428184063145
2022-05-21,"21","1  day ahead inc hosp",2022-05-22,"quantile",0.3,37.6743947929259
2022-05-21,"21","1  day ahead inc hosp",2022-05-22,"quantile",0.35,44.5608578414025
2022-05-21,"21","1  day ahead inc hosp",2022-05-22,"quantile",0.4,51.0954378457169
2022-05-21,"21","1  day ahead inc hosp",2022-05-22,"quantile",0.45,57.4177196239695
2022-05-21,"21","1  day ahead inc hosp",2022-05-22,"quantile",0.5,63.6397640132106
2022-05-21,"21","1  day ahead inc hosp",2022-05-22,"quantile",0.55,69.8618084024518
2022-05-21,"21","1  day ahead inc hosp",2022-05-22,"quantile",0.6,76.1840901807043
2022-05-21,"21","1  day ahead inc hosp",2022-05-22,"quantile",0.65,82.7186701850188
2022-05-21,"21","1  day ahead inc hosp",2022-05-22,"quantile",0.7,89.6051332334953
2022-05-21,"21","1  day ahead inc hosp",2022-05-22,"quantile",0.75,97.0367096201067
2022-05-21,"21","1  day ahead inc hosp",2022-05-22,"quantile",0.8,105.312122341965
2022-05-21,"21","1  day ahead inc hosp",2022-05-22,"quantile",0.85,114.958126559168
2022-05-21,"21","1  day ahead inc hosp",2022-05-22,"quantile",0.9,127.095002457506
2022-05-21,"21","1  day ahead inc hosp",2022-05-22,"quantile",0.95,145.083680832754
2022-05-21,"21","1  day ahead inc hosp",2022-05-22,"quantile",0.975,160.686176600104
2022-05-21,"21","1  day ahead inc hosp",2022-05-22,"quantile",0.99,178.827449800095
2022-05-21,"21","2  day ahead inc hosp",2022-05-23,"quantile",0.01,0
2022-05-21,"21","2  day ahead inc hosp",2022-05-23,"quantile",0.025,0
2022-05-21,"21","2  day ahead inc hosp",2022-05-23,"quantile",0.05,0
2022-05-21,"21","2  day ahead inc hosp",2022-05-23,"quantile",0.1,0
2022-05-21,"21","2  day ahead inc hosp",2022-05-23,"quantile",0.15,4.63191324580272
2022-05-21,"21","2  day ahead inc hosp",2022-05-23,"quantile",0.2,15.9606465929706
2022-05-21,"21","2  day ahead inc hosp",2022-05-23,"quantile",0.25,25.6796910752964
2022-05-21,"21","2  day ahead inc hosp",2022-05-23,"quantile",0.3,34.4076934001224
2022-05-21,"21","2  day ahead inc hosp",2022-05-23,"quantile",0.35,42.4954882864424
2022-05-21,"21","2  day ahead inc hosp",2022-05-23,"quantile",0.4,50.1700147263738
2022-05-21,"21","2  day ahead inc hosp",2022-05-23,"quantile",0.45,57.5952078735782
2022-05-21,"21","2  day ahead inc hosp",2022-05-23,"quantile",0.5,64.9026773887009
2022-05-21,"21","2  day ahead inc hosp",2022-05-23,"quantile",0.55,72.2101469038235
2022-05-21,"21","2  day ahead inc hosp",2022-05-23,"quantile",0.6,79.635340051028
2022-05-21,"21","2  day ahead inc hosp",2022-05-23,"quantile",0.65,87.3098664909593
2022-05-21,"21","2  day ahead inc hosp",2022-05-23,"quantile",0.7,95.3976613772793
2022-05-21,"21","2  day ahead inc hosp",2022-05-23,"quantile",0.75,104.125663702105
2022-05-21,"21","2  day ahead inc hosp",2022-05-23,"quantile",0.8,113.844708184431
2022-05-21,"21","2  day ahead inc hosp",2022-05-23,"quantile",0.85,125.173441531599
2022-05-21,"21","2  day ahead inc hosp",2022-05-23,"quantile",0.9,139.427574914075
2022-05-21,"21","2  day ahead inc hosp",2022-05-23,"quantile",0.95,160.554347823597
2022-05-21,"21","2  day ahead inc hosp",2022-05-23,"quantile",0.975,178.878672602908
2022-05-21,"21","2  day ahead inc hosp",2022-05-23,"quantile",0.99,200.184660246402
2022-05-21,"21","3  day ahead inc hosp",2022-05-24,"quantile",0.01,0
2022-05-21,"21","3  day ahead inc hosp",2022-05-24,"quantile",0.025,0
2022-05-21,"21","3  day ahead inc hosp",2022-05-24,"quantile",0.05,0
2022-05-21,"21","3  day ahead inc hosp",2022-05-24,"quantile",0.1,0
2022-05-21,"21","3  day ahead inc hosp",2022-05-24,"quantile",0.15,0.547915824172023
2022-05-21,"21","3  day ahead inc hosp",2022-05-24,"quantile",0.2,12.8078437174083
2022-05-21,"21","3  day ahead inc hosp",2022-05-24,"quantile",0.25,23.3257702051262
2022-05-21,"21","3  day ahead inc hosp",2022-05-24,"quantile",0.3,32.7711932612807
2022-05-21,"21","3  day ahead inc hosp",2022-05-24,"quantile",0.35,41.5237853722386
2022-05-21,"21","3  day ahead inc hosp",2022-05-24,"quantile",0.4,49.8291393676891
2022-05-21,"21","3  day ahead inc hosp",2022-05-24,"quantile",0.45,57.8646654753661
2022-05-21,"21","3  day ahead inc hosp",2022-05-24,"quantile",0.5,65.7727913524592
2022-05-21,"21","3  day ahead inc hosp",2022-05-24,"quantile",0.55,73.6809172295523
2022-05-21,"21","3  day ahead inc hosp",2022-05-24,"quantile",0.6,81.7164433372293
2022-05-21,"21","3  day ahead inc hosp",2022-05-24,"quantile",0.65,90.0217973326798
2022-05-21,"21","3  day ahead inc hosp",2022-05-24,"quantile",0.7,98.7743894436377
2022-05-21,"21","3  day ahead inc hosp",2022-05-24,"quantile",0.75,108.219812499792
2022-05-21,"21","3  day ahead inc hosp",2022-05-24,"quantile",0.8,118.73773898751
2022-05-21,"21","3  day ahead inc hosp",2022-05-24,"quantile",0.85,130.997666880746
2022-05-21,"21","3  day ahead inc hosp",2022-05-24,"quantile",0.9,146.423455633503
2022-05-21,"21","3  day ahead inc hosp",2022-05-24,"quantile",0.95,169.286798299458
2022-05-21,"21","3  day ahead inc hosp",2022-05-24,"quantile",0.975,189.117338360916
2022-05-21,"21","3  day ahead inc hosp",2022-05-24,"quantile",0.99,212.174626779548
2022-05-21,"21","4  day ahead inc hosp",2022-05-25,"quantile",0.01,0
2022-05-21,"21","4  day ahead inc hosp",2022-05-25,"quantile",0.025,0
2022-05-21,"21","4  day ahead inc hosp",2022-05-25,"quantile",0.05,0
2022-05-21,"21","4  day ahead inc hosp",2022-05-25,"quantile",0.1,0
2022-05-21,"21","4  day ahead inc hosp",2022-05-25,"quantile",0.15,0
2022-05-21,"21","4  day ahead inc hosp",2022-05-25,"quantile",0.2,9.80330803439469
2022-05-21,"21","4  day ahead inc hosp",2022-05-25,"quantile",0.25,20.7062357588466
2022-05-21,"21","4  day ahead inc hosp",2022-05-25,"quantile",0.3,30.4974018245518
2022-05-21,"21","4  day ahead inc hosp",2022-05-25,"quantile",0.35,39.5703763598671
2022-05-21,"21","4  day ahead inc hosp",2022-05-25,"quantile",0.4,48.1797419457671
2022-05-21,"21","4  day ahead inc hosp",2022-05-25,"quantile",0.45,56.5094027855016
2022-05-21,"21","4  day ahead inc hosp",2022-05-25,"quantile",0.5,64.7069999996006
2022-05-21,"21","4  day ahead inc hosp",2022-05-25,"quantile",0.55,72.9045972136995
2022-05-21,"21","4  day ahead inc hosp",2022-05-25,"quantile",0.6,81.234258053434
2022-05-21,"21","4  day ahead inc hosp",2022-05-25,"quantile",0.65,89.843623639334
2022-05-21,"21","4  day ahead inc hosp",2022-05-25,"quantile",0.7,98.9165981746494
2022-05-21,"21","4  day ahead inc hosp",2022-05-25,"quantile",0.75,108.707764240355
2022-05-21,"21","4  day ahead inc hosp",2022-05-25,"quantile",0.8,119.610691964806
2022-05-21,"21","4  day ahead inc hosp",2022-05-25,"quantile",0.85,132.319385820296
2022-05-21,"21","4  day ahead inc hosp",2022-05-25,"quantile",0.9,148.309824625926
2022-05-21,"21","4  day ahead inc hosp",2022-05-25,"quantile",0.95,172.010063728887
2022-05-21,"21","4  day ahead inc hosp",2022-05-25,"quantile",0.975,192.566486639753
2022-05-21,"21","4  day ahead inc hosp",2022-05-25,"quantile",0.99,216.467770742066
2022-05-21,"21","5  day ahead inc hosp",2022-05-26,"quantile",0.01,0
2022-05-21,"21","5  day ahead inc hosp",2022-05-26,"quantile",0.025,0
2022-05-21,"21","5  day ahead inc hosp",2022-05-26,"quantile",0.05,0
2022-05-21,"21","5  day ahead inc hosp",2022-05-26,"quantile",0.1,0
2022-05-21,"21","5  day ahead inc hosp",2022-05-26,"quantile",0.15,0
2022-05-21,"21","5  day ahead inc hosp",2022-05-26,"quantile",0.2,9.47083297428326
2022-05-21,"21","5  day ahead inc hosp",2022-05-26,"quantile",0.25,20.7516622408993
2022-05-21,"21","5  day ahead inc hosp",2022-05-26,"quantile",0.3,30.882195571006
2022-05-21,"21","5  day ahead inc hosp",2022-05-26,"quantile",0.35,40.2696444526222
2022-05-21,"21","5  day ahead inc hosp",2022-05-26,"quantile",0.4,49.1774154406482
2022-05-21,"21","5  day ahead inc hosp",2022-05-26,"quantile",0.45,57.7957869603572
2022-05-21,"21","5  day ahead inc hosp",2022-05-26,"quantile",0.5,66.2775174556758
2022-05-21,"21","5  day ahead inc hosp",2022-05-26,"quantile",0.55,74.7592479509944
2022-05-21,"21","5  day ahead inc hosp",2022-05-26,"quantile",0.6,83.3776194707034
2022-05-21,"21","5  day ahead inc hosp",2022-05-26,"quantile",0.65,92.2853904587295
2022-05-21,"21","5  day ahead inc hosp",2022-05-26,"quantile",0.7,101.672839340346
2022-05-21,"21","5  day ahead inc hosp",2022-05-26,"quantile",0.75,111.803372670452
2022-05-21,"21","5  day ahead inc hosp",2022-05-26,"quantile",0.8,123.084201937068
2022-05-21,"21","5  day ahead inc hosp",2022-05-26,"quantile",0.85,136.233386193692
2022-05-21,"21","5  day ahead inc hosp",2022-05-26,"quantile",0.9,152.778062506646
2022-05-21,"21","5  day ahead inc hosp",2022-05-26,"quantile",0.95,177.299765085567
2022-05-21,"21","5  day ahead inc hosp",2022-05-26,"quantile",0.975,198.568685053711
2022-05-21,"21","5  day ahead inc hosp",2022-05-26,"quantile",0.99,223.298400963539
2022-05-21,"21","6  day ahead inc hosp",2022-05-27,"quantile",0.01,0
2022-05-21,"21","6  day ahead inc hosp",2022-05-27,"quantile",0.025,0
2022-05-21,"21","6  day ahead inc hosp",2022-05-27,"quantile",0.05,0
2022-05-21,"21","6  day ahead inc hosp",2022-05-27,"quantile",0.1,0
2022-05-21,"21","6  day ahead inc hosp",2022-05-27,"quantile",0.15,0
2022-05-21,"21","6  day ahead inc hosp",2022-05-27,"quantile",0.2,4.29812306187641
2022-05-21,"21","6  day ahead inc hosp",2022-05-27,"quantile",0.25,16.0350122799043
2022-05-21,"21","6  day ahead inc hosp",2022-05-27,"quantile",0.3,26.5751015415041
2022-05-21,"21","6  day ahead inc hosp",2022-05-27,"quantile",0.35,36.3420650296838
2022-05-21,"21","6  day ahead inc hosp",2022-05-27,"quantile",0.4,45.6099582665244
2022-05-21,"21","6  day ahead inc hosp",2022-05-27,"quantile",0.45,54.5767522296223
2022-05-21,"21","6  day ahead inc hosp",2022-05-27,"quantile",0.5,63.4013810621252
2022-05-21,"21","6  day ahead inc hosp",2022-05-27,"quantile",0.55,72.2260098946281
2022-05-21,"21","6  day ahead inc hosp",2022-05-27,"quantile",0.6,81.192803857726
2022-05-21,"21","6  day ahead inc hosp",2022-05-27,"quantile",0.65,90.4606970945666
2022-05-21,"21","6  day ahead inc hosp",2022-05-27,"quantile",0.7,100.227660582746
2022-05-21,"21","6  day ahead inc hosp",2022-05-27,"quantile",0.75,110.767749844346
2022-05-21,"21","6  day ahead inc hosp",2022-05-27,"quantile",0.8,122.504639062374
2022-05-21,"21","6  day ahead inc hosp",2022-05-27,"quantile",0.85,136.185416891726
2022-05-21,"21","6  day ahead inc hosp",2022-05-27,"quantile",0.9,153.398959304599
2022-05-21,"21","6  day ahead inc hosp",2022-05-27,"quantile",0.95,178.912022201309
2022-05-21,"21","6  day ahead inc hosp",2022-05-27,"quantile",0.975,201.040799399627
2022-05-21,"21","6  day ahead inc hosp",2022-05-27,"quantile",0.99,226.770285164108
2022-05-21,"21","7  day ahead inc hosp",2022-05-28,"quantile",0.01,0
2022-05-21,"21","7  day ahead inc hosp",2022-05-28,"quantile",0.025,0
2022-05-21,"21","7  day ahead inc hosp",2022-05-28,"quantile",0.05,0
2022-05-21,"21","7  day ahead inc hosp",2022-05-28,"quantile",0.1,0
2022-05-21,"21","7  day ahead inc hosp",2022-05-28,"quantile",0.15,0
2022-05-21,"21","7  day ahead inc hosp",2022-05-28,"quantile",0.2,2.690605695648
2022-05-21,"21","7  day ahead inc hosp",2022-05-28,"quantile",0.25,14.8929056608732
2022-05-21,"21","7  day ahead inc hosp",2022-05-28,"quantile",0.3,25.8509481575801
2022-05-21,"21","7  day ahead inc hosp",2022-05-28,"quantile",0.35,36.0052076055701
2022-05-21,"21","7  day ahead inc hosp",2022-05-28,"quantile",0.4,45.6406068345161
2022-05-21,"21","7  day ahead inc hosp",2022-05-28,"quantile",0.45,54.9629670980882
2022-05-21,"21","7  day ahead inc hosp",2022-05-28,"quantile",0.5,64.1375248617057
2022-05-21,"21","7  day ahead inc hosp",2022-05-28,"quantile",0.55,73.3120826253231
2022-05-21,"21","7  day ahead inc hosp",2022-05-28,"quantile",0.6,82.6344428888953
2022-05-21,"21","7  day ahead inc hosp",2022-05-28,"quantile",0.65,92.2698421178413
2022-05-21,"21","7  day ahead inc hosp",2022-05-28,"quantile",0.7,102.424101565831
2022-05-21,"21","7  day ahead inc hosp",2022-05-28,"quantile",0.75,113.382144062538
2022-05-21,"21","7  day ahead inc hosp",2022-05-28,"quantile",0.8,125.584444027763
2022-05-21,"21","7  day ahead inc hosp",2022-05-28,"quantile",0.85,139.80771492436
2022-05-21,"21","7  day ahead inc hosp",2022-05-28,"quantile",0.9,157.703837490071
2022-05-21,"21","7  day ahead inc hosp",2022-05-28,"quantile",0.95,184.228586996876
2022-05-21,"21","7  day ahead inc hosp",2022-05-28,"quantile",0.975,207.234851452603
2022-05-21,"21","7  day ahead inc hosp",2022-05-28,"quantile",0.99,233.984605788441
2022-05-21,"21","8  day ahead inc hosp",2022-05-29,"quantile",0.01,0
2022-05-21,"21","8  day ahead inc hosp",2022-05-29,"quantile",0.025,0
2022-05-21,"21","8  day ahead inc hosp",2022-05-29,"quantile",0.05,0
2022-05-21,"21","8  day ahead inc hosp",2022-05-29,"quantile",0.1,0
2022-05-21,"21","8  day ahead inc hosp",2022-05-29,"quantile",0.15,0
2022-05-21,"21","8  day ahead inc hosp",2022-05-29,"quantile",0.2,2.97039355984272
2022-05-21,"21","8  day ahead inc hosp",2022-05-29,"quantile",0.25,15.6567292355243
2022-05-21,"21","8  day ahead inc hosp",2022-05-29,"quantile",0.3,27.0494507599736
2022-05-21,"21","8  day ahead inc hosp",2022-05-29,"quantile",0.35,37.6065051072918
2022-05-21,"21","8  day ahead inc hosp",2022-05-29,"quantile",0.4,47.6241173063014
2022-05-21,"21","8  day ahead inc hosp",2022-05-29,"quantile",0.45,57.3162730417245
2022-05-21,"21","8  day ahead inc hosp",2022-05-29,"quantile",0.5,66.854763309697
2022-05-21,"21","8  day ahead inc hosp",2022-05-29,"quantile",0.55,76.3932535776695
2022-05-21,"21","8  day ahead inc hosp",2022-05-29,"quantile",0.6,86.0854093130927
2022-05-21,"21","8  day ahead inc hosp",2022-05-29,"quantile",0.65,96.1030215121022
2022-05-21,"21","8  day ahead inc hosp",2022-05-29,"quantile",0.7,106.66007585942
2022-05-21,"21","8  day ahead inc hosp",2022-05-29,"quantile",0.75,118.05279738387
2022-05-21,"21","8  day ahead inc hosp",2022-05-29,"quantile",0.8,130.739133059551
2022-05-21,"21","8  day ahead inc hosp",2022-05-29,"quantile",0.85,145.526606692769
2022-05-21,"21","8  day ahead inc hosp",2022-05-29,"quantile",0.9,164.132625132634
2022-05-21,"21","8  day ahead inc hosp",2022-05-29,"quantile",0.95,191.709547263354
2022-05-21,"21","8  day ahead inc hosp",2022-05-29,"quantile",0.975,215.628414555637
2022-05-21,"21","8  day ahead inc hosp",2022-05-29,"quantile",0.99,243.439266912453
2022-05-21,"21","9  day ahead inc hosp",2022-05-30,"quantile",0.01,0
2022-05-21,"21","9  day ahead inc hosp",2022-05-30,"quantile",0.025,0
2022-05-21,"21","9  day ahead inc hosp",2022-05-30,"quantile",0.05,0
2022-05-21,"21","9  day ahead inc hosp",2022-05-30,"quantile",0.1,0
2022-05-21,"21","9  day ahead inc hosp",2022-05-30,"quantile",0.15,0
2022-05-21,"21","9  day ahead inc hosp",2022-05-30,"quantile",0.2,1.27282146824498
2022-05-21,"21","9  day ahead inc hosp",2022-05-30,"quantile",0.25,14.3935041305199
2022-05-21,"21","9  day ahead inc hosp",2022-05-30,"quantile",0.3,26.1762826729879
2022-05-21,"21","9  day ahead inc hosp",2022-05-30,"quantile",0.35,37.0947829776167
2022-05-21,"21","9  day ahead inc hosp",2022-05-30,"quantile",0.4,47.4553720442367
2022-05-21,"21","9  day ahead inc hosp",2022-05-30,"quantile",0.45,57.4793618683119
2022-05-21,"21","9  day ahead inc hosp",2022-05-30,"quantile",0.5,67.3444251208292
2022-05-21,"21","9  day ahead inc hosp",2022-05-30,"quantile",0.55,77.2094883733464
2022-05-21,"21","9  day ahead inc hosp",2022-05-30,"quantile",0.6,87.2334781974216
2022-05-21,"21","9  day ahead inc hosp",2022-05-30,"quantile",0.65,97.5940672640416
2022-05-21,"21","9  day ahead inc hosp",2022-05-30,"quantile",0.7,108.51256756867
2022-05-21,"21","9  day ahead inc hosp",2022-05-30,"quantile",0.75,120.295346111138
2022-05-21,"21","9  day ahead inc hosp",2022-05-30,"quantile",0.8,133.416028773413
2022-05-21,"21","9  day ahead inc hosp",2022-05-30,"quantile",0.85,148.709786867023
2022-05-21,"21","9  day ahead inc hosp",2022-05-30,"quantile",0.9,167.952826764341
2022-05-21,"21","9  day ahead inc hosp",2022-05-30,"quantile",0.95,196.473910655652
2022-05-21,"21","9  day ahead inc hosp",2022-05-30,"quantile",0.975,221.211697468647
2022-05-21,"21","9  day ahead inc hosp",2022-05-30,"quantile",0.99,249.974720745781
2022-05-21,"21","10  day ahead inc hosp",2022-05-31,"quantile",0.01,0
2022-05-21,"21","10  day ahead inc hosp",2022-05-31,"quantile",0.025,0
2022-05-21,"21","10  day ahead inc hosp",2022-05-31,"quantile",0.05,0
2022-05-21,"21","10  day ahead inc hosp",2022-05-31,"quantile",0.1,0
2022-05-21,"21","10  day ahead inc hosp",2022-05-31,"quantile",0.15,0
2022-05-21,"21","10  day ahead inc hosp",2022-05-31,"quantile",0.2,0
2022-05-21,"21","10  day ahead inc hosp",2022-05-31,"quantile",0.25,10.6391536214474
2022-05-21,"21","10  day ahead inc hosp",2022-05-31,"quantile",0.3,22.8088842554021
2022-05-21,"21","10  day ahead inc hosp",2022-05-31,"quantile",0.35,34.0859533401829
2022-05-21,"21","10  day ahead inc hosp",2022-05-31,"quantile",0.4,44.7867891146496
2022-05-21,"21","10  day ahead inc hosp",2022-05-31,"quantile",0.45,55.1399715662097
2022-05-21,"21","10  day ahead inc hosp",2022-05-31,"quantile",0.5,65.3290082214732
2022-05-21,"21","10  day ahead inc hosp",2022-05-31,"quantile",0.55,75.5180448767367
2022-05-21,"21","10  day ahead inc hosp",2022-05-31,"quantile",0.6,85.8712273282968
2022-05-21,"21","10  day ahead inc hosp",2022-05-31,"quantile",0.65,96.5720631027635
2022-05-21,"21","10  day ahead inc hosp",2022-05-31,"quantile",0.7,107.849132187544
2022-05-21,"21","10  day ahead inc hosp",2022-05-31,"quantile",0.75,120.018862821499
2022-05-21,"21","10  day ahead inc hosp",2022-05-31,"quantile",0.8,133.570434987434
2022-05-21,"21","10  day ahead inc hosp",2022-05-31,"quantile",0.85,149.366447422809
2022-05-21,"21","10  day ahead inc hosp",2022-05-31,"quantile",0.9,169.241437968099
2022-05-21,"21","10  day ahead inc hosp",2022-05-31,"quantile",0.95,198.699167916486
2022-05-21,"21","10  day ahead inc hosp",2022-05-31,"quantile",0.975,224.249355498243
2022-05-21,"21","10  day ahead inc hosp",2022-05-31,"quantile",0.99,253.956970237777
2022-05-21,"21","11  day ahead inc hosp",2022-06-01,"quantile",0.01,0
2022-05-21,"21","11  day ahead inc hosp",2022-06-01,"quantile",0.025,0
2022-05-21,"21","11  day ahead inc hosp",2022-06-01,"quantile",0.05,0
2022-05-21,"21","11  day ahead inc hosp",2022-06-01,"quantile",0.1,0
2022-05-21,"21","11  day ahead inc hosp",2022-06-01,"quantile",0.15,0
2022-05-21,"21","11  day ahead inc hosp",2022-06-01,"quantile",0.2,0
2022-05-21,"21","11  day ahead inc hosp",2022-06-01,"quantile",0.25,10.7756246519161
2022-05-21,"21","11  day ahead inc hosp",2022-06-01,"quantile",0.3,23.3032308685094
2022-05-21,"21","11  day ahead inc hosp",2022-06-01,"quantile",0.35,34.9119250147284
2022-05-21,"21","11  day ahead inc hosp",2022-06-01,"quantile",0.4,45.9274405428146
2022-05-21,"21","11  day ahead inc hosp",2022-06-01,"quantile",0.45,56.5850792977605
2022-05-21,"21","11  day ahead inc hosp",2022-06-01,"quantile",0.5,67.0737452167446
2022-05-21,"21","11  day ahead inc hosp",2022-06-01,"quantile",0.55,77.5624111357286
2022-05-21,"21","11  day ahead inc hosp",2022-06-01,"quantile",0.6,88.2200498906746
2022-05-21,"21","11  day ahead inc hosp",2022-06-01,"quantile",0.65,99.2355654187607
2022-05-21,"21","11  day ahead inc hosp",2022-06-01,"quantile",0.7,110.84425956498
2022-05-21,"21","11  day ahead inc hosp",2022-06-01,"quantile",0.75,123.371865781573
2022-05-21,"21","11  day ahead inc hosp",2022-06-01,"quantile",0.8,137.321949379718
2022-05-21,"21","11  day ahead inc hosp",2022-06-01,"quantile",0.85,153.582475560197
2022-05-21,"21","11  day ahead inc hosp",2022-06-01,"quantile",0.9,174.041930465075
2022-05-21,"21","11  day ahead inc hosp",2022-06-01,"quantile",0.95,204.365924637839
2022-05-21,"21","11  day ahead inc hosp",2022-06-01,"quantile",0.975,230.667467244811
2022-05-21,"21","11  day ahead inc hosp",2022-06-01,"quantile",0.99,261.24869457722
2022-05-21,"21","12  day ahead inc hosp",2022-06-02,"quantile",0.01,0
2022-05-21,"21","12  day ahead inc hosp",2022-06-02,"quantile",0.025,0
2022-05-21,"21","12  day ahead inc hosp",2022-06-02,"quantile",0.05,0
2022-05-21,"21","12  day ahead inc hosp",2022-06-02,"quantile",0.1,0
2022-05-21,"21","12  day ahead inc hosp",2022-06-02,"quantile",0.15,0
2022-05-21,"21","12  day ahead inc hosp",2022-06-02,"quantile",0.2,0
2022-05-21,"21","12  day ahead inc hosp",2022-06-02,"quantile",0.25,10.5098826854098
2022-05-21,"21","12  day ahead inc hosp",2022-06-02,"quantile",0.3,23.3979034549979
2022-05-21,"21","12  day ahead inc hosp",2022-06-02,"quantile",0.35,35.3405753970723
2022-05-21,"21","12  day ahead inc hosp",2022-06-02,"quantile",0.4,46.6730031936654
2022-05-21,"21","12  day ahead inc hosp",2022-06-02,"quantile",0.45,57.6372582359876
2022-05-21,"21","12  day ahead inc hosp",2022-06-02,"quantile",0.5,68.4276791569524
2022-05-21,"21","12  day ahead inc hosp",2022-06-02,"quantile",0.55,79.2181000779172
2022-05-21,"21","12  day ahead inc hosp",2022-06-02,"quantile",0.6,90.1823551202395
2022-05-21,"21","12  day ahead inc hosp",2022-06-02,"quantile",0.65,101.514782916833
2022-05-21,"21","12  day ahead inc hosp",2022-06-02,"quantile",0.7,113.457454858907
2022-05-21,"21","12  day ahead inc hosp",2022-06-02,"quantile",0.75,126.345475628495
2022-05-21,"21","12  day ahead inc hosp",2022-06-02,"quantile",0.8,140.696897922744
2022-05-21,"21","12  day ahead inc hosp",2022-06-02,"quantile",0.85,157.425233369691
2022-05-21,"21","12  day ahead inc hosp",2022-06-02,"quantile",0.9,178.473299152543
2022-05-21,"21","12  day ahead inc hosp",2022-06-02,"quantile",0.95,209.669703314561
2022-05-21,"21","12  day ahead inc hosp",2022-06-02,"quantile",0.975,236.727931481238
2022-05-21,"21","12  day ahead inc hosp",2022-06-02,"quantile",0.99,268.188969304851
2022-05-21,"21","13  day ahead inc hosp",2022-06-03,"quantile",0.01,0
2022-05-21,"21","13  day ahead inc hosp",2022-06-03,"quantile",0.025,0
2022-05-21,"21","13  day ahead inc hosp",2022-06-03,"quantile",0.05,0
2022-05-21,"21","13  day ahead inc hosp",2022-06-03,"quantile",0.1,0
2022-05-21,"21","13  day ahead inc hosp",2022-06-03,"quantile",0.15,0
2022-05-21,"21","13  day ahead inc hosp",2022-06-03,"quantile",0.2,0
2022-05-21,"21","13  day ahead inc hosp",2022-06-03,"quantile",0.25,8.3423758216074
2022-05-21,"21","13  day ahead inc hosp",2022-06-03,"quantile",0.3,21.5723701262548
2022-05-21,"21","13  day ahead inc hosp",2022-06-03,"quantile",0.35,33.8319315128064
2022-05-21,"21","13  day ahead inc hosp",2022-06-03,"quantile",0.4,45.465056403522
2022-05-21,"21","13  day ahead inc hosp",2022-06-03,"quantile",0.45,56.7202393643469
2022-05-21,"21","13  day ahead inc hosp",2022-06-03,"quantile",0.5,67.7969756515801
2022-05-21,"21","13  day ahead inc hosp",2022-06-03,"quantile",0.55,78.8737119388134
2022-05-21,"21","13  day ahead inc hosp",2022-06-03,"quantile",0.6,90.1288948996383
2022-05-21,"21","13  day ahead inc hosp",2022-06-03,"quantile",0.65,101.762019790354
2022-05-21,"21","13  day ahead inc hosp",2022-06-03,"quantile",0.7,114.021581176905
2022-05-21,"21","13  day ahead inc hosp",2022-06-03,"quantile",0.75,127.251575481553
2022-05-21,"21","13  day ahead inc hosp",2022-06-03,"quantile",0.8,141.983801523936
2022-05-21,"21","13  day ahead inc hosp",2022-06-03,"quantile",0.85,159.156010247527
2022-05-21,"21","13  day ahead inc hosp",2022-06-03,"quantile",0.9,180.762569967548
2022-05-21,"21","13  day ahead inc hosp",2022-06-03,"quantile",0.95,212.786746275743
2022-05-21,"21","13  day ahead inc hosp",2022-06-03,"quantile",0.975,240.562943330276
2022-05-21,"21","13  day ahead inc hosp",2022-06-03,"quantile",0.99,272.858775146972
2022-05-21,"21","14  day ahead inc hosp",2022-06-04,"quantile",0.01,0
2022-05-21,"21","14  day ahead inc hosp",2022-06-04,"quantile",0.025,0
2022-05-21,"21","14  day ahead inc hosp",2022-06-04,"quantile",0.05,0
2022-05-21,"21","14  day ahead inc hosp",2022-06-04,"quantile",0.1,0
2022-05-21,"21","14  day ahead inc hosp",2022-06-04,"quantile",0.15,0
2022-05-21,"21","14  day ahead inc hosp",2022-06-04,"quantile",0.2,0
2022-05-21,"21","14  day ahead inc hosp",2022-06-04,"quantile",0.25,6.38912761928389
2022-05-21,"21","14  day ahead inc hosp",2022-06-04,"quantile",0.3,19.9611809546399
2022-05-21,"21","14  day ahead inc hosp",2022-06-04,"quantile",0.35,32.5377110101291
2022-05-21,"21","14  day ahead inc hosp",2022-06-04,"quantile",0.4,44.4716081712328
2022-05-21,"21","14  day ahead inc hosp",2022-06-04,"quantile",0.45,56.0177917844673
2022-05-21,"21","14  day ahead inc hosp",2022-06-04,"quantile",0.5,67.3809150187074
2022-05-21,"21","14  day ahead inc hosp",2022-06-04,"quantile",0.55,78.7440382529475
2022-05-21,"21","14  day ahead inc hosp",2022-06-04,"quantile",0.6,90.290221866182
2022-05-21,"21","14  day ahead inc hosp",2022-06-04,"quantile",0.65,102.224119027286
2022-05-21,"21","14  day ahead inc hosp",2022-06-04,"quantile",0.7,114.800649082775
2022-05-21,"21","14  day ahead inc hosp",2022-06-04,"quantile",0.75,128.372702418131
2022-05-21,"21","14  day ahead inc hosp",2022-06-04,"quantile",0.8,143.485827412108
2022-05-21,"21","14  day ahead inc hosp",2022-06-04,"quantile",0.85,161.102020383603
2022-05-21,"21","14  day ahead inc hosp",2022-06-04,"quantile",0.9,183.267213667977
2022-05-21,"21","14  day ahead inc hosp",2022-06-04,"quantile",0.95,216.11936907087
2022-05-21,"21","14  day ahead inc hosp",2022-06-04,"quantile",0.975,244.613714510237
2022-05-21,"21","14  day ahead inc hosp",2022-06-04,"quantile",0.99,277.744549024045
2022-05-21,"21","15  day ahead inc hosp",2022-06-05,"quantile",0.01,0
2022-05-21,"21","15  day ahead inc hosp",2022-06-05,"quantile",0.025,0
2022-05-21,"21","15  day ahead inc hosp",2022-06-05,"quantile",0.05,0
2022-05-21,"21","15  day ahead inc hosp",2022-06-05,"quantile",0.1,0
2022-05-21,"21","15  day ahead inc hosp",2022-06-05,"quantile",0.15,0
2022-05-21,"21","15  day ahead inc hosp",2022-06-05,"quantile",0.2,0
2022-05-21,"21","15  day ahead inc hosp",2022-06-05,"quantile",0.25,4.38553300339816
2022-05-21,"21","15  day ahead inc hosp",2022-06-05,"quantile",0.3,18.2846107228045
2022-05-21,"21","15  day ahead inc hosp",2022-06-05,"quantile",0.35,31.1641776064922
2022-05-21,"21","15  day ahead inc hosp",2022-06-05,"quantile",0.4,43.3856270835202
2022-05-21,"21","15  day ahead inc hosp",2022-06-05,"quantile",0.45,55.2100208902274
2022-05-21,"21","15  day ahead inc hosp",2022-06-05,"quantile",0.5,66.8469434004315
2022-05-21,"21","15  day ahead inc hosp",2022-06-05,"quantile",0.55,78.4838659106356
2022-05-21,"21","15  day ahead inc hosp",2022-06-05,"quantile",0.6,90.3082597173428
2022-05-21,"21","15  day ahead inc hosp",2022-06-05,"quantile",0.65,102.529709194371
2022-05-21,"21","15  day ahead inc hosp",2022-06-05,"quantile",0.7,115.409276078058
2022-05-21,"21","15  day ahead inc hosp",2022-06-05,"quantile",0.75,129.308353797465
2022-05-21,"21","15  day ahead inc hosp",2022-06-05,"quantile",0.8,144.785635951019
2022-05-21,"21","15  day ahead inc hosp",2022-06-05,"quantile",0.85,162.826298567119
2022-05-21,"21","15  day ahead inc hosp",2022-06-05,"quantile",0.9,185.525571588882
2022-05-21,"21","15  day ahead inc hosp",2022-06-05,"quantile",0.95,219.169313616135
2022-05-21,"21","15  day ahead inc hosp",2022-06-05,"quantile",0.975,248.35024239967
2022-05-21,"21","15  day ahead inc hosp",2022-06-05,"quantile",0.99,282.279378429264
2022-05-21,"21","16  day ahead inc hosp",2022-06-06,"quantile",0.01,0
2022-05-21,"21","16  day ahead inc hosp",2022-06-06,"quantile",0.025,0
2022-05-21,"21","16  day ahead inc hosp",2022-06-06,"quantile",0.05,0
2022-05-21,"21","16  day ahead inc hosp",2022-06-06,"quantile",0.1,0
2022-05-21,"21","16  day ahead inc hosp",2022-06-06,"quantile",0.15,0
2022-05-21,"21","16  day ahead inc hosp",2022-06-06,"quantile",0.2,0
2022-05-21,"21","16  day ahead inc hosp",2022-06-06,"quantile",0.25,6.77028321215425
2022-05-21,"21","16  day ahead inc hosp",2022-06-06,"quantile",0.3,20.9941765702731
2022-05-21,"21","16  day ahead inc hosp",2022-06-06,"quantile",0.35,34.1747335504348
2022-05-21,"21","16  day ahead inc hosp",2022-06-06,"quantile",0.4,46.681793195131
2022-05-21,"21","16  day ahead inc hosp",2022-06-06,"quantile",0.45,58.7825181443966
2022-05-21,"21","16  day ahead inc hosp",2022-06-06,"quantile",0.5,70.691390671293
2022-05-21,"21","16  day ahead inc hosp",2022-06-06,"quantile",0.55,82.6002631981893
2022-05-21,"21","16  day ahead inc hosp",2022-06-06,"quantile",0.6,94.7009881474549
2022-05-21,"21","16  day ahead inc hosp",2022-06-06,"quantile",0.65,107.208047792151
2022-05-21,"21","16  day ahead inc hosp",2022-06-06,"quantile",0.7,120.388604772313
2022-05-21,"21","16  day ahead inc hosp",2022-06-06,"quantile",0.75,134.612498130432
2022-05-21,"21","16  day ahead inc hosp",2022-06-06,"quantile",0.8,150.451477900888
2022-05-21,"21","16  day ahead inc hosp",2022-06-06,"quantile",0.85,168.913743264216
2022-05-21,"21","16  day ahead inc hosp",2022-06-06,"quantile",0.9,192.143488811834
2022-05-21,"21","16  day ahead inc hosp",2022-06-06,"quantile",0.95,226.573471032564
2022-05-21,"21","16  day ahead inc hosp",2022-06-06,"quantile",0.975,256.436345928812
2022-05-21,"21","16  day ahead inc hosp",2022-06-06,"quantile",0.99,291.158391690469
2022-05-21,"21","17  day ahead inc hosp",2022-06-07,"quantile",0.01,0
2022-05-21,"21","17  day ahead inc hosp",2022-06-07,"quantile",0.025,0
2022-05-21,"21","17  day ahead inc hosp",2022-06-07,"quantile",0.05,0
2022-05-21,"21","17  day ahead inc hosp",2022-06-07,"quantile",0.1,0
2022-05-21,"21","17  day ahead inc hosp",2022-06-07,"quantile",0.15,0
2022-05-21,"21","17  day ahead inc hosp",2022-06-07,"quantile",0.2,0
2022-05-21,"21","17  day ahead inc hosp",2022-06-07,"quantile",0.25,4.23899025456151
2022-05-21,"21","17  day ahead inc hosp",2022-06-07,"quantile",0.3,18.7758260724444
2022-05-21,"21","17  day ahead inc hosp",2022-06-07,"quantile",0.35,32.2463708793271
2022-05-21,"21","17  day ahead inc hosp",2022-06-07,"quantile",0.4,45.0286006136101
2022-05-21,"21","17  day ahead inc hosp",2022-06-07,"quantile",0.45,57.3955558090684
2022-05-21,"21","17  day ahead inc hosp",2022-06-07,"quantile",0.5,69.5664376021869
2022-05-21,"21","17  day ahead inc hosp",2022-06-07,"quantile",0.55,81.7373193953054
2022-05-21,"21","17  day ahead inc hosp",2022-06-07,"quantile",0.6,94.1042745907638
2022-05-21,"21","17  day ahead inc hosp",2022-06-07,"quantile",0.65,106.886504325047
2022-05-21,"21","17  day ahead inc hosp",2022-06-07,"quantile",0.7,120.357049131929
2022-05-21,"21","17  day ahead inc hosp",2022-06-07,"quantile",0.75,134.893884949812
2022-05-21,"21","17  day ahead inc hosp",2022-06-07,"quantile",0.8,151.081340989369
2022-05-21,"21","17  day ahead inc hosp",2022-06-07,"quantile",0.85,169.949798004318
2022-05-21,"21","17  day ahead inc hosp",2022-06-07,"quantile",0.9,193.690625400509
2022-05-21,"21","17  day ahead inc hosp",2022-06-07,"quantile",0.95,228.878107909979
2022-05-21,"21","17  day ahead inc hosp",2022-06-07,"quantile",0.975,259.398001337677
2022-05-21,"21","17  day ahead inc hosp",2022-06-07,"quantile",0.99,294.883973131055
2022-05-21,"21","18  day ahead inc hosp",2022-06-08,"quantile",0.01,0
2022-05-21,"21","18  day ahead inc hosp",2022-06-08,"quantile",0.025,0
2022-05-21,"21","18  day ahead inc hosp",2022-06-08,"quantile",0.05,0
2022-05-21,"21","18  day ahead inc hosp",2022-06-08,"quantile",0.1,0
2022-05-21,"21","18  day ahead inc hosp",2022-06-08,"quantile",0.15,0
2022-05-21,"21","18  day ahead inc hosp",2022-06-08,"quantile",0.2,0
2022-05-21,"21","18  day ahead inc hosp",2022-06-08,"quantile",0.25,1.61447147469626
2022-05-21,"21","18  day ahead inc hosp",2022-06-08,"quantile",0.3,16.4613294190283
2022-05-21,"21","18  day ahead inc hosp",2022-06-08,"quantile",0.35,30.2191559285991
2022-05-21,"21","18  day ahead inc hosp",2022-06-08,"quantile",0.4,43.2739879053941
2022-05-21,"21","18  day ahead inc hosp",2022-06-08,"quantile",0.45,55.9046889252829
2022-05-21,"21","18  day ahead inc hosp",2022-06-08,"quantile",0.5,68.3351349524297
2022-05-21,"21","18  day ahead inc hosp",2022-06-08,"quantile",0.55,80.7655809795766
2022-05-21,"21","18  day ahead inc hosp",2022-06-08,"quantile",0.6,93.3962819994653
2022-05-21,"21","18  day ahead inc hosp",2022-06-08,"quantile",0.65,106.45111397626
2022-05-21,"21","18  day ahead inc hosp",2022-06-08,"quantile",0.7,120.208940485831
2022-05-21,"21","18  day ahead inc hosp",2022-06-08,"quantile",0.75,135.055798430163
2022-05-21,"21","18  day ahead inc hosp",2022-06-08,"quantile",0.8,151.588478809188
2022-05-21,"21","18  day ahead inc hosp",2022-06-08,"quantile",0.85,170.859336954608
2022-05-21,"21","18  day ahead inc hosp",2022-06-08,"quantile",0.9,195.106476858228
2022-05-21,"21","18  day ahead inc hosp",2022-06-08,"quantile",0.95,231.044390774411
2022-05-21,"21","18  day ahead inc hosp",2022-06-08,"quantile",0.975,262.215171532612
2022-05-21,"21","18  day ahead inc hosp",2022-06-08,"quantile",0.99,298.45794051159
2022-05-21,"21","19  day ahead inc hosp",2022-06-09,"quantile",0.01,0
2022-05-21,"21","19  day ahead inc hosp",2022-06-09,"quantile",0.025,0
2022-05-21,"21","19  day ahead inc hosp",2022-06-09,"quantile",0.05,0
2022-05-21,"21","19  day ahead inc hosp",2022-06-09,"quantile",0.1,0
2022-05-21,"21","19  day ahead inc hosp",2022-06-09,"quantile",0.15,0
2022-05-21,"21","19  day ahead inc hosp",2022-06-09,"quantile",0.2,0
2022-05-21,"21","19  day ahead inc hosp",2022-06-09,"quantile",0.25,0.017279952423209
2022-05-21,"21","19  day ahead inc hosp",2022-06-09,"quantile",0.3,15.1647830777708
2022-05-21,"21","19  day ahead inc hosp",2022-06-09,"quantile",0.35,29.2012021526413
2022-05-21,"21","19  day ahead inc hosp",2022-06-09,"quantile",0.4,42.5203912302793
2022-05-21,"21","19  day ahead inc hosp",2022-06-09,"quantile",0.45,55.4068608046135
2022-05-21,"21","19  day ahead inc hosp",2022-06-09,"quantile",0.5,68.0890202724054
2022-05-21,"21","19  day ahead inc hosp",2022-06-09,"quantile",0.55,80.7711797401973
2022-05-21,"21","19  day ahead inc hosp",2022-06-09,"quantile",0.6,93.6576493145315
2022-05-21,"21","19  day ahead inc hosp",2022-06-09,"quantile",0.65,106.97683839217
2022-05-21,"21","19  day ahead inc hosp",2022-06-09,"quantile",0.7,121.01325746704
2022-05-21,"21","19  day ahead inc hosp",2022-06-09,"quantile",0.75,136.160760592388
2022-05-21,"21","19  day ahead inc hosp",2022-06-09,"quantile",0.8,153.028223637473
2022-05-21,"21","19  day ahead inc hosp",2022-06-09,"quantile",0.85,172.689311867748
2022-05-21,"21","19  day ahead inc hosp",2022-06-09,"quantile",0.9,197.427450324245
2022-05-21,"21","19  day ahead inc hosp",2022-06-09,"quantile",0.95,234.093098059608
2022-05-21,"21","19  day ahead inc hosp",2022-06-09,"quantile",0.975,265.895079376109
2022-05-21,"21","19  day ahead inc hosp",2022-06-09,"quantile",0.99,302.871755413472
2022-05-21,"21","20  day ahead inc hosp",2022-06-10,"quantile",0.01,0
2022-05-21,"21","20  day ahead inc hosp",2022-06-10,"quantile",0.025,0
2022-05-21,"21","20  day ahead inc hosp",2022-06-10,"quantile",0.05,0
2022-05-21,"21","20  day ahead inc hosp",2022-06-10,"quantile",0.1,0
2022-05-21,"21","20  day ahead inc hosp",2022-06-10,"quantile",0.15,0
2022-05-21,"21","20  day ahead inc hosp",2022-06-10,"quantile",0.2,0
2022-05-21,"21","20  day ahead inc hosp",2022-06-10,"quantile",0.25,0
2022-05-21,"21","20  day ahead inc hosp",2022-06-10,"quantile",0.3,11.9647024437581
2022-05-21,"21","20  day ahead inc hosp",2022-06-10,"quantile",0.35,26.2766399778681
2022-05-21,"21","20  day ahead inc hosp",2022-06-10,"quantile",0.4,39.8572691303155
2022-05-21,"21","20  day ahead inc hosp",2022-06-10,"quantile",0.45,52.9966850026492
2022-05-21,"21","20  day ahead inc hosp",2022-06-10,"quantile",0.5,65.9277804004499
2022-05-21,"21","20  day ahead inc hosp",2022-06-10,"quantile",0.55,78.8588757982506
2022-05-21,"21","20  day ahead inc hosp",2022-06-10,"quantile",0.6,91.9982916705843
2022-05-21,"21","20  day ahead inc hosp",2022-06-10,"quantile",0.65,105.578920823032
2022-05-21,"21","20  day ahead inc hosp",2022-06-10,"quantile",0.7,119.890858357142
2022-05-21,"21","20  day ahead inc hosp",2022-06-10,"quantile",0.75,135.335689219725
2022-05-21,"21","20  day ahead inc hosp",2022-06-10,"quantile",0.8,152.534240799904
2022-05-21,"21","20  day ahead inc hosp",2022-06-10,"quantile",0.85,172.581253154223
2022-05-21,"21","20  day ahead inc hosp",2022-06-10,"quantile",0.9,197.804972281661
2022-05-21,"21","20  day ahead inc hosp",2022-06-10,"quantile",0.95,235.190323719028
2022-05-21,"21","20  day ahead inc hosp",2022-06-10,"quantile",0.975,267.616540664741
2022-05-21,"21","20  day ahead inc hosp",2022-06-10,"quantile",0.99,305.319025525229
2022-05-21,"21","21  day ahead inc hosp",2022-06-11,"quantile",0.01,0
2022-05-21,"21","21  day ahead inc hosp",2022-06-11,"quantile",0.025,0
2022-05-21,"21","21  day ahead inc hosp",2022-06-11,"quantile",0.05,0
2022-05-21,"21","21  day ahead inc hosp",2022-06-11,"quantile",0.1,0
2022-05-21,"21","21  day ahead inc hosp",2022-06-11,"quantile",0.15,0
2022-05-21,"21","21  day ahead inc hosp",2022-06-11,"quantile",0.2,0
2022-05-21,"21","21  day ahead inc hosp",2022-06-11,"quantile",0.25,0
2022-05-21,"21","21  day ahead inc hosp",2022-06-11,"quantile",0.3,11.000047931784
2022-05-21,"21","21  day ahead inc hosp",2022-06-11,"quantile",0.35,25.5803839068088
2022-05-21,"21","21  day ahead inc hosp",2022-06-11,"quantile",0.4,39.4156969329436
2022-05-21,"21","21  day ahead inc hosp",2022-06-11,"quantile",0.45,52.8015224005023
2022-05-21,"21","21  day ahead inc hosp",2022-06-11,"quantile",0.5,65.9751206624902
2022-05-21,"21","21  day ahead inc hosp",2022-06-11,"quantile",0.55,79.148718924478
2022-05-21,"21","21  day ahead inc hosp",2022-06-11,"quantile",0.6,92.5345443920367
2022-05-21,"21","21  day ahead inc hosp",2022-06-11,"quantile",0.65,106.369857418172
2022-05-21,"21","21  day ahead inc hosp",2022-06-11,"quantile",0.7,120.950193393196
2022-05-21,"21","21  day ahead inc hosp",2022-06-11,"quantile",0.75,136.684668373764
2022-05-21,"21","21  day ahead inc hosp",2022-06-11,"quantile",0.8,154.205752414632
2022-05-21,"21","21  day ahead inc hosp",2022-06-11,"quantile",0.85,174.628715743309
2022-05-21,"21","21  day ahead inc hosp",2022-06-11,"quantile",0.9,200.32546704209
2022-05-21,"21","21  day ahead inc hosp",2022-06-11,"quantile",0.95,238.411923414755
2022-05-21,"21","21  day ahead inc hosp",2022-06-11,"quantile",0.975,271.44624433327
2022-05-21,"21","21  day ahead inc hosp",2022-06-11,"quantile",0.99,309.855781480078
2022-05-21,"21","22  day ahead inc hosp",2022-06-12,"quantile",0.01,0
2022-05-21,"21","22  day ahead inc hosp",2022-06-12,"quantile",0.025,0
2022-05-21,"21","22  day ahead inc hosp",2022-06-12,"quantile",0.05,0
2022-05-21,"21","22  day ahead inc hosp",2022-06-12,"quantile",0.1,0
2022-05-21,"21","22  day ahead inc hosp",2022-06-12,"quantile",0.15,0
2022-05-21,"21","22  day ahead inc hosp",2022-06-12,"quantile",0.2,0
2022-05-21,"21","22  day ahead inc hosp",2022-06-12,"quantile",0.25,16.8821687370395
2022-05-21,"21","22  day ahead inc hosp",2022-06-12,"quantile",0.3,33.2960072084243
2022-05-21,"21","22  day ahead inc hosp",2022-06-12,"quantile",0.35,48.5058747030911
2022-05-21,"21","22  day ahead inc hosp",2022-06-12,"quantile",0.4,62.9385515793447
2022-05-21,"21","22  day ahead inc hosp",2022-06-12,"quantile",0.45,76.9023334851288
2022-05-21,"21","22  day ahead inc hosp",2022-06-12,"quantile",0.5,90.6447249043682
2022-05-21,"21","22  day ahead inc hosp",2022-06-12,"quantile",0.55,104.387116323608
2022-05-21,"21","22  day ahead inc hosp",2022-06-12,"quantile",0.6,118.350898229392
2022-05-21,"21","22  day ahead inc hosp",2022-06-12,"quantile",0.65,132.783575105645
2022-05-21,"21","22  day ahead inc hosp",2022-06-12,"quantile",0.7,147.993442600312
2022-05-21,"21","22  day ahead inc hosp",2022-06-12,"quantile",0.75,164.407281071697
2022-05-21,"21","22  day ahead inc hosp",2022-06-12,"quantile",0.8,182.684868575923
2022-05-21,"21","22  day ahead inc hosp",2022-06-12,"quantile",0.85,203.989629084166
2022-05-21,"21","22  day ahead inc hosp",2022-06-12,"quantile",0.9,230.795882586647
2022-05-21,"21","22  day ahead inc hosp",2022-06-12,"quantile",0.95,270.526788360145
2022-05-21,"21","22  day ahead inc hosp",2022-06-12,"quantile",0.975,304.9874238906
2022-05-21,"21","22  day ahead inc hosp",2022-06-12,"quantile",0.99,345.055360016018
2022-05-21,"21","23  day ahead inc hosp",2022-06-13,"quantile",0.01,0
2022-05-21,"21","23  day ahead inc hosp",2022-06-13,"quantile",0.025,0
2022-05-21,"21","23  day ahead inc hosp",2022-06-13,"quantile",0.05,0
2022-05-21,"21","23  day ahead inc hosp",2022-06-13,"quantile",0.1,0
2022-05-21,"21","23  day ahead inc hosp",2022-06-13,"quantile",0.15,0
2022-05-21,"21","23  day ahead inc hosp",2022-06-13,"quantile",0.2,0
2022-05-21,"21","23  day ahead inc hosp",2022-06-13,"quantile",0.25,14.6744833222493
2022-05-21,"21","23  day ahead inc hosp",2022-06-13,"quantile",0.3,31.5754389070673
2022-05-21,"21","23  day ahead inc hosp",2022-06-13,"quantile",0.35,47.236693002292
2022-05-21,"21","23  day ahead inc hosp",2022-06-13,"quantile",0.4,62.0976916212831
2022-05-21,"21","23  day ahead inc hosp",2022-06-13,"quantile",0.45,76.4758797700928
2022-05-21,"21","23  day ahead inc hosp",2022-06-13,"quantile",0.5,90.6261071779391
2022-05-21,"21","23  day ahead inc hosp",2022-06-13,"quantile",0.55,104.776334585785
2022-05-21,"21","23  day ahead inc hosp",2022-06-13,"quantile",0.6,119.154522734595
2022-05-21,"21","23  day ahead inc hosp",2022-06-13,"quantile",0.65,134.015521353586
2022-05-21,"21","23  day ahead inc hosp",2022-06-13,"quantile",0.7,149.676775448811
2022-05-21,"21","23  day ahead inc hosp",2022-06-13,"quantile",0.75,166.577731033629
2022-05-21,"21","23  day ahead inc hosp",2022-06-13,"quantile",0.8,185.397746543413
2022-05-21,"21","23  day ahead inc hosp",2022-06-13,"quantile",0.85,207.334773139765
2022-05-21,"21","23  day ahead inc hosp",2022-06-13,"quantile",0.9,234.936561754331
2022-05-21,"21","23  day ahead inc hosp",2022-06-13,"quantile",0.95,275.846570403017
2022-05-21,"21","23  day ahead inc hosp",2022-06-13,"quantile",0.975,311.329901833394
2022-05-21,"21","23  day ahead inc hosp",2022-06-13,"quantile",0.99,352.586942958272
2022-05-21,"21","24  day ahead inc hosp",2022-06-14,"quantile",0.01,0
2022-05-21,"21","24  day ahead inc hosp",2022-06-14,"quantile",0.025,0
2022-05-21,"21","24  day ahead inc hosp",2022-06-14,"quantile",0.05,0
2022-05-21,"21","24  day ahead inc hosp",2022-06-14,"quantile",0.1,0
2022-05-21,"21","24  day ahead inc hosp",2022-06-14,"quantile",0.15,0
2022-05-21,"21","24  day ahead inc hosp",2022-06-14,"quantile",0.2,0
2022-05-21,"21","24  day ahead inc hosp",2022-06-14,"quantile",0.25,12.5323951271484
2022-05-21,"21","24  day ahead inc hosp",2022-06-14,"quantile",0.3,29.8594847562949
2022-05-21,"21","24  day ahead inc hosp",2022-06-14,"quantile",0.35,45.9156155502578
2022-05-21,"21","24  day ahead inc hosp",2022-06-14,"quantile",0.4,61.1513135412749
2022-05-21,"21","24  day ahead inc hosp",2022-06-14,"quantile",0.45,75.8920276688803
2022-05-21,"21","24  day ahead inc hosp",2022-06-14,"quantile",0.5,90.3990333430921
2022-05-21,"21","24  day ahead inc hosp",2022-06-14,"quantile",0.55,104.906039017304
2022-05-21,"21","24  day ahead inc hosp",2022-06-14,"quantile",0.6,119.646753144909
2022-05-21,"21","24  day ahead inc hosp",2022-06-14,"quantile",0.65,134.882451135926
2022-05-21,"21","24  day ahead inc hosp",2022-06-14,"quantile",0.7,150.938581929889
2022-05-21,"21","24  day ahead inc hosp",2022-06-14,"quantile",0.75,168.265671559036
2022-05-21,"21","24  day ahead inc hosp",2022-06-14,"quantile",0.8,187.56020753503
2022-05-21,"21","24  day ahead inc hosp",2022-06-14,"quantile",0.85,210.050345688722
2022-05-21,"21","24  day ahead inc hosp",2022-06-14,"quantile",0.9,238.348074941319
2022-05-21,"21","24  day ahead inc hosp",2022-06-14,"quantile",0.95,280.289572451772
2022-05-21,"21","24  day ahead inc hosp",2022-06-14,"quantile",0.975,316.667566639695
2022-05-21,"21","24  day ahead inc hosp",2022-06-14,"quantile",0.99,358.964846566654
2022-05-21,"21","25  day ahead inc hosp",2022-06-15,"quantile",0.01,0
2022-05-21,"21","25  day ahead inc hosp",2022-06-15,"quantile",0.025,0
2022-05-21,"21","25  day ahead inc hosp",2022-06-15,"quantile",0.05,0
2022-05-21,"21","25  day ahead inc hosp",2022-06-15,"quantile",0.1,0
2022-05-21,"21","25  day ahead inc hosp",2022-06-15,"quantile",0.15,0
2022-05-21,"21","25  day ahead inc hosp",2022-06-15,"quantile",0.2,0
2022-05-21,"21","25  day ahead inc hosp",2022-06-15,"quantile",0.25,10.4065095582543
2022-05-21,"21","25  day ahead inc hosp",2022-06-15,"quantile",0.3,28.1002496524595
2022-05-21,"21","25  day ahead inc hosp",2022-06-15,"quantile",0.35,44.4961367441417
2022-05-21,"21","25  day ahead inc hosp",2022-06-15,"quantile",0.4,60.0542302368536
2022-05-21,"21","25  day ahead inc hosp",2022-06-15,"quantile",0.45,75.1068657434015
2022-05-21,"21","25  day ahead inc hosp",2022-06-15,"quantile",0.5,89.9208474009378
2022-05-21,"21","25  day ahead inc hosp",2022-06-15,"quantile",0.55,104.734829058474
2022-05-21,"21","25  day ahead inc hosp",2022-06-15,"quantile",0.6,119.787464565022
2022-05-21,"21","25  day ahead inc hosp",2022-06-15,"quantile",0.65,135.345558057734
2022-05-21,"21","25  day ahead inc hosp",2022-06-15,"quantile",0.7,151.741445149416
2022-05-21,"21","25  day ahead inc hosp",2022-06-15,"quantile",0.75,169.435185243621
2022-05-21,"21","25  day ahead inc hosp",2022-06-15,"quantile",0.8,189.138003899518
2022-05-21,"21","25  day ahead inc hosp",2022-06-15,"quantile",0.85,212.104045380876
2022-05-21,"21","25  day ahead inc hosp",2022-06-15,"quantile",0.9,241.000569688651
2022-05-21,"21","25  day ahead inc hosp",2022-06-15,"quantile",0.95,283.829571673116
2022-05-21,"21","25  day ahead inc hosp",2022-06-15,"quantile",0.975,320.977343635171
2022-05-21,"21","25  day ahead inc hosp",2022-06-15,"quantile",0.99,364.169656581977
2022-05-21,"21","26  day ahead inc hosp",2022-06-16,"quantile",0.01,0
2022-05-21,"21","26  day ahead inc hosp",2022-06-16,"quantile",0.025,0
2022-05-21,"21","26  day ahead inc hosp",2022-06-16,"quantile",0.05,0
2022-05-21,"21","26  day ahead inc hosp",2022-06-16,"quantile",0.1,0
2022-05-21,"21","26  day ahead inc hosp",2022-06-16,"quantile",0.15,0
2022-05-21,"21","26  day ahead inc hosp",2022-06-16,"quantile",0.2,0
2022-05-21,"21","26  day ahead inc hosp",2022-06-16,"quantile",0.25,8.65686484178531
2022-05-21,"21","26  day ahead inc hosp",2022-06-16,"quantile",0.3,26.7116547365609
2022-05-21,"21","26  day ahead inc hosp",2022-06-16,"quantile",0.35,43.4421082756481
2022-05-21,"21","26  day ahead inc hosp",2022-06-16,"quantile",0.4,59.3176726096232
2022-05-21,"21","26  day ahead inc hosp",2022-06-16,"quantile",0.45,74.6774648291533
2022-05-21,"21","26  day ahead inc hosp",2022-06-16,"quantile",0.5,89.7937333460325
2022-05-21,"21","26  day ahead inc hosp",2022-06-16,"quantile",0.55,104.910001862912
2022-05-21,"21","26  day ahead inc hosp",2022-06-16,"quantile",0.6,120.269794082442
2022-05-21,"21","26  day ahead inc hosp",2022-06-16,"quantile",0.65,136.145358416417
2022-05-21,"21","26  day ahead inc hosp",2022-06-16,"quantile",0.7,152.875811955504
2022-05-21,"21","26  day ahead inc hosp",2022-06-16,"quantile",0.75,170.93060185028
2022-05-21,"21","26  day ahead inc hosp",2022-06-16,"quantile",0.8,191.035466580579
2022-05-21,"21","26  day ahead inc hosp",2022-06-16,"quantile",0.85,214.470141864208
2022-05-21,"21","26  day ahead inc hosp",2022-06-16,"quantile",0.9,243.956314504272
2022-05-21,"21","26  day ahead inc hosp",2022-06-16,"quantile",0.95,287.659264141568
2022-05-21,"21","26  day ahead inc hosp",2022-06-16,"quantile",0.975,325.565055357162
2022-05-21,"21","26  day ahead inc hosp",2022-06-16,"quantile",0.99,369.638729502482
2022-05-21,"21","27  day ahead inc hosp",2022-06-17,"quantile",0.01,0
2022-05-21,"21","27  day ahead inc hosp",2022-06-17,"quantile",0.025,0
2022-05-21,"21","27  day ahead inc hosp",2022-06-17,"quantile",0.05,0
2022-05-21,"21","27  day ahead inc hosp",2022-06-17,"quantile",0.1,0
2022-05-21,"21","27  day ahead inc hosp",2022-06-17,"quantile",0.15,0
2022-05-21,"21","27  day ahead inc hosp",2022-06-17,"quantile",0.2,0
2022-05-21,"21","27  day ahead inc hosp",2022-06-17,"quantile",0.25,6.23717267246457
2022-05-21,"21","27  day ahead inc hosp",2022-06-17,"quantile",0.3,24.6587818743645
2022-05-21,"21","27  day ahead inc hosp",2022-06-17,"quantile",0.35,41.7291481685074
2022-05-21,"21","27  day ahead inc hosp",2022-06-17,"quantile",0.4,57.9272564668895
2022-05-21,"21","27  day ahead inc hosp",2022-06-17,"quantile",0.45,73.5991137047543
2022-05-21,"21","27  day ahead inc hosp",2022-06-17,"quantile",0.5,89.0224995670019
2022-05-21,"21","27  day ahead inc hosp",2022-06-17,"quantile",0.55,104.44588542925
2022-05-21,"21","27  day ahead inc hosp",2022-06-17,"quantile",0.6,120.117742667114
2022-05-21,"21","27  day ahead inc hosp",2022-06-17,"quantile",0.65,136.315850965496
2022-05-21,"21","27  day ahead inc hosp",2022-06-17,"quantile",0.7,153.386217259639
2022-05-21,"21","27  day ahead inc hosp",2022-06-17,"quantile",0.75,171.807826461539
2022-05-21,"21","27  day ahead inc hosp",2022-06-17,"quantile",0.8,192.321161885388
2022-05-21,"21","27  day ahead inc hosp",2022-06-17,"quantile",0.85,216.231959649551
2022-05-21,"21","27  day ahead inc hosp",2022-06-17,"quantile",0.9,246.317203089143
2022-05-21,"21","27  day ahead inc hosp",2022-06-17,"quantile",0.95,290.908065895114
2022-05-21,"21","27  day ahead inc hosp",2022-06-17,"quantile",0.975,329.583989366511
2022-05-21,"21","27  day ahead inc hosp",2022-06-17,"quantile",0.99,374.553108693228
2022-05-21,"21","28  day ahead inc hosp",2022-06-18,"quantile",0.01,0
2022-05-21,"21","28  day ahead inc hosp",2022-06-18,"quantile",0.025,0
2022-05-21,"21","28  day ahead inc hosp",2022-06-18,"quantile",0.05,0
2022-05-21,"21","28  day ahead inc hosp",2022-06-18,"quantile",0.1,0
2022-05-21,"21","28  day ahead inc hosp",2022-06-18,"quantile",0.15,0
2022-05-21,"21","28  day ahead inc hosp",2022-06-18,"quantile",0.2,0
2022-05-21,"21","28  day ahead inc hosp",2022-06-18,"quantile",0.25,4.38272406308668
2022-05-21,"21","28  day ahead inc hosp",2022-06-18,"quantile",0.3,23.1684511627828
2022-05-21,"21","28  day ahead inc hosp",2022-06-18,"quantile",0.35,40.5762269536484
2022-05-21,"21","28  day ahead inc hosp",2022-06-18,"quantile",0.4,57.0945038690737
2022-05-21,"21","28  day ahead inc hosp",2022-06-18,"quantile",0.45,73.0761279492091
2022-05-21,"21","28  day ahead inc hosp",2022-06-18,"quantile",0.5,88.8043694174741
2022-05-21,"21","28  day ahead inc hosp",2022-06-18,"quantile",0.55,104.532610885739
2022-05-21,"21","28  day ahead inc hosp",2022-06-18,"quantile",0.6,120.514234965874
2022-05-21,"21","28  day ahead inc hosp",2022-06-18,"quantile",0.65,137.0325118813
2022-05-21,"21","28  day ahead inc hosp",2022-06-18,"quantile",0.7,154.440287672165
2022-05-21,"21","28  day ahead inc hosp",2022-06-18,"quantile",0.75,173.226014771861
2022-05-21,"21","28  day ahead inc hosp",2022-06-18,"quantile",0.8,194.144812741867
2022-05-21,"21","28  day ahead inc hosp",2022-06-18,"quantile",0.85,218.52822662339
2022-05-21,"21","28  day ahead inc hosp",2022-06-18,"quantile",0.9,249.208129056985
2022-05-21,"21","28  day ahead inc hosp",2022-06-18,"quantile",0.95,294.68036607125
2022-05-21,"21","28  day ahead inc hosp",2022-06-18,"quantile",0.975,334.1207502255
2022-05-21,"21","28  day ahead inc hosp",2022-06-18,"quantile",0.99,379.97872030437
2022-05-21,"21","29  day ahead inc hosp",2022-06-19,"quantile",0.01,0
2022-05-21,"21","29  day ahead inc hosp",2022-06-19,"quantile",0.025,0
2022-05-21,"21","29  day ahead inc hosp",2022-06-19,"quantile",0.05,0
2022-05-21,"21","29  day ahead inc hosp",2022-06-19,"quantile",0.1,0
2022-05-21,"21","29  day ahead inc hosp",2022-06-19,"quantile",0.15,0
2022-05-21,"21","29  day ahead inc hosp",2022-06-19,"quantile",0.2,0
2022-05-21,"21","29  day ahead inc hosp",2022-06-19,"quantile",0.25,2.83522327839033
2022-05-21,"21","29  day ahead inc hosp",2022-06-19,"quantile",0.3,21.9827661148064
2022-05-21,"21","29  day ahead inc hosp",2022-06-19,"quantile",0.35,39.7258181070669
2022-05-21,"21","29  day ahead inc hosp",2022-06-19,"quantile",0.4,56.5622393508848
2022-05-21,"21","29  day ahead inc hosp",2022-06-19,"quantile",0.45,72.8516717505942
2022-05-21,"21","29  day ahead inc hosp",2022-06-19,"quantile",0.5,88.8828413538177
2022-05-21,"21","29  day ahead inc hosp",2022-06-19,"quantile",0.55,104.914010957041
2022-05-21,"21","29  day ahead inc hosp",2022-06-19,"quantile",0.6,121.203443356751
2022-05-21,"21","29  day ahead inc hosp",2022-06-19,"quantile",0.65,138.039864600569
2022-05-21,"21","29  day ahead inc hosp",2022-06-19,"quantile",0.7,155.782916592829
2022-05-21,"21","29  day ahead inc hosp",2022-06-19,"quantile",0.75,174.930459429245
2022-05-21,"21","29  day ahead inc hosp",2022-06-19,"quantile",0.8,196.252156379879
2022-05-21,"21","29  day ahead inc hosp",2022-06-19,"quantile",0.85,221.105198230043
2022-05-21,"21","29  day ahead inc hosp",2022-06-19,"quantile",0.9,252.375999884233
2022-05-21,"21","29  day ahead inc hosp",2022-06-19,"quantile",0.95,298.72403855623
2022-05-21,"21","29  day ahead inc hosp",2022-06-19,"quantile",0.975,338.924050036777
2022-05-21,"21","29  day ahead inc hosp",2022-06-19,"quantile",0.99,385.665251046263
2022-05-21,"21","30  day ahead inc hosp",2022-06-20,"quantile",0.01,0
2022-05-21,"21","30  day ahead inc hosp",2022-06-20,"quantile",0.025,0
2022-05-21,"21","30  day ahead inc hosp",2022-06-20,"quantile",0.05,0
2022-05-21,"21","30  day ahead inc hosp",2022-06-20,"quantile",0.1,0
2022-05-21,"21","30  day ahead inc hosp",2022-06-20,"quantile",0.15,0
2022-05-21,"21","30  day ahead inc hosp",2022-06-20,"quantile",0.2,0
2022-05-21,"21","30  day ahead inc hosp",2022-06-20,"quantile",0.25,1.04956041891784
2022-05-21,"21","30  day ahead inc hosp",2022-06-20,"quantile",0.3,20.5479710069338
2022-05-21,"21","30  day ahead inc hosp",2022-06-20,"quantile",0.35,38.6161542607995
2022-05-21,"21","30  day ahead inc hosp",2022-06-20,"quantile",0.4,55.7610932772253
2022-05-21,"21","30  day ahead inc hosp",2022-06-20,"quantile",0.45,72.34902019238
2022-05-21,"21","30  day ahead inc hosp",2022-06-20,"quantile",0.5,88.6739517932788
2022-05-21,"21","30  day ahead inc hosp",2022-06-20,"quantile",0.55,104.998883394178
2022-05-21,"21","30  day ahead inc hosp",2022-06-20,"quantile",0.6,121.586810309332
2022-05-21,"21","30  day ahead inc hosp",2022-06-20,"quantile",0.65,138.731749325758
2022-05-21,"21","30  day ahead inc hosp",2022-06-20,"quantile",0.7,156.799932579624
2022-05-21,"21","30  day ahead inc hosp",2022-06-20,"quantile",0.75,176.29834316764
2022-05-21,"21","30  day ahead inc hosp",2022-06-20,"quantile",0.8,198.010747998301
2022-05-21,"21","30  day ahead inc hosp",2022-06-20,"quantile",0.85,223.319207600439
2022-05-21,"21","30  day ahead inc hosp",2022-06-20,"quantile",0.9,255.163028777858
2022-05-21,"21","30  day ahead inc hosp",2022-06-20,"quantile",0.95,302.360368702702
2022-05-21,"21","30  day ahead inc hosp",2022-06-20,"quantile",0.975,343.297022360419
2022-05-21,"21","30  day ahead inc hosp",2022-06-20,"quantile",0.99,390.894729097318
2022-05-21,"21","31  day ahead inc hosp",2022-06-21,"quantile",0.01,0
2022-05-21,"21","31  day ahead inc hosp",2022-06-21,"quantile",0.025,0
2022-05-21,"21","31  day ahead inc hosp",2022-06-21,"quantile",0.05,0
2022-05-21,"21","31  day ahead inc hosp",2022-06-21,"quantile",0.1,0
2022-05-21,"21","31  day ahead inc hosp",2022-06-21,"quantile",0.15,0
2022-05-21,"21","31  day ahead inc hosp",2022-06-21,"quantile",0.2,0
2022-05-21,"21","31  day ahead inc hosp",2022-06-21,"quantile",0.25,0
2022-05-21,"21","31  day ahead inc hosp",2022-06-21,"quantile",0.3,18.6734164765766
2022-05-21,"21","31  day ahead inc hosp",2022-06-21,"quantile",0.35,37.0621076342013
2022-05-21,"21","31  day ahead inc hosp",2022-06-21,"quantile",0.4,54.5111773087581
2022-05-21,"21","31  day ahead inc hosp",2022-06-21,"quantile",0.45,71.39335415533
2022-05-21,"21","31  day ahead inc hosp",2022-06-21,"quantile",0.5,88.0078704661521
2022-05-21,"21","31  day ahead inc hosp",2022-06-21,"quantile",0.55,104.622386776974
2022-05-21,"21","31  day ahead inc hosp",2022-06-21,"quantile",0.6,121.504563623546
2022-05-21,"21","31  day ahead inc hosp",2022-06-21,"quantile",0.65,138.953633298103
2022-05-21,"21","31  day ahead inc hosp",2022-06-21,"quantile",0.7,157.342324455728
2022-05-21,"21","31  day ahead inc hosp",2022-06-21,"quantile",0.75,177.186613465298
2022-05-21,"21","31  day ahead inc hosp",2022-06-21,"quantile",0.8,199.28417032038
2022-05-21,"21","31  day ahead inc hosp",2022-06-21,"quantile",0.85,225.041571646237
2022-05-21,"21","31  day ahead inc hosp",2022-06-21,"quantile",0.9,257.450264024586
2022-05-21,"21","31  day ahead inc hosp",2022-06-21,"quantile",0.95,305.484828161172
2022-05-21,"21","31  day ahead inc hosp",2022-06-21,"quantile",0.975,347.147648963996
2022-05-21,"21","31  day ahead inc hosp",2022-06-21,"quantile",0.99,395.589681939767
2022-05-21,"21","32  day ahead inc hosp",2022-06-22,"quantile",0.01,0
2022-05-21,"21","32  day ahead inc hosp",2022-06-22,"quantile",0.025,0
2022-05-21,"21","32  day ahead inc hosp",2022-06-22,"quantile",0.05,0
2022-05-21,"21","32  day ahead inc hosp",2022-06-22,"quantile",0.1,0
2022-05-21,"21","32  day ahead inc hosp",2022-06-22,"quantile",0.15,0
2022-05-21,"21","32  day ahead inc hosp",2022-06-22,"quantile",0.2,0
2022-05-21,"21","32  day ahead inc hosp",2022-06-22,"quantile",0.25,0
2022-05-21,"21","32  day ahead inc hosp",2022-06-22,"quantile",0.3,17.4432635725105
2022-05-21,"21","32  day ahead inc hosp",2022-06-22,"quantile",0.35,36.1445453765228
2022-05-21,"21","32  day ahead inc hosp",2022-06-22,"quantile",0.4,53.8902330061956
2022-05-21,"21","32  day ahead inc hosp",2022-06-22,"quantile",0.45,71.0593911570739
2022-05-21,"21","32  day ahead inc hosp",2022-06-22,"quantile",0.5,87.9563387920452
2022-05-21,"21","32  day ahead inc hosp",2022-06-22,"quantile",0.55,104.853286427017
2022-05-21,"21","32  day ahead inc hosp",2022-06-22,"quantile",0.6,122.022444577895
2022-05-21,"21","32  day ahead inc hosp",2022-06-22,"quantile",0.65,139.768132207568
2022-05-21,"21","32  day ahead inc hosp",2022-06-22,"quantile",0.7,158.46941401158
2022-05-21,"21","32  day ahead inc hosp",2022-06-22,"quantile",0.75,178.651037477172
2022-05-21,"21","32  day ahead inc hosp",2022-06-22,"quantile",0.8,201.124232245889
2022-05-21,"21","32  day ahead inc hosp",2022-06-22,"quantile",0.85,227.319485437368
2022-05-21,"21","32  day ahead inc hosp",2022-06-22,"quantile",0.9,260.279095442877
2022-05-21,"21","32  day ahead inc hosp",2022-06-22,"quantile",0.95,309.130202492913
2022-05-21,"21","32  day ahead inc hosp",2022-06-22,"quantile",0.975,351.501252498863
2022-05-21,"21","32  day ahead inc hosp",2022-06-22,"quantile",0.99,400.766754979366
2022-05-21,"21","33  day ahead inc hosp",2022-06-23,"quantile",0.01,0
2022-05-21,"21","33  day ahead inc hosp",2022-06-23,"quantile",0.025,0
2022-05-21,"21","33  day ahead inc hosp",2022-06-23,"quantile",0.05,0
2022-05-21,"21","33  day ahead inc hosp",2022-06-23,"quantile",0.1,0
2022-05-21,"21","33  day ahead inc hosp",2022-06-23,"quantile",0.15,0
2022-05-21,"21","33  day ahead inc hosp",2022-06-23,"quantile",0.2,0
2022-05-21,"21","33  day ahead inc hosp",2022-06-23,"quantile",0.25,0
2022-05-21,"21","33  day ahead inc hosp",2022-06-23,"quantile",0.3,16.1357345293642
2022-05-21,"21","33  day ahead inc hosp",2022-06-23,"quantile",0.35,35.1462330737023
2022-05-21,"21","33  day ahead inc hosp",2022-06-23,"quantile",0.4,53.1853371515733
2022-05-21,"21","33  day ahead inc hosp",2022-06-23,"quantile",0.45,70.6383791117642
2022-05-21,"21","33  day ahead inc hosp",2022-06-23,"quantile",0.5,87.814709685504
2022-05-21,"21","33  day ahead inc hosp",2022-06-23,"quantile",0.55,104.991040259244
2022-05-21,"21","33  day ahead inc hosp",2022-06-23,"quantile",0.6,122.444082219435
2022-05-21,"21","33  day ahead inc hosp",2022-06-23,"quantile",0.65,140.483186297306
2022-05-21,"21","33  day ahead inc hosp",2022-06-23,"quantile",0.7,159.493684841644
2022-05-21,"21","33  day ahead inc hosp",2022-06-23,"quantile",0.75,180.009001788137
2022-05-21,"21","33  day ahead inc hosp",2022-06-23,"quantile",0.8,202.853780072034
2022-05-21,"21","33  day ahead inc hosp",2022-06-23,"quantile",0.85,229.482159232565
2022-05-21,"21","33  day ahead inc hosp",2022-06-23,"quantile",0.9,262.986740608225
2022-05-21,"21","33  day ahead inc hosp",2022-06-23,"quantile",0.95,312.645577323085
2022-05-21,"21","33  day ahead inc hosp",2022-06-23,"quantile",0.975,355.71721235333
2022-05-21,"21","33  day ahead inc hosp",2022-06-23,"quantile",0.99,405.797296328683
2022-05-21,"21","34  day ahead inc hosp",2022-06-24,"quantile",0.01,0
2022-05-21,"21","34  day ahead inc hosp",2022-06-24,"quantile",0.025,0
2022-05-21,"21","34  day ahead inc hosp",2022-06-24,"quantile",0.05,0
2022-05-21,"21","34  day ahead inc hosp",2022-06-24,"quantile",0.1,0
2022-05-21,"21","34  day ahead inc hosp",2022-06-24,"quantile",0.15,0
2022-05-21,"21","34  day ahead inc hosp",2022-06-24,"quantile",0.2,0
2022-05-21,"21","34  day ahead inc hosp",2022-06-24,"quantile",0.25,0
2022-05-21,"21","34  day ahead inc hosp",2022-06-24,"quantile",0.3,14.6010736311714
2022-05-21,"21","34  day ahead inc hosp",2022-06-24,"quantile",0.35,33.9146359476346
2022-05-21,"21","34  day ahead inc hosp",2022-06-24,"quantile",0.4,52.2413179085814
2022-05-21,"21","34  day ahead inc hosp",2022-06-24,"quantile",0.45,69.9725947987599
2022-05-21,"21","34  day ahead inc hosp",2022-06-24,"quantile",0.5,87.4227489927906
2022-05-21,"21","34  day ahead inc hosp",2022-06-24,"quantile",0.55,104.872903186821
2022-05-21,"21","34  day ahead inc hosp",2022-06-24,"quantile",0.6,122.604180077
2022-05-21,"21","34  day ahead inc hosp",2022-06-24,"quantile",0.65,140.930862037947
2022-05-21,"21","34  day ahead inc hosp",2022-06-24,"quantile",0.7,160.24442435441
2022-05-21,"21","34  day ahead inc hosp",2022-06-24,"quantile",0.75,181.086794761687
2022-05-21,"21","34  day ahead inc hosp",2022-06-24,"quantile",0.8,204.295762583482
2022-05-21,"21","34  day ahead inc hosp",2022-06-24,"quantile",0.85,231.348649129505
2022-05-21,"21","34  day ahead inc hosp",2022-06-24,"quantile",0.9,265.387357729209
2022-05-21,"21","34  day ahead inc hosp",2022-06-24,"quantile",0.95,315.837851450804
2022-05-21,"21","34  day ahead inc hosp",2022-06-24,"quantile",0.975,359.596130871433
2022-05-21,"21","34  day ahead inc hosp",2022-06-24,"quantile",0.99,410.47458734199
2022-05-21,"21","35  day ahead inc hosp",2022-06-25,"quantile",0.01,0
2022-05-21,"21","35  day ahead inc hosp",2022-06-25,"quantile",0.025,0
2022-05-21,"21","35  day ahead inc hosp",2022-06-25,"quantile",0.05,0
2022-05-21,"21","35  day ahead inc hosp",2022-06-25,"quantile",0.1,0
2022-05-21,"21","35  day ahead inc hosp",2022-06-25,"quantile",0.15,0
2022-05-21,"21","35  day ahead inc hosp",2022-06-25,"quantile",0.2,0
2022-05-21,"21","35  day ahead inc hosp",2022-06-25,"quantile",0.25,0
2022-05-21,"21","35  day ahead inc hosp",2022-06-25,"quantile",0.3,13.0528065337867
2022-05-21,"21","35  day ahead inc hosp",2022-06-25,"quantile",0.35,32.6660099050141
2022-05-21,"21","35  day ahead inc hosp",2022-06-25,"quantile",0.4,51.2770219249695
2022-05-21,"21","35  day ahead inc hosp",2022-06-25,"quantile",0.45,69.2833914377637
2022-05-21,"21","35  day ahead inc hosp",2022-06-25,"quantile",0.5,87.0042767648096
2022-05-21,"21","35  day ahead inc hosp",2022-06-25,"quantile",0.55,104.725162091855
2022-05-21,"21","35  day ahead inc hosp",2022-06-25,"quantile",0.6,122.73153160465
2022-05-21,"21","35  day ahead inc hosp",2022-06-25,"quantile",0.65,141.342543624605
2022-05-21,"21","35  day ahead inc hosp",2022-06-25,"quantile",0.7,160.955746995832
2022-05-21,"21","35  day ahead inc hosp",2022-06-25,"quantile",0.75,182.121477213708
2022-05-21,"21","35  day ahead inc hosp",2022-06-25,"quantile",0.8,205.690521518761
2022-05-21,"21","35  day ahead inc hosp",2022-06-25,"quantile",0.85,233.16312118276
2022-05-21,"21","35  day ahead inc hosp",2022-06-25,"quantile",0.9,267.729924723237
2022-05-21,"21","35  day ahead inc hosp",2022-06-25,"quantile",0.95,318.963134699059
2022-05-21,"21","35  day ahead inc hosp",2022-06-25,"quantile",0.975,363.40030374064
2022-05-21,"21","35  day ahead inc hosp",2022-06-25,"quantile",0.99,415.068116111046
2022-05-21,"21","36  day ahead inc hosp",2022-06-26,"quantile",0.01,0
2022-05-21,"21","36  day ahead inc hosp",2022-06-26,"quantile",0.025,0
2022-05-21,"21","36  day ahead inc hosp",2022-06-26,"quantile",0.05,0
2022-05-21,"21","36  day ahead inc hosp",2022-06-26,"quantile",0.1,0
2022-05-21,"21","36  day ahead inc hosp",2022-06-26,"quantile",0.15,0
2022-05-21,"21","36  day ahead inc hosp",2022-06-26,"quantile",0.2,0
2022-05-21,"21","36  day ahead inc hosp",2022-06-26,"quantile",0.25,0
2022-05-21,"21","36  day ahead inc hosp",2022-06-26,"quantile",0.3,13.2727516130838
2022-05-21,"21","36  day ahead inc hosp",2022-06-26,"quantile",0.35,33.1801293986262
2022-05-21,"21","36  day ahead inc hosp",2022-06-26,"quantile",0.4,52.0702841703877
2022-05-21,"21","36  day ahead inc hosp",2022-06-26,"quantile",0.45,70.3467275260472
2022-05-21,"21","36  day ahead inc hosp",2022-06-26,"quantile",0.5,88.3334047772146
2022-05-21,"21","36  day ahead inc hosp",2022-06-26,"quantile",0.55,106.320082028382
2022-05-21,"21","36  day ahead inc hosp",2022-06-26,"quantile",0.6,124.596525384042
2022-05-21,"21","36  day ahead inc hosp",2022-06-26,"quantile",0.65,143.486680155803
2022-05-21,"21","36  day ahead inc hosp",2022-06-26,"quantile",0.7,163.394057941345
2022-05-21,"21","36  day ahead inc hosp",2022-06-26,"quantile",0.75,184.877248605255
2022-05-21,"21","36  day ahead inc hosp",2022-06-26,"quantile",0.8,208.79980017137
2022-05-21,"21","36  day ahead inc hosp",2022-06-26,"quantile",0.85,236.684455722564
2022-05-21,"21","36  day ahead inc hosp",2022-06-26,"quantile",0.9,271.76971965902
2022-05-21,"21","36  day ahead inc hosp",2022-06-26,"quantile",0.95,323.771366042339
2022-05-21,"21","36  day ahead inc hosp",2022-06-26,"quantile",0.975,368.875039067446
2022-05-21,"21","36  day ahead inc hosp",2022-06-26,"quantile",0.99,421.317806357521
2022-05-21,"21","37  day ahead inc hosp",2022-06-27,"quantile",0.01,0
2022-05-21,"21","37  day ahead inc hosp",2022-06-27,"quantile",0.025,0
2022-05-21,"21","37  day ahead inc hosp",2022-06-27,"quantile",0.05,0
2022-05-21,"21","37  day ahead inc hosp",2022-06-27,"quantile",0.1,0
2022-05-21,"21","37  day ahead inc hosp",2022-06-27,"quantile",0.15,0
2022-05-21,"21","37  day ahead inc hosp",2022-06-27,"quantile",0.2,0
2022-05-21,"21","37  day ahead inc hosp",2022-06-27,"quantile",0.25,0
2022-05-21,"21","37  day ahead inc hosp",2022-06-27,"quantile",0.3,12.4709254000326
2022-05-21,"21","37  day ahead inc hosp",2022-06-27,"quantile",0.35,32.6689654800239
2022-05-21,"21","37  day ahead inc hosp",2022-06-27,"quantile",0.4,51.8349303452897
2022-05-21,"21","37  day ahead inc hosp",2022-06-27,"quantile",0.45,70.3782231583387
2022-05-21,"21","37  day ahead inc hosp",2022-06-27,"quantile",0.5,88.6275190695656
2022-05-21,"21","37  day ahead inc hosp",2022-06-27,"quantile",0.55,106.876814980792
2022-05-21,"21","37  day ahead inc hosp",2022-06-27,"quantile",0.6,125.420107793842
2022-05-21,"21","37  day ahead inc hosp",2022-06-27,"quantile",0.65,144.586072659107
2022-05-21,"21","37  day ahead inc hosp",2022-06-27,"quantile",0.7,164.784112739099
2022-05-21,"21","37  day ahead inc hosp",2022-06-27,"quantile",0.75,186.580973719497
2022-05-21,"21","37  day ahead inc hosp",2022-06-27,"quantile",0.8,210.852812057691
2022-05-21,"21","37  day ahead inc hosp",2022-06-27,"quantile",0.85,239.144604000717
2022-05-21,"21","37  day ahead inc hosp",2022-06-27,"quantile",0.9,274.742138484654
2022-05-21,"21","37  day ahead inc hosp",2022-06-27,"quantile",0.95,327.503046987561
2022-05-21,"21","37  day ahead inc hosp",2022-06-27,"quantile",0.975,373.26526666963
2022-05-21,"21","37  day ahead inc hosp",2022-06-27,"quantile",0.99,426.473736767578
2022-05-21,"22","1  day ahead inc hosp",2022-05-22,"quantile",0.01,7.21976318883236
2022-05-21,"22","1  day ahead inc hosp",2022-05-22,"quantile",0.025,16.0447239269102
2022-05-21,"22","1  day ahead inc hosp",2022-05-22,"quantile",0.05,23.6346770159227
2022-05-21,"22","1  day ahead inc hosp",2022-05-22,"quantile",0.1,32.385406837441
2022-05-21,"22","1  day ahead inc hosp",2022-05-22,"quantile",0.15,38.2894827038363
2022-05-21,"22","1  day ahead inc hosp",2022-05-22,"quantile",0.2,42.9818550394336
2022-05-21,"22","1  day ahead inc hosp",2022-05-22,"quantile",0.25,47.0074926866209
2022-05-21,"22","1  day ahead inc hosp",2022-05-22,"quantile",0.3,50.622639711357
2022-05-21,"22","1  day ahead inc hosp",2022-05-22,"quantile",0.35,53.9726121943831
2022-05-21,"22","1  day ahead inc hosp",2022-05-22,"quantile",0.4,57.1514084862515
2022-05-21,"22","1  day ahead inc hosp",2022-05-22,"quantile",0.45,60.226930686544
2022-05-21,"22","1  day ahead inc hosp",2022-05-22,"quantile",0.5,63.2536916442952
2022-05-21,"22","1  day ahead inc hosp",2022-05-22,"quantile",0.55,66.2804526020464
2022-05-21,"22","1  day ahead inc hosp",2022-05-22,"quantile",0.6,69.3559748023389
2022-05-21,"22","1  day ahead inc hosp",2022-05-22,"quantile",0.65,72.5347710942074
2022-05-21,"22","1  day ahead inc hosp",2022-05-22,"quantile",0.7,75.8847435772335
2022-05-21,"22","1  day ahead inc hosp",2022-05-22,"quantile",0.75,79.4998906019696
2022-05-21,"22","1  day ahead inc hosp",2022-05-22,"quantile",0.8,83.5255282491568
2022-05-21,"22","1  day ahead inc hosp",2022-05-22,"quantile",0.85,88.2179005847541
2022-05-21,"22","1  day ahead inc hosp",2022-05-22,"quantile",0.9,94.1219764511495
2022-05-21,"22","1  day ahead inc hosp",2022-05-22,"quantile",0.95,102.872706272668
2022-05-21,"22","1  day ahead inc hosp",2022-05-22,"quantile",0.975,110.46265936168
2022-05-21,"22","1  day ahead inc hosp",2022-05-22,"quantile",0.99,119.287620099758
2022-05-21,"22","2  day ahead inc hosp",2022-05-23,"quantile",0.01,0
2022-05-21,"22","2  day ahead inc hosp",2022-05-23,"quantile",0.025,9.33902902872548
2022-05-21,"22","2  day ahead inc hosp",2022-05-23,"quantile",0.05,18.3008225883189
2022-05-21,"22","2  day ahead inc hosp",2022-05-23,"quantile",0.1,28.6331966144182
2022-05-21,"22","2  day ahead inc hosp",2022-05-23,"quantile",0.15,35.6044003167717
2022-05-21,"22","2  day ahead inc hosp",2022-05-23,"quantile",0.2,41.1448920277477
2022-05-21,"22","2  day ahead inc hosp",2022-05-23,"quantile",0.25,45.8981405810287
2022-05-21,"22","2  day ahead inc hosp",2022-05-23,"quantile",0.3,50.1667046871974
2022-05-21,"22","2  day ahead inc hosp",2022-05-23,"quantile",0.35,54.1221654747825
2022-05-21,"22","2  day ahead inc hosp",2022-05-23,"quantile",0.4,57.8755109568469
2022-05-21,"22","2  day ahead inc hosp",2022-05-23,"quantile",0.45,61.5069161478577
2022-05-21,"22","2  day ahead inc hosp",2022-05-23,"quantile",0.5,65.0807467815241
2022-05-21,"22","2  day ahead inc hosp",2022-05-23,"quantile",0.55,68.6545774151904
2022-05-21,"22","2  day ahead inc hosp",2022-05-23,"quantile",0.6,72.2859826062012
2022-05-21,"22","2  day ahead inc hosp",2022-05-23,"quantile",0.65,76.0393280882656
2022-05-21,"22","2  day ahead inc hosp",2022-05-23,"quantile",0.7,79.9947888758507
2022-05-21,"22","2  day ahead inc hosp",2022-05-23,"quantile",0.75,84.2633529820194
2022-05-21,"22","2  day ahead inc hosp",2022-05-23,"quantile",0.8,89.0166015353005
2022-05-21,"22","2  day ahead inc hosp",2022-05-23,"quantile",0.85,94.5570932462764
2022-05-21,"22","2  day ahead inc hosp",2022-05-23,"quantile",0.9,101.52829694863
2022-05-21,"22","2  day ahead inc hosp",2022-05-23,"quantile",0.95,111.860670974729
2022-05-21,"22","2  day ahead inc hosp",2022-05-23,"quantile",0.975,120.822464534323
2022-05-21,"22","2  day ahead inc hosp",2022-05-23,"quantile",0.99,131.242486289221
2022-05-21,"22","3  day ahead inc hosp",2022-05-24,"quantile",0.01,0
2022-05-21,"22","3  day ahead inc hosp",2022-05-24,"quantile",0.025,1.97304389541263
2022-05-21,"22","3  day ahead inc hosp",2022-05-24,"quantile",0.05,12.092370530979
2022-05-21,"22","3  day ahead inc hosp",2022-05-24,"quantile",0.1,23.7593060607553
2022-05-21,"22","3  day ahead inc hosp",2022-05-24,"quantile",0.15,31.6309320737947
2022-05-21,"22","3  day ahead inc hosp",2022-05-24,"quantile",0.2,37.8870508933357
2022-05-21,"22","3  day ahead inc hosp",2022-05-24,"quantile",0.25,43.2542437851196
2022-05-21,"22","3  day ahead inc hosp",2022-05-24,"quantile",0.3,48.0741488820113
2022-05-21,"22","3  day ahead inc hosp",2022-05-24,"quantile",0.35,52.5405092637343
2022-05-21,"22","3  day ahead inc hosp",2022-05-24,"quantile",0.4,56.7786484996553
2022-05-21,"22","3  day ahead inc hosp",2022-05-24,"quantile",0.45,60.8790972579947
2022-05-21,"22","3  day ahead inc hosp",2022-05-24,"quantile",0.5,64.9145349504363
2022-05-21,"22","3  day ahead inc hosp",2022-05-24,"quantile",0.55,68.9499726428778
2022-05-21,"22","3  day ahead inc hosp",2022-05-24,"quantile",0.6,73.0504214012172
2022-05-21,"22","3  day ahead inc hosp",2022-05-24,"quantile",0.65,77.2885606371383
2022-05-21,"22","3  day ahead inc hosp",2022-05-24,"quantile",0.7,81.7549210188612
2022-05-21,"22","3  day ahead inc hosp",2022-05-24,"quantile",0.75,86.5748261157529
2022-05-21,"22","3  day ahead inc hosp",2022-05-24,"quantile",0.8,91.9420190075368
2022-05-21,"22","3  day ahead inc hosp",2022-05-24,"quantile",0.85,98.1981378270778
2022-05-21,"22","3  day ahead inc hosp",2022-05-24,"quantile",0.9,106.069763840117
2022-05-21,"22","3  day ahead inc hosp",2022-05-24,"quantile",0.95,117.736699369893
2022-05-21,"22","3  day ahead inc hosp",2022-05-24,"quantile",0.975,127.85602600546
2022-05-21,"22","3  day ahead inc hosp",2022-05-24,"quantile",0.99,139.62193011677
2022-05-21,"22","4  day ahead inc hosp",2022-05-25,"quantile",0.01,0
2022-05-21,"22","4  day ahead inc hosp",2022-05-25,"quantile",0.025,0
2022-05-21,"22","4  day ahead inc hosp",2022-05-25,"quantile",0.05,5.71339470950365
2022-05-21,"22","4  day ahead inc hosp",2022-05-25,"quantile",0.1,18.5460102610182
2022-05-21,"22","4  day ahead inc hosp",2022-05-25,"quantile",0.15,27.2041150506461
2022-05-21,"22","4  day ahead inc hosp",2022-05-25,"quantile",0.2,34.0853022699351
2022-05-21,"22","4  day ahead inc hosp",2022-05-25,"quantile",0.25,39.988748191557
2022-05-21,"22","4  day ahead inc hosp",2022-05-25,"quantile",0.3,45.29022508284
2022-05-21,"22","4  day ahead inc hosp",2022-05-25,"quantile",0.35,50.2028335006106
2022-05-21,"22","4  day ahead inc hosp",2022-05-25,"quantile",0.4,54.8644184840503
2022-05-21,"22","4  day ahead inc hosp",2022-05-25,"quantile",0.45,59.3745559036118
2022-05-21,"22","4  day ahead inc hosp",2022-05-25,"quantile",0.5,63.8131867983337
2022-05-21,"22","4  day ahead inc hosp",2022-05-25,"quantile",0.55,68.2518176930556
2022-05-21,"22","4  day ahead inc hosp",2022-05-25,"quantile",0.6,72.761955112617
2022-05-21,"22","4  day ahead inc hosp",2022-05-25,"quantile",0.65,77.4235400960567
2022-05-21,"22","4  day ahead inc hosp",2022-05-25,"quantile",0.7,82.3361485138274
2022-05-21,"22","4  day ahead inc hosp",2022-05-25,"quantile",0.75,87.6376254051103
2022-05-21,"22","4  day ahead inc hosp",2022-05-25,"quantile",0.8,93.5410713267323
2022-05-21,"22","4  day ahead inc hosp",2022-05-25,"quantile",0.85,100.422258546021
2022-05-21,"22","4  day ahead inc hosp",2022-05-25,"quantile",0.9,109.080363335649
2022-05-21,"22","4  day ahead inc hosp",2022-05-25,"quantile",0.95,121.912978887164
2022-05-21,"22","4  day ahead inc hosp",2022-05-25,"quantile",0.975,133.043359099089
2022-05-21,"22","4  day ahead inc hosp",2022-05-25,"quantile",0.99,145.984831492681
2022-05-21,"22","5  day ahead inc hosp",2022-05-26,"quantile",0.01,0
2022-05-21,"22","5  day ahead inc hosp",2022-05-26,"quantile",0.025,0
2022-05-21,"22","5  day ahead inc hosp",2022-05-26,"quantile",0.05,2.35199603682084
2022-05-21,"22","5  day ahead inc hosp",2022-05-26,"quantile",0.1,16.2248366553626
2022-05-21,"22","5  day ahead inc hosp",2022-05-26,"quantile",0.15,25.5847763592341
2022-05-21,"22","5  day ahead inc hosp",2022-05-26,"quantile",0.2,33.0237597197444
2022-05-21,"22","5  day ahead inc hosp",2022-05-26,"quantile",0.25,39.4057450634241
2022-05-21,"22","5  day ahead inc hosp",2022-05-26,"quantile",0.3,45.1369651455975
2022-05-21,"22","5  day ahead inc hosp",2022-05-26,"quantile",0.35,50.4477946742663
2022-05-21,"22","5  day ahead inc hosp",2022-05-26,"quantile",0.4,55.4872525498211
2022-05-21,"22","5  day ahead inc hosp",2022-05-26,"quantile",0.45,60.3629863655912
2022-05-21,"22","5  day ahead inc hosp",2022-05-26,"quantile",0.5,65.1614172637837
2022-05-21,"22","5  day ahead inc hosp",2022-05-26,"quantile",0.55,69.9598481619761
2022-05-21,"22","5  day ahead inc hosp",2022-05-26,"quantile",0.6,74.8355819777462
2022-05-21,"22","5  day ahead inc hosp",2022-05-26,"quantile",0.65,79.875039853301
2022-05-21,"22","5  day ahead inc hosp",2022-05-26,"quantile",0.7,85.1858693819699
2022-05-21,"22","5  day ahead inc hosp",2022-05-26,"quantile",0.75,90.9170894641433
2022-05-21,"22","5  day ahead inc hosp",2022-05-26,"quantile",0.8,97.2990748078229
2022-05-21,"22","5  day ahead inc hosp",2022-05-26,"quantile",0.85,104.738058168333
2022-05-21,"22","5  day ahead inc hosp",2022-05-26,"quantile",0.9,114.097997872205
2022-05-21,"22","5  day ahead inc hosp",2022-05-26,"quantile",0.95,127.970838490747
2022-05-21,"22","5  day ahead inc hosp",2022-05-26,"quantile",0.975,140.003458815415
2022-05-21,"22","5  day ahead inc hosp",2022-05-26,"quantile",0.99,153.993980324054
2022-05-21,"22","6  day ahead inc hosp",2022-05-27,"quantile",0.01,0
2022-05-21,"22","6  day ahead inc hosp",2022-05-27,"quantile",0.025,0
2022-05-21,"22","6  day ahead inc hosp",2022-05-27,"quantile",0.05,0
2022-05-21,"22","6  day ahead inc hosp",2022-05-27,"quantile",0.1,11.4208922677024
2022-05-21,"22","6  day ahead inc hosp",2022-05-27,"quantile",0.15,21.4163535303163
2022-05-21,"22","6  day ahead inc hosp",2022-05-27,"quantile",0.2,29.3604292792715
2022-05-21,"22","6  day ahead inc hosp",2022-05-27,"quantile",0.25,36.1757389179579
2022-05-21,"22","6  day ahead inc hosp",2022-05-27,"quantile",0.3,42.2960976094977
2022-05-21,"22","6  day ahead inc hosp",2022-05-27,"quantile",0.35,47.9675220529904
2022-05-21,"22","6  day ahead inc hosp",2022-05-27,"quantile",0.4,53.3491492400594
2022-05-21,"22","6  day ahead inc hosp",2022-05-27,"quantile",0.45,58.5559358246127
2022-05-21,"22","6  day ahead inc hosp",2022-05-27,"quantile",0.5,63.6801707750123
2022-05-21,"22","6  day ahead inc hosp",2022-05-27,"quantile",0.55,68.804405725412
2022-05-21,"22","6  day ahead inc hosp",2022-05-27,"quantile",0.6,74.0111923099653
2022-05-21,"22","6  day ahead inc hosp",2022-05-27,"quantile",0.65,79.3928194970343
2022-05-21,"22","6  day ahead inc hosp",2022-05-27,"quantile",0.7,85.064243940527
2022-05-21,"22","6  day ahead inc hosp",2022-05-27,"quantile",0.75,91.1846026320668
2022-05-21,"22","6  day ahead inc hosp",2022-05-27,"quantile",0.8,97.9999122707532
2022-05-21,"22","6  day ahead inc hosp",2022-05-27,"quantile",0.85,105.943988019708
2022-05-21,"22","6  day ahead inc hosp",2022-05-27,"quantile",0.9,115.939449282322
2022-05-21,"22","6  day ahead inc hosp",2022-05-27,"quantile",0.95,130.754228585622
2022-05-21,"22","6  day ahead inc hosp",2022-05-27,"quantile",0.975,143.603840244254
2022-05-21,"22","6  day ahead inc hosp",2022-05-27,"quantile",0.99,158.544290739413
2022-05-21,"22","7  day ahead inc hosp",2022-05-28,"quantile",0.01,0
2022-05-21,"22","7  day ahead inc hosp",2022-05-28,"quantile",0.025,0
2022-05-21,"22","7  day ahead inc hosp",2022-05-28,"quantile",0.05,0
2022-05-21,"22","7  day ahead inc hosp",2022-05-28,"quantile",0.1,10.5272553519278
2022-05-21,"22","7  day ahead inc hosp",2022-05-28,"quantile",0.15,21.1043300965659
2022-05-21,"22","7  day ahead inc hosp",2022-05-28,"quantile",0.2,29.5106538035114
2022-05-21,"22","7  day ahead inc hosp",2022-05-28,"quantile",0.25,36.7225310308147
2022-05-21,"22","7  day ahead inc hosp",2022-05-28,"quantile",0.3,43.1990196733692
2022-05-21,"22","7  day ahead inc hosp",2022-05-28,"quantile",0.35,49.2004515904494
2022-05-21,"22","7  day ahead inc hosp",2022-05-28,"quantile",0.4,54.8952235984518
2022-05-21,"22","7  day ahead inc hosp",2022-05-28,"quantile",0.45,60.4049814212536
2022-05-21,"22","7  day ahead inc hosp",2022-05-28,"quantile",0.5,65.827384115383
2022-05-21,"22","7  day ahead inc hosp",2022-05-28,"quantile",0.55,71.2497868095124
2022-05-21,"22","7  day ahead inc hosp",2022-05-28,"quantile",0.6,76.7595446323142
2022-05-21,"22","7  day ahead inc hosp",2022-05-28,"quantile",0.65,82.4543166403166
2022-05-21,"22","7  day ahead inc hosp",2022-05-28,"quantile",0.7,88.4557485573968
2022-05-21,"22","7  day ahead inc hosp",2022-05-28,"quantile",0.75,94.9322371999512
2022-05-21,"22","7  day ahead inc hosp",2022-05-28,"quantile",0.8,102.144114427255
2022-05-21,"22","7  day ahead inc hosp",2022-05-28,"quantile",0.85,110.5504381342
2022-05-21,"22","7  day ahead inc hosp",2022-05-28,"quantile",0.9,121.127512878838
2022-05-21,"22","7  day ahead inc hosp",2022-05-28,"quantile",0.95,136.80433097651
2022-05-21,"22","7  day ahead inc hosp",2022-05-28,"quantile",0.975,150.401632729984
2022-05-21,"22","7  day ahead inc hosp",2022-05-28,"quantile",0.99,166.211434544426
2022-05-21,"22","8  day ahead inc hosp",2022-05-29,"quantile",0.01,0
2022-05-21,"22","8  day ahead inc hosp",2022-05-29,"quantile",0.025,0
2022-05-21,"22","8  day ahead inc hosp",2022-05-29,"quantile",0.05,1.64656493401181
2022-05-21,"22","8  day ahead inc hosp",2022-05-29,"quantile",0.1,18.1186816636445
2022-05-21,"22","8  day ahead inc hosp",2022-05-29,"quantile",0.15,29.2323406195781
2022-05-21,"22","8  day ahead inc hosp",2022-05-29,"quantile",0.2,38.0651244475957
2022-05-21,"22","8  day ahead inc hosp",2022-05-29,"quantile",0.25,45.6428664860498
2022-05-21,"22","8  day ahead inc hosp",2022-05-29,"quantile",0.3,52.4479130365448
2022-05-21,"22","8  day ahead inc hosp",2022-05-29,"quantile",0.35,58.7538028202486
2022-05-21,"22","8  day ahead inc hosp",2022-05-29,"quantile",0.4,64.7374755706771
2022-05-21,"22","8  day ahead inc hosp",2022-05-29,"quantile",0.45,70.5267482051972
2022-05-21,"22","8  day ahead inc hosp",2022-05-29,"quantile",0.5,76.2242341093069
2022-05-21,"22","8  day ahead inc hosp",2022-05-29,"quantile",0.55,81.9217200134166
2022-05-21,"22","8  day ahead inc hosp",2022-05-29,"quantile",0.6,87.7109926479367
2022-05-21,"22","8  day ahead inc hosp",2022-05-29,"quantile",0.65,93.6946653983652
2022-05-21,"22","8  day ahead inc hosp",2022-05-29,"quantile",0.7,100.000555182069
2022-05-21,"22","8  day ahead inc hosp",2022-05-29,"quantile",0.75,106.805601732564
2022-05-21,"22","8  day ahead inc hosp",2022-05-29,"quantile",0.8,114.383343771018
2022-05-21,"22","8  day ahead inc hosp",2022-05-29,"quantile",0.85,123.216127599036
2022-05-21,"22","8  day ahead inc hosp",2022-05-29,"quantile",0.9,134.329786554969
2022-05-21,"22","8  day ahead inc hosp",2022-05-29,"quantile",0.95,150.801903284602
2022-05-21,"22","8  day ahead inc hosp",2022-05-29,"quantile",0.975,165.089007995253
2022-05-21,"22","8  day ahead inc hosp",2022-05-29,"quantile",0.99,181.700854821399
2022-05-21,"22","9  day ahead inc hosp",2022-05-30,"quantile",0.01,0
2022-05-21,"22","9  day ahead inc hosp",2022-05-30,"quantile",0.025,0
2022-05-21,"22","9  day ahead inc hosp",2022-05-30,"quantile",0.05,2.11576750492809
2022-05-21,"22","9  day ahead inc hosp",2022-05-30,"quantile",0.1,19.326265820901
2022-05-21,"22","9  day ahead inc hosp",2022-05-30,"quantile",0.15,30.9381073276639
2022-05-21,"22","9  day ahead inc hosp",2022-05-30,"quantile",0.2,40.1668308543723
2022-05-21,"22","9  day ahead inc hosp",2022-05-30,"quantile",0.25,48.0842538991638
2022-05-21,"22","9  day ahead inc hosp",2022-05-30,"quantile",0.3,55.1943444916328
2022-05-21,"22","9  day ahead inc hosp",2022-05-30,"quantile",0.35,61.7829030408755
2022-05-21,"22","9  day ahead inc hosp",2022-05-30,"quantile",0.4,68.0348008075615
2022-05-21,"22","9  day ahead inc hosp",2022-05-30,"quantile",0.45,74.0835842494536
2022-05-21,"22","9  day ahead inc hosp",2022-05-30,"quantile",0.5,80.0364665151286
2022-05-21,"22","9  day ahead inc hosp",2022-05-30,"quantile",0.55,85.9893487808036
2022-05-21,"22","9  day ahead inc hosp",2022-05-30,"quantile",0.6,92.0381322226957
2022-05-21,"22","9  day ahead inc hosp",2022-05-30,"quantile",0.65,98.2900299893817
2022-05-21,"22","9  day ahead inc hosp",2022-05-30,"quantile",0.7,104.878588538624
2022-05-21,"22","9  day ahead inc hosp",2022-05-30,"quantile",0.75,111.988679131093
2022-05-21,"22","9  day ahead inc hosp",2022-05-30,"quantile",0.8,119.906102175885
2022-05-21,"22","9  day ahead inc hosp",2022-05-30,"quantile",0.85,129.134825702593
2022-05-21,"22","9  day ahead inc hosp",2022-05-30,"quantile",0.9,140.746667209356
2022-05-21,"22","9  day ahead inc hosp",2022-05-30,"quantile",0.95,157.957165525329
2022-05-21,"22","9  day ahead inc hosp",2022-05-30,"quantile",0.975,172.884706144347
2022-05-21,"22","9  day ahead inc hosp",2022-05-30,"quantile",0.99,190.241198119191
2022-05-21,"22","10  day ahead inc hosp",2022-05-31,"quantile",0.01,0
2022-05-21,"22","10  day ahead inc hosp",2022-05-31,"quantile",0.025,0
2022-05-21,"22","10  day ahead inc hosp",2022-05-31,"quantile",0.05,0
2022-05-21,"22","10  day ahead inc hosp",2022-05-31,"quantile",0.1,17.2866779223198
2022-05-21,"22","10  day ahead inc hosp",2022-05-31,"quantile",0.15,29.3634122634242
2022-05-21,"22","10  day ahead inc hosp",2022-05-31,"quantile",0.2,38.9616178774646
2022-05-21,"22","10  day ahead inc hosp",2022-05-31,"quantile",0.25,47.196023653878
2022-05-21,"22","10  day ahead inc hosp",2022-05-31,"quantile",0.3,54.5907745361066
2022-05-21,"22","10  day ahead inc hosp",2022-05-31,"quantile",0.35,61.4431132666753
2022-05-21,"22","10  day ahead inc hosp",2022-05-31,"quantile",0.4,67.9453126303195
2022-05-21,"22","10  day ahead inc hosp",2022-05-31,"quantile",0.45,74.2362657639855
2022-05-21,"22","10  day ahead inc hosp",2022-05-31,"quantile",0.5,80.4274782124639
2022-05-21,"22","10  day ahead inc hosp",2022-05-31,"quantile",0.55,86.6186906609423
2022-05-21,"22","10  day ahead inc hosp",2022-05-31,"quantile",0.6,92.9096437946083
2022-05-21,"22","10  day ahead inc hosp",2022-05-31,"quantile",0.65,99.4118431582525
2022-05-21,"22","10  day ahead inc hosp",2022-05-31,"quantile",0.7,106.264181888821
2022-05-21,"22","10  day ahead inc hosp",2022-05-31,"quantile",0.75,113.65893277105
2022-05-21,"22","10  day ahead inc hosp",2022-05-31,"quantile",0.8,121.893338547463
2022-05-21,"22","10  day ahead inc hosp",2022-05-31,"quantile",0.85,131.491544161504
2022-05-21,"22","10  day ahead inc hosp",2022-05-31,"quantile",0.9,143.568278502608
2022-05-21,"22","10  day ahead inc hosp",2022-05-31,"quantile",0.95,161.467818030337
2022-05-21,"22","10  day ahead inc hosp",2022-05-31,"quantile",0.975,176.992999141096
2022-05-21,"22","10  day ahead inc hosp",2022-05-31,"quantile",0.99,195.044377344255
2022-05-21,"22","11  day ahead inc hosp",2022-06-01,"quantile",0.01,0
2022-05-21,"22","11  day ahead inc hosp",2022-06-01,"quantile",0.025,0
2022-05-21,"22","11  day ahead inc hosp",2022-06-01,"quantile",0.05,0
2022-05-21,"22","11  day ahead inc hosp",2022-06-01,"quantile",0.1,14.2295345574574
2022-05-21,"22","11  day ahead inc hosp",2022-06-01,"quantile",0.15,26.7419198432774
2022-05-21,"22","11  day ahead inc hosp",2022-06-01,"quantile",0.2,36.6863670177615
2022-05-21,"22","11  day ahead inc hosp",2022-06-01,"quantile",0.25,45.2178172231027
2022-05-21,"22","11  day ahead inc hosp",2022-06-01,"quantile",0.3,52.8793231830524
2022-05-21,"22","11  day ahead inc hosp",2022-06-01,"quantile",0.35,59.9788502475833
2022-05-21,"22","11  day ahead inc hosp",2022-06-01,"quantile",0.4,66.7156071675578
2022-05-21,"22","11  day ahead inc hosp",2022-06-01,"quantile",0.45,73.2334974514858
2022-05-21,"22","11  day ahead inc hosp",2022-06-01,"quantile",0.5,79.6480490474466
2022-05-21,"22","11  day ahead inc hosp",2022-06-01,"quantile",0.55,86.0626006434075
2022-05-21,"22","11  day ahead inc hosp",2022-06-01,"quantile",0.6,92.5804909273355
2022-05-21,"22","11  day ahead inc hosp",2022-06-01,"quantile",0.65,99.31724784731
2022-05-21,"22","11  day ahead inc hosp",2022-06-01,"quantile",0.7,106.416774911841
2022-05-21,"22","11  day ahead inc hosp",2022-06-01,"quantile",0.75,114.078280871791
2022-05-21,"22","11  day ahead inc hosp",2022-06-01,"quantile",0.8,122.609731077132
2022-05-21,"22","11  day ahead inc hosp",2022-06-01,"quantile",0.85,132.554178251616
2022-05-21,"22","11  day ahead inc hosp",2022-06-01,"quantile",0.9,145.066563537436
2022-05-21,"22","11  day ahead inc hosp",2022-06-01,"quantile",0.95,163.61180339151
2022-05-21,"22","11  day ahead inc hosp",2022-06-01,"quantile",0.975,179.697033239514
2022-05-21,"22","11  day ahead inc hosp",2022-06-01,"quantile",0.99,198.399589132394
2022-05-21,"22","12  day ahead inc hosp",2022-06-02,"quantile",0.01,0
2022-05-21,"22","12  day ahead inc hosp",2022-06-02,"quantile",0.025,0
2022-05-21,"22","12  day ahead inc hosp",2022-06-02,"quantile",0.05,0
2022-05-21,"22","12  day ahead inc hosp",2022-06-02,"quantile",0.1,17.2546780481092
2022-05-21,"22","12  day ahead inc hosp",2022-06-02,"quantile",0.15,30.1767473746965
2022-05-21,"22","12  day ahead inc hosp",2022-06-02,"quantile",0.2,40.4467984375342
2022-05-21,"22","12  day ahead inc hosp",2022-06-02,"quantile",0.25,49.2575877867626
2022-05-21,"22","12  day ahead inc hosp",2022-06-02,"quantile",0.3,57.1699489312624
2022-05-21,"22","12  day ahead inc hosp",2022-06-02,"quantile",0.35,64.5019307091748
2022-05-21,"22","12  day ahead inc hosp",2022-06-02,"quantile",0.4,71.4592644203524
2022-05-21,"22","12  day ahead inc hosp",2022-06-02,"quantile",0.45,78.1905653024838
2022-05-21,"22","12  day ahead inc hosp",2022-06-02,"quantile",0.5,84.8151439522408
2022-05-21,"22","12  day ahead inc hosp",2022-06-02,"quantile",0.55,91.4397226019979
2022-05-21,"22","12  day ahead inc hosp",2022-06-02,"quantile",0.6,98.1710234841293
2022-05-21,"22","12  day ahead inc hosp",2022-06-02,"quantile",0.65,105.128357195307
2022-05-21,"22","12  day ahead inc hosp",2022-06-02,"quantile",0.7,112.460338973219
2022-05-21,"22","12  day ahead inc hosp",2022-06-02,"quantile",0.75,120.372700117719
2022-05-21,"22","12  day ahead inc hosp",2022-06-02,"quantile",0.8,129.183489466947
2022-05-21,"22","12  day ahead inc hosp",2022-06-02,"quantile",0.85,139.453540529785
2022-05-21,"22","12  day ahead inc hosp",2022-06-02,"quantile",0.9,152.375609856372
2022-05-21,"22","12  day ahead inc hosp",2022-06-02,"quantile",0.95,171.528063173496
2022-05-21,"22","12  day ahead inc hosp",2022-06-02,"quantile",0.975,188.139960144536
2022-05-21,"22","12  day ahead inc hosp",2022-06-02,"quantile",0.99,207.454880386487
2022-05-21,"22","13  day ahead inc hosp",2022-06-03,"quantile",0.01,0
2022-05-21,"22","13  day ahead inc hosp",2022-06-03,"quantile",0.025,0
2022-05-21,"22","13  day ahead inc hosp",2022-06-03,"quantile",0.05,0
2022-05-21,"22","13  day ahead inc hosp",2022-06-03,"quantile",0.1,14.0674036475847
2022-05-21,"22","13  day ahead inc hosp",2022-06-03,"quantile",0.15,27.3758878669727
2022-05-21,"22","13  day ahead inc hosp",2022-06-03,"quantile",0.2,37.9530492370071
2022-05-21,"22","13  day ahead inc hosp",2022-06-03,"quantile",0.25,47.0273118841901
2022-05-21,"22","13  day ahead inc hosp",2022-06-03,"quantile",0.3,55.1762801932376
2022-05-21,"22","13  day ahead inc hosp",2022-06-03,"quantile",0.35,62.7275137706199
2022-05-21,"22","13  day ahead inc hosp",2022-06-03,"quantile",0.4,69.8928959988142
2022-05-21,"22","13  day ahead inc hosp",2022-06-03,"quantile",0.45,76.8254862288852
2022-05-21,"22","13  day ahead inc hosp",2022-06-03,"quantile",0.5,83.6481628600181
2022-05-21,"22","13  day ahead inc hosp",2022-06-03,"quantile",0.55,90.4708394911511
2022-05-21,"22","13  day ahead inc hosp",2022-06-03,"quantile",0.6,97.403429721222
2022-05-21,"22","13  day ahead inc hosp",2022-06-03,"quantile",0.65,104.568811949416
2022-05-21,"22","13  day ahead inc hosp",2022-06-03,"quantile",0.7,112.120045526799
2022-05-21,"22","13  day ahead inc hosp",2022-06-03,"quantile",0.75,120.269013835846
2022-05-21,"22","13  day ahead inc hosp",2022-06-03,"quantile",0.8,129.343276483029
2022-05-21,"22","13  day ahead inc hosp",2022-06-03,"quantile",0.85,139.920437853064
2022-05-21,"22","13  day ahead inc hosp",2022-06-03,"quantile",0.9,153.228922072452
2022-05-21,"22","13  day ahead inc hosp",2022-06-03,"quantile",0.95,172.954100470084
2022-05-21,"22","13  day ahead inc hosp",2022-06-03,"quantile",0.975,190.062751035695
2022-05-21,"22","13  day ahead inc hosp",2022-06-03,"quantile",0.99,209.955254685235
2022-05-21,"22","14  day ahead inc hosp",2022-06-04,"quantile",0.01,0
2022-05-21,"22","14  day ahead inc hosp",2022-06-04,"quantile",0.025,0
2022-05-21,"22","14  day ahead inc hosp",2022-06-04,"quantile",0.05,0
2022-05-21,"22","14  day ahead inc hosp",2022-06-04,"quantile",0.1,10.5776461385143
2022-05-21,"22","14  day ahead inc hosp",2022-06-04,"quantile",0.15,24.2515324635698
2022-05-21,"22","14  day ahead inc hosp",2022-06-04,"quantile",0.2,35.1191038437062
2022-05-21,"22","14  day ahead inc hosp",2022-06-04,"quantile",0.25,44.4425124209591
2022-05-21,"22","14  day ahead inc hosp",2022-06-04,"quantile",0.3,52.8152214753881
2022-05-21,"22","14  day ahead inc hosp",2022-06-04,"quantile",0.35,60.573784197403
2022-05-21,"22","14  day ahead inc hosp",2022-06-04,"quantile",0.4,67.9359015090924
2022-05-21,"22","14  day ahead inc hosp",2022-06-04,"quantile",0.45,75.0588352092415
2022-05-21,"22","14  day ahead inc hosp",2022-06-04,"quantile",0.5,82.0688374866469
2022-05-21,"22","14  day ahead inc hosp",2022-06-04,"quantile",0.55,89.0788397640524
2022-05-21,"22","14  day ahead inc hosp",2022-06-04,"quantile",0.6,96.2017734642014
2022-05-21,"22","14  day ahead inc hosp",2022-06-04,"quantile",0.65,103.563890775891
2022-05-21,"22","14  day ahead inc hosp",2022-06-04,"quantile",0.7,111.322453497906
2022-05-21,"22","14  day ahead inc hosp",2022-06-04,"quantile",0.75,119.695162552335
2022-05-21,"22","14  day ahead inc hosp",2022-06-04,"quantile",0.8,129.018571129588
2022-05-21,"22","14  day ahead inc hosp",2022-06-04,"quantile",0.85,139.886142509724
2022-05-21,"22","14  day ahead inc hosp",2022-06-04,"quantile",0.9,153.56002883478
2022-05-21,"22","14  day ahead inc hosp",2022-06-04,"quantile",0.95,173.826788197031
2022-05-21,"22","14  day ahead inc hosp",2022-06-04,"quantile",0.975,191.405179481326
2022-05-21,"22","14  day ahead inc hosp",2022-06-04,"quantile",0.99,211.843858232456
2022-05-21,"22","15  day ahead inc hosp",2022-06-05,"quantile",0.01,0
2022-05-21,"22","15  day ahead inc hosp",2022-06-05,"quantile",0.025,0
2022-05-21,"22","15  day ahead inc hosp",2022-06-05,"quantile",0.05,0
2022-05-21,"22","15  day ahead inc hosp",2022-06-05,"quantile",0.1,17.0822226294211
2022-05-21,"22","15  day ahead inc hosp",2022-06-05,"quantile",0.15,31.1024102657361
2022-05-21,"22","15  day ahead inc hosp",2022-06-05,"quantile",0.2,42.2452109500867
2022-05-21,"22","15  day ahead inc hosp",2022-06-05,"quantile",0.25,51.8047417634733
2022-05-21,"22","15  day ahead inc hosp",2022-06-05,"quantile",0.3,60.3894958836149
2022-05-21,"22","15  day ahead inc hosp",2022-06-05,"quantile",0.35,68.3445499600445
2022-05-21,"22","15  day ahead inc hosp",2022-06-05,"quantile",0.4,75.8931183521421
2022-05-21,"22","15  day ahead inc hosp",2022-06-05,"quantile",0.45,83.1964456303667
2022-05-21,"22","15  day ahead inc hosp",2022-06-05,"quantile",0.5,90.3839814138208
2022-05-21,"22","15  day ahead inc hosp",2022-06-05,"quantile",0.55,97.5715171972749
2022-05-21,"22","15  day ahead inc hosp",2022-06-05,"quantile",0.6,104.8748444755
2022-05-21,"22","15  day ahead inc hosp",2022-06-05,"quantile",0.65,112.423412867597
2022-05-21,"22","15  day ahead inc hosp",2022-06-05,"quantile",0.7,120.378466944027
2022-05-21,"22","15  day ahead inc hosp",2022-06-05,"quantile",0.75,128.963221064168
2022-05-21,"22","15  day ahead inc hosp",2022-06-05,"quantile",0.8,138.522751877555
2022-05-21,"22","15  day ahead inc hosp",2022-06-05,"quantile",0.85,149.665552561906
2022-05-21,"22","15  day ahead inc hosp",2022-06-05,"quantile",0.9,163.685740198221
2022-05-21,"22","15  day ahead inc hosp",2022-06-05,"quantile",0.95,184.465770270444
2022-05-21,"22","15  day ahead inc hosp",2022-06-05,"quantile",0.975,202.489347349536
2022-05-21,"22","15  day ahead inc hosp",2022-06-05,"quantile",0.99,223.44565079665
2022-05-21,"22","16  day ahead inc hosp",2022-06-06,"quantile",0.01,0
2022-05-21,"22","16  day ahead inc hosp",2022-06-06,"quantile",0.025,0
2022-05-21,"22","16  day ahead inc hosp",2022-06-06,"quantile",0.05,0
2022-05-21,"22","16  day ahead inc hosp",2022-06-06,"quantile",0.1,20.8894453375877
2022-05-21,"22","16  day ahead inc hosp",2022-06-06,"quantile",0.15,35.238472118571
2022-05-21,"22","16  day ahead inc hosp",2022-06-06,"quantile",0.2,46.6426237306909
2022-05-21,"22","16  day ahead inc hosp",2022-06-06,"quantile",0.25,56.4263703689757
2022-05-21,"22","16  day ahead inc hosp",2022-06-06,"quantile",0.3,65.2124772295573
2022-05-21,"22","16  day ahead inc hosp",2022-06-06,"quantile",0.35,73.3541146275616
2022-05-21,"22","16  day ahead inc hosp",2022-06-06,"quantile",0.4,81.0797323458106
2022-05-21,"22","16  day ahead inc hosp",2022-06-06,"quantile",0.45,88.554356896062
2022-05-21,"22","16  day ahead inc hosp",2022-06-06,"quantile",0.5,95.9104740980117
2022-05-21,"22","16  day ahead inc hosp",2022-06-06,"quantile",0.55,103.266591299961
2022-05-21,"22","16  day ahead inc hosp",2022-06-06,"quantile",0.6,110.741215850213
2022-05-21,"22","16  day ahead inc hosp",2022-06-06,"quantile",0.65,118.466833568462
2022-05-21,"22","16  day ahead inc hosp",2022-06-06,"quantile",0.7,126.608470966466
2022-05-21,"22","16  day ahead inc hosp",2022-06-06,"quantile",0.75,135.394577827048
2022-05-21,"22","16  day ahead inc hosp",2022-06-06,"quantile",0.8,145.178324465332
2022-05-21,"22","16  day ahead inc hosp",2022-06-06,"quantile",0.85,156.582476077452
2022-05-21,"22","16  day ahead inc hosp",2022-06-06,"quantile",0.9,170.931502858436
2022-05-21,"22","16  day ahead inc hosp",2022-06-06,"quantile",0.95,192.198922079249
2022-05-21,"22","16  day ahead inc hosp",2022-06-06,"quantile",0.975,210.645236558459
2022-05-21,"22","16  day ahead inc hosp",2022-06-06,"quantile",0.99,232.0930635914
2022-05-21,"22","17  day ahead inc hosp",2022-06-07,"quantile",0.01,0
2022-05-21,"22","17  day ahead inc hosp",2022-06-07,"quantile",0.025,0
2022-05-21,"22","17  day ahead inc hosp",2022-06-07,"quantile",0.05,0
2022-05-21,"22","17  day ahead inc hosp",2022-06-07,"quantile",0.1,19.5301136646076
2022-05-21,"22","17  day ahead inc hosp",2022-06-07,"quantile",0.15,34.1919357457814
2022-05-21,"22","17  day ahead inc hosp",2022-06-07,"quantile",0.2,45.8446871466798
2022-05-21,"22","17  day ahead inc hosp",2022-06-07,"quantile",0.25,55.8417102679917
2022-05-21,"22","17  day ahead inc hosp",2022-06-07,"quantile",0.3,64.8193460019183
2022-05-21,"22","17  day ahead inc hosp",2022-06-07,"quantile",0.35,73.138463444585
2022-05-21,"22","17  day ahead inc hosp",2022-06-07,"quantile",0.4,81.0324923694072
2022-05-21,"22","17  day ahead inc hosp",2022-06-07,"quantile",0.45,88.6700567110252
2022-05-21,"22","17  day ahead inc hosp",2022-06-07,"quantile",0.5,96.1865303555086
2022-05-21,"22","17  day ahead inc hosp",2022-06-07,"quantile",0.55,103.703003999992
2022-05-21,"22","17  day ahead inc hosp",2022-06-07,"quantile",0.6,111.34056834161
2022-05-21,"22","17  day ahead inc hosp",2022-06-07,"quantile",0.65,119.234597266432
2022-05-21,"22","17  day ahead inc hosp",2022-06-07,"quantile",0.7,127.553714709099
2022-05-21,"22","17  day ahead inc hosp",2022-06-07,"quantile",0.75,136.531350443025
2022-05-21,"22","17  day ahead inc hosp",2022-06-07,"quantile",0.8,146.528373564337
2022-05-21,"22","17  day ahead inc hosp",2022-06-07,"quantile",0.85,158.181124965236
2022-05-21,"22","17  day ahead inc hosp",2022-06-07,"quantile",0.9,172.84294704641
2022-05-21,"22","17  day ahead inc hosp",2022-06-07,"quantile",0.95,194.573976021458
2022-05-21,"22","17  day ahead inc hosp",2022-06-07,"quantile",0.975,213.422402822501
2022-05-21,"22","17  day ahead inc hosp",2022-06-07,"quantile",0.99,235.337772330454
2022-05-21,"22","18  day ahead inc hosp",2022-06-08,"quantile",0.01,0
2022-05-21,"22","18  day ahead inc hosp",2022-06-08,"quantile",0.025,0
2022-05-21,"22","18  day ahead inc hosp",2022-06-08,"quantile",0.05,0
2022-05-21,"22","18  day ahead inc hosp",2022-06-08,"quantile",0.1,17.1119458165764
2022-05-21,"22","18  day ahead inc hosp",2022-06-08,"quantile",0.15,32.0717577533254
2022-05-21,"22","18  day ahead inc hosp",2022-06-08,"quantile",0.2,43.9613420449644
2022-05-21,"22","18  day ahead inc hosp",2022-06-08,"quantile",0.25,54.1615466985313
2022-05-21,"22","18  day ahead inc hosp",2022-06-08,"quantile",0.3,63.3216457280122
2022-05-21,"22","18  day ahead inc hosp",2022-06-08,"quantile",0.35,71.8098426064767
2022-05-21,"22","18  day ahead inc hosp",2022-06-08,"quantile",0.4,79.8643113815571
2022-05-21,"22","18  day ahead inc hosp",2022-06-08,"quantile",0.45,87.6571031350551
2022-05-21,"22","18  day ahead inc hosp",2022-06-08,"quantile",0.5,95.3263431194486
2022-05-21,"22","18  day ahead inc hosp",2022-06-08,"quantile",0.55,102.995583103842
2022-05-21,"22","18  day ahead inc hosp",2022-06-08,"quantile",0.6,110.78837485734
2022-05-21,"22","18  day ahead inc hosp",2022-06-08,"quantile",0.65,118.84284363242
2022-05-21,"22","18  day ahead inc hosp",2022-06-08,"quantile",0.7,127.331040510885
2022-05-21,"22","18  day ahead inc hosp",2022-06-08,"quantile",0.75,136.491139540366
2022-05-21,"22","18  day ahead inc hosp",2022-06-08,"quantile",0.8,146.691344193933
2022-05-21,"22","18  day ahead inc hosp",2022-06-08,"quantile",0.85,158.580928485572
2022-05-21,"22","18  day ahead inc hosp",2022-06-08,"quantile",0.9,173.540740422321
2022-05-21,"22","18  day ahead inc hosp",2022-06-08,"quantile",0.95,195.713435252399
2022-05-21,"22","18  day ahead inc hosp",2022-06-08,"quantile",0.975,214.944941315294
2022-05-21,"22","18  day ahead inc hosp",2022-06-08,"quantile",0.99,237.30572325278
2022-05-21,"22","19  day ahead inc hosp",2022-06-09,"quantile",0.01,0
2022-05-21,"22","19  day ahead inc hosp",2022-06-09,"quantile",0.025,0
2022-05-21,"22","19  day ahead inc hosp",2022-06-09,"quantile",0.05,0
2022-05-21,"22","19  day ahead inc hosp",2022-06-09,"quantile",0.1,19.1779703955305
2022-05-21,"22","19  day ahead inc hosp",2022-06-09,"quantile",0.15,34.4220564579843
2022-05-21,"22","19  day ahead inc hosp",2022-06-09,"quantile",0.2,46.5375728130602
2022-05-21,"22","19  day ahead inc hosp",2022-06-09,"quantile",0.25,56.9316070596837
2022-05-21,"22","19  day ahead inc hosp",2022-06-09,"quantile",0.3,66.2657710542847
2022-05-21,"22","19  day ahead inc hosp",2022-06-09,"quantile",0.35,74.9152650637987
2022-05-21,"22","19  day ahead inc hosp",2022-06-09,"quantile",0.4,83.122789042964
2022-05-21,"22","19  day ahead inc hosp",2022-06-09,"quantile",0.45,91.0636634777077
2022-05-21,"22","19  day ahead inc hosp",2022-06-09,"quantile",0.5,98.878638348382
2022-05-21,"22","19  day ahead inc hosp",2022-06-09,"quantile",0.55,106.693613219056
2022-05-21,"22","19  day ahead inc hosp",2022-06-09,"quantile",0.6,114.6344876538
2022-05-21,"22","19  day ahead inc hosp",2022-06-09,"quantile",0.65,122.842011632965
2022-05-21,"22","19  day ahead inc hosp",2022-06-09,"quantile",0.7,131.491505642479
2022-05-21,"22","19  day ahead inc hosp",2022-06-09,"quantile",0.75,140.82566963708
2022-05-21,"22","19  day ahead inc hosp",2022-06-09,"quantile",0.8,151.219703883704
2022-05-21,"22","19  day ahead inc hosp",2022-06-09,"quantile",0.85,163.33522023878
2022-05-21,"22","19  day ahead inc hosp",2022-06-09,"quantile",0.9,178.579306301234
2022-05-21,"22","19  day ahead inc hosp",2022-06-09,"quantile",0.95,201.173338208542
2022-05-21,"22","19  day ahead inc hosp",2022-06-09,"quantile",0.975,220.770291350259
2022-05-21,"22","19  day ahead inc hosp",2022-06-09,"quantile",0.99,243.555984493997
2022-05-21,"22","20  day ahead inc hosp",2022-06-10,"quantile",0.01,0
2022-05-21,"22","20  day ahead inc hosp",2022-06-10,"quantile",0.025,0
2022-05-21,"22","20  day ahead inc hosp",2022-06-10,"quantile",0.05,0
2022-05-21,"22","20  day ahead inc hosp",2022-06-10,"quantile",0.1,17.9612930595237
2022-05-21,"22","20  day ahead inc hosp",2022-06-10,"quantile",0.15,33.4769030598526
2022-05-21,"22","20  day ahead inc hosp",2022-06-10,"quantile",0.2,45.8082180332677
2022-05-21,"22","20  day ahead inc hosp",2022-06-10,"quantile",0.25,56.3873882793529
2022-05-21,"22","20  day ahead inc hosp",2022-06-10,"quantile",0.3,65.8878101233391
2022-05-21,"22","20  day ahead inc hosp",2022-06-10,"quantile",0.35,74.6913668076811
2022-05-21,"22","20  day ahead inc hosp",2022-06-10,"quantile",0.4,83.0450811994365
2022-05-21,"22","20  day ahead inc hosp",2022-06-10,"quantile",0.45,91.1273965502088
2022-05-21,"22","20  day ahead inc hosp",2022-06-10,"quantile",0.5,99.0815698446251
2022-05-21,"22","20  day ahead inc hosp",2022-06-10,"quantile",0.55,107.035743139041
2022-05-21,"22","20  day ahead inc hosp",2022-06-10,"quantile",0.6,115.118058489814
2022-05-21,"22","20  day ahead inc hosp",2022-06-10,"quantile",0.65,123.471772881569
2022-05-21,"22","20  day ahead inc hosp",2022-06-10,"quantile",0.7,132.275329565911
2022-05-21,"22","20  day ahead inc hosp",2022-06-10,"quantile",0.75,141.775751409897
2022-05-21,"22","20  day ahead inc hosp",2022-06-10,"quantile",0.8,152.354921655982
2022-05-21,"22","20  day ahead inc hosp",2022-06-10,"quantile",0.85,164.686236629398
2022-05-21,"22","20  day ahead inc hosp",2022-06-10,"quantile",0.9,180.201846629727
2022-05-21,"22","20  day ahead inc hosp",2022-06-10,"quantile",0.95,203.198317915218
2022-05-21,"22","20  day ahead inc hosp",2022-06-10,"quantile",0.975,223.144327200124
2022-05-21,"22","20  day ahead inc hosp",2022-06-10,"quantile",0.99,246.335873545179
2022-05-21,"22","21  day ahead inc hosp",2022-06-11,"quantile",0.01,0
2022-05-21,"22","21  day ahead inc hosp",2022-06-11,"quantile",0.025,0
2022-05-21,"22","21  day ahead inc hosp",2022-06-11,"quantile",0.05,0
2022-05-21,"22","21  day ahead inc hosp",2022-06-11,"quantile",0.1,17.0681667553684
2022-05-21,"22","21  day ahead inc hosp",2022-06-11,"quantile",0.15,32.8434113597915
2022-05-21,"22","21  day ahead inc hosp",2022-06-11,"quantile",0.2,45.3810756859562
2022-05-21,"22","21  day ahead inc hosp",2022-06-11,"quantile",0.25,56.1372753030057
2022-05-21,"22","21  day ahead inc hosp",2022-06-11,"quantile",0.3,65.7966749934407
2022-05-21,"22","21  day ahead inc hosp",2022-06-11,"quantile",0.35,74.7475483449528
2022-05-21,"22","21  day ahead inc hosp",2022-06-11,"quantile",0.4,83.2410518477243
2022-05-21,"22","21  day ahead inc hosp",2022-06-11,"quantile",0.45,91.4586147811709
2022-05-21,"22","21  day ahead inc hosp",2022-06-11,"quantile",0.5,99.5458913589353
2022-05-21,"22","21  day ahead inc hosp",2022-06-11,"quantile",0.55,107.6331679367
2022-05-21,"22","21  day ahead inc hosp",2022-06-11,"quantile",0.6,115.850730870146
2022-05-21,"22","21  day ahead inc hosp",2022-06-11,"quantile",0.65,124.344234372918
2022-05-21,"22","21  day ahead inc hosp",2022-06-11,"quantile",0.7,133.29510772443
2022-05-21,"22","21  day ahead inc hosp",2022-06-11,"quantile",0.75,142.954507414865
2022-05-21,"22","21  day ahead inc hosp",2022-06-11,"quantile",0.8,153.710707031914
2022-05-21,"22","21  day ahead inc hosp",2022-06-11,"quantile",0.85,166.248371358079
2022-05-21,"22","21  day ahead inc hosp",2022-06-11,"quantile",0.9,182.023615962502
2022-05-21,"22","21  day ahead inc hosp",2022-06-11,"quantile",0.95,205.40490484251
2022-05-21,"22","21  day ahead inc hosp",2022-06-11,"quantile",0.975,225.684686001279
2022-05-21,"22","21  day ahead inc hosp",2022-06-11,"quantile",0.99,249.264314281463
2022-05-21,"22","22  day ahead inc hosp",2022-06-12,"quantile",0.01,0
2022-05-21,"22","22  day ahead inc hosp",2022-06-12,"quantile",0.025,0
2022-05-21,"22","22  day ahead inc hosp",2022-06-12,"quantile",0.05,0
2022-05-21,"22","22  day ahead inc hosp",2022-06-12,"quantile",0.1,20.6393583179606
2022-05-21,"22","22  day ahead inc hosp",2022-06-12,"quantile",0.15,36.8780273490792
2022-05-21,"22","22  day ahead inc hosp",2022-06-12,"quantile",0.2,49.7840067187282
2022-05-21,"22","22  day ahead inc hosp",2022-06-12,"quantile",0.25,60.856187847694
2022-05-21,"22","22  day ahead inc hosp",2022-06-12,"quantile",0.3,70.7993487016489
2022-05-21,"22","22  day ahead inc hosp",2022-06-12,"quantile",0.35,80.0131690600293
2022-05-21,"22","22  day ahead inc hosp",2022-06-12,"quantile",0.4,88.7561835586749
2022-05-21,"22","22  day ahead inc hosp",2022-06-12,"quantile",0.45,97.2151512681971
2022-05-21,"22","22  day ahead inc hosp",2022-06-12,"quantile",0.5,105.540005240516
2022-05-21,"22","22  day ahead inc hosp",2022-06-12,"quantile",0.55,113.864859212835
2022-05-21,"22","22  day ahead inc hosp",2022-06-12,"quantile",0.6,122.323826922357
2022-05-21,"22","22  day ahead inc hosp",2022-06-12,"quantile",0.65,131.066841421003
2022-05-21,"22","22  day ahead inc hosp",2022-06-12,"quantile",0.7,140.280661779383
2022-05-21,"22","22  day ahead inc hosp",2022-06-12,"quantile",0.75,150.223822633338
2022-05-21,"22","22  day ahead inc hosp",2022-06-12,"quantile",0.8,161.296003762304
2022-05-21,"22","22  day ahead inc hosp",2022-06-12,"quantile",0.85,174.201983131953
2022-05-21,"22","22  day ahead inc hosp",2022-06-12,"quantile",0.9,190.440652163071
2022-05-21,"22","22  day ahead inc hosp",2022-06-12,"quantile",0.95,214.508805853503
2022-05-21,"22","22  day ahead inc hosp",2022-06-12,"quantile",0.975,235.384339800434
2022-05-21,"22","22  day ahead inc hosp",2022-06-12,"quantile",0.99,259.656659445567
2022-05-21,"22","23  day ahead inc hosp",2022-06-13,"quantile",0.01,0
2022-05-21,"22","23  day ahead inc hosp",2022-06-13,"quantile",0.025,0
2022-05-21,"22","23  day ahead inc hosp",2022-06-13,"quantile",0.05,0
2022-05-21,"22","23  day ahead inc hosp",2022-06-13,"quantile",0.1,19.3192724497884
2022-05-21,"22","23  day ahead inc hosp",2022-06-13,"quantile",0.15,35.9153835367799
2022-05-21,"22","23  day ahead inc hosp",2022-06-13,"quantile",0.2,49.1054465212929
2022-05-21,"22","23  day ahead inc hosp",2022-06-13,"quantile",0.25,60.4213460965272
2022-05-21,"22","23  day ahead inc hosp",2022-06-13,"quantile",0.3,70.5833736476666
2022-05-21,"22","23  day ahead inc hosp",2022-06-13,"quantile",0.35,80.0000066186467
2022-05-21,"22","23  day ahead inc hosp",2022-06-13,"quantile",0.4,88.9354704535608
2022-05-21,"22","23  day ahead inc hosp",2022-06-13,"quantile",0.45,97.5806351231208
2022-05-21,"22","23  day ahead inc hosp",2022-06-13,"quantile",0.5,106.088733973022
2022-05-21,"22","23  day ahead inc hosp",2022-06-13,"quantile",0.55,114.596832822923
2022-05-21,"22","23  day ahead inc hosp",2022-06-13,"quantile",0.6,123.241997492483
2022-05-21,"22","23  day ahead inc hosp",2022-06-13,"quantile",0.65,132.177461327397
2022-05-21,"22","23  day ahead inc hosp",2022-06-13,"quantile",0.7,141.594094298377
2022-05-21,"22","23  day ahead inc hosp",2022-06-13,"quantile",0.75,151.756121849517
2022-05-21,"22","23  day ahead inc hosp",2022-06-13,"quantile",0.8,163.072021424751
2022-05-21,"22","23  day ahead inc hosp",2022-06-13,"quantile",0.85,176.262084409264
2022-05-21,"22","23  day ahead inc hosp",2022-06-13,"quantile",0.9,192.858195496255
2022-05-21,"22","23  day ahead inc hosp",2022-06-13,"quantile",0.95,217.456132158413
2022-05-21,"22","23  day ahead inc hosp",2022-06-13,"quantile",0.975,238.791173824673
2022-05-21,"22","23  day ahead inc hosp",2022-06-13,"quantile",0.99,263.597770498184
2022-05-21,"22","24  day ahead inc hosp",2022-06-14,"quantile",0.01,0
2022-05-21,"22","24  day ahead inc hosp",2022-06-14,"quantile",0.025,0
2022-05-21,"22","24  day ahead inc hosp",2022-06-14,"quantile",0.05,0
2022-05-21,"22","24  day ahead inc hosp",2022-06-14,"quantile",0.1,18.3118895156089
2022-05-21,"22","24  day ahead inc hosp",2022-06-14,"quantile",0.15,35.2484568854002
2022-05-21,"22","24  day ahead inc hosp",2022-06-14,"quantile",0.2,48.7091037307986
2022-05-21,"22","24  day ahead inc hosp",2022-06-14,"quantile",0.25,60.2571401654288
2022-05-21,"22","24  day ahead inc hosp",2022-06-14,"quantile",0.3,70.6276337907969
2022-05-21,"22","24  day ahead inc hosp",2022-06-14,"quantile",0.35,80.2374416472056
2022-05-21,"22","24  day ahead inc hosp",2022-06-14,"quantile",0.4,89.3562095577782
2022-05-21,"22","24  day ahead inc hosp",2022-06-14,"quantile",0.45,98.1787230418985
2022-05-21,"22","24  day ahead inc hosp",2022-06-14,"quantile",0.5,106.861358907908
2022-05-21,"22","24  day ahead inc hosp",2022-06-14,"quantile",0.55,115.543994773918
2022-05-21,"22","24  day ahead inc hosp",2022-06-14,"quantile",0.6,124.366508258038
2022-05-21,"22","24  day ahead inc hosp",2022-06-14,"quantile",0.65,133.485276168611
2022-05-21,"22","24  day ahead inc hosp",2022-06-14,"quantile",0.7,143.09508402502
2022-05-21,"22","24  day ahead inc hosp",2022-06-14,"quantile",0.75,153.465577650388
2022-05-21,"22","24  day ahead inc hosp",2022-06-14,"quantile",0.8,165.013614085018
2022-05-21,"22","24  day ahead inc hosp",2022-06-14,"quantile",0.85,178.474260930416
2022-05-21,"22","24  day ahead inc hosp",2022-06-14,"quantile",0.9,195.410828300208
2022-05-21,"22","24  day ahead inc hosp",2022-06-14,"quantile",0.95,220.513372459666
2022-05-21,"22","24  day ahead inc hosp",2022-06-14,"quantile",0.975,242.286085875712
2022-05-21,"22","24  day ahead inc hosp",2022-06-14,"quantile",0.99,267.601570544013
2022-05-21,"22","25  day ahead inc hosp",2022-06-15,"quantile",0.01,0
2022-05-21,"22","25  day ahead inc hosp",2022-06-15,"quantile",0.025,0
2022-05-21,"22","25  day ahead inc hosp",2022-06-15,"quantile",0.05,0
2022-05-21,"22","25  day ahead inc hosp",2022-06-15,"quantile",0.1,15.7745766463403
2022-05-21,"22","25  day ahead inc hosp",2022-06-15,"quantile",0.15,33.0358725575574
2022-05-21,"22","25  day ahead inc hosp",2022-06-15,"quantile",0.2,46.7546033535769
2022-05-21,"22","25  day ahead inc hosp",2022-06-15,"quantile",0.25,58.5240528376092
2022-05-21,"22","25  day ahead inc hosp",2022-06-15,"quantile",0.3,69.0933822243984
2022-05-21,"22","25  day ahead inc hosp",2022-06-15,"quantile",0.35,78.8874410462158
2022-05-21,"22","25  day ahead inc hosp",2022-06-15,"quantile",0.4,88.1810451050201
2022-05-21,"22","25  day ahead inc hosp",2022-06-15,"quantile",0.45,97.1727145859169
2022-05-21,"22","25  day ahead inc hosp",2022-06-15,"quantile",0.5,106.021824544282
2022-05-21,"22","25  day ahead inc hosp",2022-06-15,"quantile",0.55,114.870934502647
2022-05-21,"22","25  day ahead inc hosp",2022-06-15,"quantile",0.6,123.862603983544
2022-05-21,"22","25  day ahead inc hosp",2022-06-15,"quantile",0.65,133.156208042348
2022-05-21,"22","25  day ahead inc hosp",2022-06-15,"quantile",0.7,142.950266864165
2022-05-21,"22","25  day ahead inc hosp",2022-06-15,"quantile",0.75,153.519596250955
2022-05-21,"22","25  day ahead inc hosp",2022-06-15,"quantile",0.8,165.289045734987
2022-05-21,"22","25  day ahead inc hosp",2022-06-15,"quantile",0.85,179.007776531006
2022-05-21,"22","25  day ahead inc hosp",2022-06-15,"quantile",0.9,196.269072442224
2022-05-21,"22","25  day ahead inc hosp",2022-06-15,"quantile",0.95,221.852913217047
2022-05-21,"22","25  day ahead inc hosp",2022-06-15,"quantile",0.975,244.043079669242
2022-05-21,"22","25  day ahead inc hosp",2022-06-15,"quantile",0.99,269.843943708247
2022-05-21,"22","26  day ahead inc hosp",2022-06-16,"quantile",0.01,0
2022-05-21,"22","26  day ahead inc hosp",2022-06-16,"quantile",0.025,0
2022-05-21,"22","26  day ahead inc hosp",2022-06-16,"quantile",0.05,0
2022-05-21,"22","26  day ahead inc hosp",2022-06-16,"quantile",0.1,15.2841289781945
2022-05-21,"22","26  day ahead inc hosp",2022-06-16,"quantile",0.15,32.8555393740407
2022-05-21,"22","26  day ahead inc hosp",2022-06-16,"quantile",0.2,46.8207393316142
2022-05-21,"22","26  day ahead inc hosp",2022-06-16,"quantile",0.25,58.8016374102296
2022-05-21,"22","26  day ahead inc hosp",2022-06-16,"quantile",0.3,69.560854170048
2022-05-21,"22","26  day ahead inc hosp",2022-06-16,"quantile",0.35,79.5308719418525
2022-05-21,"22","26  day ahead inc hosp",2022-06-16,"quantile",0.4,88.9914438371314
2022-05-21,"22","26  day ahead inc hosp",2022-06-16,"quantile",0.45,98.1446566321204
2022-05-21,"22","26  day ahead inc hosp",2022-06-16,"quantile",0.5,107.152748696364
2022-05-21,"22","26  day ahead inc hosp",2022-06-16,"quantile",0.55,116.160840760608
2022-05-21,"22","26  day ahead inc hosp",2022-06-16,"quantile",0.6,125.314053555597
2022-05-21,"22","26  day ahead inc hosp",2022-06-16,"quantile",0.65,134.774625450876
2022-05-21,"22","26  day ahead inc hosp",2022-06-16,"quantile",0.7,144.744643222681
2022-05-21,"22","26  day ahead inc hosp",2022-06-16,"quantile",0.75,155.503859982499
2022-05-21,"22","26  day ahead inc hosp",2022-06-16,"quantile",0.8,167.484758061115
2022-05-21,"22","26  day ahead inc hosp",2022-06-16,"quantile",0.85,181.449958018688
2022-05-21,"22","26  day ahead inc hosp",2022-06-16,"quantile",0.9,199.021368414534
2022-05-21,"22","26  day ahead inc hosp",2022-06-16,"quantile",0.95,225.064845571095
2022-05-21,"22","26  day ahead inc hosp",2022-06-16,"quantile",0.975,247.653678037044
2022-05-21,"22","26  day ahead inc hosp",2022-06-16,"quantile",0.99,273.918077473135
2022-05-21,"22","27  day ahead inc hosp",2022-06-17,"quantile",0.01,0
2022-05-21,"22","27  day ahead inc hosp",2022-06-17,"quantile",0.025,0
2022-05-21,"22","27  day ahead inc hosp",2022-06-17,"quantile",0.05,0
2022-05-21,"22","27  day ahead inc hosp",2022-06-17,"quantile",0.1,13.4162396488868
2022-05-21,"22","27  day ahead inc hosp",2022-06-17,"quantile",0.15,31.2841426093423
2022-05-21,"22","27  day ahead inc hosp",2022-06-17,"quantile",0.2,45.4849854582617
2022-05-21,"22","27  day ahead inc hosp",2022-06-17,"quantile",0.25,57.6680441556109
2022-05-21,"22","27  day ahead inc hosp",2022-06-17,"quantile",0.3,68.6088073990889
2022-05-21,"22","27  day ahead inc hosp",2022-06-17,"quantile",0.35,78.7470550438388
2022-05-21,"22","27  day ahead inc hosp",2022-06-17,"quantile",0.4,88.3672606373076
2022-05-21,"22","27  day ahead inc hosp",2022-06-17,"quantile",0.45,97.674920882721
2022-05-21,"22","27  day ahead inc hosp",2022-06-17,"quantile",0.5,106.835011691414
2022-05-21,"22","27  day ahead inc hosp",2022-06-17,"quantile",0.55,115.995102500107
2022-05-21,"22","27  day ahead inc hosp",2022-06-17,"quantile",0.6,125.30276274552
2022-05-21,"22","27  day ahead inc hosp",2022-06-17,"quantile",0.65,134.922968338989
2022-05-21,"22","27  day ahead inc hosp",2022-06-17,"quantile",0.7,145.061215983739
2022-05-21,"22","27  day ahead inc hosp",2022-06-17,"quantile",0.75,156.001979227217
2022-05-21,"22","27  day ahead inc hosp",2022-06-17,"quantile",0.8,168.185037924566
2022-05-21,"22","27  day ahead inc hosp",2022-06-17,"quantile",0.85,182.385880773485
2022-05-21,"22","27  day ahead inc hosp",2022-06-17,"quantile",0.9,200.253783733941
2022-05-21,"22","27  day ahead inc hosp",2022-06-17,"quantile",0.95,226.736707534768
2022-05-21,"22","27  day ahead inc hosp",2022-06-17,"quantile",0.975,249.706694428193
2022-05-21,"22","27  day ahead inc hosp",2022-06-17,"quantile",0.99,276.414268257876
2022-05-21,"22","28  day ahead inc hosp",2022-06-18,"quantile",0.01,0
2022-05-21,"22","28  day ahead inc hosp",2022-06-18,"quantile",0.025,0
2022-05-21,"22","28  day ahead inc hosp",2022-06-18,"quantile",0.05,0
2022-05-21,"22","28  day ahead inc hosp",2022-06-18,"quantile",0.1,13.1837469352397
2022-05-21,"22","28  day ahead inc hosp",2022-06-18,"quantile",0.15,31.3354094361719
2022-05-21,"22","28  day ahead inc hosp",2022-06-18,"quantile",0.2,45.7617753725016
2022-05-21,"22","28  day ahead inc hosp",2022-06-18,"quantile",0.25,58.1383127978925
2022-05-21,"22","28  day ahead inc hosp",2022-06-18,"quantile",0.3,69.2528259188633
2022-05-21,"22","28  day ahead inc hosp",2022-06-18,"quantile",0.35,79.5520787190184
2022-05-21,"22","28  day ahead inc hosp",2022-06-18,"quantile",0.4,89.3250624602382
2022-05-21,"22","28  day ahead inc hosp",2022-06-18,"quantile",0.45,98.7805373316879
2022-05-21,"22","28  day ahead inc hosp",2022-06-18,"quantile",0.5,108.086099221366
2022-05-21,"22","28  day ahead inc hosp",2022-06-18,"quantile",0.55,117.391661111044
2022-05-21,"22","28  day ahead inc hosp",2022-06-18,"quantile",0.6,126.847135982494
2022-05-21,"22","28  day ahead inc hosp",2022-06-18,"quantile",0.65,136.620119723714
2022-05-21,"22","28  day ahead inc hosp",2022-06-18,"quantile",0.7,146.919372523869
2022-05-21,"22","28  day ahead inc hosp",2022-06-18,"quantile",0.75,158.03388564484
2022-05-21,"22","28  day ahead inc hosp",2022-06-18,"quantile",0.8,170.410423070231
2022-05-21,"22","28  day ahead inc hosp",2022-06-18,"quantile",0.85,184.83678900656
2022-05-21,"22","28  day ahead inc hosp",2022-06-18,"quantile",0.9,202.988451507493
2022-05-21,"22","28  day ahead inc hosp",2022-06-18,"quantile",0.95,229.891949692725
2022-05-21,"22","28  day ahead inc hosp",2022-06-18,"quantile",0.975,253.226722142689
2022-05-21,"22","28  day ahead inc hosp",2022-06-18,"quantile",0.99,280.35843801601
2022-05-21,"22","29  day ahead inc hosp",2022-06-19,"quantile",0.01,0
2022-05-21,"22","29  day ahead inc hosp",2022-06-19,"quantile",0.025,0
2022-05-21,"22","29  day ahead inc hosp",2022-06-19,"quantile",0.05,0
2022-05-21,"22","29  day ahead inc hosp",2022-06-19,"quantile",0.1,15.0666947214033
2022-05-21,"22","29  day ahead inc hosp",2022-06-19,"quantile",0.15,33.4901842506289
2022-05-21,"22","29  day ahead inc hosp",2022-06-19,"quantile",0.2,48.1325896919542
2022-05-21,"22","29  day ahead inc hosp",2022-06-19,"quantile",0.25,60.694469776109
2022-05-21,"22","29  day ahead inc hosp",2022-06-19,"quantile",0.3,71.9754263329054
2022-05-21,"22","29  day ahead inc hosp",2022-06-19,"quantile",0.35,82.4289137813835
2022-05-21,"22","29  day ahead inc hosp",2022-06-19,"quantile",0.4,92.3482511212227
2022-05-21,"22","29  day ahead inc hosp",2022-06-19,"quantile",0.45,101.945324793073
2022-05-21,"22","29  day ahead inc hosp",2022-06-19,"quantile",0.5,111.390240487668
2022-05-21,"22","29  day ahead inc hosp",2022-06-19,"quantile",0.55,120.835156182263
2022-05-21,"22","29  day ahead inc hosp",2022-06-19,"quantile",0.6,130.432229854114
2022-05-21,"22","29  day ahead inc hosp",2022-06-19,"quantile",0.65,140.351567193953
2022-05-21,"22","29  day ahead inc hosp",2022-06-19,"quantile",0.7,150.805054642431
2022-05-21,"22","29  day ahead inc hosp",2022-06-19,"quantile",0.75,162.086011199228
2022-05-21,"22","29  day ahead inc hosp",2022-06-19,"quantile",0.8,174.647891283382
2022-05-21,"22","29  day ahead inc hosp",2022-06-19,"quantile",0.85,189.290296724708
2022-05-21,"22","29  day ahead inc hosp",2022-06-19,"quantile",0.9,207.713786253933
2022-05-21,"22","29  day ahead inc hosp",2022-06-19,"quantile",0.95,235.020173043006
2022-05-21,"22","29  day ahead inc hosp",2022-06-19,"quantile",0.975,258.704391272422
2022-05-21,"22","29  day ahead inc hosp",2022-06-19,"quantile",0.99,286.24241338342
2022-05-21,"22","30  day ahead inc hosp",2022-06-20,"quantile",0.01,0
2022-05-21,"22","30  day ahead inc hosp",2022-06-20,"quantile",0.025,0
2022-05-21,"22","30  day ahead inc hosp",2022-06-20,"quantile",0.05,0
2022-05-21,"22","30  day ahead inc hosp",2022-06-20,"quantile",0.1,15.7719882742736
2022-05-21,"22","30  day ahead inc hosp",2022-06-20,"quantile",0.15,34.4560966219977
2022-05-21,"22","30  day ahead inc hosp",2022-06-20,"quantile",0.2,49.3056336384808
2022-05-21,"22","30  day ahead inc hosp",2022-06-20,"quantile",0.25,62.0452141707758
2022-05-21,"22","30  day ahead inc hosp",2022-06-20,"quantile",0.3,73.4857512220655
2022-05-21,"22","30  day ahead inc hosp",2022-06-20,"quantile",0.35,84.0871137809394
2022-05-21,"22","30  day ahead inc hosp",2022-06-20,"quantile",0.4,94.1467701398057
2022-05-21,"22","30  day ahead inc hosp",2022-06-20,"quantile",0.45,103.879604086463
2022-05-21,"22","30  day ahead inc hosp",2022-06-20,"quantile",0.5,113.458127628
2022-05-21,"22","30  day ahead inc hosp",2022-06-20,"quantile",0.55,123.036651169536
2022-05-21,"22","30  day ahead inc hosp",2022-06-20,"quantile",0.6,132.769485116194
2022-05-21,"22","30  day ahead inc hosp",2022-06-20,"quantile",0.65,142.82914147506
2022-05-21,"22","30  day ahead inc hosp",2022-06-20,"quantile",0.7,153.430504033934
2022-05-21,"22","30  day ahead inc hosp",2022-06-20,"quantile",0.75,164.871041085224
2022-05-21,"22","30  day ahead inc hosp",2022-06-20,"quantile",0.8,177.610621617519
2022-05-21,"22","30  day ahead inc hosp",2022-06-20,"quantile",0.85,192.460158634002
2022-05-21,"22","30  day ahead inc hosp",2022-06-20,"quantile",0.9,211.144266981726
2022-05-21,"22","30  day ahead inc hosp",2022-06-20,"quantile",0.95,238.836930119324
2022-05-21,"22","30  day ahead inc hosp",2022-06-20,"quantile",0.975,262.856185474156
2022-05-21,"22","30  day ahead inc hosp",2022-06-20,"quantile",0.99,290.783760648647
2022-05-21,"22","31  day ahead inc hosp",2022-06-21,"quantile",0.01,0
2022-05-21,"22","31  day ahead inc hosp",2022-06-21,"quantile",0.025,0
2022-05-21,"22","31  day ahead inc hosp",2022-06-21,"quantile",0.05,0
2022-05-21,"22","31  day ahead inc hosp",2022-06-21,"quantile",0.1,14.4265986815173
2022-05-21,"22","31  day ahead inc hosp",2022-06-21,"quantile",0.15,33.3607757954987
2022-05-21,"22","31  day ahead inc hosp",2022-06-21,"quantile",0.2,48.4090595400618
2022-05-21,"22","31  day ahead inc hosp",2022-06-21,"quantile",0.25,61.3191470683054
2022-05-21,"22","31  day ahead inc hosp",2022-06-21,"quantile",0.3,72.912804671697
2022-05-21,"22","31  day ahead inc hosp",2022-06-21,"quantile",0.35,83.6560562416173
2022-05-21,"22","31  day ahead inc hosp",2022-06-21,"quantile",0.4,93.8503513966101
2022-05-21,"22","31  day ahead inc hosp",2022-06-21,"quantile",0.45,103.713449936682
2022-05-21,"22","31  day ahead inc hosp",2022-06-21,"quantile",0.5,113.420172775719
2022-05-21,"22","31  day ahead inc hosp",2022-06-21,"quantile",0.55,123.126895614756
2022-05-21,"22","31  day ahead inc hosp",2022-06-21,"quantile",0.6,132.989994154828
2022-05-21,"22","31  day ahead inc hosp",2022-06-21,"quantile",0.65,143.18428930982
2022-05-21,"22","31  day ahead inc hosp",2022-06-21,"quantile",0.7,153.927540879741
2022-05-21,"22","31  day ahead inc hosp",2022-06-21,"quantile",0.75,165.521198483132
2022-05-21,"22","31  day ahead inc hosp",2022-06-21,"quantile",0.8,178.431286011376
2022-05-21,"22","31  day ahead inc hosp",2022-06-21,"quantile",0.85,193.479569755939
2022-05-21,"22","31  day ahead inc hosp",2022-06-21,"quantile",0.9,212.41374686992
2022-05-21,"22","31  day ahead inc hosp",2022-06-21,"quantile",0.95,240.477049589366
2022-05-21,"22","31  day ahead inc hosp",2022-06-21,"quantile",0.975,264.817779506495
2022-05-21,"22","31  day ahead inc hosp",2022-06-21,"quantile",0.99,293.119138333836
2022-05-21,"22","32  day ahead inc hosp",2022-06-22,"quantile",0.01,0
2022-05-21,"22","32  day ahead inc hosp",2022-06-22,"quantile",0.025,0
2022-05-21,"22","32  day ahead inc hosp",2022-06-22,"quantile",0.05,0
2022-05-21,"22","32  day ahead inc hosp",2022-06-22,"quantile",0.1,13.1632289273062
2022-05-21,"22","32  day ahead inc hosp",2022-06-22,"quantile",0.15,32.3375251563857
2022-05-21,"22","32  day ahead inc hosp",2022-06-22,"quantile",0.2,47.576647961698
2022-05-21,"22","32  day ahead inc hosp",2022-06-22,"quantile",0.25,60.6504584114321
2022-05-21,"22","32  day ahead inc hosp",2022-06-22,"quantile",0.3,72.3911442583919
2022-05-21,"22","32  day ahead inc hosp",2022-06-22,"quantile",0.35,83.2706394075666
2022-05-21,"22","32  day ahead inc hosp",2022-06-22,"quantile",0.4,93.5942163959832
2022-05-21,"22","32  day ahead inc hosp",2022-06-22,"quantile",0.45,103.582396606059
2022-05-21,"22","32  day ahead inc hosp",2022-06-22,"quantile",0.5,113.412217992478
2022-05-21,"22","32  day ahead inc hosp",2022-06-22,"quantile",0.55,123.242039378897
2022-05-21,"22","32  day ahead inc hosp",2022-06-22,"quantile",0.6,133.230219588974
2022-05-21,"22","32  day ahead inc hosp",2022-06-22,"quantile",0.65,143.55379657739
2022-05-21,"22","32  day ahead inc hosp",2022-06-22,"quantile",0.7,154.433291726565
2022-05-21,"22","32  day ahead inc hosp",2022-06-22,"quantile",0.75,166.173977573525
2022-05-21,"22","32  day ahead inc hosp",2022-06-22,"quantile",0.8,179.247788023259
2022-05-21,"22","32  day ahead inc hosp",2022-06-22,"quantile",0.85,194.486910828571
2022-05-21,"22","32  day ahead inc hosp",2022-06-22,"quantile",0.9,213.661207057651
2022-05-21,"22","32  day ahead inc hosp",2022-06-22,"quantile",0.95,242.080402477114
2022-05-21,"22","32  day ahead inc hosp",2022-06-22,"quantile",0.975,266.729816235816
2022-05-21,"22","32  day ahead inc hosp",2022-06-22,"quantile",0.99,295.390086738947
2022-05-21,"22","33  day ahead inc hosp",2022-06-23,"quantile",0.01,0
2022-05-21,"22","33  day ahead inc hosp",2022-06-23,"quantile",0.025,0
2022-05-21,"22","33  day ahead inc hosp",2022-06-23,"quantile",0.05,0
2022-05-21,"22","33  day ahead inc hosp",2022-06-23,"quantile",0.1,15.3058448966791
2022-05-21,"22","33  day ahead inc hosp",2022-06-23,"quantile",0.15,34.7108602778687
2022-05-21,"22","33  day ahead inc hosp",2022-06-23,"quantile",0.2,50.1333513513321
2022-05-21,"22","33  day ahead inc hosp",2022-06-23,"quantile",0.25,63.3644754477197
2022-05-21,"22","33  day ahead inc hosp",2022-06-23,"quantile",0.3,75.246433811357
2022-05-21,"22","33  day ahead inc hosp",2022-06-23,"quantile",0.35,86.2568390010471
2022-05-21,"22","33  day ahead inc hosp",2022-06-23,"quantile",0.4,96.704636816192
2022-05-21,"22","33  day ahead inc hosp",2022-06-23,"quantile",0.45,106.813002113724
2022-05-21,"22","33  day ahead inc hosp",2022-06-23,"quantile",0.5,116.761103098443
2022-05-21,"22","33  day ahead inc hosp",2022-06-23,"quantile",0.55,126.709204083163
2022-05-21,"22","33  day ahead inc hosp",2022-06-23,"quantile",0.6,136.817569380694
2022-05-21,"22","33  day ahead inc hosp",2022-06-23,"quantile",0.65,147.265367195839
2022-05-21,"22","33  day ahead inc hosp",2022-06-23,"quantile",0.7,158.275772385529
2022-05-21,"22","33  day ahead inc hosp",2022-06-23,"quantile",0.75,170.157730749167
2022-05-21,"22","33  day ahead inc hosp",2022-06-23,"quantile",0.8,183.388854845554
2022-05-21,"22","33  day ahead inc hosp",2022-06-23,"quantile",0.85,198.811345919018
2022-05-21,"22","33  day ahead inc hosp",2022-06-23,"quantile",0.9,218.216361300207
2022-05-21,"22","33  day ahead inc hosp",2022-06-23,"quantile",0.95,246.977517258535
2022-05-21,"22","33  day ahead inc hosp",2022-06-23,"quantile",0.975,271.923530786765
2022-05-21,"22","33  day ahead inc hosp",2022-06-23,"quantile",0.99,300.928662620436
2022-05-21,"22","34  day ahead inc hosp",2022-06-24,"quantile",0.01,0
2022-05-21,"22","34  day ahead inc hosp",2022-06-24,"quantile",0.025,0
2022-05-21,"22","34  day ahead inc hosp",2022-06-24,"quantile",0.05,0
2022-05-21,"22","34  day ahead inc hosp",2022-06-24,"quantile",0.1,13.6410603716288
2022-05-21,"22","34  day ahead inc hosp",2022-06-24,"quantile",0.15,33.2678998724461
2022-05-21,"22","34  day ahead inc hosp",2022-06-24,"quantile",0.2,48.8666897242219
2022-05-21,"22","34  day ahead inc hosp",2022-06-24,"quantile",0.25,62.2490624744607
2022-05-21,"22","34  day ahead inc hosp",2022-06-24,"quantile",0.3,74.2668468037925
2022-05-21,"22","34  day ahead inc hosp",2022-06-24,"quantile",0.35,85.403114992814
2022-05-21,"22","34  day ahead inc hosp",2022-06-24,"quantile",0.4,95.9703444861548
2022-05-21,"22","34  day ahead inc hosp",2022-06-24,"quantile",0.45,106.194261314513
2022-05-21,"22","34  day ahead inc hosp",2022-06-24,"quantile",0.5,116.256081804193
2022-05-21,"22","34  day ahead inc hosp",2022-06-24,"quantile",0.55,126.317902293873
2022-05-21,"22","34  day ahead inc hosp",2022-06-24,"quantile",0.6,136.541819122231
2022-05-21,"22","34  day ahead inc hosp",2022-06-24,"quantile",0.65,147.109048615571
2022-05-21,"22","34  day ahead inc hosp",2022-06-24,"quantile",0.7,158.245316804593
2022-05-21,"22","34  day ahead inc hosp",2022-06-24,"quantile",0.75,170.263101133925
2022-05-21,"22","34  day ahead inc hosp",2022-06-24,"quantile",0.8,183.645473884163
2022-05-21,"22","34  day ahead inc hosp",2022-06-24,"quantile",0.85,199.244263735939
2022-05-21,"22","34  day ahead inc hosp",2022-06-24,"quantile",0.9,218.871103236757
2022-05-21,"22","34  day ahead inc hosp",2022-06-24,"quantile",0.95,247.961035955865
2022-05-21,"22","34  day ahead inc hosp",2022-06-24,"quantile",0.975,273.192214292286
2022-05-21,"22","34  day ahead inc hosp",2022-06-24,"quantile",0.99,302.528911842722
2022-05-21,"22","35  day ahead inc hosp",2022-06-25,"quantile",0.01,0
2022-05-21,"22","35  day ahead inc hosp",2022-06-25,"quantile",0.025,0
2022-05-21,"22","35  day ahead inc hosp",2022-06-25,"quantile",0.05,0
2022-05-21,"22","35  day ahead inc hosp",2022-06-25,"quantile",0.1,11.8802796841309
2022-05-21,"22","35  day ahead inc hosp",2022-06-25,"quantile",0.15,31.720513512266
2022-05-21,"22","35  day ahead inc hosp",2022-06-25,"quantile",0.2,47.4889024106563
2022-05-21,"22","35  day ahead inc hosp",2022-06-25,"quantile",0.25,61.0167760415048
2022-05-21,"22","35  day ahead inc hosp",2022-06-25,"quantile",0.3,73.1652246585178
2022-05-21,"22","35  day ahead inc hosp",2022-06-25,"quantile",0.35,84.4225727829476
2022-05-21,"22","35  day ahead inc hosp",2022-06-25,"quantile",0.4,95.1046952945582
2022-05-21,"22","35  day ahead inc hosp",2022-06-25,"quantile",0.45,105.439772447738
2022-05-21,"22","35  day ahead inc hosp",2022-06-25,"quantile",0.5,115.610990857287
2022-05-21,"22","35  day ahead inc hosp",2022-06-25,"quantile",0.55,125.782209266836
2022-05-21,"22","35  day ahead inc hosp",2022-06-25,"quantile",0.6,136.117286420016
2022-05-21,"22","35  day ahead inc hosp",2022-06-25,"quantile",0.65,146.799408931626
2022-05-21,"22","35  day ahead inc hosp",2022-06-25,"quantile",0.7,158.056757056056
2022-05-21,"22","35  day ahead inc hosp",2022-06-25,"quantile",0.75,170.205205673069
2022-05-21,"22","35  day ahead inc hosp",2022-06-25,"quantile",0.8,183.733079303918
2022-05-21,"22","35  day ahead inc hosp",2022-06-25,"quantile",0.85,199.501468202308
2022-05-21,"22","35  day ahead inc hosp",2022-06-25,"quantile",0.9,219.341702030443
2022-05-21,"22","35  day ahead inc hosp",2022-06-25,"quantile",0.95,248.747917288269
2022-05-21,"22","35  day ahead inc hosp",2022-06-25,"quantile",0.975,274.253423558554
2022-05-21,"22","35  day ahead inc hosp",2022-06-25,"quantile",0.99,303.909086617382
2022-05-21,"22","36  day ahead inc hosp",2022-06-26,"quantile",0.01,0
2022-05-21,"22","36  day ahead inc hosp",2022-06-26,"quantile",0.025,0
2022-05-21,"22","36  day ahead inc hosp",2022-06-26,"quantile",0.05,0
2022-05-21,"22","36  day ahead inc hosp",2022-06-26,"quantile",0.1,11.6906782463252
2022-05-21,"22","36  day ahead inc hosp",2022-06-26,"quantile",0.15,31.7363064967626
2022-05-21,"22","36  day ahead inc hosp",2022-06-26,"quantile",0.2,47.667936370863
2022-05-21,"22","36  day ahead inc hosp",2022-06-26,"quantile",0.25,61.3358562236186
2022-05-21,"22","36  day ahead inc hosp",2022-06-26,"quantile",0.3,73.6100706762148
2022-05-21,"22","36  day ahead inc hosp",2022-06-26,"quantile",0.35,84.9839595901686
2022-05-21,"22","36  day ahead inc hosp",2022-06-26,"quantile",0.4,95.7766679144888
2022-05-21,"22","36  day ahead inc hosp",2022-06-26,"quantile",0.45,106.218738121265
2022-05-21,"22","36  day ahead inc hosp",2022-06-26,"quantile",0.5,116.495253249967
2022-05-21,"22","36  day ahead inc hosp",2022-06-26,"quantile",0.55,126.771768378669
2022-05-21,"22","36  day ahead inc hosp",2022-06-26,"quantile",0.6,137.213838585445
2022-05-21,"22","36  day ahead inc hosp",2022-06-26,"quantile",0.65,148.006546909765
2022-05-21,"22","36  day ahead inc hosp",2022-06-26,"quantile",0.7,159.380435823719
2022-05-21,"22","36  day ahead inc hosp",2022-06-26,"quantile",0.75,171.654650276315
2022-05-21,"22","36  day ahead inc hosp",2022-06-26,"quantile",0.8,185.322570129071
2022-05-21,"22","36  day ahead inc hosp",2022-06-26,"quantile",0.85,201.254200003171
2022-05-21,"22","36  day ahead inc hosp",2022-06-26,"quantile",0.9,221.299828253608
2022-05-21,"22","36  day ahead inc hosp",2022-06-26,"quantile",0.95,251.010468985816
2022-05-21,"22","36  day ahead inc hosp",2022-06-26,"quantile",0.975,276.780018954945
2022-05-21,"22","36  day ahead inc hosp",2022-06-26,"quantile",0.99,306.742689876418
2022-05-21,"22","37  day ahead inc hosp",2022-06-27,"quantile",0.01,0
2022-05-21,"22","37  day ahead inc hosp",2022-06-27,"quantile",0.025,0
2022-05-21,"22","37  day ahead inc hosp",2022-06-27,"quantile",0.05,0
2022-05-21,"22","37  day ahead inc hosp",2022-06-27,"quantile",0.1,13.8652973288439
2022-05-21,"22","37  day ahead inc hosp",2022-06-27,"quantile",0.15,34.1087183642615
2022-05-21,"22","37  day ahead inc hosp",2022-06-27,"quantile",0.2,50.1975476737053
2022-05-21,"22","37  day ahead inc hosp",2022-06-27,"quantile",0.25,64.0003306446825
2022-05-21,"22","37  day ahead inc hosp",2022-06-27,"quantile",0.3,76.3956563455615
2022-05-21,"22","37  day ahead inc hosp",2022-06-27,"quantile",0.35,87.8817728802335
2022-05-21,"22","37  day ahead inc hosp",2022-06-27,"quantile",0.4,98.7809742418522
2022-05-21,"22","37  day ahead inc hosp",2022-06-27,"quantile",0.45,109.326077694648
2022-05-21,"22","37  day ahead inc hosp",2022-06-27,"quantile",0.5,119.703992516181
2022-05-21,"22","37  day ahead inc hosp",2022-06-27,"quantile",0.55,130.081907337715
2022-05-21,"22","37  day ahead inc hosp",2022-06-27,"quantile",0.6,140.627010790511
2022-05-21,"22","37  day ahead inc hosp",2022-06-27,"quantile",0.65,151.526212152129
2022-05-21,"22","37  day ahead inc hosp",2022-06-27,"quantile",0.7,163.012328686801
2022-05-21,"22","37  day ahead inc hosp",2022-06-27,"quantile",0.75,175.40765438768
2022-05-21,"22","37  day ahead inc hosp",2022-06-27,"quantile",0.8,189.210437358658
2022-05-21,"22","37  day ahead inc hosp",2022-06-27,"quantile",0.85,205.299266668101
2022-05-21,"22","37  day ahead inc hosp",2022-06-27,"quantile",0.9,225.542687703519
2022-05-21,"22","37  day ahead inc hosp",2022-06-27,"quantile",0.95,255.54648713849
2022-05-21,"22","37  day ahead inc hosp",2022-06-27,"quantile",0.975,281.570308562342
2022-05-21,"22","37  day ahead inc hosp",2022-06-27,"quantile",0.99,311.828625000781
2022-05-21,"23","1  day ahead inc hosp",2022-05-22,"quantile",0.01,13.8579296157653
2022-05-21,"23","1  day ahead inc hosp",2022-05-22,"quantile",0.025,15.6279530202905
2022-05-21,"23","1  day ahead inc hosp",2022-05-22,"quantile",0.05,17.150270796599
2022-05-21,"23","1  day ahead inc hosp",2022-05-22,"quantile",0.1,18.905405697532
2022-05-21,"23","1  day ahead inc hosp",2022-05-22,"quantile",0.15,20.0895868826698
2022-05-21,"23","1  day ahead inc hosp",2022-05-22,"quantile",0.2,21.0307365493099
2022-05-21,"23","1  day ahead inc hosp",2022-05-22,"quantile",0.25,21.8381591617318
2022-05-21,"23","1  day ahead inc hosp",2022-05-22,"quantile",0.3,22.5632496221315
2022-05-21,"23","1  day ahead inc hosp",2022-05-22,"quantile",0.35,23.2351539937722
2022-05-21,"23","1  day ahead inc hosp",2022-05-22,"quantile",0.4,23.8727255367874
2022-05-21,"23","1  day ahead inc hosp",2022-05-22,"quantile",0.45,24.4895833832099
2022-05-21,"23","1  day ahead inc hosp",2022-05-22,"quantile",0.5,25.0966611815288
2022-05-21,"23","1  day ahead inc hosp",2022-05-22,"quantile",0.55,25.7037389798477
2022-05-21,"23","1  day ahead inc hosp",2022-05-22,"quantile",0.6,26.3205968262702
2022-05-21,"23","1  day ahead inc hosp",2022-05-22,"quantile",0.65,26.9581683692855
2022-05-21,"23","1  day ahead inc hosp",2022-05-22,"quantile",0.7,27.6300727409261
2022-05-21,"23","1  day ahead inc hosp",2022-05-22,"quantile",0.75,28.3551632013258
2022-05-21,"23","1  day ahead inc hosp",2022-05-22,"quantile",0.8,29.1625858137477
2022-05-21,"23","1  day ahead inc hosp",2022-05-22,"quantile",0.85,30.1037354803878
2022-05-21,"23","1  day ahead inc hosp",2022-05-22,"quantile",0.9,31.2879166655256
2022-05-21,"23","1  day ahead inc hosp",2022-05-22,"quantile",0.95,33.0430515664586
2022-05-21,"23","1  day ahead inc hosp",2022-05-22,"quantile",0.975,34.5653693427671
2022-05-21,"23","1  day ahead inc hosp",2022-05-22,"quantile",0.99,36.3353927472923
2022-05-21,"23","2  day ahead inc hosp",2022-05-23,"quantile",0.01,12.8968304436619
2022-05-21,"23","2  day ahead inc hosp",2022-05-23,"quantile",0.025,14.7323409319596
2022-05-21,"23","2  day ahead inc hosp",2022-05-23,"quantile",0.05,16.3109812130952
2022-05-21,"23","2  day ahead inc hosp",2022-05-23,"quantile",0.1,18.1310523549816
2022-05-21,"23","2  day ahead inc hosp",2022-05-23,"quantile",0.15,19.3590457136053
2022-05-21,"23","2  day ahead inc hosp",2022-05-23,"quantile",0.2,20.3350159068577
2022-05-21,"23","2  day ahead inc hosp",2022-05-23,"quantile",0.25,21.1723114306344
2022-05-21,"23","2  day ahead inc hosp",2022-05-23,"quantile",0.3,21.924228688692
2022-05-21,"23","2  day ahead inc hosp",2022-05-23,"quantile",0.35,22.6209920863547
2022-05-21,"23","2  day ahead inc hosp",2022-05-23,"quantile",0.4,23.2821524140954
2022-05-21,"23","2  day ahead inc hosp",2022-05-23,"quantile",0.45,23.9218326827307
2022-05-21,"23","2  day ahead inc hosp",2022-05-23,"quantile",0.5,24.5513710623804
2022-05-21,"23","2  day ahead inc hosp",2022-05-23,"quantile",0.55,25.1809094420302
2022-05-21,"23","2  day ahead inc hosp",2022-05-23,"quantile",0.6,25.8205897106654
2022-05-21,"23","2  day ahead inc hosp",2022-05-23,"quantile",0.65,26.4817500384061
2022-05-21,"23","2  day ahead inc hosp",2022-05-23,"quantile",0.7,27.1785134360689
2022-05-21,"23","2  day ahead inc hosp",2022-05-23,"quantile",0.75,27.9304306941264
2022-05-21,"23","2  day ahead inc hosp",2022-05-23,"quantile",0.8,28.7677262179032
2022-05-21,"23","2  day ahead inc hosp",2022-05-23,"quantile",0.85,29.7436964111556
2022-05-21,"23","2  day ahead inc hosp",2022-05-23,"quantile",0.9,30.9716897697792
2022-05-21,"23","2  day ahead inc hosp",2022-05-23,"quantile",0.95,32.7917609116656
2022-05-21,"23","2  day ahead inc hosp",2022-05-23,"quantile",0.975,34.3704011928012
2022-05-21,"23","2  day ahead inc hosp",2022-05-23,"quantile",0.99,36.2059116810989
2022-05-21,"23","3  day ahead inc hosp",2022-05-24,"quantile",0.01,14.3197585467159
2022-05-21,"23","3  day ahead inc hosp",2022-05-24,"quantile",0.025,16.2184988272005
2022-05-21,"23","3  day ahead inc hosp",2022-05-24,"quantile",0.05,17.8515202178696
2022-05-21,"23","3  day ahead inc hosp",2022-05-24,"quantile",0.1,19.7342892962704
2022-05-21,"23","3  day ahead inc hosp",2022-05-24,"quantile",0.15,21.0045846550012
2022-05-21,"23","3  day ahead inc hosp",2022-05-24,"quantile",0.2,22.0141751369381
2022-05-21,"23","3  day ahead inc hosp",2022-05-24,"quantile",0.25,22.8803138747989
2022-05-21,"23","3  day ahead inc hosp",2022-05-24,"quantile",0.3,23.6581332305409
2022-05-21,"23","3  day ahead inc hosp",2022-05-24,"quantile",0.35,24.3788987818925
2022-05-21,"23","3  day ahead inc hosp",2022-05-24,"quantile",0.4,25.0628348063082
2022-05-21,"23","3  day ahead inc hosp",2022-05-24,"quantile",0.45,25.7245508250575
2022-05-21,"23","3  day ahead inc hosp",2022-05-24,"quantile",0.5,26.3757755863285
2022-05-21,"23","3  day ahead inc hosp",2022-05-24,"quantile",0.55,27.0270003475995
2022-05-21,"23","3  day ahead inc hosp",2022-05-24,"quantile",0.6,27.6887163663488
2022-05-21,"23","3  day ahead inc hosp",2022-05-24,"quantile",0.65,28.3726523907645
2022-05-21,"23","3  day ahead inc hosp",2022-05-24,"quantile",0.7,29.0934179421161
2022-05-21,"23","3  day ahead inc hosp",2022-05-24,"quantile",0.75,29.8712372978581
2022-05-21,"23","3  day ahead inc hosp",2022-05-24,"quantile",0.8,30.7373760357189
2022-05-21,"23","3  day ahead inc hosp",2022-05-24,"quantile",0.85,31.7469665176558
2022-05-21,"23","3  day ahead inc hosp",2022-05-24,"quantile",0.9,33.0172618763866
2022-05-21,"23","3  day ahead inc hosp",2022-05-24,"quantile",0.95,34.9000309547874
2022-05-21,"23","3  day ahead inc hosp",2022-05-24,"quantile",0.975,36.5330523454566
2022-05-21,"23","3  day ahead inc hosp",2022-05-24,"quantile",0.99,38.4317926259411
2022-05-21,"23","4  day ahead inc hosp",2022-05-25,"quantile",0.01,12.5162124659912
2022-05-21,"23","4  day ahead inc hosp",2022-05-25,"quantile",0.025,14.47614372826
2022-05-21,"23","4  day ahead inc hosp",2022-05-25,"quantile",0.05,16.1617927390396
2022-05-21,"23","4  day ahead inc hosp",2022-05-25,"quantile",0.1,18.1052380929502
2022-05-21,"23","4  day ahead inc hosp",2022-05-25,"quantile",0.15,19.4164714467063
2022-05-21,"23","4  day ahead inc hosp",2022-05-25,"quantile",0.2,20.4585981493283
2022-05-21,"23","4  day ahead inc hosp",2022-05-25,"quantile",0.25,21.352650067457
2022-05-21,"23","4  day ahead inc hosp",2022-05-25,"quantile",0.3,22.1555363217727
2022-05-21,"23","4  day ahead inc hosp",2022-05-25,"quantile",0.35,22.8995300903674
2022-05-21,"23","4  day ahead inc hosp",2022-05-25,"quantile",0.4,23.6055074214546
2022-05-21,"23","4  day ahead inc hosp",2022-05-25,"quantile",0.45,24.2885486594905
2022-05-21,"23","4  day ahead inc hosp",2022-05-25,"quantile",0.5,24.960760536753
2022-05-21,"23","4  day ahead inc hosp",2022-05-25,"quantile",0.55,25.6329724140155
2022-05-21,"23","4  day ahead inc hosp",2022-05-25,"quantile",0.6,26.3160136520514
2022-05-21,"23","4  day ahead inc hosp",2022-05-25,"quantile",0.65,27.0219909831386
2022-05-21,"23","4  day ahead inc hosp",2022-05-25,"quantile",0.7,27.7659847517333
2022-05-21,"23","4  day ahead inc hosp",2022-05-25,"quantile",0.75,28.568871006049
2022-05-21,"23","4  day ahead inc hosp",2022-05-25,"quantile",0.8,29.4629229241777
2022-05-21,"23","4  day ahead inc hosp",2022-05-25,"quantile",0.85,30.5050496267997
2022-05-21,"23","4  day ahead inc hosp",2022-05-25,"quantile",0.9,31.8162829805558
2022-05-21,"23","4  day ahead inc hosp",2022-05-25,"quantile",0.95,33.7597283344664
2022-05-21,"23","4  day ahead inc hosp",2022-05-25,"quantile",0.975,35.445377345246
2022-05-21,"23","4  day ahead inc hosp",2022-05-25,"quantile",0.99,37.4053086075148
2022-05-21,"23","5  day ahead inc hosp",2022-05-26,"quantile",0.01,11.2397134179647
2022-05-21,"23","5  day ahead inc hosp",2022-05-26,"quantile",0.025,13.2589822096075
2022-05-21,"23","5  day ahead inc hosp",2022-05-26,"quantile",0.05,14.9956647691736
2022-05-21,"23","5  day ahead inc hosp",2022-05-26,"quantile",0.1,16.9979485364483
2022-05-21,"23","5  day ahead inc hosp",2022-05-26,"quantile",0.15,18.348879888365
2022-05-21,"23","5  day ahead inc hosp",2022-05-26,"quantile",0.2,19.4225573014731
2022-05-21,"23","5  day ahead inc hosp",2022-05-26,"quantile",0.25,20.3436769198701
2022-05-21,"23","5  day ahead inc hosp",2022-05-26,"quantile",0.3,21.1708708055893
2022-05-21,"23","5  day ahead inc hosp",2022-05-26,"quantile",0.35,21.9373892172406
2022-05-21,"23","5  day ahead inc hosp",2022-05-26,"quantile",0.4,22.6647402318989
2022-05-21,"23","5  day ahead inc hosp",2022-05-26,"quantile",0.45,23.3684607561454
2022-05-21,"23","5  day ahead inc hosp",2022-05-26,"quantile",0.5,24.0610240573484
2022-05-21,"23","5  day ahead inc hosp",2022-05-26,"quantile",0.55,24.7535873585513
2022-05-21,"23","5  day ahead inc hosp",2022-05-26,"quantile",0.6,25.4573078827978
2022-05-21,"23","5  day ahead inc hosp",2022-05-26,"quantile",0.65,26.1846588974561
2022-05-21,"23","5  day ahead inc hosp",2022-05-26,"quantile",0.7,26.9511773091074
2022-05-21,"23","5  day ahead inc hosp",2022-05-26,"quantile",0.75,27.7783711948266
2022-05-21,"23","5  day ahead inc hosp",2022-05-26,"quantile",0.8,28.6994908132236
2022-05-21,"23","5  day ahead inc hosp",2022-05-26,"quantile",0.85,29.7731682263317
2022-05-21,"23","5  day ahead inc hosp",2022-05-26,"quantile",0.9,31.1240995782484
2022-05-21,"23","5  day ahead inc hosp",2022-05-26,"quantile",0.95,33.1263833455231
2022-05-21,"23","5  day ahead inc hosp",2022-05-26,"quantile",0.975,34.8630659050892
2022-05-21,"23","5  day ahead inc hosp",2022-05-26,"quantile",0.99,36.882334696732
2022-05-21,"23","6  day ahead inc hosp",2022-05-27,"quantile",0.01,11.5610464814228
2022-05-21,"23","6  day ahead inc hosp",2022-05-27,"quantile",0.025,13.6379582159427
2022-05-21,"23","6  day ahead inc hosp",2022-05-27,"quantile",0.05,15.4242168864214
2022-05-21,"23","6  day ahead inc hosp",2022-05-27,"quantile",0.1,17.4836587345313
2022-05-21,"23","6  day ahead inc hosp",2022-05-27,"quantile",0.15,18.8731543722289
2022-05-21,"23","6  day ahead inc hosp",2022-05-27,"quantile",0.2,19.9774814571629
2022-05-21,"23","6  day ahead inc hosp",2022-05-27,"quantile",0.25,20.9248957648881
2022-05-21,"23","6  day ahead inc hosp",2022-05-27,"quantile",0.3,21.7757030942955
2022-05-21,"23","6  day ahead inc hosp",2022-05-27,"quantile",0.35,22.5641028806305
2022-05-21,"23","6  day ahead inc hosp",2022-05-27,"quantile",0.4,23.3122171800793
2022-05-21,"23","6  day ahead inc hosp",2022-05-27,"quantile",0.45,24.0360264226522
2022-05-21,"23","6  day ahead inc hosp",2022-05-27,"quantile",0.5,24.7483599431421
2022-05-21,"23","6  day ahead inc hosp",2022-05-27,"quantile",0.55,25.460693463632
2022-05-21,"23","6  day ahead inc hosp",2022-05-27,"quantile",0.6,26.1845027062049
2022-05-21,"23","6  day ahead inc hosp",2022-05-27,"quantile",0.65,26.9326170056537
2022-05-21,"23","6  day ahead inc hosp",2022-05-27,"quantile",0.7,27.7210167919887
2022-05-21,"23","6  day ahead inc hosp",2022-05-27,"quantile",0.75,28.5718241213961
2022-05-21,"23","6  day ahead inc hosp",2022-05-27,"quantile",0.8,29.5192384291213
2022-05-21,"23","6  day ahead inc hosp",2022-05-27,"quantile",0.85,30.6235655140553
2022-05-21,"23","6  day ahead inc hosp",2022-05-27,"quantile",0.9,32.013061151753
2022-05-21,"23","6  day ahead inc hosp",2022-05-27,"quantile",0.95,34.0725029998628
2022-05-21,"23","6  day ahead inc hosp",2022-05-27,"quantile",0.975,35.8587616703415
2022-05-21,"23","6  day ahead inc hosp",2022-05-27,"quantile",0.99,37.9356734048614
2022-05-21,"23","7  day ahead inc hosp",2022-05-28,"quantile",0.01,11.5801599011111
2022-05-21,"23","7  day ahead inc hosp",2022-05-28,"quantile",0.025,13.7131573819043
2022-05-21,"23","7  day ahead inc hosp",2022-05-28,"quantile",0.05,15.5476528883091
2022-05-21,"23","7  day ahead inc hosp",2022-05-28,"quantile",0.1,17.6627087189672
2022-05-21,"23","7  day ahead inc hosp",2022-05-28,"quantile",0.15,19.0897268466622
2022-05-21,"23","7  day ahead inc hosp",2022-05-28,"quantile",0.2,20.2238756171589
2022-05-21,"23","7  day ahead inc hosp",2022-05-28,"quantile",0.25,21.1968742757237
2022-05-21,"23","7  day ahead inc hosp",2022-05-28,"quantile",0.3,22.0706571429027
2022-05-21,"23","7  day ahead inc hosp",2022-05-28,"quantile",0.35,22.8803471890226
2022-05-21,"23","7  day ahead inc hosp",2022-05-28,"quantile",0.4,23.6486638630283
2022-05-21,"23","7  day ahead inc hosp",2022-05-28,"quantile",0.45,24.3920191367852
2022-05-21,"23","7  day ahead inc hosp",2022-05-28,"quantile",0.5,25.1235887935192
2022-05-21,"23","7  day ahead inc hosp",2022-05-28,"quantile",0.55,25.8551584502531
2022-05-21,"23","7  day ahead inc hosp",2022-05-28,"quantile",0.6,26.59851372401
2022-05-21,"23","7  day ahead inc hosp",2022-05-28,"quantile",0.65,27.3668303980157
2022-05-21,"23","7  day ahead inc hosp",2022-05-28,"quantile",0.7,28.1765204441357
2022-05-21,"23","7  day ahead inc hosp",2022-05-28,"quantile",0.75,29.0503033113146
2022-05-21,"23","7  day ahead inc hosp",2022-05-28,"quantile",0.8,30.0233019698794
2022-05-21,"23","7  day ahead inc hosp",2022-05-28,"quantile",0.85,31.1574507403761
2022-05-21,"23","7  day ahead inc hosp",2022-05-28,"quantile",0.9,32.5844688680711
2022-05-21,"23","7  day ahead inc hosp",2022-05-28,"quantile",0.95,34.6995246987292
2022-05-21,"23","7  day ahead inc hosp",2022-05-28,"quantile",0.975,36.534020205134
2022-05-21,"23","7  day ahead inc hosp",2022-05-28,"quantile",0.99,38.6670176859272
2022-05-21,"23","8  day ahead inc hosp",2022-05-29,"quantile",0.01,9.96857389533735
2022-05-21,"23","8  day ahead inc hosp",2022-05-29,"quantile",0.025,12.1562196969136
2022-05-21,"23","8  day ahead inc hosp",2022-05-29,"quantile",0.05,14.0377157740231
2022-05-21,"23","8  day ahead inc hosp",2022-05-29,"quantile",0.1,16.2069602526044
2022-05-21,"23","8  day ahead inc hosp",2022-05-29,"quantile",0.15,17.670539203792
2022-05-21,"23","8  day ahead inc hosp",2022-05-29,"quantile",0.2,18.833745357799
2022-05-21,"23","8  day ahead inc hosp",2022-05-29,"quantile",0.25,19.831672664097
2022-05-21,"23","8  day ahead inc hosp",2022-05-29,"quantile",0.3,20.7278422273927
2022-05-21,"23","8  day ahead inc hosp",2022-05-29,"quantile",0.35,21.5582768837495
2022-05-21,"23","8  day ahead inc hosp",2022-05-29,"quantile",0.4,22.3462781642501
2022-05-21,"23","8  day ahead inc hosp",2022-05-29,"quantile",0.45,23.1086785225988
2022-05-21,"23","8  day ahead inc hosp",2022-05-29,"quantile",0.5,23.8589913113038
2022-05-21,"23","8  day ahead inc hosp",2022-05-29,"quantile",0.55,24.6093041000088
2022-05-21,"23","8  day ahead inc hosp",2022-05-29,"quantile",0.6,25.3717044583576
2022-05-21,"23","8  day ahead inc hosp",2022-05-29,"quantile",0.65,26.1597057388581
2022-05-21,"23","8  day ahead inc hosp",2022-05-29,"quantile",0.7,26.9901403952149
2022-05-21,"23","8  day ahead inc hosp",2022-05-29,"quantile",0.75,27.8863099585106
2022-05-21,"23","8  day ahead inc hosp",2022-05-29,"quantile",0.8,28.8842372648087
2022-05-21,"23","8  day ahead inc hosp",2022-05-29,"quantile",0.85,30.0474434188157
2022-05-21,"23","8  day ahead inc hosp",2022-05-29,"quantile",0.9,31.5110223700032
2022-05-21,"23","8  day ahead inc hosp",2022-05-29,"quantile",0.95,33.6802668485846
2022-05-21,"23","8  day ahead inc hosp",2022-05-29,"quantile",0.975,35.5617629256941
2022-05-21,"23","8  day ahead inc hosp",2022-05-29,"quantile",0.99,37.7494087272703
2022-05-21,"23","9  day ahead inc hosp",2022-05-30,"quantile",0.01,11.5055835930881
2022-05-21,"23","9  day ahead inc hosp",2022-05-30,"quantile",0.025,13.7465454520313
2022-05-21,"23","9  day ahead inc hosp",2022-05-30,"quantile",0.05,15.6738962798095
2022-05-21,"23","9  day ahead inc hosp",2022-05-30,"quantile",0.1,17.8960083491954
2022-05-21,"23","9  day ahead inc hosp",2022-05-30,"quantile",0.15,19.3952568129093
2022-05-21,"23","9  day ahead inc hosp",2022-05-30,"quantile",0.2,20.5868119647256
2022-05-21,"23","9  day ahead inc hosp",2022-05-30,"quantile",0.25,21.6090601869016
2022-05-21,"23","9  day ahead inc hosp",2022-05-30,"quantile",0.3,22.527070684325
2022-05-21,"23","9  day ahead inc hosp",2022-05-30,"quantile",0.35,23.3777442211011
2022-05-21,"23","9  day ahead inc hosp",2022-05-30,"quantile",0.4,24.1849502199551
2022-05-21,"23","9  day ahead inc hosp",2022-05-30,"quantile",0.45,24.9659313655652
2022-05-21,"23","9  day ahead inc hosp",2022-05-30,"quantile",0.5,25.7345303501694
2022-05-21,"23","9  day ahead inc hosp",2022-05-30,"quantile",0.55,26.5031293347737
2022-05-21,"23","9  day ahead inc hosp",2022-05-30,"quantile",0.6,27.2841104803838
2022-05-21,"23","9  day ahead inc hosp",2022-05-30,"quantile",0.65,28.0913164792378
2022-05-21,"23","9  day ahead inc hosp",2022-05-30,"quantile",0.7,28.9419900160138
2022-05-21,"23","9  day ahead inc hosp",2022-05-30,"quantile",0.75,29.8600005134373
2022-05-21,"23","9  day ahead inc hosp",2022-05-30,"quantile",0.8,30.8822487356132
2022-05-21,"23","9  day ahead inc hosp",2022-05-30,"quantile",0.85,32.0738038874296
2022-05-21,"23","9  day ahead inc hosp",2022-05-30,"quantile",0.9,33.5730523511435
2022-05-21,"23","9  day ahead inc hosp",2022-05-30,"quantile",0.95,35.7951644205294
2022-05-21,"23","9  day ahead inc hosp",2022-05-30,"quantile",0.975,37.7225152483076
2022-05-21,"23","9  day ahead inc hosp",2022-05-30,"quantile",0.99,39.9634771072508
2022-05-21,"23","10  day ahead inc hosp",2022-05-31,"quantile",0.01,10.7193615310012
2022-05-21,"23","10  day ahead inc hosp",2022-05-31,"quantile",0.025,13.0124001162243
2022-05-21,"23","10  day ahead inc hosp",2022-05-31,"quantile",0.05,14.9845398015652
2022-05-21,"23","10  day ahead inc hosp",2022-05-31,"quantile",0.1,17.2582905552682
2022-05-21,"23","10  day ahead inc hosp",2022-05-31,"quantile",0.15,18.7923793941357
2022-05-21,"23","10  day ahead inc hosp",2022-05-31,"quantile",0.2,20.0116245716617
2022-05-21,"23","10  day ahead inc hosp",2022-05-31,"quantile",0.25,21.0576283703299
2022-05-21,"23","10  day ahead inc hosp",2022-05-31,"quantile",0.3,21.9969721096404
2022-05-21,"23","10  day ahead inc hosp",2022-05-31,"quantile",0.35,22.8674140743134
2022-05-21,"23","10  day ahead inc hosp",2022-05-31,"quantile",0.4,23.6933783780828
2022-05-21,"23","10  day ahead inc hosp",2022-05-31,"quantile",0.45,24.4925084007867
2022-05-21,"23","10  day ahead inc hosp",2022-05-31,"quantile",0.5,25.278968518895
2022-05-21,"23","10  day ahead inc hosp",2022-05-31,"quantile",0.55,26.0654286370034
2022-05-21,"23","10  day ahead inc hosp",2022-05-31,"quantile",0.6,26.8645586597073
2022-05-21,"23","10  day ahead inc hosp",2022-05-31,"quantile",0.65,27.6905229634766
2022-05-21,"23","10  day ahead inc hosp",2022-05-31,"quantile",0.7,28.5609649281496
2022-05-21,"23","10  day ahead inc hosp",2022-05-31,"quantile",0.75,29.5003086674601
2022-05-21,"23","10  day ahead inc hosp",2022-05-31,"quantile",0.8,30.5463124661283
2022-05-21,"23","10  day ahead inc hosp",2022-05-31,"quantile",0.85,31.7655576436543
2022-05-21,"23","10  day ahead inc hosp",2022-05-31,"quantile",0.9,33.2996464825218
2022-05-21,"23","10  day ahead inc hosp",2022-05-31,"quantile",0.95,35.5733972362248
2022-05-21,"23","10  day ahead inc hosp",2022-05-31,"quantile",0.975,37.5455369215658
2022-05-21,"23","10  day ahead inc hosp",2022-05-31,"quantile",0.99,39.8385755067889
2022-05-21,"23","11  day ahead inc hosp",2022-06-01,"quantile",0.01,11.7094771418724
2022-05-21,"23","11  day ahead inc hosp",2022-06-01,"quantile",0.025,14.0534357279839
2022-05-21,"23","11  day ahead inc hosp",2022-06-01,"quantile",0.05,16.0693694232367
2022-05-21,"23","11  day ahead inc hosp",2022-06-01,"quantile",0.1,18.3936118656294
2022-05-21,"23","11  day ahead inc hosp",2022-06-01,"quantile",0.15,19.961767207146
2022-05-21,"23","11  day ahead inc hosp",2022-06-01,"quantile",0.2,21.2080873610474
2022-05-21,"23","11  day ahead inc hosp",2022-06-01,"quantile",0.25,22.2773190786441
2022-05-21,"23","11  day ahead inc hosp",2022-06-01,"quantile",0.3,23.2375222070414
2022-05-21,"23","11  day ahead inc hosp",2022-06-01,"quantile",0.35,24.1272935043737
2022-05-21,"23","11  day ahead inc hosp",2022-06-01,"quantile",0.4,24.9715994546172
2022-05-21,"23","11  day ahead inc hosp",2022-06-01,"quantile",0.45,25.788475232551
2022-05-21,"23","11  day ahead inc hosp",2022-06-01,"quantile",0.5,26.5923997536445
2022-05-21,"23","11  day ahead inc hosp",2022-06-01,"quantile",0.55,27.3963242747379
2022-05-21,"23","11  day ahead inc hosp",2022-06-01,"quantile",0.6,28.2132000526717
2022-05-21,"23","11  day ahead inc hosp",2022-06-01,"quantile",0.65,29.0575060029152
2022-05-21,"23","11  day ahead inc hosp",2022-06-01,"quantile",0.7,29.9472773002475
2022-05-21,"23","11  day ahead inc hosp",2022-06-01,"quantile",0.75,30.9074804286448
2022-05-21,"23","11  day ahead inc hosp",2022-06-01,"quantile",0.8,31.9767121462415
2022-05-21,"23","11  day ahead inc hosp",2022-06-01,"quantile",0.85,33.2230323001429
2022-05-21,"23","11  day ahead inc hosp",2022-06-01,"quantile",0.9,34.7911876416595
2022-05-21,"23","11  day ahead inc hosp",2022-06-01,"quantile",0.95,37.1154300840522
2022-05-21,"23","11  day ahead inc hosp",2022-06-01,"quantile",0.975,39.1313637793051
2022-05-21,"23","11  day ahead inc hosp",2022-06-01,"quantile",0.99,41.4753223654166
2022-05-21,"23","12  day ahead inc hosp",2022-06-02,"quantile",0.01,9.45849565183857
2022-05-21,"23","12  day ahead inc hosp",2022-06-02,"quantile",0.025,11.8522913309828
2022-05-21,"23","12  day ahead inc hosp",2022-06-02,"quantile",0.05,13.91108767565
2022-05-21,"23","12  day ahead inc hosp",2022-06-02,"quantile",0.1,16.2847480077266
2022-05-21,"23","12  day ahead inc hosp",2022-06-02,"quantile",0.15,17.886245364801
2022-05-21,"23","12  day ahead inc hosp",2022-06-02,"quantile",0.2,19.1590646957044
2022-05-21,"23","12  day ahead inc hosp",2022-06-02,"quantile",0.25,20.2510303476373
2022-05-21,"23","12  day ahead inc hosp",2022-06-02,"quantile",0.3,21.2316492516903
2022-05-21,"23","12  day ahead inc hosp",2022-06-02,"quantile",0.35,22.1403388077264
2022-05-21,"23","12  day ahead inc hosp",2022-06-02,"quantile",0.4,23.0025963354593
2022-05-21,"23","12  day ahead inc hosp",2022-06-02,"quantile",0.45,23.8368404723659
2022-05-21,"23","12  day ahead inc hosp",2022-06-02,"quantile",0.5,24.6578579836625
2022-05-21,"23","12  day ahead inc hosp",2022-06-02,"quantile",0.55,25.4788754949592
2022-05-21,"23","12  day ahead inc hosp",2022-06-02,"quantile",0.6,26.3131196318658
2022-05-21,"23","12  day ahead inc hosp",2022-06-02,"quantile",0.65,27.1753771595986
2022-05-21,"23","12  day ahead inc hosp",2022-06-02,"quantile",0.7,28.0840667156347
2022-05-21,"23","12  day ahead inc hosp",2022-06-02,"quantile",0.75,29.0646856196877
2022-05-21,"23","12  day ahead inc hosp",2022-06-02,"quantile",0.8,30.1566512716206
2022-05-21,"23","12  day ahead inc hosp",2022-06-02,"quantile",0.85,31.429470602524
2022-05-21,"23","12  day ahead inc hosp",2022-06-02,"quantile",0.9,33.0309679595984
2022-05-21,"23","12  day ahead inc hosp",2022-06-02,"quantile",0.95,35.4046282916751
2022-05-21,"23","12  day ahead inc hosp",2022-06-02,"quantile",0.975,37.4634246363422
2022-05-21,"23","12  day ahead inc hosp",2022-06-02,"quantile",0.99,39.8572203154865
2022-05-21,"23","13  day ahead inc hosp",2022-06-03,"quantile",0.01,10.7539338610933
2022-05-21,"23","13  day ahead inc hosp",2022-06-03,"quantile",0.025,13.1965500105473
2022-05-21,"23","13  day ahead inc hosp",2022-06-03,"quantile",0.05,15.2973346530021
2022-05-21,"23","13  day ahead inc hosp",2022-06-03,"quantile",0.1,17.719404803334
2022-05-21,"23","13  day ahead inc hosp",2022-06-03,"quantile",0.15,19.3535640349592
2022-05-21,"23","13  day ahead inc hosp",2022-06-03,"quantile",0.2,20.6523419883529
2022-05-21,"23","13  day ahead inc hosp",2022-06-03,"quantile",0.25,21.766577826983
2022-05-21,"23","13  day ahead inc hosp",2022-06-03,"quantile",0.3,22.7671960469791
2022-05-21,"23","13  day ahead inc hosp",2022-06-03,"quantile",0.35,23.6944179497305
2022-05-21,"23","13  day ahead inc hosp",2022-06-03,"quantile",0.4,24.5742608622139
2022-05-21,"23","13  day ahead inc hosp",2022-06-03,"quantile",0.45,25.4255190623807
2022-05-21,"23","13  day ahead inc hosp",2022-06-03,"quantile",0.5,26.2632808853925
2022-05-21,"23","13  day ahead inc hosp",2022-06-03,"quantile",0.55,27.1010427084044
2022-05-21,"23","13  day ahead inc hosp",2022-06-03,"quantile",0.6,27.9523009085712
2022-05-21,"23","13  day ahead inc hosp",2022-06-03,"quantile",0.65,28.8321438210546
2022-05-21,"23","13  day ahead inc hosp",2022-06-03,"quantile",0.7,29.7593657238059
2022-05-21,"23","13  day ahead inc hosp",2022-06-03,"quantile",0.75,30.7599839438021
2022-05-21,"23","13  day ahead inc hosp",2022-06-03,"quantile",0.8,31.8742197824321
2022-05-21,"23","13  day ahead inc hosp",2022-06-03,"quantile",0.85,33.1729977358259
2022-05-21,"23","13  day ahead inc hosp",2022-06-03,"quantile",0.9,34.807156967451
2022-05-21,"23","13  day ahead inc hosp",2022-06-03,"quantile",0.95,37.229227117783
2022-05-21,"23","13  day ahead inc hosp",2022-06-03,"quantile",0.975,39.3300117602377
2022-05-21,"23","13  day ahead inc hosp",2022-06-03,"quantile",0.99,41.7726279096918
2022-05-21,"23","14  day ahead inc hosp",2022-06-04,"quantile",0.01,9.38712348183882
2022-05-21,"23","14  day ahead inc hosp",2022-06-04,"quantile",0.025,11.8776032656671
2022-05-21,"23","14  day ahead inc hosp",2022-06-04,"quantile",0.05,14.0195532742185
2022-05-21,"23","14  day ahead inc hosp",2022-06-04,"quantile",0.1,16.4890844552695
2022-05-21,"23","14  day ahead inc hosp",2022-06-04,"quantile",0.15,18.1552654189991
2022-05-21,"23","14  day ahead inc hosp",2022-06-04,"quantile",0.2,19.47949322996
2022-05-21,"23","14  day ahead inc hosp",2022-06-04,"quantile",0.25,20.6155627802843
2022-05-21,"23","14  day ahead inc hosp",2022-06-04,"quantile",0.3,21.6357883481811
2022-05-21,"23","14  day ahead inc hosp",2022-06-04,"quantile",0.35,22.5811793808413
2022-05-21,"23","14  day ahead inc hosp",2022-06-04,"quantile",0.4,23.4782630208453
2022-05-21,"23","14  day ahead inc hosp",2022-06-04,"quantile",0.45,24.3462018244135
2022-05-21,"23","14  day ahead inc hosp",2022-06-04,"quantile",0.5,25.2003797861618
2022-05-21,"23","14  day ahead inc hosp",2022-06-04,"quantile",0.55,26.0545577479101
2022-05-21,"23","14  day ahead inc hosp",2022-06-04,"quantile",0.6,26.9224965514783
2022-05-21,"23","14  day ahead inc hosp",2022-06-04,"quantile",0.65,27.8195801914823
2022-05-21,"23","14  day ahead inc hosp",2022-06-04,"quantile",0.7,28.7649712241425
2022-05-21,"23","14  day ahead inc hosp",2022-06-04,"quantile",0.75,29.7851967920393
2022-05-21,"23","14  day ahead inc hosp",2022-06-04,"quantile",0.8,30.9212663423636
2022-05-21,"23","14  day ahead inc hosp",2022-06-04,"quantile",0.85,32.2454941533245
2022-05-21,"23","14  day ahead inc hosp",2022-06-04,"quantile",0.9,33.9116751170541
2022-05-21,"23","14  day ahead inc hosp",2022-06-04,"quantile",0.95,36.3812062981052
2022-05-21,"23","14  day ahead inc hosp",2022-06-04,"quantile",0.975,38.5231563066565
2022-05-21,"23","14  day ahead inc hosp",2022-06-04,"quantile",0.99,41.0136360904848
2022-05-21,"23","15  day ahead inc hosp",2022-06-05,"quantile",0.01,7.52607242449396
2022-05-21,"23","15  day ahead inc hosp",2022-06-05,"quantile",0.025,10.063513153603
2022-05-21,"23","15  day ahead inc hosp",2022-06-05,"quantile",0.05,12.245852165831
2022-05-21,"23","15  day ahead inc hosp",2022-06-05,"quantile",0.1,14.7619492814523
2022-05-21,"23","15  day ahead inc hosp",2022-06-05,"quantile",0.15,16.4595480601642
2022-05-21,"23","15  day ahead inc hosp",2022-06-05,"quantile",0.2,17.808745754508
2022-05-21,"23","15  day ahead inc hosp",2022-06-05,"quantile",0.25,18.9662372414143
2022-05-21,"23","15  day ahead inc hosp",2022-06-05,"quantile",0.3,20.0057003704345
2022-05-21,"23","15  day ahead inc hosp",2022-06-05,"quantile",0.35,20.9689178704453
2022-05-21,"23","15  day ahead inc hosp",2022-06-05,"quantile",0.4,21.8829170847109
2022-05-21,"23","15  day ahead inc hosp",2022-06-05,"quantile",0.45,22.7672219021396
2022-05-21,"23","15  day ahead inc hosp",2022-06-05,"quantile",0.5,23.6375064007818
2022-05-21,"23","15  day ahead inc hosp",2022-06-05,"quantile",0.55,24.507790899424
2022-05-21,"23","15  day ahead inc hosp",2022-06-05,"quantile",0.6,25.3920957168526
2022-05-21,"23","15  day ahead inc hosp",2022-06-05,"quantile",0.65,26.3060949311182
2022-05-21,"23","15  day ahead inc hosp",2022-06-05,"quantile",0.7,27.269312431129
2022-05-21,"23","15  day ahead inc hosp",2022-06-05,"quantile",0.75,28.3087755601492
2022-05-21,"23","15  day ahead inc hosp",2022-06-05,"quantile",0.8,29.4662670470555
2022-05-21,"23","15  day ahead inc hosp",2022-06-05,"quantile",0.85,30.8154647413993
2022-05-21,"23","15  day ahead inc hosp",2022-06-05,"quantile",0.9,32.5130635201112
2022-05-21,"23","15  day ahead inc hosp",2022-06-05,"quantile",0.95,35.0291606357326
2022-05-21,"23","15  day ahead inc hosp",2022-06-05,"quantile",0.975,37.2114996479606
2022-05-21,"23","15  day ahead inc hosp",2022-06-05,"quantile",0.99,39.7489403770696
2022-05-21,"23","16  day ahead inc hosp",2022-06-06,"quantile",0.01,11.0788674028356
2022-05-21,"23","16  day ahead inc hosp",2022-06-06,"quantile",0.025,13.662415612919
2022-05-21,"23","16  day ahead inc hosp",2022-06-06,"quantile",0.05,15.8844096024363
2022-05-21,"23","16  day ahead inc hosp",2022-06-06,"quantile",0.1,18.4462263672134
2022-05-21,"23","16  day ahead inc hosp",2022-06-06,"quantile",0.15,20.1746719761561
2022-05-21,"23","16  day ahead inc hosp",2022-06-06,"quantile",0.2,21.548385753303
2022-05-21,"23","16  day ahead inc hosp",2022-06-06,"quantile",0.25,22.7269098563009
2022-05-21,"23","16  day ahead inc hosp",2022-06-06,"quantile",0.3,23.7852609246117
2022-05-21,"23","16  day ahead inc hosp",2022-06-06,"quantile",0.35,24.7659809152409
2022-05-21,"23","16  day ahead inc hosp",2022-06-06,"quantile",0.4,25.696588281531
2022-05-21,"23","16  day ahead inc hosp",2022-06-06,"quantile",0.45,26.596961678248
2022-05-21,"23","16  day ahead inc hosp",2022-06-06,"quantile",0.5,27.4830599949247
2022-05-21,"23","16  day ahead inc hosp",2022-06-06,"quantile",0.55,28.3691583116014
2022-05-21,"23","16  day ahead inc hosp",2022-06-06,"quantile",0.6,29.2695317083184
2022-05-21,"23","16  day ahead inc hosp",2022-06-06,"quantile",0.65,30.2001390746086
2022-05-21,"23","16  day ahead inc hosp",2022-06-06,"quantile",0.7,31.1808590652378
2022-05-21,"23","16  day ahead inc hosp",2022-06-06,"quantile",0.75,32.2392101335486
2022-05-21,"23","16  day ahead inc hosp",2022-06-06,"quantile",0.8,33.4177342365465
2022-05-21,"23","16  day ahead inc hosp",2022-06-06,"quantile",0.85,34.7914480136933
2022-05-21,"23","16  day ahead inc hosp",2022-06-06,"quantile",0.9,36.519893622636
2022-05-21,"23","16  day ahead inc hosp",2022-06-06,"quantile",0.95,39.0817103874131
2022-05-21,"23","16  day ahead inc hosp",2022-06-06,"quantile",0.975,41.3037043769304
2022-05-21,"23","16  day ahead inc hosp",2022-06-06,"quantile",0.99,43.8872525870139
2022-05-21,"23","17  day ahead inc hosp",2022-06-07,"quantile",0.01,8.52395450417675
2022-05-21,"23","17  day ahead inc hosp",2022-06-07,"quantile",0.025,11.1528016381709
2022-05-21,"23","17  day ahead inc hosp",2022-06-07,"quantile",0.05,13.4137552012965
2022-05-21,"23","17  day ahead inc hosp",2022-06-07,"quantile",0.1,16.0204898593212
2022-05-21,"23","17  day ahead inc hosp",2022-06-07,"quantile",0.15,17.77924135759
2022-05-21,"23","17  day ahead inc hosp",2022-06-07,"quantile",0.2,19.1770412948569
2022-05-21,"23","17  day ahead inc hosp",2022-06-07,"quantile",0.25,20.3762291785655
2022-05-21,"23","17  day ahead inc hosp",2022-06-07,"quantile",0.3,21.4531369605955
2022-05-21,"23","17  day ahead inc hosp",2022-06-07,"quantile",0.35,22.4510525119887
2022-05-21,"23","17  day ahead inc hosp",2022-06-07,"quantile",0.4,23.3979767838863
2022-05-21,"23","17  day ahead inc hosp",2022-06-07,"quantile",0.45,24.3141369756126
2022-05-21,"23","17  day ahead inc hosp",2022-06-07,"quantile",0.5,25.215771793628
2022-05-21,"23","17  day ahead inc hosp",2022-06-07,"quantile",0.55,26.1174066116434
2022-05-21,"23","17  day ahead inc hosp",2022-06-07,"quantile",0.6,27.0335668033696
2022-05-21,"23","17  day ahead inc hosp",2022-06-07,"quantile",0.65,27.9804910752673
2022-05-21,"23","17  day ahead inc hosp",2022-06-07,"quantile",0.7,28.9784066266605
2022-05-21,"23","17  day ahead inc hosp",2022-06-07,"quantile",0.75,30.0553144086905
2022-05-21,"23","17  day ahead inc hosp",2022-06-07,"quantile",0.8,31.2545022923991
2022-05-21,"23","17  day ahead inc hosp",2022-06-07,"quantile",0.85,32.652302229666
2022-05-21,"23","17  day ahead inc hosp",2022-06-07,"quantile",0.9,34.4110537279347
2022-05-21,"23","17  day ahead inc hosp",2022-06-07,"quantile",0.95,37.0177883859595
2022-05-21,"23","17  day ahead inc hosp",2022-06-07,"quantile",0.975,39.2787419490851
2022-05-21,"23","17  day ahead inc hosp",2022-06-07,"quantile",0.99,41.9075890830792
2022-05-21,"23","18  day ahead inc hosp",2022-06-08,"quantile",0.01,8.80859520513311
2022-05-21,"23","18  day ahead inc hosp",2022-06-08,"quantile",0.025,11.4819738079489
2022-05-21,"23","18  day ahead inc hosp",2022-06-08,"quantile",0.05,13.7812268909672
2022-05-21,"23","18  day ahead inc hosp",2022-06-08,"quantile",0.1,16.4321184425781
2022-05-21,"23","18  day ahead inc hosp",2022-06-08,"quantile",0.15,18.2206623873141
2022-05-21,"23","18  day ahead inc hosp",2022-06-08,"quantile",0.2,19.6421404165935
2022-05-21,"23","18  day ahead inc hosp",2022-06-08,"quantile",0.25,20.8616419949114
2022-05-21,"23","18  day ahead inc hosp",2022-06-08,"quantile",0.3,21.9567921025217
2022-05-21,"23","18  day ahead inc hosp",2022-06-08,"quantile",0.35,22.9716118872151
2022-05-21,"23","18  day ahead inc hosp",2022-06-08,"quantile",0.4,23.934576623446
2022-05-21,"23","18  day ahead inc hosp",2022-06-08,"quantile",0.45,24.8662561500495
2022-05-21,"23","18  day ahead inc hosp",2022-06-08,"quantile",0.5,25.7831642497508
2022-05-21,"23","18  day ahead inc hosp",2022-06-08,"quantile",0.55,26.7000723494522
2022-05-21,"23","18  day ahead inc hosp",2022-06-08,"quantile",0.6,27.6317518760557
2022-05-21,"23","18  day ahead inc hosp",2022-06-08,"quantile",0.65,28.5947166122866
2022-05-21,"23","18  day ahead inc hosp",2022-06-08,"quantile",0.7,29.60953639698
2022-05-21,"23","18  day ahead inc hosp",2022-06-08,"quantile",0.75,30.7046865045902
2022-05-21,"23","18  day ahead inc hosp",2022-06-08,"quantile",0.8,31.9241880829082
2022-05-21,"23","18  day ahead inc hosp",2022-06-08,"quantile",0.85,33.3456661121875
2022-05-21,"23","18  day ahead inc hosp",2022-06-08,"quantile",0.9,35.1342100569235
2022-05-21,"23","18  day ahead inc hosp",2022-06-08,"quantile",0.95,37.7851016085345
2022-05-21,"23","18  day ahead inc hosp",2022-06-08,"quantile",0.975,40.0843546915528
2022-05-21,"23","18  day ahead inc hosp",2022-06-08,"quantile",0.99,42.7577332943686
2022-05-21,"23","19  day ahead inc hosp",2022-06-09,"quantile",0.01,9.21333561643226
2022-05-21,"23","19  day ahead inc hosp",2022-06-09,"quantile",0.025,11.930515966368
2022-05-21,"23","19  day ahead inc hosp",2022-06-09,"quantile",0.05,14.2674409683585
2022-05-21,"23","19  day ahead inc hosp",2022-06-09,"quantile",0.1,16.9617658298882
2022-05-21,"23","19  day ahead inc hosp",2022-06-09,"quantile",0.15,18.7796140226263
2022-05-21,"23","19  day ahead inc hosp",2022-06-09,"quantile",0.2,20.2243821392541
2022-05-21,"23","19  day ahead inc hosp",2022-06-09,"quantile",0.25,21.4638645387283
2022-05-21,"23","19  day ahead inc hosp",2022-06-09,"quantile",0.3,22.5769580412702
2022-05-21,"23","19  day ahead inc hosp",2022-06-09,"quantile",0.35,23.6084050554681
2022-05-21,"23","19  day ahead inc hosp",2022-06-09,"quantile",0.4,24.5871474065185
2022-05-21,"23","19  day ahead inc hosp",2022-06-09,"quantile",0.45,25.5340919580527
2022-05-21,"23","19  day ahead inc hosp",2022-06-09,"quantile",0.5,26.4660230614817
2022-05-21,"23","19  day ahead inc hosp",2022-06-09,"quantile",0.55,27.3979541649106
2022-05-21,"23","19  day ahead inc hosp",2022-06-09,"quantile",0.6,28.3448987164448
2022-05-21,"23","19  day ahead inc hosp",2022-06-09,"quantile",0.65,29.3236410674952
2022-05-21,"23","19  day ahead inc hosp",2022-06-09,"quantile",0.7,30.3550880816931
2022-05-21,"23","19  day ahead inc hosp",2022-06-09,"quantile",0.75,31.468181584235
2022-05-21,"23","19  day ahead inc hosp",2022-06-09,"quantile",0.8,32.7076639837092
2022-05-21,"23","19  day ahead inc hosp",2022-06-09,"quantile",0.85,34.152432100337
2022-05-21,"23","19  day ahead inc hosp",2022-06-09,"quantile",0.9,35.9702802930751
2022-05-21,"23","19  day ahead inc hosp",2022-06-09,"quantile",0.95,38.6646051546048
2022-05-21,"23","19  day ahead inc hosp",2022-06-09,"quantile",0.975,41.0015301565953
2022-05-21,"23","19  day ahead inc hosp",2022-06-09,"quantile",0.99,43.7187105065311
2022-05-21,"23","20  day ahead inc hosp",2022-06-10,"quantile",0.01,8.59610447945589
2022-05-21,"23","20  day ahead inc hosp",2022-06-10,"quantile",0.025,11.356391593899
2022-05-21,"23","20  day ahead inc hosp",2022-06-10,"quantile",0.05,13.7303907914742
2022-05-21,"23","20  day ahead inc hosp",2022-06-10,"quantile",0.1,16.4674598261373
2022-05-21,"23","20  day ahead inc hosp",2022-06-10,"quantile",0.15,18.3141473095601
2022-05-21,"23","20  day ahead inc hosp",2022-06-10,"quantile",0.2,19.7818359802
2022-05-21,"23","20  day ahead inc hosp",2022-06-10,"quantile",0.25,21.0409821741317
2022-05-21,"23","20  day ahead inc hosp",2022-06-10,"quantile",0.3,22.1717343718316
2022-05-21,"23","20  day ahead inc hosp",2022-06-10,"quantile",0.35,23.219544798765
2022-05-21,"23","20  day ahead inc hosp",2022-06-10,"quantile",0.4,24.2138144283198
2022-05-21,"23","20  day ahead inc hosp",2022-06-10,"quantile",0.45,25.1757818015027
2022-05-21,"23","20  day ahead inc hosp",2022-06-10,"quantile",0.5,26.1224975454189
2022-05-21,"23","20  day ahead inc hosp",2022-06-10,"quantile",0.55,27.0692132893351
2022-05-21,"23","20  day ahead inc hosp",2022-06-10,"quantile",0.6,28.031180662518
2022-05-21,"23","20  day ahead inc hosp",2022-06-10,"quantile",0.65,29.0254502920728
2022-05-21,"23","20  day ahead inc hosp",2022-06-10,"quantile",0.7,30.0732607190062
2022-05-21,"23","20  day ahead inc hosp",2022-06-10,"quantile",0.75,31.2040129167061
2022-05-21,"23","20  day ahead inc hosp",2022-06-10,"quantile",0.8,32.4631591106378
2022-05-21,"23","20  day ahead inc hosp",2022-06-10,"quantile",0.85,33.9308477812777
2022-05-21,"23","20  day ahead inc hosp",2022-06-10,"quantile",0.9,35.7775352647005
2022-05-21,"23","20  day ahead inc hosp",2022-06-10,"quantile",0.95,38.5146042993636
2022-05-21,"23","20  day ahead inc hosp",2022-06-10,"quantile",0.975,40.8886034969388
2022-05-21,"23","20  day ahead inc hosp",2022-06-10,"quantile",0.99,43.6488906113819
2022-05-21,"23","21  day ahead inc hosp",2022-06-11,"quantile",0.01,8.02398853680026
2022-05-21,"23","21  day ahead inc hosp",2022-06-11,"quantile",0.025,10.8267195003865
2022-05-21,"23","21  day ahead inc hosp",2022-06-11,"quantile",0.05,13.2372227497613
2022-05-21,"23","21  day ahead inc hosp",2022-06-11,"quantile",0.1,16.0163786182879
2022-05-21,"23","21  day ahead inc hosp",2022-06-11,"quantile",0.15,17.8914618887108
2022-05-21,"23","21  day ahead inc hosp",2022-06-11,"quantile",0.2,19.3817186306935
2022-05-21,"23","21  day ahead inc hosp",2022-06-11,"quantile",0.25,20.6602262203384
2022-05-21,"23","21  day ahead inc hosp",2022-06-11,"quantile",0.3,21.8083655497776
2022-05-21,"23","21  day ahead inc hosp",2022-06-11,"quantile",0.35,22.8722877454682
2022-05-21,"23","21  day ahead inc hosp",2022-06-11,"quantile",0.4,23.8818458680002
2022-05-21,"23","21  day ahead inc hosp",2022-06-11,"quantile",0.45,24.8586050350709
2022-05-21,"23","21  day ahead inc hosp",2022-06-11,"quantile",0.5,25.8198780545711
2022-05-21,"23","21  day ahead inc hosp",2022-06-11,"quantile",0.55,26.7811510740714
2022-05-21,"23","21  day ahead inc hosp",2022-06-11,"quantile",0.6,27.7579102411421
2022-05-21,"23","21  day ahead inc hosp",2022-06-11,"quantile",0.65,28.7674683636741
2022-05-21,"23","21  day ahead inc hosp",2022-06-11,"quantile",0.7,29.8313905593647
2022-05-21,"23","21  day ahead inc hosp",2022-06-11,"quantile",0.75,30.9795298888039
2022-05-21,"23","21  day ahead inc hosp",2022-06-11,"quantile",0.8,32.2580374784487
2022-05-21,"23","21  day ahead inc hosp",2022-06-11,"quantile",0.85,33.7482942204315
2022-05-21,"23","21  day ahead inc hosp",2022-06-11,"quantile",0.9,35.6233774908543
2022-05-21,"23","21  day ahead inc hosp",2022-06-11,"quantile",0.95,38.402533359381
2022-05-21,"23","21  day ahead inc hosp",2022-06-11,"quantile",0.975,40.8130366087558
2022-05-21,"23","21  day ahead inc hosp",2022-06-11,"quantile",0.99,43.615767572342
2022-05-21,"23","22  day ahead inc hosp",2022-06-12,"quantile",0.01,7.25276312085643
2022-05-21,"23","22  day ahead inc hosp",2022-06-12,"quantile",0.025,10.1482446623556
2022-05-21,"23","22  day ahead inc hosp",2022-06-12,"quantile",0.05,12.6385185255873
2022-05-21,"23","22  day ahead inc hosp",2022-06-12,"quantile",0.1,15.5096448030704
2022-05-21,"23","22  day ahead inc hosp",2022-06-12,"quantile",0.15,17.4467800717858
2022-05-21,"23","22  day ahead inc hosp",2022-06-12,"quantile",0.2,18.986353774923
2022-05-21,"23","22  day ahead inc hosp",2022-06-12,"quantile",0.25,20.3071709259729
2022-05-21,"23","22  day ahead inc hosp",2022-06-12,"quantile",0.3,21.4933055491859
2022-05-21,"23","22  day ahead inc hosp",2022-06-12,"quantile",0.35,22.5924360469885
2022-05-21,"23","22  day ahead inc hosp",2022-06-12,"quantile",0.4,23.6354034051975
2022-05-21,"23","22  day ahead inc hosp",2022-06-12,"quantile",0.45,24.6444863944276
2022-05-21,"23","22  day ahead inc hosp",2022-06-12,"quantile",0.5,25.637570754099
2022-05-21,"23","22  day ahead inc hosp",2022-06-12,"quantile",0.55,26.6306551137704
2022-05-21,"23","22  day ahead inc hosp",2022-06-12,"quantile",0.6,27.6397381030005
2022-05-21,"23","22  day ahead inc hosp",2022-06-12,"quantile",0.65,28.6827054612095
2022-05-21,"23","22  day ahead inc hosp",2022-06-12,"quantile",0.7,29.7818359590121
2022-05-21,"23","22  day ahead inc hosp",2022-06-12,"quantile",0.75,30.9679705822251
2022-05-21,"23","22  day ahead inc hosp",2022-06-12,"quantile",0.8,32.288787733275
2022-05-21,"23","22  day ahead inc hosp",2022-06-12,"quantile",0.85,33.8283614364122
2022-05-21,"23","22  day ahead inc hosp",2022-06-12,"quantile",0.9,35.7654967051276
2022-05-21,"23","22  day ahead inc hosp",2022-06-12,"quantile",0.95,38.6366229826107
2022-05-21,"23","22  day ahead inc hosp",2022-06-12,"quantile",0.975,41.1268968458424
2022-05-21,"23","22  day ahead inc hosp",2022-06-12,"quantile",0.99,44.0223783873416
2022-05-21,"23","23  day ahead inc hosp",2022-06-13,"quantile",0.01,6.57297009423819
2022-05-21,"23","23  day ahead inc hosp",2022-06-13,"quantile",0.025,9.52061753368282
2022-05-21,"23","23  day ahead inc hosp",2022-06-13,"quantile",0.05,12.0557569470289
2022-05-21,"23","23  day ahead inc hosp",2022-06-13,"quantile",0.1,14.9786103304296
2022-05-21,"23","23  day ahead inc hosp",2022-06-13,"quantile",0.15,16.9506456319326
2022-05-21,"23","23  day ahead inc hosp",2022-06-13,"quantile",0.2,18.5179567747759
2022-05-21,"23","23  day ahead inc hosp",2022-06-13,"quantile",0.25,19.8625701793051
2022-05-21,"23","23  day ahead inc hosp",2022-06-13,"quantile",0.3,21.0700745735966
2022-05-21,"23","23  day ahead inc hosp",2022-06-13,"quantile",0.35,22.1890073490361
2022-05-21,"23","23  day ahead inc hosp",2022-06-13,"quantile",0.4,23.2507651322535
2022-05-21,"23","23  day ahead inc hosp",2022-06-13,"quantile",0.45,24.2780280751391
2022-05-21,"23","23  day ahead inc hosp",2022-06-13,"quantile",0.5,25.2890041521691
2022-05-21,"23","23  day ahead inc hosp",2022-06-13,"quantile",0.55,26.2999802291992
2022-05-21,"23","23  day ahead inc hosp",2022-06-13,"quantile",0.6,27.3272431720847
2022-05-21,"23","23  day ahead inc hosp",2022-06-13,"quantile",0.65,28.3890009553021
2022-05-21,"23","23  day ahead inc hosp",2022-06-13,"quantile",0.7,29.5079337307416
2022-05-21,"23","23  day ahead inc hosp",2022-06-13,"quantile",0.75,30.7154381250331
2022-05-21,"23","23  day ahead inc hosp",2022-06-13,"quantile",0.8,32.0600515295623
2022-05-21,"23","23  day ahead inc hosp",2022-06-13,"quantile",0.85,33.6273626724056
2022-05-21,"23","23  day ahead inc hosp",2022-06-13,"quantile",0.9,35.5993979739086
2022-05-21,"23","23  day ahead inc hosp",2022-06-13,"quantile",0.95,38.5222513573094
2022-05-21,"23","23  day ahead inc hosp",2022-06-13,"quantile",0.975,41.0573907706554
2022-05-21,"23","23  day ahead inc hosp",2022-06-13,"quantile",0.99,44.0050382101001
2022-05-21,"23","24  day ahead inc hosp",2022-06-14,"quantile",0.01,7.32321646605654
2022-05-21,"23","24  day ahead inc hosp",2022-06-14,"quantile",0.025,10.3221225161632
2022-05-21,"23","24  day ahead inc hosp",2022-06-14,"quantile",0.05,12.9013471625068
2022-05-21,"23","24  day ahead inc hosp",2022-06-14,"quantile",0.1,15.8750279961641
2022-05-21,"23","24  day ahead inc hosp",2022-06-14,"quantile",0.15,17.8813563370512
2022-05-21,"23","24  day ahead inc hosp",2022-06-14,"quantile",0.2,19.4759225004856
2022-05-21,"23","24  day ahead inc hosp",2022-06-14,"quantile",0.25,20.8439182858489
2022-05-21,"23","24  day ahead inc hosp",2022-06-14,"quantile",0.3,22.0724207807922
2022-05-21,"23","24  day ahead inc hosp",2022-06-14,"quantile",0.35,23.2108114258282
2022-05-21,"23","24  day ahead inc hosp",2022-06-14,"quantile",0.4,24.2910328245035
2022-05-21,"23","24  day ahead inc hosp",2022-06-14,"quantile",0.45,25.3361595290223
2022-05-21,"23","24  day ahead inc hosp",2022-06-14,"quantile",0.5,26.3647161444938
2022-05-21,"23","24  day ahead inc hosp",2022-06-14,"quantile",0.55,27.3932727599654
2022-05-21,"23","24  day ahead inc hosp",2022-06-14,"quantile",0.6,28.4383994644841
2022-05-21,"23","24  day ahead inc hosp",2022-06-14,"quantile",0.65,29.5186208631594
2022-05-21,"23","24  day ahead inc hosp",2022-06-14,"quantile",0.7,30.6570115081954
2022-05-21,"23","24  day ahead inc hosp",2022-06-14,"quantile",0.75,31.8855140031388
2022-05-21,"23","24  day ahead inc hosp",2022-06-14,"quantile",0.8,33.253509788502
2022-05-21,"23","24  day ahead inc hosp",2022-06-14,"quantile",0.85,34.8480759519364
2022-05-21,"23","24  day ahead inc hosp",2022-06-14,"quantile",0.9,36.8544042928235
2022-05-21,"23","24  day ahead inc hosp",2022-06-14,"quantile",0.95,39.8280851264808
2022-05-21,"23","24  day ahead inc hosp",2022-06-14,"quantile",0.975,42.4073097728244
2022-05-21,"23","24  day ahead inc hosp",2022-06-14,"quantile",0.99,45.4062158229311
2022-05-21,"23","25  day ahead inc hosp",2022-06-15,"quantile",0.01,6.21910909352119
2022-05-21,"23","25  day ahead inc hosp",2022-06-15,"quantile",0.025,9.26841222169132
2022-05-21,"23","25  day ahead inc hosp",2022-06-15,"quantile",0.05,11.8909811354689
2022-05-21,"23","25  day ahead inc hosp",2022-06-15,"quantile",0.1,14.914635133542
2022-05-21,"23","25  day ahead inc hosp",2022-06-15,"quantile",0.15,16.9546801312123
2022-05-21,"23","25  day ahead inc hosp",2022-06-15,"quantile",0.2,18.5760432246183
2022-05-21,"23","25  day ahead inc hosp",2022-06-15,"quantile",0.25,19.9670283898532
2022-05-21,"23","25  day ahead inc hosp",2022-06-15,"quantile",0.3,21.2161760584381
2022-05-21,"23","25  day ahead inc hosp",2022-06-15,"quantile",0.35,22.3736975335988
2022-05-21,"23","25  day ahead inc hosp",2022-06-15,"quantile",0.4,23.4720722192545
2022-05-21,"23","25  day ahead inc hosp",2022-06-15,"quantile",0.45,24.5347624390131
2022-05-21,"23","25  day ahead inc hosp",2022-06-15,"quantile",0.5,25.5806041068259
2022-05-21,"23","25  day ahead inc hosp",2022-06-15,"quantile",0.55,26.6264457746387
2022-05-21,"23","25  day ahead inc hosp",2022-06-15,"quantile",0.6,27.6891359943972
2022-05-21,"23","25  day ahead inc hosp",2022-06-15,"quantile",0.65,28.7875106800529
2022-05-21,"23","25  day ahead inc hosp",2022-06-15,"quantile",0.7,29.9450321552137
2022-05-21,"23","25  day ahead inc hosp",2022-06-15,"quantile",0.75,31.1941798237985
2022-05-21,"23","25  day ahead inc hosp",2022-06-15,"quantile",0.8,32.5851649890335
2022-05-21,"23","25  day ahead inc hosp",2022-06-15,"quantile",0.85,34.2065280824394
2022-05-21,"23","25  day ahead inc hosp",2022-06-15,"quantile",0.9,36.2465730801098
2022-05-21,"23","25  day ahead inc hosp",2022-06-15,"quantile",0.95,39.2702270781829
2022-05-21,"23","25  day ahead inc hosp",2022-06-15,"quantile",0.975,41.8927959919604
2022-05-21,"23","25  day ahead inc hosp",2022-06-15,"quantile",0.99,44.9420991201305
2022-05-21,"23","26  day ahead inc hosp",2022-06-16,"quantile",0.01,5.36527203415166
2022-05-21,"23","26  day ahead inc hosp",2022-06-16,"quantile",0.025,8.46415274136999
2022-05-21,"23","26  day ahead inc hosp",2022-06-16,"quantile",0.05,11.1293611082183
2022-05-21,"23","26  day ahead inc hosp",2022-06-16,"quantile",0.1,14.2021756648856
2022-05-21,"23","26  day ahead inc hosp",2022-06-16,"quantile",0.15,16.2753890580492
2022-05-21,"23","26  day ahead inc hosp",2022-06-16,"quantile",0.2,17.9231133407336
2022-05-21,"23","26  day ahead inc hosp",2022-06-16,"quantile",0.25,19.3367140591247
2022-05-21,"23","26  day ahead inc hosp",2022-06-16,"quantile",0.3,20.6061711934068
2022-05-21,"23","26  day ahead inc hosp",2022-06-16,"quantile",0.35,21.7825124152515
2022-05-21,"23","26  day ahead inc hosp",2022-06-16,"quantile",0.4,22.8987452001233
2022-05-21,"23","26  day ahead inc hosp",2022-06-16,"quantile",0.45,23.9787133375434
2022-05-21,"23","26  day ahead inc hosp",2022-06-16,"quantile",0.5,25.041558988161
2022-05-21,"23","26  day ahead inc hosp",2022-06-16,"quantile",0.55,26.1044046387786
2022-05-21,"23","26  day ahead inc hosp",2022-06-16,"quantile",0.6,27.1843727761987
2022-05-21,"23","26  day ahead inc hosp",2022-06-16,"quantile",0.65,28.3006055610705
2022-05-21,"23","26  day ahead inc hosp",2022-06-16,"quantile",0.7,29.4769467829152
2022-05-21,"23","26  day ahead inc hosp",2022-06-16,"quantile",0.75,30.7464039171973
2022-05-21,"23","26  day ahead inc hosp",2022-06-16,"quantile",0.8,32.1600046355884
2022-05-21,"23","26  day ahead inc hosp",2022-06-16,"quantile",0.85,33.8077289182728
2022-05-21,"23","26  day ahead inc hosp",2022-06-16,"quantile",0.9,35.8809423114364
2022-05-21,"23","26  day ahead inc hosp",2022-06-16,"quantile",0.95,38.9537568681037
2022-05-21,"23","26  day ahead inc hosp",2022-06-16,"quantile",0.975,41.618965234952
2022-05-21,"23","26  day ahead inc hosp",2022-06-16,"quantile",0.99,44.7178459421703
2022-05-21,"23","27  day ahead inc hosp",2022-06-17,"quantile",0.01,5.62385679558465
2022-05-21,"23","27  day ahead inc hosp",2022-06-17,"quantile",0.025,8.77153430569775
2022-05-21,"23","27  day ahead inc hosp",2022-06-17,"quantile",0.05,11.4787106150511
2022-05-21,"23","27  day ahead inc hosp",2022-06-17,"quantile",0.1,14.5999115216365
2022-05-21,"23","27  day ahead inc hosp",2022-06-17,"quantile",0.15,16.7057709553751
2022-05-21,"23","27  day ahead inc hosp",2022-06-17,"quantile",0.2,18.379441276208
2022-05-21,"23","27  day ahead inc hosp",2022-06-17,"quantile",0.25,19.8153013850515
2022-05-21,"23","27  day ahead inc hosp",2022-06-17,"quantile",0.3,21.1047481399152
2022-05-21,"23","27  day ahead inc hosp",2022-06-17,"quantile",0.35,22.2996127242777
2022-05-21,"23","27  day ahead inc hosp",2022-06-17,"quantile",0.4,23.4334223687753
2022-05-21,"23","27  day ahead inc hosp",2022-06-17,"quantile",0.45,24.5303963212988
2022-05-21,"23","27  day ahead inc hosp",2022-06-17,"quantile",0.5,25.6099781662462
2022-05-21,"23","27  day ahead inc hosp",2022-06-17,"quantile",0.55,26.6895600111935
2022-05-21,"23","27  day ahead inc hosp",2022-06-17,"quantile",0.6,27.786533963717
2022-05-21,"23","27  day ahead inc hosp",2022-06-17,"quantile",0.65,28.9203436082146
2022-05-21,"23","27  day ahead inc hosp",2022-06-17,"quantile",0.7,30.1152081925772
2022-05-21,"23","27  day ahead inc hosp",2022-06-17,"quantile",0.75,31.4046549474409
2022-05-21,"23","27  day ahead inc hosp",2022-06-17,"quantile",0.8,32.8405150562843
2022-05-21,"23","27  day ahead inc hosp",2022-06-17,"quantile",0.85,34.5141853771172
2022-05-21,"23","27  day ahead inc hosp",2022-06-17,"quantile",0.9,36.6200448108558
2022-05-21,"23","27  day ahead inc hosp",2022-06-17,"quantile",0.95,39.7412457174412
2022-05-21,"23","27  day ahead inc hosp",2022-06-17,"quantile",0.975,42.4484220267946
2022-05-21,"23","27  day ahead inc hosp",2022-06-17,"quantile",0.99,45.5960995369077
2022-05-21,"23","28  day ahead inc hosp",2022-06-18,"quantile",0.01,5.44843124513356
2022-05-21,"23","28  day ahead inc hosp",2022-06-18,"quantile",0.025,8.64416054808987
2022-05-21,"23","28  day ahead inc hosp",2022-06-18,"quantile",0.05,11.3926640502034
2022-05-21,"23","28  day ahead inc hosp",2022-06-18,"quantile",0.1,14.561512563287
2022-05-21,"23","28  day ahead inc hosp",2022-06-18,"quantile",0.15,16.6995196109225
2022-05-21,"23","28  day ahead inc hosp",2022-06-18,"quantile",0.2,18.3987398361805
2022-05-21,"23","28  day ahead inc hosp",2022-06-18,"quantile",0.25,19.8565194880141
2022-05-21,"23","28  day ahead inc hosp",2022-06-18,"quantile",0.3,21.1656506699349
2022-05-21,"23","28  day ahead inc hosp",2022-06-18,"quantile",0.35,22.3787558095319
2022-05-21,"23","28  day ahead inc hosp",2022-06-18,"quantile",0.4,23.5298739571992
2022-05-21,"23","28  day ahead inc hosp",2022-06-18,"quantile",0.45,24.6435940868491
2022-05-21,"23","28  day ahead inc hosp",2022-06-18,"quantile",0.5,25.7396566046112
2022-05-21,"23","28  day ahead inc hosp",2022-06-18,"quantile",0.55,26.8357191223734
2022-05-21,"23","28  day ahead inc hosp",2022-06-18,"quantile",0.6,27.9494392520233
2022-05-21,"23","28  day ahead inc hosp",2022-06-18,"quantile",0.65,29.1005573996906
2022-05-21,"23","28  day ahead inc hosp",2022-06-18,"quantile",0.7,30.3136625392876
2022-05-21,"23","28  day ahead inc hosp",2022-06-18,"quantile",0.75,31.6227937212083
2022-05-21,"23","28  day ahead inc hosp",2022-06-18,"quantile",0.8,33.0805733730419
2022-05-21,"23","28  day ahead inc hosp",2022-06-18,"quantile",0.85,34.7797935983
2022-05-21,"23","28  day ahead inc hosp",2022-06-18,"quantile",0.9,36.9178006459354
2022-05-21,"23","28  day ahead inc hosp",2022-06-18,"quantile",0.95,40.0866491590191
2022-05-21,"23","28  day ahead inc hosp",2022-06-18,"quantile",0.975,42.8351526611326
2022-05-21,"23","28  day ahead inc hosp",2022-06-18,"quantile",0.99,46.0308819640889
2022-05-21,"23","29  day ahead inc hosp",2022-06-19,"quantile",0.01,4.27115925761637
2022-05-21,"23","29  day ahead inc hosp",2022-06-19,"quantile",0.025,7.51422845944902
2022-05-21,"23","29  day ahead inc hosp",2022-06-19,"quantile",0.05,10.3034468862374
2022-05-21,"23","29  day ahead inc hosp",2022-06-19,"quantile",0.1,13.5192370999291
2022-05-21,"23","29  day ahead inc hosp",2022-06-19,"quantile",0.15,15.6889154901087
2022-05-21,"23","29  day ahead inc hosp",2022-06-19,"quantile",0.2,17.4133070944187
2022-05-21,"23","29  day ahead inc hosp",2022-06-19,"quantile",0.25,18.8926815481768
2022-05-21,"23","29  day ahead inc hosp",2022-06-19,"quantile",0.3,20.2212055296413
2022-05-21,"23","29  day ahead inc hosp",2022-06-19,"quantile",0.35,21.4522809881203
2022-05-21,"23","29  day ahead inc hosp",2022-06-19,"quantile",0.4,22.6204512110854
2022-05-21,"23","29  day ahead inc hosp",2022-06-19,"quantile",0.45,23.750669420928
2022-05-21,"23","29  day ahead inc hosp",2022-06-19,"quantile",0.5,24.8629684480543
2022-05-21,"23","29  day ahead inc hosp",2022-06-19,"quantile",0.55,25.9752674751807
2022-05-21,"23","29  day ahead inc hosp",2022-06-19,"quantile",0.6,27.1054856850232
2022-05-21,"23","29  day ahead inc hosp",2022-06-19,"quantile",0.65,28.2736559079883
2022-05-21,"23","29  day ahead inc hosp",2022-06-19,"quantile",0.7,29.5047313664674
2022-05-21,"23","29  day ahead inc hosp",2022-06-19,"quantile",0.75,30.8332553479318
2022-05-21,"23","29  day ahead inc hosp",2022-06-19,"quantile",0.8,32.31262980169
2022-05-21,"23","29  day ahead inc hosp",2022-06-19,"quantile",0.85,34.037021406
2022-05-21,"23","29  day ahead inc hosp",2022-06-19,"quantile",0.9,36.2066997961795
2022-05-21,"23","29  day ahead inc hosp",2022-06-19,"quantile",0.95,39.4224900098712
2022-05-21,"23","29  day ahead inc hosp",2022-06-19,"quantile",0.975,42.2117084366596
2022-05-21,"23","29  day ahead inc hosp",2022-06-19,"quantile",0.99,45.4547776384923
2022-05-21,"23","30  day ahead inc hosp",2022-06-20,"quantile",0.01,5.15195871698119
2022-05-21,"23","30  day ahead inc hosp",2022-06-20,"quantile",0.025,8.44168665679283
2022-05-21,"23","30  day ahead inc hosp",2022-06-20,"quantile",0.05,11.2710341723062
2022-05-21,"23","30  day ahead inc hosp",2022-06-20,"quantile",0.1,14.533090655275
2022-05-21,"23","30  day ahead inc hosp",2022-06-20,"quantile",0.15,16.7339846776861
2022-05-21,"23","30  day ahead inc hosp",2022-06-20,"quantile",0.2,18.4831854769381
2022-05-21,"23","30  day ahead inc hosp",2022-06-20,"quantile",0.25,19.9838440109039
2022-05-21,"23","30  day ahead inc hosp",2022-06-20,"quantile",0.3,21.331481754207
2022-05-21,"23","30  day ahead inc hosp",2022-06-20,"quantile",0.35,22.5802689615494
2022-05-21,"23","30  day ahead inc hosp",2022-06-20,"quantile",0.4,23.7652459021502
2022-05-21,"23","30  day ahead inc hosp",2022-06-20,"quantile",0.45,24.9117248058078
2022-05-21,"23","30  day ahead inc hosp",2022-06-20,"quantile",0.5,26.0400267195922
2022-05-21,"23","30  day ahead inc hosp",2022-06-20,"quantile",0.55,27.1683286333765
2022-05-21,"23","30  day ahead inc hosp",2022-06-20,"quantile",0.6,28.3148075370342
2022-05-21,"23","30  day ahead inc hosp",2022-06-20,"quantile",0.65,29.4997844776349
2022-05-21,"23","30  day ahead inc hosp",2022-06-20,"quantile",0.7,30.7485716849774
2022-05-21,"23","30  day ahead inc hosp",2022-06-20,"quantile",0.75,32.0962094282804
2022-05-21,"23","30  day ahead inc hosp",2022-06-20,"quantile",0.8,33.5968679622462
2022-05-21,"23","30  day ahead inc hosp",2022-06-20,"quantile",0.85,35.3460687614982
2022-05-21,"23","30  day ahead inc hosp",2022-06-20,"quantile",0.9,37.5469627839094
2022-05-21,"23","30  day ahead inc hosp",2022-06-20,"quantile",0.95,40.8090192668781
2022-05-21,"23","30  day ahead inc hosp",2022-06-20,"quantile",0.975,43.6383667823915
2022-05-21,"23","30  day ahead inc hosp",2022-06-20,"quantile",0.99,46.9280947222032
2022-05-21,"23","31  day ahead inc hosp",2022-06-21,"quantile",0.01,4.56943655001665
2022-05-21,"23","31  day ahead inc hosp",2022-06-21,"quantile",0.025,7.90517065034286
2022-05-21,"23","31  day ahead inc hosp",2022-06-21,"quantile",0.05,10.7740860019606
2022-05-21,"23","31  day ahead inc hosp",2022-06-21,"quantile",0.1,14.0817616658795
2022-05-21,"23","31  day ahead inc hosp",2022-06-21,"quantile",0.15,16.3134347331001
2022-05-21,"23","31  day ahead inc hosp",2022-06-21,"quantile",0.2,18.0870977414512
2022-05-21,"23","31  day ahead inc hosp",2022-06-21,"quantile",0.25,19.6087426726676
2022-05-21,"23","31  day ahead inc hosp",2022-06-21,"quantile",0.3,20.9752268493135
2022-05-21,"23","31  day ahead inc hosp",2022-06-21,"quantile",0.35,22.2414780858282
2022-05-21,"23","31  day ahead inc hosp",2022-06-21,"quantile",0.4,23.4430266823022
2022-05-21,"23","31  day ahead inc hosp",2022-06-21,"quantile",0.45,24.6055388547995
2022-05-21,"23","31  day ahead inc hosp",2022-06-21,"quantile",0.5,25.7496198360035
2022-05-21,"23","31  day ahead inc hosp",2022-06-21,"quantile",0.55,26.8937008172075
2022-05-21,"23","31  day ahead inc hosp",2022-06-21,"quantile",0.6,28.0562129897047
2022-05-21,"23","31  day ahead inc hosp",2022-06-21,"quantile",0.65,29.2577615861788
2022-05-21,"23","31  day ahead inc hosp",2022-06-21,"quantile",0.7,30.5240128226935
2022-05-21,"23","31  day ahead inc hosp",2022-06-21,"quantile",0.75,31.8904969993394
2022-05-21,"23","31  day ahead inc hosp",2022-06-21,"quantile",0.8,33.4121419305558
2022-05-21,"23","31  day ahead inc hosp",2022-06-21,"quantile",0.85,35.1858049389068
2022-05-21,"23","31  day ahead inc hosp",2022-06-21,"quantile",0.9,37.4174780061275
2022-05-21,"23","31  day ahead inc hosp",2022-06-21,"quantile",0.95,40.7251536700464
2022-05-21,"23","31  day ahead inc hosp",2022-06-21,"quantile",0.975,43.5940690216641
2022-05-21,"23","31  day ahead inc hosp",2022-06-21,"quantile",0.99,46.9298031219903
2022-05-21,"23","32  day ahead inc hosp",2022-06-22,"quantile",0.01,4.9172108454294
2022-05-21,"23","32  day ahead inc hosp",2022-06-22,"quantile",0.025,8.29832516739205
2022-05-21,"23","32  day ahead inc hosp",2022-06-22,"quantile",0.05,11.2062700131472
2022-05-21,"23","32  day ahead inc hosp",2022-06-22,"quantile",0.1,14.5589441842059
2022-05-21,"23","32  day ahead inc hosp",2022-06-22,"quantile",0.15,16.8209775305629
2022-05-21,"23","32  day ahead inc hosp",2022-06-22,"quantile",0.2,18.6187699263311
2022-05-21,"23","32  day ahead inc hosp",2022-06-22,"quantile",0.25,20.16111572343
2022-05-21,"23","32  day ahead inc hosp",2022-06-22,"quantile",0.3,21.5461899174256
2022-05-21,"23","32  day ahead inc hosp",2022-06-22,"quantile",0.35,22.8296675754811
2022-05-21,"23","32  day ahead inc hosp",2022-06-22,"quantile",0.4,24.047562361422
2022-05-21,"23","32  day ahead inc hosp",2022-06-22,"quantile",0.45,25.2258896614014
2022-05-21,"23","32  day ahead inc hosp",2022-06-22,"quantile",0.5,26.3855350272162
2022-05-21,"23","32  day ahead inc hosp",2022-06-22,"quantile",0.55,27.5451803930311
2022-05-21,"23","32  day ahead inc hosp",2022-06-22,"quantile",0.6,28.7235076930104
2022-05-21,"23","32  day ahead inc hosp",2022-06-22,"quantile",0.65,29.9414024789513
2022-05-21,"23","32  day ahead inc hosp",2022-06-22,"quantile",0.7,31.2248801370069
2022-05-21,"23","32  day ahead inc hosp",2022-06-22,"quantile",0.75,32.6099543310024
2022-05-21,"23","32  day ahead inc hosp",2022-06-22,"quantile",0.8,34.1523001281013
2022-05-21,"23","32  day ahead inc hosp",2022-06-22,"quantile",0.85,35.9500925238695
2022-05-21,"23","32  day ahead inc hosp",2022-06-22,"quantile",0.9,38.2121258702265
2022-05-21,"23","32  day ahead inc hosp",2022-06-22,"quantile",0.95,41.5648000412852
2022-05-21,"23","32  day ahead inc hosp",2022-06-22,"quantile",0.975,44.4727448870404
2022-05-21,"23","32  day ahead inc hosp",2022-06-22,"quantile",0.99,47.853859209003
2022-05-21,"23","33  day ahead inc hosp",2022-06-23,"quantile",0.01,3.67819125623926
2022-05-21,"23","33  day ahead inc hosp",2022-06-23,"quantile",0.025,7.10408473506822
2022-05-21,"23","33  day ahead inc hosp",2022-06-23,"quantile",0.05,10.050542126099
2022-05-21,"23","33  day ahead inc hosp",2022-06-23,"quantile",0.1,13.4476187953673
2022-05-21,"23","33  day ahead inc hosp",2022-06-23,"quantile",0.15,15.739610296465
2022-05-21,"23","33  day ahead inc hosp",2022-06-23,"quantile",0.2,17.5612124839283
2022-05-21,"23","33  day ahead inc hosp",2022-06-23,"quantile",0.25,19.1239849622375
2022-05-21,"23","33  day ahead inc hosp",2022-06-23,"quantile",0.3,20.527402947273
2022-05-21,"23","33  day ahead inc hosp",2022-06-23,"quantile",0.35,21.8278788614985
2022-05-21,"23","33  day ahead inc hosp",2022-06-23,"quantile",0.4,23.0619033302816
2022-05-21,"23","33  day ahead inc hosp",2022-06-23,"quantile",0.45,24.255836285078
2022-05-21,"23","33  day ahead inc hosp",2022-06-23,"quantile",0.5,25.4308398839487
2022-05-21,"23","33  day ahead inc hosp",2022-06-23,"quantile",0.55,26.6058434828194
2022-05-21,"23","33  day ahead inc hosp",2022-06-23,"quantile",0.6,27.7997764376158
2022-05-21,"23","33  day ahead inc hosp",2022-06-23,"quantile",0.65,29.0338009063988
2022-05-21,"23","33  day ahead inc hosp",2022-06-23,"quantile",0.7,30.3342768206243
2022-05-21,"23","33  day ahead inc hosp",2022-06-23,"quantile",0.75,31.7376948056599
2022-05-21,"23","33  day ahead inc hosp",2022-06-23,"quantile",0.8,33.3004672839691
2022-05-21,"23","33  day ahead inc hosp",2022-06-23,"quantile",0.85,35.1220694714323
2022-05-21,"23","33  day ahead inc hosp",2022-06-23,"quantile",0.9,37.41406097253
2022-05-21,"23","33  day ahead inc hosp",2022-06-23,"quantile",0.95,40.8111376417984
2022-05-21,"23","33  day ahead inc hosp",2022-06-23,"quantile",0.975,43.7575950328291
2022-05-21,"23","33  day ahead inc hosp",2022-06-23,"quantile",0.99,47.1834885116581
2022-05-21,"23","34  day ahead inc hosp",2022-06-24,"quantile",0.01,3.86246071010506
2022-05-21,"23","34  day ahead inc hosp",2022-06-24,"quantile",0.025,7.33255555007481
2022-05-21,"23","34  day ahead inc hosp",2022-06-24,"quantile",0.05,10.3170285501815
2022-05-21,"23","34  day ahead inc hosp",2022-06-24,"quantile",0.1,13.7579347820469
2022-05-21,"23","34  day ahead inc hosp",2022-06-24,"quantile",0.15,16.0794978809475
2022-05-21,"23","34  day ahead inc hosp",2022-06-24,"quantile",0.2,17.9246026369058
2022-05-21,"23","34  day ahead inc hosp",2022-06-24,"quantile",0.25,19.5075382262754
2022-05-21,"23","34  day ahead inc hosp",2022-06-24,"quantile",0.3,20.9290633082103
2022-05-21,"23","34  day ahead inc hosp",2022-06-24,"quantile",0.35,22.2463181462099
2022-05-21,"23","34  day ahead inc hosp",2022-06-24,"quantile",0.4,23.4962641728401
2022-05-21,"23","34  day ahead inc hosp",2022-06-24,"quantile",0.45,24.7056014191123
2022-05-21,"23","34  day ahead inc hosp",2022-06-24,"quantile",0.5,25.8957650802372
2022-05-21,"23","34  day ahead inc hosp",2022-06-24,"quantile",0.55,27.0859287413621
2022-05-21,"23","34  day ahead inc hosp",2022-06-24,"quantile",0.6,28.2952659876343
2022-05-21,"23","34  day ahead inc hosp",2022-06-24,"quantile",0.65,29.5452120142645
2022-05-21,"23","34  day ahead inc hosp",2022-06-24,"quantile",0.7,30.8624668522641
2022-05-21,"23","34  day ahead inc hosp",2022-06-24,"quantile",0.75,32.283991934199
2022-05-21,"23","34  day ahead inc hosp",2022-06-24,"quantile",0.8,33.8669275235686
2022-05-21,"23","34  day ahead inc hosp",2022-06-24,"quantile",0.85,35.7120322795269
2022-05-21,"23","34  day ahead inc hosp",2022-06-24,"quantile",0.9,38.0335953784275
2022-05-21,"23","34  day ahead inc hosp",2022-06-24,"quantile",0.95,41.4745016102929
2022-05-21,"23","34  day ahead inc hosp",2022-06-24,"quantile",0.975,44.4589746103996
2022-05-21,"23","34  day ahead inc hosp",2022-06-24,"quantile",0.99,47.9290694503693
2022-05-21,"23","35  day ahead inc hosp",2022-06-25,"quantile",0.01,3.36603503185313
2022-05-21,"23","35  day ahead inc hosp",2022-06-25,"quantile",0.025,6.87977524258108
2022-05-21,"23","35  day ahead inc hosp",2022-06-25,"quantile",0.05,9.90178566936182
2022-05-21,"23","35  day ahead inc hosp",2022-06-25,"quantile",0.1,13.3859701501397
2022-05-21,"23","35  day ahead inc hosp",2022-06-25,"quantile",0.15,15.7367328781176
2022-05-21,"23","35  day ahead inc hosp",2022-06-25,"quantile",0.2,17.6050445736195
2022-05-21,"23","35  day ahead inc hosp",2022-06-25,"quantile",0.25,19.2078896507323
2022-05-21,"23","35  day ahead inc hosp",2022-06-25,"quantile",0.3,20.6472940679893
2022-05-21,"23","35  day ahead inc hosp",2022-06-25,"quantile",0.35,21.9811167747184
2022-05-21,"23","35  day ahead inc hosp",2022-06-25,"quantile",0.4,23.2467840885974
2022-05-21,"23","35  day ahead inc hosp",2022-06-25,"quantile",0.45,24.4713318622239
2022-05-21,"23","35  day ahead inc hosp",2022-06-25,"quantile",0.5,25.6764648935384
2022-05-21,"23","35  day ahead inc hosp",2022-06-25,"quantile",0.55,26.881597924853
2022-05-21,"23","35  day ahead inc hosp",2022-06-25,"quantile",0.6,28.1061456984795
2022-05-21,"23","35  day ahead inc hosp",2022-06-25,"quantile",0.65,29.3718130123585
2022-05-21,"23","35  day ahead inc hosp",2022-06-25,"quantile",0.7,30.7056357190876
2022-05-21,"23","35  day ahead inc hosp",2022-06-25,"quantile",0.75,32.1450401363446
2022-05-21,"23","35  day ahead inc hosp",2022-06-25,"quantile",0.8,33.7478852134574
2022-05-21,"23","35  day ahead inc hosp",2022-06-25,"quantile",0.85,35.6161969089593
2022-05-21,"23","35  day ahead inc hosp",2022-06-25,"quantile",0.9,37.9669596369372
2022-05-21,"23","35  day ahead inc hosp",2022-06-25,"quantile",0.95,41.4511441177151
2022-05-21,"23","35  day ahead inc hosp",2022-06-25,"quantile",0.975,44.4731545444958
2022-05-21,"23","35  day ahead inc hosp",2022-06-25,"quantile",0.99,47.9868947552238
2022-05-21,"23","36  day ahead inc hosp",2022-06-26,"quantile",0.01,2.26154401430798
2022-05-21,"23","36  day ahead inc hosp",2022-06-26,"quantile",0.025,5.81839407279911
2022-05-21,"23","36  day ahead inc hosp",2022-06-26,"quantile",0.05,8.87748134693456
2022-05-21,"23","36  day ahead inc hosp",2022-06-26,"quantile",0.1,12.4044130581669
2022-05-21,"23","36  day ahead inc hosp",2022-06-26,"quantile",0.15,14.7840171395895
2022-05-21,"23","36  day ahead inc hosp",2022-06-26,"quantile",0.2,16.6752510285197
2022-05-21,"23","36  day ahead inc hosp",2022-06-26,"quantile",0.25,18.2977613065633
2022-05-21,"23","36  day ahead inc hosp",2022-06-26,"quantile",0.3,19.7548256820346
2022-05-21,"23","36  day ahead inc hosp",2022-06-26,"quantile",0.35,21.1050129719092
2022-05-21,"23","36  day ahead inc hosp",2022-06-26,"quantile",0.4,22.3862086748973
2022-05-21,"23","36  day ahead inc hosp",2022-06-26,"quantile",0.45,23.6257803446953
2022-05-21,"23","36  day ahead inc hosp",2022-06-26,"quantile",0.5,24.8456990739837
2022-05-21,"23","36  day ahead inc hosp",2022-06-26,"quantile",0.55,26.0656178032721
2022-05-21,"23","36  day ahead inc hosp",2022-06-26,"quantile",0.6,27.3051894730701
2022-05-21,"23","36  day ahead inc hosp",2022-06-26,"quantile",0.65,28.5863851760582
2022-05-21,"23","36  day ahead inc hosp",2022-06-26,"quantile",0.7,29.9365724659328
2022-05-21,"23","36  day ahead inc hosp",2022-06-26,"quantile",0.75,31.3936368414041
2022-05-21,"23","36  day ahead inc hosp",2022-06-26,"quantile",0.8,33.0161471194477
2022-05-21,"23","36  day ahead inc hosp",2022-06-26,"quantile",0.85,34.9073810083778
2022-05-21,"23","36  day ahead inc hosp",2022-06-26,"quantile",0.9,37.2869850898005
2022-05-21,"23","36  day ahead inc hosp",2022-06-26,"quantile",0.95,40.8139168010328
2022-05-21,"23","36  day ahead inc hosp",2022-06-26,"quantile",0.975,43.8730040751683
2022-05-21,"23","36  day ahead inc hosp",2022-06-26,"quantile",0.99,47.4298541336594
2022-05-21,"23","37  day ahead inc hosp",2022-06-27,"quantile",0.01,4.24817954748893
2022-05-21,"23","37  day ahead inc hosp",2022-06-27,"quantile",0.025,7.84762317236905
2022-05-21,"23","37  day ahead inc hosp",2022-06-27,"quantile",0.05,10.9433432633953
2022-05-21,"23","37  day ahead inc hosp",2022-06-27,"quantile",0.1,14.5125102663946
2022-05-21,"23","37  day ahead inc hosp",2022-06-27,"quantile",0.15,16.9206102986599
2022-05-21,"23","37  day ahead inc hosp",2022-06-27,"quantile",0.2,18.8344918659799
2022-05-21,"23","37  day ahead inc hosp",2022-06-27,"quantile",0.25,20.4764318354943
2022-05-21,"23","37  day ahead inc hosp",2022-06-27,"quantile",0.3,21.9509446744064
2022-05-21,"23","37  day ahead inc hosp",2022-06-27,"quantile",0.35,23.3173005659997
2022-05-21,"23","37  day ahead inc hosp",2022-06-27,"quantile",0.4,24.6138386908877
2022-05-21,"23","37  day ahead inc hosp",2022-06-27,"quantile",0.45,25.8682543314304
2022-05-21,"23","37  day ahead inc hosp",2022-06-27,"quantile",0.5,27.1027816859155
2022-05-21,"23","37  day ahead inc hosp",2022-06-27,"quantile",0.55,28.3373090404005
2022-05-21,"23","37  day ahead inc hosp",2022-06-27,"quantile",0.6,29.5917246809432
2022-05-21,"23","37  day ahead inc hosp",2022-06-27,"quantile",0.65,30.8882628058313
2022-05-21,"23","37  day ahead inc hosp",2022-06-27,"quantile",0.7,32.2546186974246
2022-05-21,"23","37  day ahead inc hosp",2022-06-27,"quantile",0.75,33.7291315363367
2022-05-21,"23","37  day ahead inc hosp",2022-06-27,"quantile",0.8,35.3710715058511
2022-05-21,"23","37  day ahead inc hosp",2022-06-27,"quantile",0.85,37.284953073171
2022-05-21,"23","37  day ahead inc hosp",2022-06-27,"quantile",0.9,39.6930531054363
2022-05-21,"23","37  day ahead inc hosp",2022-06-27,"quantile",0.95,43.2622201084357
2022-05-21,"23","37  day ahead inc hosp",2022-06-27,"quantile",0.975,46.3579401994619
2022-05-21,"23","37  day ahead inc hosp",2022-06-27,"quantile",0.99,49.957383824342
2022-05-21,"24","1  day ahead inc hosp",2022-05-22,"quantile",0.01,39.8579353715265
2022-05-21,"24","1  day ahead inc hosp",2022-05-22,"quantile",0.025,46.7810193435182
2022-05-21,"24","1  day ahead inc hosp",2022-05-22,"quantile",0.05,52.735253491211
2022-05-21,"24","1  day ahead inc hosp",2022-05-22,"quantile",0.1,59.6001041311899
2022-05-21,"24","1  day ahead inc hosp",2022-05-22,"quantile",0.15,64.2317862670322
2022-05-21,"24","1  day ahead inc hosp",2022-05-22,"quantile",0.2,67.912900401288
2022-05-21,"24","1  day ahead inc hosp",2022-05-22,"quantile",0.25,71.0709685558619
2022-05-21,"24","1  day ahead inc hosp",2022-05-22,"quantile",0.3,73.9070113628687
2022-05-21,"24","1  day ahead inc hosp",2022-05-22,"quantile",0.35,76.5350276784295
2022-05-21,"24","1  day ahead inc hosp",2022-05-22,"quantile",0.4,79.0287581676208
2022-05-21,"24","1  day ahead inc hosp",2022-05-22,"quantile",0.45,81.4414712756212
2022-05-21,"24","1  day ahead inc hosp",2022-05-22,"quantile",0.5,83.8159317288268
2022-05-21,"24","1  day ahead inc hosp",2022-05-22,"quantile",0.55,86.1903921820323
2022-05-21,"24","1  day ahead inc hosp",2022-05-22,"quantile",0.6,88.6031052900328
2022-05-21,"24","1  day ahead inc hosp",2022-05-22,"quantile",0.65,91.0968357792241
2022-05-21,"24","1  day ahead inc hosp",2022-05-22,"quantile",0.7,93.7248520947848
2022-05-21,"24","1  day ahead inc hosp",2022-05-22,"quantile",0.75,96.5608949017917
2022-05-21,"24","1  day ahead inc hosp",2022-05-22,"quantile",0.8,99.7189630563656
2022-05-21,"24","1  day ahead inc hosp",2022-05-22,"quantile",0.85,103.400077190621
2022-05-21,"24","1  day ahead inc hosp",2022-05-22,"quantile",0.9,108.031759326464
2022-05-21,"24","1  day ahead inc hosp",2022-05-22,"quantile",0.95,114.896609966443
2022-05-21,"24","1  day ahead inc hosp",2022-05-22,"quantile",0.975,120.850844114135
2022-05-21,"24","1  day ahead inc hosp",2022-05-22,"quantile",0.99,127.773928086127
2022-05-21,"24","2  day ahead inc hosp",2022-05-23,"quantile",0.01,31.4659630411797
2022-05-21,"24","2  day ahead inc hosp",2022-05-23,"quantile",0.025,39.859961644544
2022-05-21,"24","2  day ahead inc hosp",2022-05-23,"quantile",0.05,47.0792635224408
2022-05-21,"24","2  day ahead inc hosp",2022-05-23,"quantile",0.1,55.4026562354877
2022-05-21,"24","2  day ahead inc hosp",2022-05-23,"quantile",0.15,61.0184097835849
2022-05-21,"24","2  day ahead inc hosp",2022-05-23,"quantile",0.2,65.4816326806023
2022-05-21,"24","2  day ahead inc hosp",2022-05-23,"quantile",0.25,69.3106805133409
2022-05-21,"24","2  day ahead inc hosp",2022-05-23,"quantile",0.3,72.7492838088384
2022-05-21,"24","2  day ahead inc hosp",2022-05-23,"quantile",0.35,75.9356622164499
2022-05-21,"24","2  day ahead inc hosp",2022-05-23,"quantile",0.4,78.9592237286493
2022-05-21,"24","2  day ahead inc hosp",2022-05-23,"quantile",0.45,81.8845544830945
2022-05-21,"24","2  day ahead inc hosp",2022-05-23,"quantile",0.5,84.7635052236295
2022-05-21,"24","2  day ahead inc hosp",2022-05-23,"quantile",0.55,87.6424559641644
2022-05-21,"24","2  day ahead inc hosp",2022-05-23,"quantile",0.6,90.5677867186096
2022-05-21,"24","2  day ahead inc hosp",2022-05-23,"quantile",0.65,93.591348230809
2022-05-21,"24","2  day ahead inc hosp",2022-05-23,"quantile",0.7,96.7777266384205
2022-05-21,"24","2  day ahead inc hosp",2022-05-23,"quantile",0.75,100.216329933918
2022-05-21,"24","2  day ahead inc hosp",2022-05-23,"quantile",0.8,104.045377766657
2022-05-21,"24","2  day ahead inc hosp",2022-05-23,"quantile",0.85,108.508600663674
2022-05-21,"24","2  day ahead inc hosp",2022-05-23,"quantile",0.9,114.124354211771
2022-05-21,"24","2  day ahead inc hosp",2022-05-23,"quantile",0.95,122.447746924818
2022-05-21,"24","2  day ahead inc hosp",2022-05-23,"quantile",0.975,129.667048802715
2022-05-21,"24","2  day ahead inc hosp",2022-05-23,"quantile",0.99,138.061047406079
2022-05-21,"24","3  day ahead inc hosp",2022-05-24,"quantile",0.01,24.4097014040965
2022-05-21,"24","3  day ahead inc hosp",2022-05-24,"quantile",0.025,33.8130406665431
2022-05-21,"24","3  day ahead inc hosp",2022-05-24,"quantile",0.05,41.9004311944225
2022-05-21,"24","3  day ahead inc hosp",2022-05-24,"quantile",0.1,51.2246745251262
2022-05-21,"24","3  day ahead inc hosp",2022-05-24,"quantile",0.15,57.5156972334075
2022-05-21,"24","3  day ahead inc hosp",2022-05-24,"quantile",0.2,62.5156026524712
2022-05-21,"24","3  day ahead inc hosp",2022-05-24,"quantile",0.25,66.8050763020077
2022-05-21,"24","3  day ahead inc hosp",2022-05-24,"quantile",0.3,70.6571562110478
2022-05-21,"24","3  day ahead inc hosp",2022-05-24,"quantile",0.35,74.2266823214401
2022-05-21,"24","3  day ahead inc hosp",2022-05-24,"quantile",0.4,77.6138135354829
2022-05-21,"24","3  day ahead inc hosp",2022-05-24,"quantile",0.45,80.8909021840195
2022-05-21,"24","3  day ahead inc hosp",2022-05-24,"quantile",0.5,84.1160338301305
2022-05-21,"24","3  day ahead inc hosp",2022-05-24,"quantile",0.55,87.3411654762416
2022-05-21,"24","3  day ahead inc hosp",2022-05-24,"quantile",0.6,90.6182541247782
2022-05-21,"24","3  day ahead inc hosp",2022-05-24,"quantile",0.65,94.005385338821
2022-05-21,"24","3  day ahead inc hosp",2022-05-24,"quantile",0.7,97.5749114492133
2022-05-21,"24","3  day ahead inc hosp",2022-05-24,"quantile",0.75,101.426991358253
2022-05-21,"24","3  day ahead inc hosp",2022-05-24,"quantile",0.8,105.71646500779
2022-05-21,"24","3  day ahead inc hosp",2022-05-24,"quantile",0.85,110.716370426854
2022-05-21,"24","3  day ahead inc hosp",2022-05-24,"quantile",0.9,117.007393135135
2022-05-21,"24","3  day ahead inc hosp",2022-05-24,"quantile",0.95,126.331636465839
2022-05-21,"24","3  day ahead inc hosp",2022-05-24,"quantile",0.975,134.419026993718
2022-05-21,"24","3  day ahead inc hosp",2022-05-24,"quantile",0.99,143.822366256165
2022-05-21,"24","4  day ahead inc hosp",2022-05-25,"quantile",0.01,19.4693503399525
2022-05-21,"24","4  day ahead inc hosp",2022-05-25,"quantile",0.025,29.9492615969093
2022-05-21,"24","4  day ahead inc hosp",2022-05-25,"quantile",0.05,38.9625634322487
2022-05-21,"24","4  day ahead inc hosp",2022-05-25,"quantile",0.1,49.3543232014929
2022-05-21,"24","4  day ahead inc hosp",2022-05-25,"quantile",0.15,56.3655941828118
2022-05-21,"24","4  day ahead inc hosp",2022-05-25,"quantile",0.2,61.9379300969509
2022-05-21,"24","4  day ahead inc hosp",2022-05-25,"quantile",0.25,66.7184981410842
2022-05-21,"24","4  day ahead inc hosp",2022-05-25,"quantile",0.3,71.0115959943827
2022-05-21,"24","4  day ahead inc hosp",2022-05-25,"quantile",0.35,74.9897909549427
2022-05-21,"24","4  day ahead inc hosp",2022-05-25,"quantile",0.4,78.7647089439808
2022-05-21,"24","4  day ahead inc hosp",2022-05-25,"quantile",0.45,82.4169857851451
2022-05-21,"24","4  day ahead inc hosp",2022-05-25,"quantile",0.5,86.0113571568372
2022-05-21,"24","4  day ahead inc hosp",2022-05-25,"quantile",0.55,89.6057285285293
2022-05-21,"24","4  day ahead inc hosp",2022-05-25,"quantile",0.6,93.2580053696936
2022-05-21,"24","4  day ahead inc hosp",2022-05-25,"quantile",0.65,97.0329233587317
2022-05-21,"24","4  day ahead inc hosp",2022-05-25,"quantile",0.7,101.011118319292
2022-05-21,"24","4  day ahead inc hosp",2022-05-25,"quantile",0.75,105.30421617259
2022-05-21,"24","4  day ahead inc hosp",2022-05-25,"quantile",0.8,110.084784216724
2022-05-21,"24","4  day ahead inc hosp",2022-05-25,"quantile",0.85,115.657120130863
2022-05-21,"24","4  day ahead inc hosp",2022-05-25,"quantile",0.9,122.668391112182
2022-05-21,"24","4  day ahead inc hosp",2022-05-25,"quantile",0.95,133.060150881426
2022-05-21,"24","4  day ahead inc hosp",2022-05-25,"quantile",0.975,142.073452716765
2022-05-21,"24","4  day ahead inc hosp",2022-05-25,"quantile",0.99,152.553363973722
2022-05-21,"24","5  day ahead inc hosp",2022-05-26,"quantile",0.01,13.9599120958637
2022-05-21,"24","5  day ahead inc hosp",2022-05-26,"quantile",0.025,25.3618530333652
2022-05-21,"24","5  day ahead inc hosp",2022-05-26,"quantile",0.05,35.1681512603845
2022-05-21,"24","5  day ahead inc hosp",2022-05-26,"quantile",0.1,46.4741850826626
2022-05-21,"24","5  day ahead inc hosp",2022-05-26,"quantile",0.15,54.1023124270377
2022-05-21,"24","5  day ahead inc hosp",2022-05-26,"quantile",0.2,60.1649062237891
2022-05-21,"24","5  day ahead inc hosp",2022-05-26,"quantile",0.25,65.3660718778143
2022-05-21,"24","5  day ahead inc hosp",2022-05-26,"quantile",0.3,70.0368793839113
2022-05-21,"24","5  day ahead inc hosp",2022-05-26,"quantile",0.35,74.36507862778
2022-05-21,"24","5  day ahead inc hosp",2022-05-26,"quantile",0.4,78.4721164546845
2022-05-21,"24","5  day ahead inc hosp",2022-05-26,"quantile",0.45,82.4457230825761
2022-05-21,"24","5  day ahead inc hosp",2022-05-26,"quantile",0.5,86.3563296786267
2022-05-21,"24","5  day ahead inc hosp",2022-05-26,"quantile",0.55,90.2669362746773
2022-05-21,"24","5  day ahead inc hosp",2022-05-26,"quantile",0.6,94.2405429025689
2022-05-21,"24","5  day ahead inc hosp",2022-05-26,"quantile",0.65,98.3475807294734
2022-05-21,"24","5  day ahead inc hosp",2022-05-26,"quantile",0.7,102.675779973342
2022-05-21,"24","5  day ahead inc hosp",2022-05-26,"quantile",0.75,107.346587479439
2022-05-21,"24","5  day ahead inc hosp",2022-05-26,"quantile",0.8,112.547753133464
2022-05-21,"24","5  day ahead inc hosp",2022-05-26,"quantile",0.85,118.610346930216
2022-05-21,"24","5  day ahead inc hosp",2022-05-26,"quantile",0.9,126.238474274591
2022-05-21,"24","5  day ahead inc hosp",2022-05-26,"quantile",0.95,137.544508096869
2022-05-21,"24","5  day ahead inc hosp",2022-05-26,"quantile",0.975,147.350806323888
2022-05-21,"24","5  day ahead inc hosp",2022-05-26,"quantile",0.99,158.75274726139
2022-05-21,"24","6  day ahead inc hosp",2022-05-27,"quantile",0.01,10.2876086410317
2022-05-21,"24","6  day ahead inc hosp",2022-05-27,"quantile",0.025,22.5010443952878
2022-05-21,"24","6  day ahead inc hosp",2022-05-27,"quantile",0.05,33.0052729331546
2022-05-21,"24","6  day ahead inc hosp",2022-05-27,"quantile",0.1,45.1159757056685
2022-05-21,"24","6  day ahead inc hosp",2022-05-27,"quantile",0.15,53.2870093705933
2022-05-21,"24","6  day ahead inc hosp",2022-05-27,"quantile",0.2,59.7810879004371
2022-05-21,"24","6  day ahead inc hosp",2022-05-27,"quantile",0.25,65.3524290353264
2022-05-21,"24","6  day ahead inc hosp",2022-05-27,"quantile",0.3,70.3556655639935
2022-05-21,"24","6  day ahead inc hosp",2022-05-27,"quantile",0.35,74.9919098391014
2022-05-21,"24","6  day ahead inc hosp",2022-05-27,"quantile",0.4,79.3912522768626
2022-05-21,"24","6  day ahead inc hosp",2022-05-27,"quantile",0.45,83.6476669985719
2022-05-21,"24","6  day ahead inc hosp",2022-05-27,"quantile",0.5,87.8365978729586
2022-05-21,"24","6  day ahead inc hosp",2022-05-27,"quantile",0.55,92.0255287473453
2022-05-21,"24","6  day ahead inc hosp",2022-05-27,"quantile",0.6,96.2819434690546
2022-05-21,"24","6  day ahead inc hosp",2022-05-27,"quantile",0.65,100.681285906816
2022-05-21,"24","6  day ahead inc hosp",2022-05-27,"quantile",0.7,105.317530181924
2022-05-21,"24","6  day ahead inc hosp",2022-05-27,"quantile",0.75,110.320766710591
2022-05-21,"24","6  day ahead inc hosp",2022-05-27,"quantile",0.8,115.89210784548
2022-05-21,"24","6  day ahead inc hosp",2022-05-27,"quantile",0.85,122.386186375324
2022-05-21,"24","6  day ahead inc hosp",2022-05-27,"quantile",0.9,130.557220040249
2022-05-21,"24","6  day ahead inc hosp",2022-05-27,"quantile",0.95,142.667922812763
2022-05-21,"24","6  day ahead inc hosp",2022-05-27,"quantile",0.975,153.172151350629
2022-05-21,"24","6  day ahead inc hosp",2022-05-27,"quantile",0.99,165.385587104885
2022-05-21,"24","7  day ahead inc hosp",2022-05-28,"quantile",0.01,3.39590303980084
2022-05-21,"24","7  day ahead inc hosp",2022-05-28,"quantile",0.025,16.3571605626493
2022-05-21,"24","7  day ahead inc hosp",2022-05-28,"quantile",0.05,27.5045570772378
2022-05-21,"24","7  day ahead inc hosp",2022-05-28,"quantile",0.1,40.3567913359334
2022-05-21,"24","7  day ahead inc hosp",2022-05-28,"quantile",0.15,49.0281327741563
2022-05-21,"24","7  day ahead inc hosp",2022-05-28,"quantile",0.2,55.9198400621383
2022-05-21,"24","7  day ahead inc hosp",2022-05-28,"quantile",0.25,61.8323112659742
2022-05-21,"24","7  day ahead inc hosp",2022-05-28,"quantile",0.3,67.1418931396234
2022-05-21,"24","7  day ahead inc hosp",2022-05-28,"quantile",0.35,72.0620120314401
2022-05-21,"24","7  day ahead inc hosp",2022-05-28,"quantile",0.4,76.7307237202987
2022-05-21,"24","7  day ahead inc hosp",2022-05-28,"quantile",0.45,81.2477563098296
2022-05-21,"24","7  day ahead inc hosp",2022-05-28,"quantile",0.5,85.6931730542061
2022-05-21,"24","7  day ahead inc hosp",2022-05-28,"quantile",0.55,90.1385897985827
2022-05-21,"24","7  day ahead inc hosp",2022-05-28,"quantile",0.6,94.6556223881136
2022-05-21,"24","7  day ahead inc hosp",2022-05-28,"quantile",0.65,99.3243340769722
2022-05-21,"24","7  day ahead inc hosp",2022-05-28,"quantile",0.7,104.244452968789
2022-05-21,"24","7  day ahead inc hosp",2022-05-28,"quantile",0.75,109.554034842438
2022-05-21,"24","7  day ahead inc hosp",2022-05-28,"quantile",0.8,115.466506046274
2022-05-21,"24","7  day ahead inc hosp",2022-05-28,"quantile",0.85,122.358213334256
2022-05-21,"24","7  day ahead inc hosp",2022-05-28,"quantile",0.9,131.029554772479
2022-05-21,"24","7  day ahead inc hosp",2022-05-28,"quantile",0.95,143.881789031174
2022-05-21,"24","7  day ahead inc hosp",2022-05-28,"quantile",0.975,155.029185545763
2022-05-21,"24","7  day ahead inc hosp",2022-05-28,"quantile",0.99,167.990443068611
2022-05-21,"24","8  day ahead inc hosp",2022-05-29,"quantile",0.01,3.4785104436875
2022-05-21,"24","8  day ahead inc hosp",2022-05-29,"quantile",0.025,17.1268195678132
2022-05-21,"24","8  day ahead inc hosp",2022-05-29,"quantile",0.05,28.865118362672
2022-05-21,"24","8  day ahead inc hosp",2022-05-29,"quantile",0.1,42.398625106839
2022-05-21,"24","8  day ahead inc hosp",2022-05-29,"quantile",0.15,51.5296178566612
2022-05-21,"24","8  day ahead inc hosp",2022-05-29,"quantile",0.2,58.7866414358592
2022-05-21,"24","8  day ahead inc hosp",2022-05-29,"quantile",0.25,65.012521489179
2022-05-21,"24","8  day ahead inc hosp",2022-05-29,"quantile",0.3,70.6035541959725
2022-05-21,"24","8  day ahead inc hosp",2022-05-29,"quantile",0.35,75.7844792292564
2022-05-21,"24","8  day ahead inc hosp",2022-05-29,"quantile",0.4,80.7006704420793
2022-05-21,"24","8  day ahead inc hosp",2022-05-29,"quantile",0.45,85.4571423351028
2022-05-21,"24","8  day ahead inc hosp",2022-05-29,"quantile",0.5,90.1382021632761
2022-05-21,"24","8  day ahead inc hosp",2022-05-29,"quantile",0.55,94.8192619914494
2022-05-21,"24","8  day ahead inc hosp",2022-05-29,"quantile",0.6,99.5757338844729
2022-05-21,"24","8  day ahead inc hosp",2022-05-29,"quantile",0.65,104.491925097296
2022-05-21,"24","8  day ahead inc hosp",2022-05-29,"quantile",0.7,109.67285013058
2022-05-21,"24","8  day ahead inc hosp",2022-05-29,"quantile",0.75,115.263882837373
2022-05-21,"24","8  day ahead inc hosp",2022-05-29,"quantile",0.8,121.489762890693
2022-05-21,"24","8  day ahead inc hosp",2022-05-29,"quantile",0.85,128.746786469891
2022-05-21,"24","8  day ahead inc hosp",2022-05-29,"quantile",0.9,137.877779219713
2022-05-21,"24","8  day ahead inc hosp",2022-05-29,"quantile",0.95,151.41128596388
2022-05-21,"24","8  day ahead inc hosp",2022-05-29,"quantile",0.975,163.149584758739
2022-05-21,"24","8  day ahead inc hosp",2022-05-29,"quantile",0.99,176.797893882865
2022-05-21,"24","9  day ahead inc hosp",2022-05-30,"quantile",0.01,1.17303958738803
2022-05-21,"24","9  day ahead inc hosp",2022-05-30,"quantile",0.025,15.4558291752069
2022-05-21,"24","9  day ahead inc hosp",2022-05-30,"quantile",0.05,27.739816171776
2022-05-21,"24","9  day ahead inc hosp",2022-05-30,"quantile",0.1,41.9024664645204
2022-05-21,"24","9  day ahead inc hosp",2022-05-30,"quantile",0.15,51.4579393797021
2022-05-21,"24","9  day ahead inc hosp",2022-05-30,"quantile",0.2,59.0523263380327
2022-05-21,"24","9  day ahead inc hosp",2022-05-30,"quantile",0.25,65.5676341312434
2022-05-21,"24","9  day ahead inc hosp",2022-05-30,"quantile",0.3,71.4185818935993
2022-05-21,"24","9  day ahead inc hosp",2022-05-30,"quantile",0.35,76.8403569609484
2022-05-21,"24","9  day ahead inc hosp",2022-05-30,"quantile",0.4,81.9850913033229
2022-05-21,"24","9  day ahead inc hosp",2022-05-30,"quantile",0.45,86.9626813190957
2022-05-21,"24","9  day ahead inc hosp",2022-05-30,"quantile",0.5,91.8613535257214
2022-05-21,"24","9  day ahead inc hosp",2022-05-30,"quantile",0.55,96.7600257323472
2022-05-21,"24","9  day ahead inc hosp",2022-05-30,"quantile",0.6,101.73761574812
2022-05-21,"24","9  day ahead inc hosp",2022-05-30,"quantile",0.65,106.882350090494
2022-05-21,"24","9  day ahead inc hosp",2022-05-30,"quantile",0.7,112.304125157844
2022-05-21,"24","9  day ahead inc hosp",2022-05-30,"quantile",0.75,118.155072920199
2022-05-21,"24","9  day ahead inc hosp",2022-05-30,"quantile",0.8,124.67038071341
2022-05-21,"24","9  day ahead inc hosp",2022-05-30,"quantile",0.85,132.264767671741
2022-05-21,"24","9  day ahead inc hosp",2022-05-30,"quantile",0.9,141.820240586922
2022-05-21,"24","9  day ahead inc hosp",2022-05-30,"quantile",0.95,155.982890879667
2022-05-21,"24","9  day ahead inc hosp",2022-05-30,"quantile",0.975,168.266877876236
2022-05-21,"24","9  day ahead inc hosp",2022-05-30,"quantile",0.99,182.549667464055
2022-05-21,"24","10  day ahead inc hosp",2022-05-31,"quantile",0.01,0
2022-05-21,"24","10  day ahead inc hosp",2022-05-31,"quantile",0.025,13.7150548937608
2022-05-21,"24","10  day ahead inc hosp",2022-05-31,"quantile",0.05,26.5069798101623
2022-05-21,"24","10  day ahead inc hosp",2022-05-31,"quantile",0.1,41.2552499941537
2022-05-21,"24","10  day ahead inc hosp",2022-05-31,"quantile",0.15,51.2058378697231
2022-05-21,"24","10  day ahead inc hosp",2022-05-31,"quantile",0.2,59.1142496731707
2022-05-21,"24","10  day ahead inc hosp",2022-05-31,"quantile",0.25,65.8989628221894
2022-05-21,"24","10  day ahead inc hosp",2022-05-31,"quantile",0.3,71.9918449203834
2022-05-21,"24","10  day ahead inc hosp",2022-05-31,"quantile",0.35,77.6378082053102
2022-05-21,"24","10  day ahead inc hosp",2022-05-31,"quantile",0.4,82.9952752427523
2022-05-21,"24","10  day ahead inc hosp",2022-05-31,"quantile",0.45,88.1786866029385
2022-05-21,"24","10  day ahead inc hosp",2022-05-31,"quantile",0.5,93.2799169343221
2022-05-21,"24","10  day ahead inc hosp",2022-05-31,"quantile",0.55,98.3811472657056
2022-05-21,"24","10  day ahead inc hosp",2022-05-31,"quantile",0.6,103.564558625892
2022-05-21,"24","10  day ahead inc hosp",2022-05-31,"quantile",0.65,108.922025663334
2022-05-21,"24","10  day ahead inc hosp",2022-05-31,"quantile",0.7,114.567988948261
2022-05-21,"24","10  day ahead inc hosp",2022-05-31,"quantile",0.75,120.660871046455
2022-05-21,"24","10  day ahead inc hosp",2022-05-31,"quantile",0.8,127.445584195473
2022-05-21,"24","10  day ahead inc hosp",2022-05-31,"quantile",0.85,135.353995998921
2022-05-21,"24","10  day ahead inc hosp",2022-05-31,"quantile",0.9,145.30458387449
2022-05-21,"24","10  day ahead inc hosp",2022-05-31,"quantile",0.95,160.052854058482
2022-05-21,"24","10  day ahead inc hosp",2022-05-31,"quantile",0.975,172.844778974883
2022-05-21,"24","10  day ahead inc hosp",2022-05-31,"quantile",0.99,187.718156165462
2022-05-21,"24","11  day ahead inc hosp",2022-06-01,"quantile",0.01,0
2022-05-21,"24","11  day ahead inc hosp",2022-06-01,"quantile",0.025,10.8603805991152
2022-05-21,"24","11  day ahead inc hosp",2022-06-01,"quantile",0.05,24.1270239849617
2022-05-21,"24","11  day ahead inc hosp",2022-06-01,"quantile",0.1,39.4226141614063
2022-05-21,"24","11  day ahead inc hosp",2022-06-01,"quantile",0.15,49.7424762374762
2022-05-21,"24","11  day ahead inc hosp",2022-06-01,"quantile",0.2,57.9443754692513
2022-05-21,"24","11  day ahead inc hosp",2022-06-01,"quantile",0.25,64.9808746991589
2022-05-21,"24","11  day ahead inc hosp",2022-06-01,"quantile",0.3,71.2998684797671
2022-05-21,"24","11  day ahead inc hosp",2022-06-01,"quantile",0.35,77.1553579358276
2022-05-21,"24","11  day ahead inc hosp",2022-06-01,"quantile",0.4,82.7116448200666
2022-05-21,"24","11  day ahead inc hosp",2022-06-01,"quantile",0.45,88.0874166829522
2022-05-21,"24","11  day ahead inc hosp",2022-06-01,"quantile",0.5,93.3779577139393
2022-05-21,"24","11  day ahead inc hosp",2022-06-01,"quantile",0.55,98.6684987449265
2022-05-21,"24","11  day ahead inc hosp",2022-06-01,"quantile",0.6,104.044270607812
2022-05-21,"24","11  day ahead inc hosp",2022-06-01,"quantile",0.65,109.600557492051
2022-05-21,"24","11  day ahead inc hosp",2022-06-01,"quantile",0.7,115.456046948112
2022-05-21,"24","11  day ahead inc hosp",2022-06-01,"quantile",0.75,121.77504072872
2022-05-21,"24","11  day ahead inc hosp",2022-06-01,"quantile",0.8,128.811539958627
2022-05-21,"24","11  day ahead inc hosp",2022-06-01,"quantile",0.85,137.013439190402
2022-05-21,"24","11  day ahead inc hosp",2022-06-01,"quantile",0.9,147.333301266472
2022-05-21,"24","11  day ahead inc hosp",2022-06-01,"quantile",0.95,162.628891442917
2022-05-21,"24","11  day ahead inc hosp",2022-06-01,"quantile",0.975,175.895534828763
2022-05-21,"24","11  day ahead inc hosp",2022-06-01,"quantile",0.99,191.32087483194
2022-05-21,"24","12  day ahead inc hosp",2022-06-02,"quantile",0.01,0
2022-05-21,"24","12  day ahead inc hosp",2022-06-02,"quantile",0.025,9.28708829204392
2022-05-21,"24","12  day ahead inc hosp",2022-06-02,"quantile",0.05,22.9989601636704
2022-05-21,"24","12  day ahead inc hosp",2022-06-02,"quantile",0.1,38.8078702700556
2022-05-21,"24","12  day ahead inc hosp",2022-06-02,"quantile",0.15,49.4740668658646
2022-05-21,"24","12  day ahead inc hosp",2022-06-02,"quantile",0.2,57.9512217949006
2022-05-21,"24","12  day ahead inc hosp",2022-06-02,"quantile",0.25,65.2238659038261
2022-05-21,"24","12  day ahead inc hosp",2022-06-02,"quantile",0.3,71.7549250841566
2022-05-21,"24","12  day ahead inc hosp",2022-06-02,"quantile",0.35,77.8069247371222
2022-05-21,"24","12  day ahead inc hosp",2022-06-02,"quantile",0.4,83.5496805814501
2022-05-21,"24","12  day ahead inc hosp",2022-06-02,"quantile",0.45,89.1058633212094
2022-05-21,"24","12  day ahead inc hosp",2022-06-02,"quantile",0.5,94.5739548827773
2022-05-21,"24","12  day ahead inc hosp",2022-06-02,"quantile",0.55,100.042046444345
2022-05-21,"24","12  day ahead inc hosp",2022-06-02,"quantile",0.6,105.598229184104
2022-05-21,"24","12  day ahead inc hosp",2022-06-02,"quantile",0.65,111.340985028432
2022-05-21,"24","12  day ahead inc hosp",2022-06-02,"quantile",0.7,117.392984681398
2022-05-21,"24","12  day ahead inc hosp",2022-06-02,"quantile",0.75,123.924043861729
2022-05-21,"24","12  day ahead inc hosp",2022-06-02,"quantile",0.8,131.196687970654
2022-05-21,"24","12  day ahead inc hosp",2022-06-02,"quantile",0.85,139.67384289969
2022-05-21,"24","12  day ahead inc hosp",2022-06-02,"quantile",0.9,150.340039495499
2022-05-21,"24","12  day ahead inc hosp",2022-06-02,"quantile",0.95,166.148949601884
2022-05-21,"24","12  day ahead inc hosp",2022-06-02,"quantile",0.975,179.860821473511
2022-05-21,"24","12  day ahead inc hosp",2022-06-02,"quantile",0.99,195.803835810165
2022-05-21,"24","13  day ahead inc hosp",2022-06-03,"quantile",0.01,0
2022-05-21,"24","13  day ahead inc hosp",2022-06-03,"quantile",0.025,4.98138964182658
2022-05-21,"24","13  day ahead inc hosp",2022-06-03,"quantile",0.05,19.1122149924778
2022-05-21,"24","13  day ahead inc hosp",2022-06-03,"quantile",0.1,35.4041516287684
2022-05-21,"24","13  day ahead inc hosp",2022-06-03,"quantile",0.15,46.3962439311311
2022-05-21,"24","13  day ahead inc hosp",2022-06-03,"quantile",0.2,55.1324104366318
2022-05-21,"24","13  day ahead inc hosp",2022-06-03,"quantile",0.25,62.6272634153359
2022-05-21,"24","13  day ahead inc hosp",2022-06-03,"quantile",0.3,69.3578730283814
2022-05-21,"24","13  day ahead inc hosp",2022-06-03,"quantile",0.35,75.5947858962169
2022-05-21,"24","13  day ahead inc hosp",2022-06-03,"quantile",0.4,81.5130062987537
2022-05-21,"24","13  day ahead inc hosp",2022-06-03,"quantile",0.45,87.2389530292147
2022-05-21,"24","13  day ahead inc hosp",2022-06-03,"quantile",0.5,92.8741170375494
2022-05-21,"24","13  day ahead inc hosp",2022-06-03,"quantile",0.55,98.5092810458842
2022-05-21,"24","13  day ahead inc hosp",2022-06-03,"quantile",0.6,104.235227776345
2022-05-21,"24","13  day ahead inc hosp",2022-06-03,"quantile",0.65,110.153448178882
2022-05-21,"24","13  day ahead inc hosp",2022-06-03,"quantile",0.7,116.390361046717
2022-05-21,"24","13  day ahead inc hosp",2022-06-03,"quantile",0.75,123.120970659763
2022-05-21,"24","13  day ahead inc hosp",2022-06-03,"quantile",0.8,130.615823638467
2022-05-21,"24","13  day ahead inc hosp",2022-06-03,"quantile",0.85,139.351990143968
2022-05-21,"24","13  day ahead inc hosp",2022-06-03,"quantile",0.9,150.34408244633
2022-05-21,"24","13  day ahead inc hosp",2022-06-03,"quantile",0.95,166.636019082621
2022-05-21,"24","13  day ahead inc hosp",2022-06-03,"quantile",0.975,180.766844433272
2022-05-21,"24","13  day ahead inc hosp",2022-06-03,"quantile",0.99,197.196982729734
2022-05-21,"24","14  day ahead inc hosp",2022-06-04,"quantile",0.01,0
2022-05-21,"24","14  day ahead inc hosp",2022-06-04,"quantile",0.025,4.91421633321006
2022-05-21,"24","14  day ahead inc hosp",2022-06-04,"quantile",0.05,19.4403364818388
2022-05-21,"24","14  day ahead inc hosp",2022-06-04,"quantile",0.1,36.1880227039813
2022-05-21,"24","14  day ahead inc hosp",2022-06-04,"quantile",0.15,47.4876070882422
2022-05-21,"24","14  day ahead inc hosp",2022-06-04,"quantile",0.2,56.4681585527383
2022-05-21,"24","14  day ahead inc hosp",2022-06-04,"quantile",0.25,64.172672065811
2022-05-21,"24","14  day ahead inc hosp",2022-06-04,"quantile",0.3,71.0915633185508
2022-05-21,"24","14  day ahead inc hosp",2022-06-04,"quantile",0.35,77.5029471851366
2022-05-21,"24","14  day ahead inc hosp",2022-06-04,"quantile",0.4,83.5867235039313
2022-05-21,"24","14  day ahead inc hosp",2022-06-04,"quantile",0.45,89.4728474993348
2022-05-21,"24","14  day ahead inc hosp",2022-06-04,"quantile",0.5,95.265649222592
2022-05-21,"24","14  day ahead inc hosp",2022-06-04,"quantile",0.55,101.058450945849
2022-05-21,"24","14  day ahead inc hosp",2022-06-04,"quantile",0.6,106.944574941253
2022-05-21,"24","14  day ahead inc hosp",2022-06-04,"quantile",0.65,113.028351260047
2022-05-21,"24","14  day ahead inc hosp",2022-06-04,"quantile",0.7,119.439735126633
2022-05-21,"24","14  day ahead inc hosp",2022-06-04,"quantile",0.75,126.358626379373
2022-05-21,"24","14  day ahead inc hosp",2022-06-04,"quantile",0.8,134.063139892446
2022-05-21,"24","14  day ahead inc hosp",2022-06-04,"quantile",0.85,143.043691356942
2022-05-21,"24","14  day ahead inc hosp",2022-06-04,"quantile",0.9,154.343275741203
2022-05-21,"24","14  day ahead inc hosp",2022-06-04,"quantile",0.95,171.090961963345
2022-05-21,"24","14  day ahead inc hosp",2022-06-04,"quantile",0.975,185.617082111974
2022-05-21,"24","14  day ahead inc hosp",2022-06-04,"quantile",0.99,202.506836038625
2022-05-21,"24","15  day ahead inc hosp",2022-06-05,"quantile",0.01,0
2022-05-21,"24","15  day ahead inc hosp",2022-06-05,"quantile",0.025,3.75363564897386
2022-05-21,"24","15  day ahead inc hosp",2022-06-05,"quantile",0.05,18.6535937762657
2022-05-21,"24","15  day ahead inc hosp",2022-06-05,"quantile",0.1,35.8322912457689
2022-05-21,"24","15  day ahead inc hosp",2022-06-05,"quantile",0.15,47.4226768723935
2022-05-21,"24","15  day ahead inc hosp",2022-06-05,"quantile",0.2,56.6343479457333
2022-05-21,"24","15  day ahead inc hosp",2022-06-05,"quantile",0.25,64.5371415039137
2022-05-21,"24","15  day ahead inc hosp",2022-06-05,"quantile",0.3,71.6340943652627
2022-05-21,"24","15  day ahead inc hosp",2022-06-05,"quantile",0.35,78.2104788487093
2022-05-21,"24","15  day ahead inc hosp",2022-06-05,"quantile",0.4,84.4508246174593
2022-05-21,"24","15  day ahead inc hosp",2022-06-05,"quantile",0.45,90.4884313676582
2022-05-21,"24","15  day ahead inc hosp",2022-06-05,"quantile",0.5,96.4303141438642
2022-05-21,"24","15  day ahead inc hosp",2022-06-05,"quantile",0.55,102.37219692007
2022-05-21,"24","15  day ahead inc hosp",2022-06-05,"quantile",0.6,108.409803670269
2022-05-21,"24","15  day ahead inc hosp",2022-06-05,"quantile",0.65,114.650149439019
2022-05-21,"24","15  day ahead inc hosp",2022-06-05,"quantile",0.7,121.226533922466
2022-05-21,"24","15  day ahead inc hosp",2022-06-05,"quantile",0.75,128.323486783815
2022-05-21,"24","15  day ahead inc hosp",2022-06-05,"quantile",0.8,136.226280341995
2022-05-21,"24","15  day ahead inc hosp",2022-06-05,"quantile",0.85,145.437951415335
2022-05-21,"24","15  day ahead inc hosp",2022-06-05,"quantile",0.9,157.02833704196
2022-05-21,"24","15  day ahead inc hosp",2022-06-05,"quantile",0.95,174.207034511463
2022-05-21,"24","15  day ahead inc hosp",2022-06-05,"quantile",0.975,189.106992638755
2022-05-21,"24","15  day ahead inc hosp",2022-06-05,"quantile",0.99,206.431414006089
2022-05-21,"24","16  day ahead inc hosp",2022-06-06,"quantile",0.01,0
2022-05-21,"24","16  day ahead inc hosp",2022-06-06,"quantile",0.025,4.67991554387963
2022-05-21,"24","16  day ahead inc hosp",2022-06-06,"quantile",0.05,19.9341450733882
2022-05-21,"24","16  day ahead inc hosp",2022-06-06,"quantile",0.1,37.5212947807289
2022-05-21,"24","16  day ahead inc hosp",2022-06-06,"quantile",0.15,49.3872611930911
2022-05-21,"24","16  day ahead inc hosp",2022-06-06,"quantile",0.2,58.8179551388465
2022-05-21,"24","16  day ahead inc hosp",2022-06-06,"quantile",0.25,66.9086508193932
2022-05-21,"24","16  day ahead inc hosp",2022-06-06,"quantile",0.3,74.1743455939862
2022-05-21,"24","16  day ahead inc hosp",2022-06-06,"quantile",0.35,80.9070946076257
2022-05-21,"24","16  day ahead inc hosp",2022-06-06,"quantile",0.4,87.295815024608
2022-05-21,"24","16  day ahead inc hosp",2022-06-06,"quantile",0.45,93.4769759640974
2022-05-21,"24","16  day ahead inc hosp",2022-06-06,"quantile",0.5,99.560136932158
2022-05-21,"24","16  day ahead inc hosp",2022-06-06,"quantile",0.55,105.643297900219
2022-05-21,"24","16  day ahead inc hosp",2022-06-06,"quantile",0.6,111.824458839708
2022-05-21,"24","16  day ahead inc hosp",2022-06-06,"quantile",0.65,118.21317925669
2022-05-21,"24","16  day ahead inc hosp",2022-06-06,"quantile",0.7,124.94592827033
2022-05-21,"24","16  day ahead inc hosp",2022-06-06,"quantile",0.75,132.211623044923
2022-05-21,"24","16  day ahead inc hosp",2022-06-06,"quantile",0.8,140.30231872547
2022-05-21,"24","16  day ahead inc hosp",2022-06-06,"quantile",0.85,149.733012671225
2022-05-21,"24","16  day ahead inc hosp",2022-06-06,"quantile",0.9,161.598979083587
2022-05-21,"24","16  day ahead inc hosp",2022-06-06,"quantile",0.95,179.186128790928
2022-05-21,"24","16  day ahead inc hosp",2022-06-06,"quantile",0.975,194.440358320436
2022-05-21,"24","16  day ahead inc hosp",2022-06-06,"quantile",0.99,212.176696754783
2022-05-21,"24","17  day ahead inc hosp",2022-06-07,"quantile",0.01,0
2022-05-21,"24","17  day ahead inc hosp",2022-06-07,"quantile",0.025,4.59727029942999
2022-05-21,"24","17  day ahead inc hosp",2022-06-07,"quantile",0.05,20.1878334507819
2022-05-21,"24","17  day ahead inc hosp",2022-06-07,"quantile",0.1,38.1627542839946
2022-05-21,"24","17  day ahead inc hosp",2022-06-07,"quantile",0.15,50.2903480340353
2022-05-21,"24","17  day ahead inc hosp",2022-06-07,"quantile",0.2,59.928975094022
2022-05-21,"24","17  day ahead inc hosp",2022-06-07,"quantile",0.25,68.1980588718637
2022-05-21,"24","17  day ahead inc hosp",2022-06-07,"quantile",0.3,75.6239516711435
2022-05-21,"24","17  day ahead inc hosp",2022-06-07,"quantile",0.35,82.5051480289336
2022-05-21,"24","17  day ahead inc hosp",2022-06-07,"quantile",0.4,89.0347304588173
2022-05-21,"24","17  day ahead inc hosp",2022-06-07,"quantile",0.45,95.3521770259717
2022-05-21,"24","17  day ahead inc hosp",2022-06-07,"quantile",0.5,101.56946286456
2022-05-21,"24","17  day ahead inc hosp",2022-06-07,"quantile",0.55,107.786748703148
2022-05-21,"24","17  day ahead inc hosp",2022-06-07,"quantile",0.6,114.104195270303
2022-05-21,"24","17  day ahead inc hosp",2022-06-07,"quantile",0.65,120.633777700186
2022-05-21,"24","17  day ahead inc hosp",2022-06-07,"quantile",0.7,127.514974057976
2022-05-21,"24","17  day ahead inc hosp",2022-06-07,"quantile",0.75,134.940866857256
2022-05-21,"24","17  day ahead inc hosp",2022-06-07,"quantile",0.8,143.209950635098
2022-05-21,"24","17  day ahead inc hosp",2022-06-07,"quantile",0.85,152.848577695085
2022-05-21,"24","17  day ahead inc hosp",2022-06-07,"quantile",0.9,164.976171445125
2022-05-21,"24","17  day ahead inc hosp",2022-06-07,"quantile",0.95,182.951092278338
2022-05-21,"24","17  day ahead inc hosp",2022-06-07,"quantile",0.975,198.54165542969
2022-05-21,"24","17  day ahead inc hosp",2022-06-07,"quantile",0.99,216.669054384814
2022-05-21,"24","18  day ahead inc hosp",2022-06-08,"quantile",0.01,0
2022-05-21,"24","18  day ahead inc hosp",2022-06-08,"quantile",0.025,0
2022-05-21,"24","18  day ahead inc hosp",2022-06-08,"quantile",0.05,13.1353123638623
2022-05-21,"24","18  day ahead inc hosp",2022-06-08,"quantile",0.1,31.478957350026
2022-05-21,"24","18  day ahead inc hosp",2022-06-08,"quantile",0.15,43.8553275355407
2022-05-21,"24","18  day ahead inc hosp",2022-06-08,"quantile",0.2,53.6916742200687
2022-05-21,"24","18  day ahead inc hosp",2022-06-08,"quantile",0.25,62.1303838304776
2022-05-21,"24","18  day ahead inc hosp",2022-06-08,"quantile",0.3,69.7086058699096
2022-05-21,"24","18  day ahead inc hosp",2022-06-08,"quantile",0.35,76.7309579702956
2022-05-21,"24","18  day ahead inc hosp",2022-06-08,"quantile",0.4,83.3944833962527
2022-05-21,"24","18  day ahead inc hosp",2022-06-08,"quantile",0.45,89.8415213622177
2022-05-21,"24","18  day ahead inc hosp",2022-06-08,"quantile",0.5,96.1863439769485
2022-05-21,"24","18  day ahead inc hosp",2022-06-08,"quantile",0.55,102.531166591679
2022-05-21,"24","18  day ahead inc hosp",2022-06-08,"quantile",0.6,108.978204557644
2022-05-21,"24","18  day ahead inc hosp",2022-06-08,"quantile",0.65,115.641729983601
2022-05-21,"24","18  day ahead inc hosp",2022-06-08,"quantile",0.7,122.664082083987
2022-05-21,"24","18  day ahead inc hosp",2022-06-08,"quantile",0.75,130.242304123419
2022-05-21,"24","18  day ahead inc hosp",2022-06-08,"quantile",0.8,138.681013733828
2022-05-21,"24","18  day ahead inc hosp",2022-06-08,"quantile",0.85,148.517360418356
2022-05-21,"24","18  day ahead inc hosp",2022-06-08,"quantile",0.9,160.893730603871
2022-05-21,"24","18  day ahead inc hosp",2022-06-08,"quantile",0.95,179.237375590035
2022-05-21,"24","18  day ahead inc hosp",2022-06-08,"quantile",0.975,195.147751954771
2022-05-21,"24","18  day ahead inc hosp",2022-06-08,"quantile",0.99,213.647002885598
2022-05-21,"24","19  day ahead inc hosp",2022-06-09,"quantile",0.01,0
2022-05-21,"24","19  day ahead inc hosp",2022-06-09,"quantile",0.025,0.90448219301264
2022-05-21,"24","19  day ahead inc hosp",2022-06-09,"quantile",0.05,17.1193960299258
2022-05-21,"24","19  day ahead inc hosp",2022-06-09,"quantile",0.1,35.8141532177448
2022-05-21,"24","19  day ahead inc hosp",2022-06-09,"quantile",0.15,48.4274171388075
2022-05-21,"24","19  day ahead inc hosp",2022-06-09,"quantile",0.2,58.4520394546649
2022-05-21,"24","19  day ahead inc hosp",2022-06-09,"quantile",0.25,67.0522727923742
2022-05-21,"24","19  day ahead inc hosp",2022-06-09,"quantile",0.3,74.7755481310226
2022-05-21,"24","19  day ahead inc hosp",2022-06-09,"quantile",0.35,81.9323137303955
2022-05-21,"24","19  day ahead inc hosp",2022-06-09,"quantile",0.4,88.7233844225666
2022-05-21,"24","19  day ahead inc hosp",2022-06-09,"quantile",0.45,95.2938239096629
2022-05-21,"24","19  day ahead inc hosp",2022-06-09,"quantile",0.5,101.760091561029
2022-05-21,"24","19  day ahead inc hosp",2022-06-09,"quantile",0.55,108.226359212395
2022-05-21,"24","19  day ahead inc hosp",2022-06-09,"quantile",0.6,114.796798699492
2022-05-21,"24","19  day ahead inc hosp",2022-06-09,"quantile",0.65,121.587869391663
2022-05-21,"24","19  day ahead inc hosp",2022-06-09,"quantile",0.7,128.744634991036
2022-05-21,"24","19  day ahead inc hosp",2022-06-09,"quantile",0.75,136.467910329684
2022-05-21,"24","19  day ahead inc hosp",2022-06-09,"quantile",0.8,145.068143667393
2022-05-21,"24","19  day ahead inc hosp",2022-06-09,"quantile",0.85,155.092765983251
2022-05-21,"24","19  day ahead inc hosp",2022-06-09,"quantile",0.9,167.706029904313
2022-05-21,"24","19  day ahead inc hosp",2022-06-09,"quantile",0.95,186.400787092132
2022-05-21,"24","19  day ahead inc hosp",2022-06-09,"quantile",0.975,202.615700929046
2022-05-21,"24","19  day ahead inc hosp",2022-06-09,"quantile",0.99,221.469042485165
2022-05-21,"24","20  day ahead inc hosp",2022-06-10,"quantile",0.01,0
2022-05-21,"24","20  day ahead inc hosp",2022-06-10,"quantile",0.025,0
2022-05-21,"24","20  day ahead inc hosp",2022-06-10,"quantile",0.05,12.7736873337126
2022-05-21,"24","20  day ahead inc hosp",2022-06-10,"quantile",0.1,31.8032134336486
2022-05-21,"24","20  day ahead inc hosp",2022-06-10,"quantile",0.15,44.6423443503977
2022-05-21,"24","20  day ahead inc hosp",2022-06-10,"quantile",0.2,54.846478594297
2022-05-21,"24","20  day ahead inc hosp",2022-06-10,"quantile",0.25,63.6007171822213
2022-05-21,"24","20  day ahead inc hosp",2022-06-10,"quantile",0.3,71.4622939952951
2022-05-21,"24","20  day ahead inc hosp",2022-06-10,"quantile",0.35,78.747216521763
2022-05-21,"24","20  day ahead inc hosp",2022-06-10,"quantile",0.4,85.659895605254
2022-05-21,"24","20  day ahead inc hosp",2022-06-10,"quantile",0.45,92.3479926183149
2022-05-21,"24","20  day ahead inc hosp",2022-06-10,"quantile",0.5,98.9300523800229
2022-05-21,"24","20  day ahead inc hosp",2022-06-10,"quantile",0.55,105.512112141731
2022-05-21,"24","20  day ahead inc hosp",2022-06-10,"quantile",0.6,112.200209154792
2022-05-21,"24","20  day ahead inc hosp",2022-06-10,"quantile",0.65,119.112888238283
2022-05-21,"24","20  day ahead inc hosp",2022-06-10,"quantile",0.7,126.397810764751
2022-05-21,"24","20  day ahead inc hosp",2022-06-10,"quantile",0.75,134.259387577824
2022-05-21,"24","20  day ahead inc hosp",2022-06-10,"quantile",0.8,143.013626165749
2022-05-21,"24","20  day ahead inc hosp",2022-06-10,"quantile",0.85,153.217760409648
2022-05-21,"24","20  day ahead inc hosp",2022-06-10,"quantile",0.9,166.056891326397
2022-05-21,"24","20  day ahead inc hosp",2022-06-10,"quantile",0.95,185.086417426333
2022-05-21,"24","20  day ahead inc hosp",2022-06-10,"quantile",0.975,201.591693369088
2022-05-21,"24","20  day ahead inc hosp",2022-06-10,"quantile",0.99,220.782643623684
2022-05-21,"24","21  day ahead inc hosp",2022-06-11,"quantile",0.01,0
2022-05-21,"24","21  day ahead inc hosp",2022-06-11,"quantile",0.025,0
2022-05-21,"24","21  day ahead inc hosp",2022-06-11,"quantile",0.05,11.7858414496024
2022-05-21,"24","21  day ahead inc hosp",2022-06-11,"quantile",0.1,31.1349219704778
2022-05-21,"24","21  day ahead inc hosp",2022-06-11,"quantile",0.15,44.1896547379467
2022-05-21,"24","21  day ahead inc hosp",2022-06-11,"quantile",0.2,54.5651424980805
2022-05-21,"24","21  day ahead inc hosp",2022-06-11,"quantile",0.25,63.4663871453274
2022-05-21,"24","21  day ahead inc hosp",2022-06-11,"quantile",0.3,71.4599799430862
2022-05-21,"24","21  day ahead inc hosp",2022-06-11,"quantile",0.35,78.8672349536796
2022-05-21,"24","21  day ahead inc hosp",2022-06-11,"quantile",0.4,85.8959956016859
2022-05-21,"24","21  day ahead inc hosp",2022-06-11,"quantile",0.45,92.6964028718162
2022-05-21,"24","21  day ahead inc hosp",2022-06-11,"quantile",0.5,99.3889922538992
2022-05-21,"24","21  day ahead inc hosp",2022-06-11,"quantile",0.55,106.081581635982
2022-05-21,"24","21  day ahead inc hosp",2022-06-11,"quantile",0.6,112.881988906113
2022-05-21,"24","21  day ahead inc hosp",2022-06-11,"quantile",0.65,119.910749554119
2022-05-21,"24","21  day ahead inc hosp",2022-06-11,"quantile",0.7,127.318004564712
2022-05-21,"24","21  day ahead inc hosp",2022-06-11,"quantile",0.75,135.311597362471
2022-05-21,"24","21  day ahead inc hosp",2022-06-11,"quantile",0.8,144.212842009718
2022-05-21,"24","21  day ahead inc hosp",2022-06-11,"quantile",0.85,154.588329769852
2022-05-21,"24","21  day ahead inc hosp",2022-06-11,"quantile",0.9,167.643062537321
2022-05-21,"24","21  day ahead inc hosp",2022-06-11,"quantile",0.95,186.992143058196
2022-05-21,"24","21  day ahead inc hosp",2022-06-11,"quantile",0.975,203.774584804694
2022-05-21,"24","21  day ahead inc hosp",2022-06-11,"quantile",0.99,223.28780020471
2022-05-21,"24","22  day ahead inc hosp",2022-06-12,"quantile",0.01,0
2022-05-21,"24","22  day ahead inc hosp",2022-06-12,"quantile",0.025,0
2022-05-21,"24","22  day ahead inc hosp",2022-06-12,"quantile",0.05,10.1366855038087
2022-05-21,"24","22  day ahead inc hosp",2022-06-12,"quantile",0.1,29.9985510895352
2022-05-21,"24","22  day ahead inc hosp",2022-06-12,"quantile",0.15,43.3992575058064
2022-05-21,"24","22  day ahead inc hosp",2022-06-12,"quantile",0.2,54.0497141544205
2022-05-21,"24","22  day ahead inc hosp",2022-06-12,"quantile",0.25,63.1868576242895
2022-05-21,"24","22  day ahead inc hosp",2022-06-12,"quantile",0.3,71.3922948555225
2022-05-21,"24","22  day ahead inc hosp",2022-06-12,"quantile",0.35,78.9958553048615
2022-05-21,"24","22  day ahead inc hosp",2022-06-12,"quantile",0.4,86.2108906174866
2022-05-21,"24","22  day ahead inc hosp",2022-06-12,"quantile",0.45,93.1915207813749
2022-05-21,"24","22  day ahead inc hosp",2022-06-12,"quantile",0.5,100.061475691324
2022-05-21,"24","22  day ahead inc hosp",2022-06-12,"quantile",0.55,106.931430601273
2022-05-21,"24","22  day ahead inc hosp",2022-06-12,"quantile",0.6,113.912060765162
2022-05-21,"24","22  day ahead inc hosp",2022-06-12,"quantile",0.65,121.127096077787
2022-05-21,"24","22  day ahead inc hosp",2022-06-12,"quantile",0.7,128.730656527126
2022-05-21,"24","22  day ahead inc hosp",2022-06-12,"quantile",0.75,136.936093758359
2022-05-21,"24","22  day ahead inc hosp",2022-06-12,"quantile",0.8,146.073237228228
2022-05-21,"24","22  day ahead inc hosp",2022-06-12,"quantile",0.85,156.723693876842
2022-05-21,"24","22  day ahead inc hosp",2022-06-12,"quantile",0.9,170.124400293113
2022-05-21,"24","22  day ahead inc hosp",2022-06-12,"quantile",0.95,189.98626587884
2022-05-21,"24","22  day ahead inc hosp",2022-06-12,"quantile",0.975,207.213472195419
2022-05-21,"24","22  day ahead inc hosp",2022-06-12,"quantile",0.99,227.243822526656
2022-05-21,"24","23  day ahead inc hosp",2022-06-13,"quantile",0.01,0
2022-05-21,"24","23  day ahead inc hosp",2022-06-13,"quantile",0.025,0
2022-05-21,"24","23  day ahead inc hosp",2022-06-13,"quantile",0.05,9.87706817473172
2022-05-21,"24","23  day ahead inc hosp",2022-06-13,"quantile",0.1,30.1595298962872
2022-05-21,"24","23  day ahead inc hosp",2022-06-13,"quantile",0.15,43.8440105286178
2022-05-21,"24","23  day ahead inc hosp",2022-06-13,"quantile",0.2,54.72000192833
2022-05-21,"24","23  day ahead inc hosp",2022-06-13,"quantile",0.25,64.0506341326461
2022-05-21,"24","23  day ahead inc hosp",2022-06-13,"quantile",0.3,72.4298302274335
2022-05-21,"24","23  day ahead inc hosp",2022-06-13,"quantile",0.35,80.1944041591028
2022-05-21,"24","23  day ahead inc hosp",2022-06-13,"quantile",0.4,87.5622255209167
2022-05-21,"24","23  day ahead inc hosp",2022-06-13,"quantile",0.45,94.6906779555736
2022-05-21,"24","23  day ahead inc hosp",2022-06-13,"quantile",0.5,101.706111470036
2022-05-21,"24","23  day ahead inc hosp",2022-06-13,"quantile",0.55,108.721544984499
2022-05-21,"24","23  day ahead inc hosp",2022-06-13,"quantile",0.6,115.849997419156
2022-05-21,"24","23  day ahead inc hosp",2022-06-13,"quantile",0.65,123.21781878097
2022-05-21,"24","23  day ahead inc hosp",2022-06-13,"quantile",0.7,130.982392712639
2022-05-21,"24","23  day ahead inc hosp",2022-06-13,"quantile",0.75,139.361588807427
2022-05-21,"24","23  day ahead inc hosp",2022-06-13,"quantile",0.8,148.692221011743
2022-05-21,"24","23  day ahead inc hosp",2022-06-13,"quantile",0.85,159.568212411455
2022-05-21,"24","23  day ahead inc hosp",2022-06-13,"quantile",0.9,173.252693043785
2022-05-21,"24","23  day ahead inc hosp",2022-06-13,"quantile",0.95,193.535154765341
2022-05-21,"24","23  day ahead inc hosp",2022-06-13,"quantile",0.975,211.127165504576
2022-05-21,"24","23  day ahead inc hosp",2022-06-13,"quantile",0.99,231.581679815388
2022-05-21,"24","24  day ahead inc hosp",2022-06-14,"quantile",0.01,0
2022-05-21,"24","24  day ahead inc hosp",2022-06-14,"quantile",0.025,0
2022-05-21,"24","24  day ahead inc hosp",2022-06-14,"quantile",0.05,7.39508715998942
2022-05-21,"24","24  day ahead inc hosp",2022-06-14,"quantile",0.1,28.0650794163643
2022-05-21,"24","24  day ahead inc hosp",2022-06-14,"quantile",0.15,42.0110250607321
2022-05-21,"24","24  day ahead inc hosp",2022-06-14,"quantile",0.2,53.094820563402
2022-05-21,"24","24  day ahead inc hosp",2022-06-14,"quantile",0.25,62.6037301848277
2022-05-21,"24","24  day ahead inc hosp",2022-06-14,"quantile",0.3,71.1430249100745
2022-05-21,"24","24  day ahead inc hosp",2022-06-14,"quantile",0.35,79.0559540823302
2022-05-21,"24","24  day ahead inc hosp",2022-06-14,"quantile",0.4,86.5645500597699
2022-05-21,"24","24  day ahead inc hosp",2022-06-14,"quantile",0.45,93.8292035642161
2022-05-21,"24","24  day ahead inc hosp",2022-06-14,"quantile",0.5,100.978678731964
2022-05-21,"24","24  day ahead inc hosp",2022-06-14,"quantile",0.55,108.128153899712
2022-05-21,"24","24  day ahead inc hosp",2022-06-14,"quantile",0.6,115.392807404158
2022-05-21,"24","24  day ahead inc hosp",2022-06-14,"quantile",0.65,122.901403381598
2022-05-21,"24","24  day ahead inc hosp",2022-06-14,"quantile",0.7,130.814332553853
2022-05-21,"24","24  day ahead inc hosp",2022-06-14,"quantile",0.75,139.3536272791
2022-05-21,"24","24  day ahead inc hosp",2022-06-14,"quantile",0.8,148.862536900526
2022-05-21,"24","24  day ahead inc hosp",2022-06-14,"quantile",0.85,159.946332403196
2022-05-21,"24","24  day ahead inc hosp",2022-06-14,"quantile",0.9,173.892278047564
2022-05-21,"24","24  day ahead inc hosp",2022-06-14,"quantile",0.95,194.562270303939
2022-05-21,"24","24  day ahead inc hosp",2022-06-14,"quantile",0.975,212.490405988159
2022-05-21,"24","24  day ahead inc hosp",2022-06-14,"quantile",0.99,233.335738187804
2022-05-21,"24","25  day ahead inc hosp",2022-06-15,"quantile",0.01,0
2022-05-21,"24","25  day ahead inc hosp",2022-06-15,"quantile",0.025,0
2022-05-21,"24","25  day ahead inc hosp",2022-06-15,"quantile",0.05,6.29004757984499
2022-05-21,"24","25  day ahead inc hosp",2022-06-15,"quantile",0.1,27.3421747505641
2022-05-21,"24","25  day ahead inc hosp",2022-06-15,"quantile",0.15,41.5459450074504
2022-05-21,"24","25  day ahead inc hosp",2022-06-15,"quantile",0.2,52.8346513389434
2022-05-21,"24","25  day ahead inc hosp",2022-06-15,"quantile",0.25,62.5193562058932
2022-05-21,"24","25  day ahead inc hosp",2022-06-15,"quantile",0.3,71.2165204948012
2022-05-21,"24","25  day ahead inc hosp",2022-06-15,"quantile",0.35,79.275739345057
2022-05-21,"24","25  day ahead inc hosp",2022-06-15,"quantile",0.4,86.9231499212201
2022-05-21,"24","25  day ahead inc hosp",2022-06-15,"quantile",0.45,94.3221081564195
2022-05-21,"24","25  day ahead inc hosp",2022-06-15,"quantile",0.5,101.603758704155
2022-05-21,"24","25  day ahead inc hosp",2022-06-15,"quantile",0.55,108.885409251891
2022-05-21,"24","25  day ahead inc hosp",2022-06-15,"quantile",0.6,116.28436748709
2022-05-21,"24","25  day ahead inc hosp",2022-06-15,"quantile",0.65,123.931778063253
2022-05-21,"24","25  day ahead inc hosp",2022-06-15,"quantile",0.7,131.990996913509
2022-05-21,"24","25  day ahead inc hosp",2022-06-15,"quantile",0.75,140.688161202417
2022-05-21,"24","25  day ahead inc hosp",2022-06-15,"quantile",0.8,150.372866069367
2022-05-21,"24","25  day ahead inc hosp",2022-06-15,"quantile",0.85,161.66157240086
2022-05-21,"24","25  day ahead inc hosp",2022-06-15,"quantile",0.9,175.865342657746
2022-05-21,"24","25  day ahead inc hosp",2022-06-15,"quantile",0.95,196.917469828465
2022-05-21,"24","25  day ahead inc hosp",2022-06-15,"quantile",0.975,215.17705056158
2022-05-21,"24","25  day ahead inc hosp",2022-06-15,"quantile",0.99,236.407759259473
2022-05-21,"24","26  day ahead inc hosp",2022-06-16,"quantile",0.01,0
2022-05-21,"24","26  day ahead inc hosp",2022-06-16,"quantile",0.025,0
2022-05-21,"24","26  day ahead inc hosp",2022-06-16,"quantile",0.05,4.76882145600058
2022-05-21,"24","26  day ahead inc hosp",2022-06-16,"quantile",0.1,26.1836683386745
2022-05-21,"24","26  day ahead inc hosp",2022-06-16,"quantile",0.15,40.632163863201
2022-05-21,"24","26  day ahead inc hosp",2022-06-16,"quantile",0.2,52.1153700794656
2022-05-21,"24","26  day ahead inc hosp",2022-06-16,"quantile",0.25,61.9669385289513
2022-05-21,"24","26  day ahead inc hosp",2022-06-16,"quantile",0.3,70.8139514721124
2022-05-21,"24","26  day ahead inc hosp",2022-06-16,"quantile",0.35,79.0120274324474
2022-05-21,"24","26  day ahead inc hosp",2022-06-16,"quantile",0.4,86.7911998272093
2022-05-21,"24","26  day ahead inc hosp",2022-06-16,"quantile",0.45,94.31763914677
2022-05-21,"24","26  day ahead inc hosp",2022-06-16,"quantile",0.5,101.724749614437
2022-05-21,"24","26  day ahead inc hosp",2022-06-16,"quantile",0.55,109.131860082105
2022-05-21,"24","26  day ahead inc hosp",2022-06-16,"quantile",0.6,116.658299401666
2022-05-21,"24","26  day ahead inc hosp",2022-06-16,"quantile",0.65,124.437471796428
2022-05-21,"24","26  day ahead inc hosp",2022-06-16,"quantile",0.7,132.635547756763
2022-05-21,"24","26  day ahead inc hosp",2022-06-16,"quantile",0.75,141.482560699924
2022-05-21,"24","26  day ahead inc hosp",2022-06-16,"quantile",0.8,151.334129149409
2022-05-21,"24","26  day ahead inc hosp",2022-06-16,"quantile",0.85,162.817335365674
2022-05-21,"24","26  day ahead inc hosp",2022-06-16,"quantile",0.9,177.2658308902
2022-05-21,"24","26  day ahead inc hosp",2022-06-16,"quantile",0.95,198.680677772874
2022-05-21,"24","26  day ahead inc hosp",2022-06-16,"quantile",0.975,217.254863762276
2022-05-21,"24","26  day ahead inc hosp",2022-06-16,"quantile",0.99,238.851369060248
2022-05-21,"24","27  day ahead inc hosp",2022-06-17,"quantile",0.01,0
2022-05-21,"24","27  day ahead inc hosp",2022-06-17,"quantile",0.025,0
2022-05-21,"24","27  day ahead inc hosp",2022-06-17,"quantile",0.05,4.65493156271295
2022-05-21,"24","27  day ahead inc hosp",2022-06-17,"quantile",0.1,26.4149419289852
2022-05-21,"24","27  day ahead inc hosp",2022-06-17,"quantile",0.15,41.0963176172282
2022-05-21,"24","27  day ahead inc hosp",2022-06-17,"quantile",0.2,52.7646096051633
2022-05-21,"24","27  day ahead inc hosp",2022-06-17,"quantile",0.25,62.7749651663926
2022-05-21,"24","27  day ahead inc hosp",2022-06-17,"quantile",0.3,71.7645738434215
2022-05-21,"24","27  day ahead inc hosp",2022-06-17,"quantile",0.35,80.0947860021976
2022-05-21,"24","27  day ahead inc hosp",2022-06-17,"quantile",0.4,87.9993427276529
2022-05-21,"24","27  day ahead inc hosp",2022-06-17,"quantile",0.45,95.6470928382207
2022-05-21,"24","27  day ahead inc hosp",2022-06-17,"quantile",0.5,103.173590760135
2022-05-21,"24","27  day ahead inc hosp",2022-06-17,"quantile",0.55,110.70008868205
2022-05-21,"24","27  day ahead inc hosp",2022-06-17,"quantile",0.6,118.347838792618
2022-05-21,"24","27  day ahead inc hosp",2022-06-17,"quantile",0.65,126.252395518073
2022-05-21,"24","27  day ahead inc hosp",2022-06-17,"quantile",0.7,134.582607676849
2022-05-21,"24","27  day ahead inc hosp",2022-06-17,"quantile",0.75,143.572216353878
2022-05-21,"24","27  day ahead inc hosp",2022-06-17,"quantile",0.8,153.582571915108
2022-05-21,"24","27  day ahead inc hosp",2022-06-17,"quantile",0.85,165.250863903043
2022-05-21,"24","27  day ahead inc hosp",2022-06-17,"quantile",0.9,179.932239591286
2022-05-21,"24","27  day ahead inc hosp",2022-06-17,"quantile",0.95,201.692249957558
2022-05-21,"24","27  day ahead inc hosp",2022-06-17,"quantile",0.975,220.565813793377
2022-05-21,"24","27  day ahead inc hosp",2022-06-17,"quantile",0.99,242.510410536647
2022-05-21,"24","28  day ahead inc hosp",2022-06-18,"quantile",0.01,0
2022-05-21,"24","28  day ahead inc hosp",2022-06-18,"quantile",0.025,0
2022-05-21,"24","28  day ahead inc hosp",2022-06-18,"quantile",0.05,2.26421541017714
2022-05-21,"24","28  day ahead inc hosp",2022-06-18,"quantile",0.1,24.3548979198078
2022-05-21,"24","28  day ahead inc hosp",2022-06-18,"quantile",0.15,39.2593765333053
2022-05-21,"24","28  day ahead inc hosp",2022-06-18,"quantile",0.2,51.1049836537259
2022-05-21,"24","28  day ahead inc hosp",2022-06-18,"quantile",0.25,61.267459810189
2022-05-21,"24","28  day ahead inc hosp",2022-06-18,"quantile",0.3,70.3936774832225
2022-05-21,"24","28  day ahead inc hosp",2022-06-18,"quantile",0.35,78.8504782356071
2022-05-21,"24","28  day ahead inc hosp",2022-06-18,"quantile",0.4,86.8751551572714
2022-05-21,"24","28  day ahead inc hosp",2022-06-18,"quantile",0.45,94.639122947811
2022-05-21,"24","28  day ahead inc hosp",2022-06-18,"quantile",0.5,102.279995962289
2022-05-21,"24","28  day ahead inc hosp",2022-06-18,"quantile",0.55,109.920868976767
2022-05-21,"24","28  day ahead inc hosp",2022-06-18,"quantile",0.6,117.684836767307
2022-05-21,"24","28  day ahead inc hosp",2022-06-18,"quantile",0.65,125.709513688971
2022-05-21,"24","28  day ahead inc hosp",2022-06-18,"quantile",0.7,134.166314441356
2022-05-21,"24","28  day ahead inc hosp",2022-06-18,"quantile",0.75,143.292532114389
2022-05-21,"24","28  day ahead inc hosp",2022-06-18,"quantile",0.8,153.455008270852
2022-05-21,"24","28  day ahead inc hosp",2022-06-18,"quantile",0.85,165.300615391273
2022-05-21,"24","28  day ahead inc hosp",2022-06-18,"quantile",0.9,180.20509400477
2022-05-21,"24","28  day ahead inc hosp",2022-06-18,"quantile",0.95,202.295776514401
2022-05-21,"24","28  day ahead inc hosp",2022-06-18,"quantile",0.975,221.456149120131
2022-05-21,"24","28  day ahead inc hosp",2022-06-18,"quantile",0.99,243.734223040943
2022-05-21,"24","29  day ahead inc hosp",2022-06-19,"quantile",0.01,0
2022-05-21,"24","29  day ahead inc hosp",2022-06-19,"quantile",0.025,0
2022-05-21,"24","29  day ahead inc hosp",2022-06-19,"quantile",0.05,0
2022-05-21,"24","29  day ahead inc hosp",2022-06-19,"quantile",0.1,21.2937066170337
2022-05-21,"24","29  day ahead inc hosp",2022-06-19,"quantile",0.15,36.4116914131266
2022-05-21,"24","29  day ahead inc hosp",2022-06-19,"quantile",0.2,48.4269864791903
2022-05-21,"24","29  day ahead inc hosp",2022-06-19,"quantile",0.25,58.7350397837141
2022-05-21,"24","29  day ahead inc hosp",2022-06-19,"quantile",0.3,67.9919902349569
2022-05-21,"24","29  day ahead inc hosp",2022-06-19,"quantile",0.35,76.5699343894311
2022-05-21,"24","29  day ahead inc hosp",2022-06-19,"quantile",0.4,84.7095645530393
2022-05-21,"24","29  day ahead inc hosp",2022-06-19,"quantile",0.45,92.5847509355028
2022-05-21,"24","29  day ahead inc hosp",2022-06-19,"quantile",0.5,100.335079213149
2022-05-21,"24","29  day ahead inc hosp",2022-06-19,"quantile",0.55,108.085407490794
2022-05-21,"24","29  day ahead inc hosp",2022-06-19,"quantile",0.6,115.960593873258
2022-05-21,"24","29  day ahead inc hosp",2022-06-19,"quantile",0.65,124.100224036866
2022-05-21,"24","29  day ahead inc hosp",2022-06-19,"quantile",0.7,132.67816819134
2022-05-21,"24","29  day ahead inc hosp",2022-06-19,"quantile",0.75,141.935118642583
2022-05-21,"24","29  day ahead inc hosp",2022-06-19,"quantile",0.8,152.243171947107
2022-05-21,"24","29  day ahead inc hosp",2022-06-19,"quantile",0.85,164.258467013171
2022-05-21,"24","29  day ahead inc hosp",2022-06-19,"quantile",0.9,179.376451809263
2022-05-21,"24","29  day ahead inc hosp",2022-06-19,"quantile",0.95,201.783582643983
2022-05-21,"24","29  day ahead inc hosp",2022-06-19,"quantile",0.975,221.218426978529
2022-05-21,"24","29  day ahead inc hosp",2022-06-19,"quantile",0.99,243.815633600441
2022-05-21,"24","30  day ahead inc hosp",2022-06-20,"quantile",0.01,0
2022-05-21,"24","30  day ahead inc hosp",2022-06-20,"quantile",0.025,0
2022-05-21,"24","30  day ahead inc hosp",2022-06-20,"quantile",0.05,0
2022-05-21,"24","30  day ahead inc hosp",2022-06-20,"quantile",0.1,21.5070453275574
2022-05-21,"24","30  day ahead inc hosp",2022-06-20,"quantile",0.15,36.8294580946557
2022-05-21,"24","30  day ahead inc hosp",2022-06-20,"quantile",0.2,49.007226031576
2022-05-21,"24","30  day ahead inc hosp",2022-06-20,"quantile",0.25,59.454666592436
2022-05-21,"24","30  day ahead inc hosp",2022-06-20,"quantile",0.3,68.836791107813
2022-05-21,"24","30  day ahead inc hosp",2022-06-20,"quantile",0.35,77.5307276873722
2022-05-21,"24","30  day ahead inc hosp",2022-06-20,"quantile",0.4,85.7804233194622
2022-05-21,"24","30  day ahead inc hosp",2022-06-20,"quantile",0.45,93.762099316459
2022-05-21,"24","30  day ahead inc hosp",2022-06-20,"quantile",0.5,101.617228856032
2022-05-21,"24","30  day ahead inc hosp",2022-06-20,"quantile",0.55,109.472358395605
2022-05-21,"24","30  day ahead inc hosp",2022-06-20,"quantile",0.6,117.454034392602
2022-05-21,"24","30  day ahead inc hosp",2022-06-20,"quantile",0.65,125.703730024691
2022-05-21,"24","30  day ahead inc hosp",2022-06-20,"quantile",0.7,134.397666604251
2022-05-21,"24","30  day ahead inc hosp",2022-06-20,"quantile",0.75,143.779791119628
2022-05-21,"24","30  day ahead inc hosp",2022-06-20,"quantile",0.8,154.227231680488
2022-05-21,"24","30  day ahead inc hosp",2022-06-20,"quantile",0.85,166.404999617408
2022-05-21,"24","30  day ahead inc hosp",2022-06-20,"quantile",0.9,181.727412384506
2022-05-21,"24","30  day ahead inc hosp",2022-06-20,"quantile",0.95,204.4375362672
2022-05-21,"24","30  day ahead inc hosp",2022-06-20,"quantile",0.975,224.135181884305
2022-05-21,"24","30  day ahead inc hosp",2022-06-20,"quantile",0.99,247.037951791431
2022-05-21,"24","31  day ahead inc hosp",2022-06-21,"quantile",0.01,0
2022-05-21,"24","31  day ahead inc hosp",2022-06-21,"quantile",0.025,0
2022-05-21,"24","31  day ahead inc hosp",2022-06-21,"quantile",0.05,0
2022-05-21,"24","31  day ahead inc hosp",2022-06-21,"quantile",0.1,21.8916784896785
2022-05-21,"24","31  day ahead inc hosp",2022-06-21,"quantile",0.15,37.4100542024477
2022-05-21,"24","31  day ahead inc hosp",2022-06-21,"quantile",0.2,49.7435672764355
2022-05-21,"24","31  day ahead inc hosp",2022-06-21,"quantile",0.25,60.3246232970895
2022-05-21,"24","31  day ahead inc hosp",2022-06-21,"quantile",0.3,69.8267386249208
2022-05-21,"24","31  day ahead inc hosp",2022-06-21,"quantile",0.35,78.6318645744248
2022-05-21,"24","31  day ahead inc hosp",2022-06-21,"quantile",0.4,86.9870680453601
2022-05-21,"24","31  day ahead inc hosp",2022-06-21,"quantile",0.45,95.0708240974721
2022-05-21,"24","31  day ahead inc hosp",2022-06-21,"quantile",0.5,103.026415251453
2022-05-21,"24","31  day ahead inc hosp",2022-06-21,"quantile",0.55,110.982006405433
2022-05-21,"24","31  day ahead inc hosp",2022-06-21,"quantile",0.6,119.065762457545
2022-05-21,"24","31  day ahead inc hosp",2022-06-21,"quantile",0.65,127.42096592848
2022-05-21,"24","31  day ahead inc hosp",2022-06-21,"quantile",0.7,136.226091877984
2022-05-21,"24","31  day ahead inc hosp",2022-06-21,"quantile",0.75,145.728207205816
2022-05-21,"24","31  day ahead inc hosp",2022-06-21,"quantile",0.8,156.30926322647
2022-05-21,"24","31  day ahead inc hosp",2022-06-21,"quantile",0.85,168.642776300457
2022-05-21,"24","31  day ahead inc hosp",2022-06-21,"quantile",0.9,184.161152013227
2022-05-21,"24","31  day ahead inc hosp",2022-06-21,"quantile",0.95,207.161722501181
2022-05-21,"24","31  day ahead inc hosp",2022-06-21,"quantile",0.975,227.111287232892
2022-05-21,"24","31  day ahead inc hosp",2022-06-21,"quantile",0.99,250.30696755323
2022-05-21,"24","32  day ahead inc hosp",2022-06-22,"quantile",0.01,0
2022-05-21,"24","32  day ahead inc hosp",2022-06-22,"quantile",0.025,0
2022-05-21,"24","32  day ahead inc hosp",2022-06-22,"quantile",0.05,0
2022-05-21,"24","32  day ahead inc hosp",2022-06-22,"quantile",0.1,20.9550998931319
2022-05-21,"24","32  day ahead inc hosp",2022-06-22,"quantile",0.15,36.6614408608055
2022-05-21,"24","32  day ahead inc hosp",2022-06-22,"quantile",0.2,49.1443427607714
2022-05-21,"24","32  day ahead inc hosp",2022-06-22,"quantile",0.25,59.8535610922812
2022-05-21,"24","32  day ahead inc hosp",2022-06-22,"quantile",0.3,69.4707701362838
2022-05-21,"24","32  day ahead inc hosp",2022-06-22,"quantile",0.35,78.3825475662131
2022-05-21,"24","32  day ahead inc hosp",2022-06-22,"quantile",0.4,86.8389528626011
2022-05-21,"24","32  day ahead inc hosp",2022-06-22,"quantile",0.45,95.0206228520376
2022-05-21,"24","32  day ahead inc hosp",2022-06-22,"quantile",0.5,103.072575554859
2022-05-21,"24","32  day ahead inc hosp",2022-06-22,"quantile",0.55,111.12452825768
2022-05-21,"24","32  day ahead inc hosp",2022-06-22,"quantile",0.6,119.306198247116
2022-05-21,"24","32  day ahead inc hosp",2022-06-22,"quantile",0.65,127.762603543504
2022-05-21,"24","32  day ahead inc hosp",2022-06-22,"quantile",0.7,136.674380973433
2022-05-21,"24","32  day ahead inc hosp",2022-06-22,"quantile",0.75,146.291590017436
2022-05-21,"24","32  day ahead inc hosp",2022-06-22,"quantile",0.8,157.000808348946
2022-05-21,"24","32  day ahead inc hosp",2022-06-22,"quantile",0.85,169.483710248912
2022-05-21,"24","32  day ahead inc hosp",2022-06-22,"quantile",0.9,185.190051216585
2022-05-21,"24","32  day ahead inc hosp",2022-06-22,"quantile",0.95,208.469214527315
2022-05-21,"24","32  day ahead inc hosp",2022-06-22,"quantile",0.975,228.660416985128
2022-05-21,"24","32  day ahead inc hosp",2022-06-22,"quantile",0.99,252.137053382622
2022-05-21,"24","33  day ahead inc hosp",2022-06-23,"quantile",0.01,0
2022-05-21,"24","33  day ahead inc hosp",2022-06-23,"quantile",0.025,0
2022-05-21,"24","33  day ahead inc hosp",2022-06-23,"quantile",0.05,0
2022-05-21,"24","33  day ahead inc hosp",2022-06-23,"quantile",0.1,20.7233752594499
2022-05-21,"24","33  day ahead inc hosp",2022-06-23,"quantile",0.15,36.6101188568426
2022-05-21,"24","33  day ahead inc hosp",2022-06-23,"quantile",0.2,49.2363990480295
2022-05-21,"24","33  day ahead inc hosp",2022-06-23,"quantile",0.25,60.0686231867618
2022-05-21,"24","33  day ahead inc hosp",2022-06-23,"quantile",0.3,69.7962952473046
2022-05-21,"24","33  day ahead inc hosp",2022-06-23,"quantile",0.35,78.8104331243387
2022-05-21,"24","33  day ahead inc hosp",2022-06-23,"quantile",0.4,87.3639684751791
2022-05-21,"24","33  day ahead inc hosp",2022-06-23,"quantile",0.45,95.6396129163753
2022-05-21,"24","33  day ahead inc hosp",2022-06-23,"quantile",0.5,103.784050141527
2022-05-21,"24","33  day ahead inc hosp",2022-06-23,"quantile",0.55,111.928487366679
2022-05-21,"24","33  day ahead inc hosp",2022-06-23,"quantile",0.6,120.204131807876
2022-05-21,"24","33  day ahead inc hosp",2022-06-23,"quantile",0.65,128.757667158716
2022-05-21,"24","33  day ahead inc hosp",2022-06-23,"quantile",0.7,137.77180503575
2022-05-21,"24","33  day ahead inc hosp",2022-06-23,"quantile",0.75,147.499477096293
2022-05-21,"24","33  day ahead inc hosp",2022-06-23,"quantile",0.8,158.331701235025
2022-05-21,"24","33  day ahead inc hosp",2022-06-23,"quantile",0.85,170.957981426212
2022-05-21,"24","33  day ahead inc hosp",2022-06-23,"quantile",0.9,186.844725023605
2022-05-21,"24","33  day ahead inc hosp",2022-06-23,"quantile",0.95,210.391272207355
2022-05-21,"24","33  day ahead inc hosp",2022-06-23,"quantile",0.975,230.814390298992
2022-05-21,"24","33  day ahead inc hosp",2022-06-23,"quantile",0.99,254.560678740319
2022-05-21,"24","34  day ahead inc hosp",2022-06-24,"quantile",0.01,0
2022-05-21,"24","34  day ahead inc hosp",2022-06-24,"quantile",0.025,0
2022-05-21,"24","34  day ahead inc hosp",2022-06-24,"quantile",0.05,0
2022-05-21,"24","34  day ahead inc hosp",2022-06-24,"quantile",0.1,18.6465464343692
2022-05-21,"24","34  day ahead inc hosp",2022-06-24,"quantile",0.15,34.7065417992395
2022-05-21,"24","34  day ahead inc hosp",2022-06-24,"quantile",0.2,47.4705170030249
2022-05-21,"24","34  day ahead inc hosp",2022-06-24,"quantile",0.25,58.4208712019703
2022-05-21,"24","34  day ahead inc hosp",2022-06-24,"quantile",0.3,68.2546277075474
2022-05-21,"24","34  day ahead inc hosp",2022-06-24,"quantile",0.35,77.3670686326486
2022-05-21,"24","34  day ahead inc hosp",2022-06-24,"quantile",0.4,86.0138839630286
2022-05-21,"24","34  day ahead inc hosp",2022-06-24,"quantile",0.45,94.3797778639498
2022-05-21,"24","34  day ahead inc hosp",2022-06-24,"quantile",0.5,102.613033677739
2022-05-21,"24","34  day ahead inc hosp",2022-06-24,"quantile",0.55,110.846289491529
2022-05-21,"24","34  day ahead inc hosp",2022-06-24,"quantile",0.6,119.21218339245
2022-05-21,"24","34  day ahead inc hosp",2022-06-24,"quantile",0.65,127.85899872283
2022-05-21,"24","34  day ahead inc hosp",2022-06-24,"quantile",0.7,136.971439647931
2022-05-21,"24","34  day ahead inc hosp",2022-06-24,"quantile",0.75,146.805196153509
2022-05-21,"24","34  day ahead inc hosp",2022-06-24,"quantile",0.8,157.755550352454
2022-05-21,"24","34  day ahead inc hosp",2022-06-24,"quantile",0.85,170.519525556239
2022-05-21,"24","34  day ahead inc hosp",2022-06-24,"quantile",0.9,186.57952092111
2022-05-21,"24","34  day ahead inc hosp",2022-06-24,"quantile",0.95,210.382853322835
2022-05-21,"24","34  day ahead inc hosp",2022-06-24,"quantile",0.975,231.028694295666
2022-05-21,"24","34  day ahead inc hosp",2022-06-24,"quantile",0.99,255.033946219236
2022-05-21,"24","35  day ahead inc hosp",2022-06-25,"quantile",0.01,0
2022-05-21,"24","35  day ahead inc hosp",2022-06-25,"quantile",0.025,0
2022-05-21,"24","35  day ahead inc hosp",2022-06-25,"quantile",0.05,0
2022-05-21,"24","35  day ahead inc hosp",2022-06-25,"quantile",0.1,20.0336588659284
2022-05-21,"24","35  day ahead inc hosp",2022-06-25,"quantile",0.15,36.2601306078799
2022-05-21,"24","35  day ahead inc hosp",2022-06-25,"quantile",0.2,49.1564159587607
2022-05-21,"24","35  day ahead inc hosp",2022-06-25,"quantile",0.25,60.2202804827952
2022-05-21,"24","35  day ahead inc hosp",2022-06-25,"quantile",0.3,70.1559727684863
2022-05-21,"24","35  day ahead inc hosp",2022-06-25,"quantile",0.35,79.3628723853312
2022-05-21,"24","35  day ahead inc hosp",2022-06-25,"quantile",0.4,88.0993197770404
2022-05-21,"24","35  day ahead inc hosp",2022-06-25,"quantile",0.45,96.551933734601
2022-05-21,"24","35  day ahead inc hosp",2022-06-25,"quantile",0.5,104.870534691295
2022-05-21,"24","35  day ahead inc hosp",2022-06-25,"quantile",0.55,113.189135647989
2022-05-21,"24","35  day ahead inc hosp",2022-06-25,"quantile",0.6,121.64174960555
2022-05-21,"24","35  day ahead inc hosp",2022-06-25,"quantile",0.65,130.378196997259
2022-05-21,"24","35  day ahead inc hosp",2022-06-25,"quantile",0.7,139.585096614104
2022-05-21,"24","35  day ahead inc hosp",2022-06-25,"quantile",0.75,149.520788899795
2022-05-21,"24","35  day ahead inc hosp",2022-06-25,"quantile",0.8,160.58465342383
2022-05-21,"24","35  day ahead inc hosp",2022-06-25,"quantile",0.85,173.480938774711
2022-05-21,"24","35  day ahead inc hosp",2022-06-25,"quantile",0.9,189.707410516662
2022-05-21,"24","35  day ahead inc hosp",2022-06-25,"quantile",0.95,213.757485987154
2022-05-21,"24","35  day ahead inc hosp",2022-06-25,"quantile",0.975,234.617339774363
2022-05-21,"24","35  day ahead inc hosp",2022-06-25,"quantile",0.99,258.871427845165
2022-05-21,"24","36  day ahead inc hosp",2022-06-26,"quantile",0.01,0
2022-05-21,"24","36  day ahead inc hosp",2022-06-26,"quantile",0.025,0
2022-05-21,"24","36  day ahead inc hosp",2022-06-26,"quantile",0.05,0
2022-05-21,"24","36  day ahead inc hosp",2022-06-26,"quantile",0.1,16.8770334032638
2022-05-21,"24","36  day ahead inc hosp",2022-06-26,"quantile",0.15,33.2635530148439
2022-05-21,"24","36  day ahead inc hosp",2022-06-26,"quantile",0.2,46.2870393388849
2022-05-21,"24","36  day ahead inc hosp",2022-06-26,"quantile",0.25,57.4600309717013
2022-05-21,"24","36  day ahead inc hosp",2022-06-26,"quantile",0.3,67.4937227737937
2022-05-21,"24","36  day ahead inc hosp",2022-06-26,"quantile",0.35,76.7914335474319
2022-05-21,"24","36  day ahead inc hosp",2022-06-26,"quantile",0.4,85.6140518464956
2022-05-21,"24","36  day ahead inc hosp",2022-06-26,"quantile",0.45,94.1500371541695
2022-05-21,"24","36  day ahead inc hosp",2022-06-26,"quantile",0.5,102.550687639719
2022-05-21,"24","36  day ahead inc hosp",2022-06-26,"quantile",0.55,110.951338125268
2022-05-21,"24","36  day ahead inc hosp",2022-06-26,"quantile",0.6,119.487323432942
2022-05-21,"24","36  day ahead inc hosp",2022-06-26,"quantile",0.65,128.309941732006
2022-05-21,"24","36  day ahead inc hosp",2022-06-26,"quantile",0.7,137.607652505644
2022-05-21,"24","36  day ahead inc hosp",2022-06-26,"quantile",0.75,147.641344307737
2022-05-21,"24","36  day ahead inc hosp",2022-06-26,"quantile",0.8,158.814335940553
2022-05-21,"24","36  day ahead inc hosp",2022-06-26,"quantile",0.85,171.837822264594
2022-05-21,"24","36  day ahead inc hosp",2022-06-26,"quantile",0.9,188.224341876174
2022-05-21,"24","36  day ahead inc hosp",2022-06-26,"quantile",0.95,212.511632399
2022-05-21,"24","36  day ahead inc hosp",2022-06-26,"quantile",0.975,233.577234867284
2022-05-21,"24","36  day ahead inc hosp",2022-06-26,"quantile",0.99,258.070550244382
2022-05-21,"24","37  day ahead inc hosp",2022-06-27,"quantile",0.01,0
2022-05-21,"24","37  day ahead inc hosp",2022-06-27,"quantile",0.025,0
2022-05-21,"24","37  day ahead inc hosp",2022-06-27,"quantile",0.05,0
2022-05-21,"24","37  day ahead inc hosp",2022-06-27,"quantile",0.1,18.4541299634199
2022-05-21,"24","37  day ahead inc hosp",2022-06-27,"quantile",0.15,34.9945913679286
2022-05-21,"24","37  day ahead inc hosp",2022-06-27,"quantile",0.2,48.1404257489351
2022-05-21,"24","37  day ahead inc hosp",2022-06-27,"quantile",0.25,59.4183811205504
2022-05-21,"24","37  day ahead inc hosp",2022-06-27,"quantile",0.3,69.546333604125
2022-05-21,"24","37  day ahead inc hosp",2022-06-27,"quantile",0.35,78.9313909468061
2022-05-21,"24","37  day ahead inc hosp",2022-06-27,"quantile",0.4,87.8368925982519
2022-05-21,"24","37  day ahead inc hosp",2022-06-27,"quantile",0.45,96.4530685085567
2022-05-21,"24","37  day ahead inc hosp",2022-06-27,"quantile",0.5,104.932638205029
2022-05-21,"24","37  day ahead inc hosp",2022-06-27,"quantile",0.55,113.412207901501
2022-05-21,"24","37  day ahead inc hosp",2022-06-27,"quantile",0.6,122.028383811805
2022-05-21,"24","37  day ahead inc hosp",2022-06-27,"quantile",0.65,130.933885463251
2022-05-21,"24","37  day ahead inc hosp",2022-06-27,"quantile",0.7,140.318942805932
2022-05-21,"24","37  day ahead inc hosp",2022-06-27,"quantile",0.75,150.446895289507
2022-05-21,"24","37  day ahead inc hosp",2022-06-27,"quantile",0.8,161.724850661122
2022-05-21,"24","37  day ahead inc hosp",2022-06-27,"quantile",0.85,174.870685042129
2022-05-21,"24","37  day ahead inc hosp",2022-06-27,"quantile",0.9,191.411146446638
2022-05-21,"24","37  day ahead inc hosp",2022-06-27,"quantile",0.95,215.926601896311
2022-05-21,"24","37  day ahead inc hosp",2022-06-27,"quantile",0.975,237.190103411492
2022-05-21,"24","37  day ahead inc hosp",2022-06-27,"quantile",0.99,261.913519198762
2022-05-21,"25","1  day ahead inc hosp",2022-05-22,"quantile",0.01,106.341597127708
2022-05-21,"25","1  day ahead inc hosp",2022-05-22,"quantile",0.025,112.350220212213
2022-05-21,"25","1  day ahead inc hosp",2022-05-22,"quantile",0.05,117.517967547811
2022-05-21,"25","1  day ahead inc hosp",2022-05-22,"quantile",0.1,123.476049263118
2022-05-21,"25","1  day ahead inc hosp",2022-05-22,"quantile",0.15,127.49593871038
2022-05-21,"25","1  day ahead inc hosp",2022-05-22,"quantile",0.2,130.690819409974
2022-05-21,"25","1  day ahead inc hosp",2022-05-22,"quantile",0.25,133.431742572655
2022-05-21,"25","1  day ahead inc hosp",2022-05-22,"quantile",0.3,135.893176284533
2022-05-21,"25","1  day ahead inc hosp",2022-05-22,"quantile",0.35,138.174061445543
2022-05-21,"25","1  day ahead inc hosp",2022-05-22,"quantile",0.4,140.338398415094
2022-05-21,"25","1  day ahead inc hosp",2022-05-22,"quantile",0.45,142.432419480803
2022-05-21,"25","1  day ahead inc hosp",2022-05-22,"quantile",0.5,144.493240633644
2022-05-21,"25","1  day ahead inc hosp",2022-05-22,"quantile",0.55,146.554061786485
2022-05-21,"25","1  day ahead inc hosp",2022-05-22,"quantile",0.6,148.648082852194
2022-05-21,"25","1  day ahead inc hosp",2022-05-22,"quantile",0.65,150.812419821745
2022-05-21,"25","1  day ahead inc hosp",2022-05-22,"quantile",0.7,153.093304982754
2022-05-21,"25","1  day ahead inc hosp",2022-05-22,"quantile",0.75,155.554738694633
2022-05-21,"25","1  day ahead inc hosp",2022-05-22,"quantile",0.8,158.295661857313
2022-05-21,"25","1  day ahead inc hosp",2022-05-22,"quantile",0.85,161.490542556908
2022-05-21,"25","1  day ahead inc hosp",2022-05-22,"quantile",0.9,165.51043200417
2022-05-21,"25","1  day ahead inc hosp",2022-05-22,"quantile",0.95,171.468513719477
2022-05-21,"25","1  day ahead inc hosp",2022-05-22,"quantile",0.975,176.636261055074
2022-05-21,"25","1  day ahead inc hosp",2022-05-22,"quantile",0.99,182.64488413958
2022-05-21,"25","2  day ahead inc hosp",2022-05-23,"quantile",0.01,114.766524768319
2022-05-21,"25","2  day ahead inc hosp",2022-05-23,"quantile",0.025,122.23212631521
2022-05-21,"25","2  day ahead inc hosp",2022-05-23,"quantile",0.05,128.652955506854
2022-05-21,"25","2  day ahead inc hosp",2022-05-23,"quantile",0.1,136.055760349947
2022-05-21,"25","2  day ahead inc hosp",2022-05-23,"quantile",0.15,141.050397632687
2022-05-21,"25","2  day ahead inc hosp",2022-05-23,"quantile",0.2,145.019977011785
2022-05-21,"25","2  day ahead inc hosp",2022-05-23,"quantile",0.25,148.425522661001
2022-05-21,"25","2  day ahead inc hosp",2022-05-23,"quantile",0.3,151.48380790681
2022-05-21,"25","2  day ahead inc hosp",2022-05-23,"quantile",0.35,154.317764962666
2022-05-21,"25","2  day ahead inc hosp",2022-05-23,"quantile",0.4,157.006913075408
2022-05-21,"25","2  day ahead inc hosp",2022-05-23,"quantile",0.45,159.608694995743
2022-05-21,"25","2  day ahead inc hosp",2022-05-23,"quantile",0.5,162.169226646695
2022-05-21,"25","2  day ahead inc hosp",2022-05-23,"quantile",0.55,164.729758297647
2022-05-21,"25","2  day ahead inc hosp",2022-05-23,"quantile",0.6,167.331540217982
2022-05-21,"25","2  day ahead inc hosp",2022-05-23,"quantile",0.65,170.020688330724
2022-05-21,"25","2  day ahead inc hosp",2022-05-23,"quantile",0.7,172.85464538658
2022-05-21,"25","2  day ahead inc hosp",2022-05-23,"quantile",0.75,175.912930632389
2022-05-21,"25","2  day ahead inc hosp",2022-05-23,"quantile",0.8,179.318476281605
2022-05-21,"25","2  day ahead inc hosp",2022-05-23,"quantile",0.85,183.288055660703
2022-05-21,"25","2  day ahead inc hosp",2022-05-23,"quantile",0.9,188.282692943443
2022-05-21,"25","2  day ahead inc hosp",2022-05-23,"quantile",0.95,195.685497786536
2022-05-21,"25","2  day ahead inc hosp",2022-05-23,"quantile",0.975,202.10632697818
2022-05-21,"25","2  day ahead inc hosp",2022-05-23,"quantile",0.99,209.571928525071
2022-05-21,"25","3  day ahead inc hosp",2022-05-24,"quantile",0.01,109.429279939829
2022-05-21,"25","3  day ahead inc hosp",2022-05-24,"quantile",0.025,117.950535892431
2022-05-21,"25","3  day ahead inc hosp",2022-05-24,"quantile",0.05,125.279286111189
2022-05-21,"25","3  day ahead inc hosp",2022-05-24,"quantile",0.1,133.728865751751
2022-05-21,"25","3  day ahead inc hosp",2022-05-24,"quantile",0.15,139.429757020769
2022-05-21,"25","3  day ahead inc hosp",2022-05-24,"quantile",0.2,143.960644679454
2022-05-21,"25","3  day ahead inc hosp",2022-05-24,"quantile",0.25,147.847742852718
2022-05-21,"25","3  day ahead inc hosp",2022-05-24,"quantile",0.3,151.338477148129
2022-05-21,"25","3  day ahead inc hosp",2022-05-24,"quantile",0.35,154.573162696232
2022-05-21,"25","3  day ahead inc hosp",2022-05-24,"quantile",0.4,157.642562960793
2022-05-21,"25","3  day ahead inc hosp",2022-05-24,"quantile",0.45,160.612243238635
2022-05-21,"25","3  day ahead inc hosp",2022-05-24,"quantile",0.5,163.534840357629
2022-05-21,"25","3  day ahead inc hosp",2022-05-24,"quantile",0.55,166.457437476623
2022-05-21,"25","3  day ahead inc hosp",2022-05-24,"quantile",0.6,169.427117754465
2022-05-21,"25","3  day ahead inc hosp",2022-05-24,"quantile",0.65,172.496518019026
2022-05-21,"25","3  day ahead inc hosp",2022-05-24,"quantile",0.7,175.731203567129
2022-05-21,"25","3  day ahead inc hosp",2022-05-24,"quantile",0.75,179.22193786254
2022-05-21,"25","3  day ahead inc hosp",2022-05-24,"quantile",0.8,183.109036035804
2022-05-21,"25","3  day ahead inc hosp",2022-05-24,"quantile",0.85,187.639923694489
2022-05-21,"25","3  day ahead inc hosp",2022-05-24,"quantile",0.9,193.340814963507
2022-05-21,"25","3  day ahead inc hosp",2022-05-24,"quantile",0.95,201.790394604069
2022-05-21,"25","3  day ahead inc hosp",2022-05-24,"quantile",0.975,209.119144822827
2022-05-21,"25","3  day ahead inc hosp",2022-05-24,"quantile",0.99,217.640400775429
2022-05-21,"25","4  day ahead inc hosp",2022-05-25,"quantile",0.01,94.2832989311028
2022-05-21,"25","4  day ahead inc hosp",2022-05-25,"quantile",0.025,103.578878725485
2022-05-21,"25","4  day ahead inc hosp",2022-05-25,"quantile",0.05,111.573590165969
2022-05-21,"25","4  day ahead inc hosp",2022-05-25,"quantile",0.1,120.790980444436
2022-05-21,"25","4  day ahead inc hosp",2022-05-25,"quantile",0.15,127.009909905658
2022-05-21,"25","4  day ahead inc hosp",2022-05-25,"quantile",0.2,131.952517897362
2022-05-21,"25","4  day ahead inc hosp",2022-05-25,"quantile",0.25,136.192835456084
2022-05-21,"25","4  day ahead inc hosp",2022-05-25,"quantile",0.3,140.000771676339
2022-05-21,"25","4  day ahead inc hosp",2022-05-25,"quantile",0.35,143.529392080348
2022-05-21,"25","4  day ahead inc hosp",2022-05-25,"quantile",0.4,146.87770777921
2022-05-21,"25","4  day ahead inc hosp",2022-05-25,"quantile",0.45,150.117241967601
2022-05-21,"25","4  day ahead inc hosp",2022-05-25,"quantile",0.5,153.305414565344
2022-05-21,"25","4  day ahead inc hosp",2022-05-25,"quantile",0.55,156.493587163087
2022-05-21,"25","4  day ahead inc hosp",2022-05-25,"quantile",0.6,159.733121351478
2022-05-21,"25","4  day ahead inc hosp",2022-05-25,"quantile",0.65,163.081437050341
2022-05-21,"25","4  day ahead inc hosp",2022-05-25,"quantile",0.7,166.610057454349
2022-05-21,"25","4  day ahead inc hosp",2022-05-25,"quantile",0.75,170.417993674605
2022-05-21,"25","4  day ahead inc hosp",2022-05-25,"quantile",0.8,174.658311233326
2022-05-21,"25","4  day ahead inc hosp",2022-05-25,"quantile",0.85,179.60091922503
2022-05-21,"25","4  day ahead inc hosp",2022-05-25,"quantile",0.9,185.819848686253
2022-05-21,"25","4  day ahead inc hosp",2022-05-25,"quantile",0.95,195.037238964719
2022-05-21,"25","4  day ahead inc hosp",2022-05-25,"quantile",0.975,203.031950405203
2022-05-21,"25","4  day ahead inc hosp",2022-05-25,"quantile",0.99,212.327530199586
2022-05-21,"25","5  day ahead inc hosp",2022-05-26,"quantile",0.01,93.6086669516334
2022-05-21,"25","5  day ahead inc hosp",2022-05-26,"quantile",0.025,103.629863160244
2022-05-21,"25","5  day ahead inc hosp",2022-05-26,"quantile",0.05,112.248644747674
2022-05-21,"25","5  day ahead inc hosp",2022-05-26,"quantile",0.1,122.18554793769
2022-05-21,"25","5  day ahead inc hosp",2022-05-26,"quantile",0.15,128.889929344441
2022-05-21,"25","5  day ahead inc hosp",2022-05-26,"quantile",0.2,134.21835915331
2022-05-21,"25","5  day ahead inc hosp",2022-05-26,"quantile",0.25,138.789677476933
2022-05-21,"25","5  day ahead inc hosp",2022-05-26,"quantile",0.3,142.894862614079
2022-05-21,"25","5  day ahead inc hosp",2022-05-26,"quantile",0.35,146.698928438531
2022-05-21,"25","5  day ahead inc hosp",2022-05-26,"quantile",0.4,150.308614905528
2022-05-21,"25","5  day ahead inc hosp",2022-05-26,"quantile",0.45,153.801028336908
2022-05-21,"25","5  day ahead inc hosp",2022-05-26,"quantile",0.5,157.238070872782
2022-05-21,"25","5  day ahead inc hosp",2022-05-26,"quantile",0.55,160.675113408655
2022-05-21,"25","5  day ahead inc hosp",2022-05-26,"quantile",0.6,164.167526840035
2022-05-21,"25","5  day ahead inc hosp",2022-05-26,"quantile",0.65,167.777213307032
2022-05-21,"25","5  day ahead inc hosp",2022-05-26,"quantile",0.7,171.581279131484
2022-05-21,"25","5  day ahead inc hosp",2022-05-26,"quantile",0.75,175.68646426863
2022-05-21,"25","5  day ahead inc hosp",2022-05-26,"quantile",0.8,180.257782592253
2022-05-21,"25","5  day ahead inc hosp",2022-05-26,"quantile",0.85,185.586212401123
2022-05-21,"25","5  day ahead inc hosp",2022-05-26,"quantile",0.9,192.290593807873
2022-05-21,"25","5  day ahead inc hosp",2022-05-26,"quantile",0.95,202.227496997889
2022-05-21,"25","5  day ahead inc hosp",2022-05-26,"quantile",0.975,210.846278585319
2022-05-21,"25","5  day ahead inc hosp",2022-05-26,"quantile",0.99,220.86747479393
2022-05-21,"25","6  day ahead inc hosp",2022-05-27,"quantile",0.01,94.7492503228818
2022-05-21,"25","6  day ahead inc hosp",2022-05-27,"quantile",0.025,105.255086501837
2022-05-21,"25","6  day ahead inc hosp",2022-05-27,"quantile",0.05,114.290685200318
2022-05-21,"25","6  day ahead inc hosp",2022-05-27,"quantile",0.1,124.708151824786
2022-05-21,"25","6  day ahead inc hosp",2022-05-27,"quantile",0.15,131.736767099281
2022-05-21,"25","6  day ahead inc hosp",2022-05-27,"quantile",0.2,137.322887707811
2022-05-21,"25","6  day ahead inc hosp",2022-05-27,"quantile",0.25,142.115281792319
2022-05-21,"25","6  day ahead inc hosp",2022-05-27,"quantile",0.3,146.418999795374
2022-05-21,"25","6  day ahead inc hosp",2022-05-27,"quantile",0.35,150.407035907401
2022-05-21,"25","6  day ahead inc hosp",2022-05-27,"quantile",0.4,154.191292186814
2022-05-21,"25","6  day ahead inc hosp",2022-05-27,"quantile",0.45,157.852603931987
2022-05-21,"25","6  day ahead inc hosp",2022-05-27,"quantile",0.5,161.455866962698
2022-05-21,"25","6  day ahead inc hosp",2022-05-27,"quantile",0.55,165.059129993409
2022-05-21,"25","6  day ahead inc hosp",2022-05-27,"quantile",0.6,168.720441738581
2022-05-21,"25","6  day ahead inc hosp",2022-05-27,"quantile",0.65,172.504698017994
2022-05-21,"25","6  day ahead inc hosp",2022-05-27,"quantile",0.7,176.492734130021
2022-05-21,"25","6  day ahead inc hosp",2022-05-27,"quantile",0.75,180.796452133076
2022-05-21,"25","6  day ahead inc hosp",2022-05-27,"quantile",0.8,185.588846217584
2022-05-21,"25","6  day ahead inc hosp",2022-05-27,"quantile",0.85,191.174966826114
2022-05-21,"25","6  day ahead inc hosp",2022-05-27,"quantile",0.9,198.203582100609
2022-05-21,"25","6  day ahead inc hosp",2022-05-27,"quantile",0.95,208.621048725077
2022-05-21,"25","6  day ahead inc hosp",2022-05-27,"quantile",0.975,217.656647423558
2022-05-21,"25","6  day ahead inc hosp",2022-05-27,"quantile",0.99,228.162483602513
2022-05-21,"25","7  day ahead inc hosp",2022-05-28,"quantile",0.01,79.0141985372572
2022-05-21,"25","7  day ahead inc hosp",2022-05-28,"quantile",0.025,90.0873259518714
2022-05-21,"25","7  day ahead inc hosp",2022-05-28,"quantile",0.05,99.6108264092666
2022-05-21,"25","7  day ahead inc hosp",2022-05-28,"quantile",0.1,110.590812514637
2022-05-21,"25","7  day ahead inc hosp",2022-05-28,"quantile",0.15,117.99895701233
2022-05-21,"25","7  day ahead inc hosp",2022-05-28,"quantile",0.2,123.886715416136
2022-05-21,"25","7  day ahead inc hosp",2022-05-28,"quantile",0.25,128.937887870653
2022-05-21,"25","7  day ahead inc hosp",2022-05-28,"quantile",0.3,133.473996847857
2022-05-21,"25","7  day ahead inc hosp",2022-05-28,"quantile",0.35,137.677377830612
2022-05-21,"25","7  day ahead inc hosp",2022-05-28,"quantile",0.4,141.665975333725
2022-05-21,"25","7  day ahead inc hosp",2022-05-28,"quantile",0.45,145.524989577649
2022-05-21,"25","7  day ahead inc hosp",2022-05-28,"quantile",0.5,149.322820608686
2022-05-21,"25","7  day ahead inc hosp",2022-05-28,"quantile",0.55,153.120651639723
2022-05-21,"25","7  day ahead inc hosp",2022-05-28,"quantile",0.6,156.979665883648
2022-05-21,"25","7  day ahead inc hosp",2022-05-28,"quantile",0.65,160.96826338676
2022-05-21,"25","7  day ahead inc hosp",2022-05-28,"quantile",0.7,165.171644369515
2022-05-21,"25","7  day ahead inc hosp",2022-05-28,"quantile",0.75,169.707753346719
2022-05-21,"25","7  day ahead inc hosp",2022-05-28,"quantile",0.8,174.758925801236
2022-05-21,"25","7  day ahead inc hosp",2022-05-28,"quantile",0.85,180.646684205042
2022-05-21,"25","7  day ahead inc hosp",2022-05-28,"quantile",0.9,188.054828702735
2022-05-21,"25","7  day ahead inc hosp",2022-05-28,"quantile",0.95,199.034814808106
2022-05-21,"25","7  day ahead inc hosp",2022-05-28,"quantile",0.975,208.558315265501
2022-05-21,"25","7  day ahead inc hosp",2022-05-28,"quantile",0.99,219.631442680115
2022-05-21,"25","8  day ahead inc hosp",2022-05-29,"quantile",0.01,71.2065377533959
2022-05-21,"25","8  day ahead inc hosp",2022-05-29,"quantile",0.025,83.2310437588574
2022-05-21,"25","8  day ahead inc hosp",2022-05-29,"quantile",0.05,93.5727822899096
2022-05-21,"25","8  day ahead inc hosp",2022-05-29,"quantile",0.1,105.496144491058
2022-05-21,"25","8  day ahead inc hosp",2022-05-29,"quantile",0.15,113.540780361884
2022-05-21,"25","8  day ahead inc hosp",2022-05-29,"quantile",0.2,119.93440193187
2022-05-21,"25","8  day ahead inc hosp",2022-05-29,"quantile",0.25,125.419559940058
2022-05-21,"25","8  day ahead inc hosp",2022-05-29,"quantile",0.3,130.345401357346
2022-05-21,"25","8  day ahead inc hosp",2022-05-29,"quantile",0.35,134.909927527584
2022-05-21,"25","8  day ahead inc hosp",2022-05-29,"quantile",0.4,139.241216497152
2022-05-21,"25","8  day ahead inc hosp",2022-05-29,"quantile",0.45,143.431788700809
2022-05-21,"25","8  day ahead inc hosp",2022-05-29,"quantile",0.5,147.555920965391
2022-05-21,"25","8  day ahead inc hosp",2022-05-29,"quantile",0.55,151.680053229973
2022-05-21,"25","8  day ahead inc hosp",2022-05-29,"quantile",0.6,155.870625433629
2022-05-21,"25","8  day ahead inc hosp",2022-05-29,"quantile",0.65,160.201914403197
2022-05-21,"25","8  day ahead inc hosp",2022-05-29,"quantile",0.7,164.766440573435
2022-05-21,"25","8  day ahead inc hosp",2022-05-29,"quantile",0.75,169.692281990723
2022-05-21,"25","8  day ahead inc hosp",2022-05-29,"quantile",0.8,175.177439998912
2022-05-21,"25","8  day ahead inc hosp",2022-05-29,"quantile",0.85,181.571061568897
2022-05-21,"25","8  day ahead inc hosp",2022-05-29,"quantile",0.9,189.615697439723
2022-05-21,"25","8  day ahead inc hosp",2022-05-29,"quantile",0.95,201.539059640872
2022-05-21,"25","8  day ahead inc hosp",2022-05-29,"quantile",0.975,211.880798171924
2022-05-21,"25","8  day ahead inc hosp",2022-05-29,"quantile",0.99,223.905304177386
2022-05-21,"25","9  day ahead inc hosp",2022-05-30,"quantile",0.01,79.7041634959262
2022-05-21,"25","9  day ahead inc hosp",2022-05-30,"quantile",0.025,92.6438664119805
2022-05-21,"25","9  day ahead inc hosp",2022-05-30,"quantile",0.05,103.772724775604
2022-05-21,"25","9  day ahead inc hosp",2022-05-30,"quantile",0.1,116.603585733493
2022-05-21,"25","9  day ahead inc hosp",2022-05-30,"quantile",0.15,125.260506707131
2022-05-21,"25","9  day ahead inc hosp",2022-05-30,"quantile",0.2,132.140753067
2022-05-21,"25","9  day ahead inc hosp",2022-05-30,"quantile",0.25,138.043391815014
2022-05-21,"25","9  day ahead inc hosp",2022-05-30,"quantile",0.3,143.344143839451
2022-05-21,"25","9  day ahead inc hosp",2022-05-30,"quantile",0.35,148.256080560062
2022-05-21,"25","9  day ahead inc hosp",2022-05-30,"quantile",0.4,152.917028168583
2022-05-21,"25","9  day ahead inc hosp",2022-05-30,"quantile",0.45,157.426548920534
2022-05-21,"25","9  day ahead inc hosp",2022-05-30,"quantile",0.5,161.864572924677
2022-05-21,"25","9  day ahead inc hosp",2022-05-30,"quantile",0.55,166.30259692882
2022-05-21,"25","9  day ahead inc hosp",2022-05-30,"quantile",0.6,170.812117680771
2022-05-21,"25","9  day ahead inc hosp",2022-05-30,"quantile",0.65,175.473065289292
2022-05-21,"25","9  day ahead inc hosp",2022-05-30,"quantile",0.7,180.385002009903
2022-05-21,"25","9  day ahead inc hosp",2022-05-30,"quantile",0.75,185.68575403434
2022-05-21,"25","9  day ahead inc hosp",2022-05-30,"quantile",0.8,191.588392782355
2022-05-21,"25","9  day ahead inc hosp",2022-05-30,"quantile",0.85,198.468639142223
2022-05-21,"25","9  day ahead inc hosp",2022-05-30,"quantile",0.9,207.125560115861
2022-05-21,"25","9  day ahead inc hosp",2022-05-30,"quantile",0.95,219.95642107375
2022-05-21,"25","9  day ahead inc hosp",2022-05-30,"quantile",0.975,231.085279437374
2022-05-21,"25","9  day ahead inc hosp",2022-05-30,"quantile",0.99,244.024982353428
2022-05-21,"25","10  day ahead inc hosp",2022-05-31,"quantile",0.01,77.6469851972017
2022-05-21,"25","10  day ahead inc hosp",2022-05-31,"quantile",0.025,91.1837547298223
2022-05-21,"25","10  day ahead inc hosp",2022-05-31,"quantile",0.05,102.826123322585
2022-05-21,"25","10  day ahead inc hosp",2022-05-31,"quantile",0.1,116.249028687479
2022-05-21,"25","10  day ahead inc hosp",2022-05-31,"quantile",0.15,125.305399211787
2022-05-21,"25","10  day ahead inc hosp",2022-05-31,"quantile",0.2,132.503115411718
2022-05-21,"25","10  day ahead inc hosp",2022-05-31,"quantile",0.25,138.678115014457
2022-05-21,"25","10  day ahead inc hosp",2022-05-31,"quantile",0.3,144.223455504102
2022-05-21,"25","10  day ahead inc hosp",2022-05-31,"quantile",0.35,149.362039888696
2022-05-21,"25","10  day ahead inc hosp",2022-05-31,"quantile",0.4,154.238053966414
2022-05-21,"25","10  day ahead inc hosp",2022-05-31,"quantile",0.45,158.955654016257
2022-05-21,"25","10  day ahead inc hosp",2022-05-31,"quantile",0.5,163.598458299637
2022-05-21,"25","10  day ahead inc hosp",2022-05-31,"quantile",0.55,168.241262583018
2022-05-21,"25","10  day ahead inc hosp",2022-05-31,"quantile",0.6,172.958862632861
2022-05-21,"25","10  day ahead inc hosp",2022-05-31,"quantile",0.65,177.834876710578
2022-05-21,"25","10  day ahead inc hosp",2022-05-31,"quantile",0.7,182.973461095172
2022-05-21,"25","10  day ahead inc hosp",2022-05-31,"quantile",0.75,188.518801584817
2022-05-21,"25","10  day ahead inc hosp",2022-05-31,"quantile",0.8,194.693801187556
2022-05-21,"25","10  day ahead inc hosp",2022-05-31,"quantile",0.85,201.891517387488
2022-05-21,"25","10  day ahead inc hosp",2022-05-31,"quantile",0.9,210.947887911796
2022-05-21,"25","10  day ahead inc hosp",2022-05-31,"quantile",0.95,224.370793276689
2022-05-21,"25","10  day ahead inc hosp",2022-05-31,"quantile",0.975,236.013161869452
2022-05-21,"25","10  day ahead inc hosp",2022-05-31,"quantile",0.99,249.549931402073
2022-05-21,"25","11  day ahead inc hosp",2022-06-01,"quantile",0.01,65.1675995399258
2022-05-21,"25","11  day ahead inc hosp",2022-06-01,"quantile",0.025,79.2298352533029
2022-05-21,"25","11  day ahead inc hosp",2022-06-01,"quantile",0.05,91.3241337503651
2022-05-21,"25","11  day ahead inc hosp",2022-06-01,"quantile",0.1,105.268085351567
2022-05-21,"25","11  day ahead inc hosp",2022-06-01,"quantile",0.15,114.67600329784
2022-05-21,"25","11  day ahead inc hosp",2022-06-01,"quantile",0.2,122.153118244469
2022-05-21,"25","11  day ahead inc hosp",2022-06-01,"quantile",0.25,128.567817093738
2022-05-21,"25","11  day ahead inc hosp",2022-06-01,"quantile",0.3,134.328414914984
2022-05-21,"25","11  day ahead inc hosp",2022-06-01,"quantile",0.35,139.666467297062
2022-05-21,"25","11  day ahead inc hosp",2022-06-01,"quantile",0.4,144.731756998373
2022-05-21,"25","11  day ahead inc hosp",2022-06-01,"quantile",0.45,149.632483404512
2022-05-21,"25","11  day ahead inc hosp",2022-06-01,"quantile",0.5,154.455510644995
2022-05-21,"25","11  day ahead inc hosp",2022-06-01,"quantile",0.55,159.278537885479
2022-05-21,"25","11  day ahead inc hosp",2022-06-01,"quantile",0.6,164.179264291617
2022-05-21,"25","11  day ahead inc hosp",2022-06-01,"quantile",0.65,169.244553992929
2022-05-21,"25","11  day ahead inc hosp",2022-06-01,"quantile",0.7,174.582606375007
2022-05-21,"25","11  day ahead inc hosp",2022-06-01,"quantile",0.75,180.343204196253
2022-05-21,"25","11  day ahead inc hosp",2022-06-01,"quantile",0.8,186.757903045522
2022-05-21,"25","11  day ahead inc hosp",2022-06-01,"quantile",0.85,194.235017992151
2022-05-21,"25","11  day ahead inc hosp",2022-06-01,"quantile",0.9,203.642935938423
2022-05-21,"25","11  day ahead inc hosp",2022-06-01,"quantile",0.95,217.586887539626
2022-05-21,"25","11  day ahead inc hosp",2022-06-01,"quantile",0.975,229.681186036688
2022-05-21,"25","11  day ahead inc hosp",2022-06-01,"quantile",0.99,243.743421750065
2022-05-21,"25","12  day ahead inc hosp",2022-06-02,"quantile",0.01,65.7758946325557
2022-05-21,"25","12  day ahead inc hosp",2022-06-02,"quantile",0.025,80.3274058093199
2022-05-21,"25","12  day ahead inc hosp",2022-06-02,"quantile",0.05,92.842508197179
2022-05-21,"25","12  day ahead inc hosp",2022-06-02,"quantile",0.1,107.271619734552
2022-05-21,"25","12  day ahead inc hosp",2022-06-02,"quantile",0.15,117.006872786458
2022-05-21,"25","12  day ahead inc hosp",2022-06-02,"quantile",0.2,124.74414329831
2022-05-21,"25","12  day ahead inc hosp",2022-06-02,"quantile",0.25,131.382032457849
2022-05-21,"25","12  day ahead inc hosp",2022-06-02,"quantile",0.3,137.343062075705
2022-05-21,"25","12  day ahead inc hosp",2022-06-02,"quantile",0.35,142.86684438765
2022-05-21,"25","12  day ahead inc hosp",2022-06-02,"quantile",0.4,148.108373629836
2022-05-21,"25","12  day ahead inc hosp",2022-06-02,"quantile",0.45,153.179613831375
2022-05-21,"25","12  day ahead inc hosp",2022-06-02,"quantile",0.5,158.170451435453
2022-05-21,"25","12  day ahead inc hosp",2022-06-02,"quantile",0.55,163.161289039531
2022-05-21,"25","12  day ahead inc hosp",2022-06-02,"quantile",0.6,168.23252924107
2022-05-21,"25","12  day ahead inc hosp",2022-06-02,"quantile",0.65,173.474058483256
2022-05-21,"25","12  day ahead inc hosp",2022-06-02,"quantile",0.7,178.997840795201
2022-05-21,"25","12  day ahead inc hosp",2022-06-02,"quantile",0.75,184.958870413057
2022-05-21,"25","12  day ahead inc hosp",2022-06-02,"quantile",0.8,191.596759572596
2022-05-21,"25","12  day ahead inc hosp",2022-06-02,"quantile",0.85,199.334030084448
2022-05-21,"25","12  day ahead inc hosp",2022-06-02,"quantile",0.9,209.069283136354
2022-05-21,"25","12  day ahead inc hosp",2022-06-02,"quantile",0.95,223.498394673727
2022-05-21,"25","12  day ahead inc hosp",2022-06-02,"quantile",0.975,236.013497061586
2022-05-21,"25","12  day ahead inc hosp",2022-06-02,"quantile",0.99,250.56500823835
2022-05-21,"25","13  day ahead inc hosp",2022-06-03,"quantile",0.01,67.0955022907455
2022-05-21,"25","13  day ahead inc hosp",2022-06-03,"quantile",0.025,81.9991928976669
2022-05-21,"25","13  day ahead inc hosp",2022-06-03,"quantile",0.05,94.8171890244493
2022-05-21,"25","13  day ahead inc hosp",2022-06-03,"quantile",0.1,109.595517644308
2022-05-21,"25","13  day ahead inc hosp",2022-06-03,"quantile",0.15,119.566385803855
2022-05-21,"25","13  day ahead inc hosp",2022-06-03,"quantile",0.2,127.490915734109
2022-05-21,"25","13  day ahead inc hosp",2022-06-03,"quantile",0.25,134.289456800743
2022-05-21,"25","13  day ahead inc hosp",2022-06-03,"quantile",0.3,140.394756796325
2022-05-21,"25","13  day ahead inc hosp",2022-06-03,"quantile",0.35,146.052227113819
2022-05-21,"25","13  day ahead inc hosp",2022-06-03,"quantile",0.4,151.420613199892
2022-05-21,"25","13  day ahead inc hosp",2022-06-03,"quantile",0.45,156.614588865993
2022-05-21,"25","13  day ahead inc hosp",2022-06-03,"quantile",0.5,161.726216010213
2022-05-21,"25","13  day ahead inc hosp",2022-06-03,"quantile",0.55,166.837843154433
2022-05-21,"25","13  day ahead inc hosp",2022-06-03,"quantile",0.6,172.031818820534
2022-05-21,"25","13  day ahead inc hosp",2022-06-03,"quantile",0.65,177.400204906607
2022-05-21,"25","13  day ahead inc hosp",2022-06-03,"quantile",0.7,183.057675224101
2022-05-21,"25","13  day ahead inc hosp",2022-06-03,"quantile",0.75,189.162975219683
2022-05-21,"25","13  day ahead inc hosp",2022-06-03,"quantile",0.8,195.961516286316
2022-05-21,"25","13  day ahead inc hosp",2022-06-03,"quantile",0.85,203.886046216571
2022-05-21,"25","13  day ahead inc hosp",2022-06-03,"quantile",0.9,213.856914376117
2022-05-21,"25","13  day ahead inc hosp",2022-06-03,"quantile",0.95,228.635242995976
2022-05-21,"25","13  day ahead inc hosp",2022-06-03,"quantile",0.975,241.453239122759
2022-05-21,"25","13  day ahead inc hosp",2022-06-03,"quantile",0.99,256.35692972968
2022-05-21,"25","14  day ahead inc hosp",2022-06-04,"quantile",0.01,53.4735549692912
2022-05-21,"25","14  day ahead inc hosp",2022-06-04,"quantile",0.025,68.7891111712174
2022-05-21,"25","14  day ahead inc hosp",2022-06-04,"quantile",0.05,81.9613344314506
2022-05-21,"25","14  day ahead inc hosp",2022-06-04,"quantile",0.1,97.1480642500952
2022-05-21,"25","14  day ahead inc hosp",2022-06-04,"quantile",0.15,107.394478759573
2022-05-21,"25","14  day ahead inc hosp",2022-06-04,"quantile",0.2,115.538004193756
2022-05-21,"25","14  day ahead inc hosp",2022-06-04,"quantile",0.25,122.524423903031
2022-05-21,"25","14  day ahead inc hosp",2022-06-04,"quantile",0.3,128.798444726339
2022-05-21,"25","14  day ahead inc hosp",2022-06-04,"quantile",0.35,134.61226003515
2022-05-21,"25","14  day ahead inc hosp",2022-06-04,"quantile",0.4,140.129002228973
2022-05-21,"25","14  day ahead inc hosp",2022-06-04,"quantile",0.45,145.466514146234
2022-05-21,"25","14  day ahead inc hosp",2022-06-04,"quantile",0.5,150.71940182858
2022-05-21,"25","14  day ahead inc hosp",2022-06-04,"quantile",0.55,155.972289510925
2022-05-21,"25","14  day ahead inc hosp",2022-06-04,"quantile",0.6,161.309801428187
2022-05-21,"25","14  day ahead inc hosp",2022-06-04,"quantile",0.65,166.82654362201
2022-05-21,"25","14  day ahead inc hosp",2022-06-04,"quantile",0.7,172.640358930821
2022-05-21,"25","14  day ahead inc hosp",2022-06-04,"quantile",0.75,178.914379754128
2022-05-21,"25","14  day ahead inc hosp",2022-06-04,"quantile",0.8,185.900799463403
2022-05-21,"25","14  day ahead inc hosp",2022-06-04,"quantile",0.85,194.044324897586
2022-05-21,"25","14  day ahead inc hosp",2022-06-04,"quantile",0.9,204.290739407064
2022-05-21,"25","14  day ahead inc hosp",2022-06-04,"quantile",0.95,219.477469225709
2022-05-21,"25","14  day ahead inc hosp",2022-06-04,"quantile",0.975,232.649692485942
2022-05-21,"25","14  day ahead inc hosp",2022-06-04,"quantile",0.99,247.965248687868
2022-05-21,"25","15  day ahead inc hosp",2022-06-05,"quantile",0.01,45.2286804026962
2022-05-21,"25","15  day ahead inc hosp",2022-06-05,"quantile",0.025,61.2221222177522
2022-05-21,"25","15  day ahead inc hosp",2022-06-05,"quantile",0.05,74.9773645027809
2022-05-21,"25","15  day ahead inc hosp",2022-06-05,"quantile",0.1,90.8362779182089
2022-05-21,"25","15  day ahead inc hosp",2022-06-05,"quantile",0.15,101.536211509238
2022-05-21,"25","15  day ahead inc hosp",2022-06-05,"quantile",0.2,110.04017953259
2022-05-21,"25","15  day ahead inc hosp",2022-06-05,"quantile",0.25,117.335826888956
2022-05-21,"25","15  day ahead inc hosp",2022-06-05,"quantile",0.3,123.887543696433
2022-05-21,"25","15  day ahead inc hosp",2022-06-05,"quantile",0.35,129.958685719552
2022-05-21,"25","15  day ahead inc hosp",2022-06-05,"quantile",0.4,135.719605801218
2022-05-21,"25","15  day ahead inc hosp",2022-06-05,"quantile",0.45,141.293362650816
2022-05-21,"25","15  day ahead inc hosp",2022-06-05,"quantile",0.5,146.77874969135
2022-05-21,"25","15  day ahead inc hosp",2022-06-05,"quantile",0.55,152.264136731885
2022-05-21,"25","15  day ahead inc hosp",2022-06-05,"quantile",0.6,157.837893581482
2022-05-21,"25","15  day ahead inc hosp",2022-06-05,"quantile",0.65,163.598813663149
2022-05-21,"25","15  day ahead inc hosp",2022-06-05,"quantile",0.7,169.669955686268
2022-05-21,"25","15  day ahead inc hosp",2022-06-05,"quantile",0.75,176.221672493745
2022-05-21,"25","15  day ahead inc hosp",2022-06-05,"quantile",0.8,183.517319850111
2022-05-21,"25","15  day ahead inc hosp",2022-06-05,"quantile",0.85,192.021287873463
2022-05-21,"25","15  day ahead inc hosp",2022-06-05,"quantile",0.9,202.721221464492
2022-05-21,"25","15  day ahead inc hosp",2022-06-05,"quantile",0.95,218.58013487992
2022-05-21,"25","15  day ahead inc hosp",2022-06-05,"quantile",0.975,232.335377164949
2022-05-21,"25","15  day ahead inc hosp",2022-06-05,"quantile",0.99,248.328818980005
2022-05-21,"25","16  day ahead inc hosp",2022-06-06,"quantile",0.01,53.7337607241572
2022-05-21,"25","16  day ahead inc hosp",2022-06-06,"quantile",0.025,70.4034966188628
2022-05-21,"25","16  day ahead inc hosp",2022-06-06,"quantile",0.05,84.7403891220924
2022-05-21,"25","16  day ahead inc hosp",2022-06-06,"quantile",0.1,101.269907987964
2022-05-21,"25","16  day ahead inc hosp",2022-06-06,"quantile",0.15,112.422295892701
2022-05-21,"25","16  day ahead inc hosp",2022-06-06,"quantile",0.2,121.285860261494
2022-05-21,"25","16  day ahead inc hosp",2022-06-06,"quantile",0.25,128.890009263183
2022-05-21,"25","16  day ahead inc hosp",2022-06-06,"quantile",0.3,135.718770082804
2022-05-21,"25","16  day ahead inc hosp",2022-06-06,"quantile",0.35,142.046634670986
2022-05-21,"25","16  day ahead inc hosp",2022-06-06,"quantile",0.4,148.051159361943
2022-05-21,"25","16  day ahead inc hosp",2022-06-06,"quantile",0.45,153.860606490243
2022-05-21,"25","16  day ahead inc hosp",2022-06-06,"quantile",0.5,159.577947029154
2022-05-21,"25","16  day ahead inc hosp",2022-06-06,"quantile",0.55,165.295287568066
2022-05-21,"25","16  day ahead inc hosp",2022-06-06,"quantile",0.6,171.104734696366
2022-05-21,"25","16  day ahead inc hosp",2022-06-06,"quantile",0.65,177.109259387323
2022-05-21,"25","16  day ahead inc hosp",2022-06-06,"quantile",0.7,183.437123975505
2022-05-21,"25","16  day ahead inc hosp",2022-06-06,"quantile",0.75,190.265884795126
2022-05-21,"25","16  day ahead inc hosp",2022-06-06,"quantile",0.8,197.870033796814
2022-05-21,"25","16  day ahead inc hosp",2022-06-06,"quantile",0.85,206.733598165608
2022-05-21,"25","16  day ahead inc hosp",2022-06-06,"quantile",0.9,217.885986070345
2022-05-21,"25","16  day ahead inc hosp",2022-06-06,"quantile",0.95,234.415504936217
2022-05-21,"25","16  day ahead inc hosp",2022-06-06,"quantile",0.975,248.752397439446
2022-05-21,"25","16  day ahead inc hosp",2022-06-06,"quantile",0.99,265.422133334152
2022-05-21,"25","17  day ahead inc hosp",2022-06-07,"quantile",0.01,52.26919251395
2022-05-21,"25","17  day ahead inc hosp",2022-06-07,"quantile",0.025,69.4108597780891
2022-05-21,"25","17  day ahead inc hosp",2022-06-07,"quantile",0.05,84.1536392944789
2022-05-21,"25","17  day ahead inc hosp",2022-06-07,"quantile",0.1,101.151119891941
2022-05-21,"25","17  day ahead inc hosp",2022-06-07,"quantile",0.15,112.619239355329
2022-05-21,"25","17  day ahead inc hosp",2022-06-07,"quantile",0.2,121.733737158044
2022-05-21,"25","17  day ahead inc hosp",2022-06-07,"quantile",0.25,129.553164702501
2022-05-21,"25","17  day ahead inc hosp",2022-06-07,"quantile",0.3,136.575252306991
2022-05-21,"25","17  day ahead inc hosp",2022-06-07,"quantile",0.35,143.082262972805
2022-05-21,"25","17  day ahead inc hosp",2022-06-07,"quantile",0.4,149.256779772701
2022-05-21,"25","17  day ahead inc hosp",2022-06-07,"quantile",0.45,155.230696233702
2022-05-21,"25","17  day ahead inc hosp",2022-06-07,"quantile",0.5,161.109898506182
2022-05-21,"25","17  day ahead inc hosp",2022-06-07,"quantile",0.55,166.989100778663
2022-05-21,"25","17  day ahead inc hosp",2022-06-07,"quantile",0.6,172.963017239663
2022-05-21,"25","17  day ahead inc hosp",2022-06-07,"quantile",0.65,179.13753403956
2022-05-21,"25","17  day ahead inc hosp",2022-06-07,"quantile",0.7,185.644544705373
2022-05-21,"25","17  day ahead inc hosp",2022-06-07,"quantile",0.75,192.666632309863
2022-05-21,"25","17  day ahead inc hosp",2022-06-07,"quantile",0.8,200.48605985432
2022-05-21,"25","17  day ahead inc hosp",2022-06-07,"quantile",0.85,209.600557657035
2022-05-21,"25","17  day ahead inc hosp",2022-06-07,"quantile",0.9,221.068677120423
2022-05-21,"25","17  day ahead inc hosp",2022-06-07,"quantile",0.95,238.066157717886
2022-05-21,"25","17  day ahead inc hosp",2022-06-07,"quantile",0.975,252.808937234275
2022-05-21,"25","17  day ahead inc hosp",2022-06-07,"quantile",0.99,269.950604498414
2022-05-21,"25","18  day ahead inc hosp",2022-06-08,"quantile",0.01,41.5723394879803
2022-05-21,"25","18  day ahead inc hosp",2022-06-08,"quantile",0.025,59.1391868801065
2022-05-21,"25","18  day ahead inc hosp",2022-06-08,"quantile",0.05,74.2476447628459
2022-05-21,"25","18  day ahead inc hosp",2022-06-08,"quantile",0.1,91.6667290972449
2022-05-21,"25","18  day ahead inc hosp",2022-06-08,"quantile",0.15,103.419302600376
2022-05-21,"25","18  day ahead inc hosp",2022-06-08,"quantile",0.2,112.759875456502
2022-05-21,"25","18  day ahead inc hosp",2022-06-08,"quantile",0.25,120.773255266681
2022-05-21,"25","18  day ahead inc hosp",2022-06-08,"quantile",0.3,127.969518000137
2022-05-21,"25","18  day ahead inc hosp",2022-06-08,"quantile",0.35,134.63792788022
2022-05-21,"25","18  day ahead inc hosp",2022-06-08,"quantile",0.4,140.965596751194
2022-05-21,"25","18  day ahead inc hosp",2022-06-08,"quantile",0.45,147.087689613378
2022-05-21,"25","18  day ahead inc hosp",2022-06-08,"quantile",0.5,153.112719006182
2022-05-21,"25","18  day ahead inc hosp",2022-06-08,"quantile",0.55,159.137748398986
2022-05-21,"25","18  day ahead inc hosp",2022-06-08,"quantile",0.6,165.259841261169
2022-05-21,"25","18  day ahead inc hosp",2022-06-08,"quantile",0.65,171.587510132144
2022-05-21,"25","18  day ahead inc hosp",2022-06-08,"quantile",0.7,178.255920012227
2022-05-21,"25","18  day ahead inc hosp",2022-06-08,"quantile",0.75,185.452182745682
2022-05-21,"25","18  day ahead inc hosp",2022-06-08,"quantile",0.8,193.465562555861
2022-05-21,"25","18  day ahead inc hosp",2022-06-08,"quantile",0.85,202.806135411988
2022-05-21,"25","18  day ahead inc hosp",2022-06-08,"quantile",0.9,214.558708915118
2022-05-21,"25","18  day ahead inc hosp",2022-06-08,"quantile",0.95,231.977793249517
2022-05-21,"25","18  day ahead inc hosp",2022-06-08,"quantile",0.975,247.086251132257
2022-05-21,"25","18  day ahead inc hosp",2022-06-08,"quantile",0.99,264.653098524383
2022-05-21,"25","19  day ahead inc hosp",2022-06-09,"quantile",0.01,42.4895617930712
2022-05-21,"25","19  day ahead inc hosp",2022-06-09,"quantile",0.025,60.4539470879339
2022-05-21,"25","19  day ahead inc hosp",2022-06-09,"quantile",0.05,75.9043094983452
2022-05-21,"25","19  day ahead inc hosp",2022-06-09,"quantile",0.1,93.7175878562542
2022-05-21,"25","19  day ahead inc hosp",2022-06-09,"quantile",0.15,105.736122195607
2022-05-21,"25","19  day ahead inc hosp",2022-06-09,"quantile",0.2,115.288072293232
2022-05-21,"25","19  day ahead inc hosp",2022-06-09,"quantile",0.25,123.482794955231
2022-05-21,"25","19  day ahead inc hosp",2022-06-09,"quantile",0.3,130.841909174257
2022-05-21,"25","19  day ahead inc hosp",2022-06-09,"quantile",0.35,137.661225225444
2022-05-21,"25","19  day ahead inc hosp",2022-06-09,"quantile",0.4,144.13208929565
2022-05-21,"25","19  day ahead inc hosp",2022-06-09,"quantile",0.45,150.392725170274
2022-05-21,"25","19  day ahead inc hosp",2022-06-09,"quantile",0.5,156.554101028399
2022-05-21,"25","19  day ahead inc hosp",2022-06-09,"quantile",0.55,162.715476886523
2022-05-21,"25","19  day ahead inc hosp",2022-06-09,"quantile",0.6,168.976112761147
2022-05-21,"25","19  day ahead inc hosp",2022-06-09,"quantile",0.65,175.446976831353
2022-05-21,"25","19  day ahead inc hosp",2022-06-09,"quantile",0.7,182.26629288254
2022-05-21,"25","19  day ahead inc hosp",2022-06-09,"quantile",0.75,189.625407101566
2022-05-21,"25","19  day ahead inc hosp",2022-06-09,"quantile",0.8,197.820129763565
2022-05-21,"25","19  day ahead inc hosp",2022-06-09,"quantile",0.85,207.37207986119
2022-05-21,"25","19  day ahead inc hosp",2022-06-09,"quantile",0.9,219.390614200543
2022-05-21,"25","19  day ahead inc hosp",2022-06-09,"quantile",0.95,237.203892558452
2022-05-21,"25","19  day ahead inc hosp",2022-06-09,"quantile",0.975,252.654254968863
2022-05-21,"25","19  day ahead inc hosp",2022-06-09,"quantile",0.99,270.618640263726
2022-05-21,"25","20  day ahead inc hosp",2022-06-10,"quantile",0.01,43.6163944892597
2022-05-21,"25","20  day ahead inc hosp",2022-06-10,"quantile",0.025,61.8771687955405
2022-05-21,"25","20  day ahead inc hosp",2022-06-10,"quantile",0.05,77.5824421069211
2022-05-21,"25","20  day ahead inc hosp",2022-06-10,"quantile",0.1,95.6896164081623
2022-05-21,"25","20  day ahead inc hosp",2022-06-10,"quantile",0.15,107.906440945207
2022-05-21,"25","20  day ahead inc hosp",2022-06-10,"quantile",0.2,117.615985806031
2022-05-21,"25","20  day ahead inc hosp",2022-06-10,"quantile",0.25,125.94591074235
2022-05-21,"25","20  day ahead inc hosp",2022-06-10,"quantile",0.3,133.426440782318
2022-05-21,"25","20  day ahead inc hosp",2022-06-10,"quantile",0.35,140.358266686182
2022-05-21,"25","20  day ahead inc hosp",2022-06-10,"quantile",0.4,146.935891604216
2022-05-21,"25","20  day ahead inc hosp",2022-06-10,"quantile",0.45,153.299819834647
2022-05-21,"25","20  day ahead inc hosp",2022-06-10,"quantile",0.5,159.562850387301
2022-05-21,"25","20  day ahead inc hosp",2022-06-10,"quantile",0.55,165.825880939956
2022-05-21,"25","20  day ahead inc hosp",2022-06-10,"quantile",0.6,172.189809170387
2022-05-21,"25","20  day ahead inc hosp",2022-06-10,"quantile",0.65,178.76743408842
2022-05-21,"25","20  day ahead inc hosp",2022-06-10,"quantile",0.7,185.699259992285
2022-05-21,"25","20  day ahead inc hosp",2022-06-10,"quantile",0.75,193.179790032252
2022-05-21,"25","20  day ahead inc hosp",2022-06-10,"quantile",0.8,201.509714968572
2022-05-21,"25","20  day ahead inc hosp",2022-06-10,"quantile",0.85,211.219259829396
2022-05-21,"25","20  day ahead inc hosp",2022-06-10,"quantile",0.9,223.43608436644
2022-05-21,"25","20  day ahead inc hosp",2022-06-10,"quantile",0.95,241.543258667682
2022-05-21,"25","20  day ahead inc hosp",2022-06-10,"quantile",0.975,257.248531979062
2022-05-21,"25","20  day ahead inc hosp",2022-06-10,"quantile",0.99,275.509306285343
2022-05-21,"25","21  day ahead inc hosp",2022-06-11,"quantile",0.01,31.4455618506436
2022-05-21,"25","21  day ahead inc hosp",2022-06-11,"quantile",0.025,50.0496065491068
2022-05-21,"25","21  day ahead inc hosp",2022-06-11,"quantile",0.05,66.0501113352598
2022-05-21,"25","21  day ahead inc hosp",2022-06-11,"quantile",0.1,84.4976686191418
2022-05-21,"25","21  day ahead inc hosp",2022-06-11,"quantile",0.15,96.9441479386023
2022-05-21,"25","21  day ahead inc hosp",2022-06-11,"quantile",0.2,106.836215140286
2022-05-21,"25","21  day ahead inc hosp",2022-06-11,"quantile",0.25,115.322727992965
2022-05-21,"25","21  day ahead inc hosp",2022-06-11,"quantile",0.3,122.943878821377
2022-05-21,"25","21  day ahead inc hosp",2022-06-11,"quantile",0.35,130.006010842422
2022-05-21,"25","21  day ahead inc hosp",2022-06-11,"quantile",0.4,136.707283522997
2022-05-21,"25","21  day ahead inc hosp",2022-06-11,"quantile",0.45,143.19084239465
2022-05-21,"25","21  day ahead inc hosp",2022-06-11,"quantile",0.5,149.571606889907
2022-05-21,"25","21  day ahead inc hosp",2022-06-11,"quantile",0.55,155.952371385165
2022-05-21,"25","21  day ahead inc hosp",2022-06-11,"quantile",0.6,162.435930256818
2022-05-21,"25","21  day ahead inc hosp",2022-06-11,"quantile",0.65,169.137202937393
2022-05-21,"25","21  day ahead inc hosp",2022-06-11,"quantile",0.7,176.199334958438
2022-05-21,"25","21  day ahead inc hosp",2022-06-11,"quantile",0.75,183.82048578685
2022-05-21,"25","21  day ahead inc hosp",2022-06-11,"quantile",0.8,192.306998639529
2022-05-21,"25","21  day ahead inc hosp",2022-06-11,"quantile",0.85,202.199065841212
2022-05-21,"25","21  day ahead inc hosp",2022-06-11,"quantile",0.9,214.645545160673
2022-05-21,"25","21  day ahead inc hosp",2022-06-11,"quantile",0.95,233.093102444555
2022-05-21,"25","21  day ahead inc hosp",2022-06-11,"quantile",0.975,249.093607230708
2022-05-21,"25","21  day ahead inc hosp",2022-06-11,"quantile",0.99,267.697651929171
2022-05-21,"25","22  day ahead inc hosp",2022-06-12,"quantile",0.01,23.3672009027072
2022-05-21,"25","22  day ahead inc hosp",2022-06-12,"quantile",0.025,42.5156724146635
2022-05-21,"25","22  day ahead inc hosp",2022-06-12,"quantile",0.05,58.984414295287
2022-05-21,"25","22  day ahead inc hosp",2022-06-12,"quantile",0.1,77.9718189613689
2022-05-21,"25","22  day ahead inc hosp",2022-06-12,"quantile",0.15,90.7825307466686
2022-05-21,"25","22  day ahead inc hosp",2022-06-12,"quantile",0.2,100.964078365797
2022-05-21,"25","22  day ahead inc hosp",2022-06-12,"quantile",0.25,109.698939640819
2022-05-21,"25","22  day ahead inc hosp",2022-06-12,"quantile",0.3,117.543115028025
2022-05-21,"25","22  day ahead inc hosp",2022-06-12,"quantile",0.35,124.811912540096
2022-05-21,"25","22  day ahead inc hosp",2022-06-12,"quantile",0.4,131.709290561793
2022-05-21,"25","22  day ahead inc hosp",2022-06-12,"quantile",0.45,138.38258362049
2022-05-21,"25","22  day ahead inc hosp",2022-06-12,"quantile",0.5,144.950074138938
2022-05-21,"25","22  day ahead inc hosp",2022-06-12,"quantile",0.55,151.517564657385
2022-05-21,"25","22  day ahead inc hosp",2022-06-12,"quantile",0.6,158.190857716083
2022-05-21,"25","22  day ahead inc hosp",2022-06-12,"quantile",0.65,165.088235737779
2022-05-21,"25","22  day ahead inc hosp",2022-06-12,"quantile",0.7,172.35703324985
2022-05-21,"25","22  day ahead inc hosp",2022-06-12,"quantile",0.75,180.201208637057
2022-05-21,"25","22  day ahead inc hosp",2022-06-12,"quantile",0.8,188.936069912078
2022-05-21,"25","22  day ahead inc hosp",2022-06-12,"quantile",0.85,199.117617531207
2022-05-21,"25","22  day ahead inc hosp",2022-06-12,"quantile",0.9,211.928329316506
2022-05-21,"25","22  day ahead inc hosp",2022-06-12,"quantile",0.95,230.915733982588
2022-05-21,"25","22  day ahead inc hosp",2022-06-12,"quantile",0.975,247.384475863212
2022-05-21,"25","22  day ahead inc hosp",2022-06-12,"quantile",0.99,266.532947375168
2022-05-21,"25","23  day ahead inc hosp",2022-06-13,"quantile",0.01,31.3106679580782
2022-05-21,"25","23  day ahead inc hosp",2022-06-13,"quantile",0.025,51.0104165068735
2022-05-21,"25","23  day ahead inc hosp",2022-06-13,"quantile",0.05,67.9532870519571
2022-05-21,"25","23  day ahead inc hosp",2022-06-13,"quantile",0.1,87.4873317031178
2022-05-21,"25","23  day ahead inc hosp",2022-06-13,"quantile",0.15,100.666858891171
2022-05-21,"25","23  day ahead inc hosp",2022-06-13,"quantile",0.2,111.141529300722
2022-05-21,"25","23  day ahead inc hosp",2022-06-13,"quantile",0.25,120.127863829778
2022-05-21,"25","23  day ahead inc hosp",2022-06-13,"quantile",0.3,128.197869971214
2022-05-21,"25","23  day ahead inc hosp",2022-06-13,"quantile",0.35,135.67593333259
2022-05-21,"25","23  day ahead inc hosp",2022-06-13,"quantile",0.4,142.771884181125
2022-05-21,"25","23  day ahead inc hosp",2022-06-13,"quantile",0.45,149.637298747853
2022-05-21,"25","23  day ahead inc hosp",2022-06-13,"quantile",0.5,156.393864760405
2022-05-21,"25","23  day ahead inc hosp",2022-06-13,"quantile",0.55,163.150430772958
2022-05-21,"25","23  day ahead inc hosp",2022-06-13,"quantile",0.6,170.015845339686
2022-05-21,"25","23  day ahead inc hosp",2022-06-13,"quantile",0.65,177.111796188221
2022-05-21,"25","23  day ahead inc hosp",2022-06-13,"quantile",0.7,184.589859549596
2022-05-21,"25","23  day ahead inc hosp",2022-06-13,"quantile",0.75,192.659865691033
2022-05-21,"25","23  day ahead inc hosp",2022-06-13,"quantile",0.8,201.646200220089
2022-05-21,"25","23  day ahead inc hosp",2022-06-13,"quantile",0.85,212.12087062964
2022-05-21,"25","23  day ahead inc hosp",2022-06-13,"quantile",0.9,225.300397817693
2022-05-21,"25","23  day ahead inc hosp",2022-06-13,"quantile",0.95,244.834442468854
2022-05-21,"25","23  day ahead inc hosp",2022-06-13,"quantile",0.975,261.777313013937
2022-05-21,"25","23  day ahead inc hosp",2022-06-13,"quantile",0.99,281.477061562733
2022-05-21,"25","24  day ahead inc hosp",2022-06-14,"quantile",0.01,30.1013744941735
2022-05-21,"25","24  day ahead inc hosp",2022-06-14,"quantile",0.025,50.2049744990329
2022-05-21,"25","24  day ahead inc hosp",2022-06-14,"quantile",0.05,67.4951795759552
2022-05-21,"25","24  day ahead inc hosp",2022-06-14,"quantile",0.1,87.4296786976719
2022-05-21,"25","24  day ahead inc hosp",2022-06-14,"quantile",0.15,100.879390615847
2022-05-21,"25","24  day ahead inc hosp",2022-06-14,"quantile",0.2,111.568795283869
2022-05-21,"25","24  day ahead inc hosp",2022-06-14,"quantile",0.25,120.739352686392
2022-05-21,"25","24  day ahead inc hosp",2022-06-14,"quantile",0.3,128.974796661849
2022-05-21,"25","24  day ahead inc hosp",2022-06-14,"quantile",0.35,136.606162831611
2022-05-21,"25","24  day ahead inc hosp",2022-06-14,"quantile",0.4,143.84758305379
2022-05-21,"25","24  day ahead inc hosp",2022-06-14,"quantile",0.45,150.853740923022
2022-05-21,"25","24  day ahead inc hosp",2022-06-14,"quantile",0.5,157.748818806191
2022-05-21,"25","24  day ahead inc hosp",2022-06-14,"quantile",0.55,164.64389668936
2022-05-21,"25","24  day ahead inc hosp",2022-06-14,"quantile",0.6,171.650054558592
2022-05-21,"25","24  day ahead inc hosp",2022-06-14,"quantile",0.65,178.891474780771
2022-05-21,"25","24  day ahead inc hosp",2022-06-14,"quantile",0.7,186.522840950533
2022-05-21,"25","24  day ahead inc hosp",2022-06-14,"quantile",0.75,194.75828492599
2022-05-21,"25","24  day ahead inc hosp",2022-06-14,"quantile",0.8,203.928842328513
2022-05-21,"25","24  day ahead inc hosp",2022-06-14,"quantile",0.85,214.618246996535
2022-05-21,"25","24  day ahead inc hosp",2022-06-14,"quantile",0.9,228.06795891471
2022-05-21,"25","24  day ahead inc hosp",2022-06-14,"quantile",0.95,248.002458036427
2022-05-21,"25","24  day ahead inc hosp",2022-06-14,"quantile",0.975,265.292663113349
2022-05-21,"25","24  day ahead inc hosp",2022-06-14,"quantile",0.99,285.396263118208
2022-05-21,"25","25  day ahead inc hosp",2022-06-15,"quantile",0.01,20.7702824690164
2022-05-21,"25","25  day ahead inc hosp",2022-06-15,"quantile",0.025,41.2430055804768
2022-05-21,"25","25  day ahead inc hosp",2022-06-15,"quantile",0.05,58.8506768928107
2022-05-21,"25","25  day ahead inc hosp",2022-06-15,"quantile",0.1,79.1511942521845
2022-05-21,"25","25  day ahead inc hosp",2022-06-15,"quantile",0.15,92.8478569376318
2022-05-21,"25","25  day ahead inc hosp",2022-06-15,"quantile",0.2,103.733530246982
2022-05-21,"25","25  day ahead inc hosp",2022-06-15,"quantile",0.25,113.072468667674
2022-05-21,"25","25  day ahead inc hosp",2022-06-15,"quantile",0.3,121.459124001482
2022-05-21,"25","25  day ahead inc hosp",2022-06-15,"quantile",0.35,129.230610029752
2022-05-21,"25","25  day ahead inc hosp",2022-06-15,"quantile",0.4,136.604990295305
2022-05-21,"25","25  day ahead inc hosp",2022-06-15,"quantile",0.45,143.739788545235
2022-05-21,"25","25  day ahead inc hosp",2022-06-15,"quantile",0.5,150.761467264467
2022-05-21,"25","25  day ahead inc hosp",2022-06-15,"quantile",0.55,157.783145983699
2022-05-21,"25","25  day ahead inc hosp",2022-06-15,"quantile",0.6,164.917944233629
2022-05-21,"25","25  day ahead inc hosp",2022-06-15,"quantile",0.65,172.292324499181
2022-05-21,"25","25  day ahead inc hosp",2022-06-15,"quantile",0.7,180.063810527452
2022-05-21,"25","25  day ahead inc hosp",2022-06-15,"quantile",0.75,188.450465861259
2022-05-21,"25","25  day ahead inc hosp",2022-06-15,"quantile",0.8,197.789404281951
2022-05-21,"25","25  day ahead inc hosp",2022-06-15,"quantile",0.85,208.675077591302
2022-05-21,"25","25  day ahead inc hosp",2022-06-15,"quantile",0.9,222.371740276749
2022-05-21,"25","25  day ahead inc hosp",2022-06-15,"quantile",0.95,242.672257636123
2022-05-21,"25","25  day ahead inc hosp",2022-06-15,"quantile",0.975,260.279928948457
2022-05-21,"25","25  day ahead inc hosp",2022-06-15,"quantile",0.99,280.752652059917
2022-05-21,"25","26  day ahead inc hosp",2022-06-16,"quantile",0.01,21.7662151200273
2022-05-21,"25","26  day ahead inc hosp",2022-06-16,"quantile",0.025,42.5839282596398
2022-05-21,"25","26  day ahead inc hosp",2022-06-16,"quantile",0.05,60.4883100285486
2022-05-21,"25","26  day ahead inc hosp",2022-06-16,"quantile",0.1,81.1309155418619
2022-05-21,"25","26  day ahead inc hosp",2022-06-16,"quantile",0.15,95.0583834807049
2022-05-21,"25","26  day ahead inc hosp",2022-06-16,"quantile",0.2,106.127493488779
2022-05-21,"25","26  day ahead inc hosp",2022-06-16,"quantile",0.25,115.623804263462
2022-05-21,"25","26  day ahead inc hosp",2022-06-16,"quantile",0.3,124.151784834951
2022-05-21,"25","26  day ahead inc hosp",2022-06-16,"quantile",0.35,132.054229757604
2022-05-21,"25","26  day ahead inc hosp",2022-06-16,"quantile",0.4,139.552877207428
2022-05-21,"25","26  day ahead inc hosp",2022-06-16,"quantile",0.45,146.807905396272
2022-05-21,"25","26  day ahead inc hosp",2022-06-16,"quantile",0.5,153.94790785416
2022-05-21,"25","26  day ahead inc hosp",2022-06-16,"quantile",0.55,161.087910312048
2022-05-21,"25","26  day ahead inc hosp",2022-06-16,"quantile",0.6,168.342938500893
2022-05-21,"25","26  day ahead inc hosp",2022-06-16,"quantile",0.65,175.841585950716
2022-05-21,"25","26  day ahead inc hosp",2022-06-16,"quantile",0.7,183.744030873369
2022-05-21,"25","26  day ahead inc hosp",2022-06-16,"quantile",0.75,192.272011444858
2022-05-21,"25","26  day ahead inc hosp",2022-06-16,"quantile",0.8,201.768322219541
2022-05-21,"25","26  day ahead inc hosp",2022-06-16,"quantile",0.85,212.837432227615
2022-05-21,"25","26  day ahead inc hosp",2022-06-16,"quantile",0.9,226.764900166458
2022-05-21,"25","26  day ahead inc hosp",2022-06-16,"quantile",0.95,247.407505679772
2022-05-21,"25","26  day ahead inc hosp",2022-06-16,"quantile",0.975,265.31188744868
2022-05-21,"25","26  day ahead inc hosp",2022-06-16,"quantile",0.99,286.129600588293
2022-05-21,"25","27  day ahead inc hosp",2022-06-17,"quantile",0.01,22.6253757247962
2022-05-21,"25","27  day ahead inc hosp",2022-06-17,"quantile",0.025,43.7075674921311
2022-05-21,"25","27  day ahead inc hosp",2022-06-17,"quantile",0.05,61.8394154716032
2022-05-21,"25","27  day ahead inc hosp",2022-06-17,"quantile",0.1,82.7442749578751
2022-05-21,"25","27  day ahead inc hosp",2022-06-17,"quantile",0.15,96.8486844072198
2022-05-21,"25","27  day ahead inc hosp",2022-06-17,"quantile",0.2,108.05842191868
2022-05-21,"25","27  day ahead inc hosp",2022-06-17,"quantile",0.25,117.67537856956
2022-05-21,"25","27  day ahead inc hosp",2022-06-17,"quantile",0.3,126.311702866589
2022-05-21,"25","27  day ahead inc hosp",2022-06-17,"quantile",0.35,134.314544397399
2022-05-21,"25","27  day ahead inc hosp",2022-06-17,"quantile",0.4,141.908458410557
2022-05-21,"25","27  day ahead inc hosp",2022-06-17,"quantile",0.45,149.255658101939
2022-05-21,"25","27  day ahead inc hosp",2022-06-17,"quantile",0.5,156.486370718015
2022-05-21,"25","27  day ahead inc hosp",2022-06-17,"quantile",0.55,163.717083334091
2022-05-21,"25","27  day ahead inc hosp",2022-06-17,"quantile",0.6,171.064283025473
2022-05-21,"25","27  day ahead inc hosp",2022-06-17,"quantile",0.65,178.658197038631
2022-05-21,"25","27  day ahead inc hosp",2022-06-17,"quantile",0.7,186.661038569441
2022-05-21,"25","27  day ahead inc hosp",2022-06-17,"quantile",0.75,195.29736286647
2022-05-21,"25","27  day ahead inc hosp",2022-06-17,"quantile",0.8,204.914319517349
2022-05-21,"25","27  day ahead inc hosp",2022-06-17,"quantile",0.85,216.12405702881
2022-05-21,"25","27  day ahead inc hosp",2022-06-17,"quantile",0.9,230.228466478155
2022-05-21,"25","27  day ahead inc hosp",2022-06-17,"quantile",0.95,251.133325964427
2022-05-21,"25","27  day ahead inc hosp",2022-06-17,"quantile",0.975,269.265173943899
2022-05-21,"25","27  day ahead inc hosp",2022-06-17,"quantile",0.99,290.347365711234
2022-05-21,"25","28  day ahead inc hosp",2022-06-18,"quantile",0.01,11.6362666183292
2022-05-21,"25","28  day ahead inc hosp",2022-06-18,"quantile",0.025,33.0210496403411
2022-05-21,"25","28  day ahead inc hosp",2022-06-18,"quantile",0.05,51.4131427921495
2022-05-21,"25","28  day ahead inc hosp",2022-06-18,"quantile",0.1,72.6180482950124
2022-05-21,"25","28  day ahead inc hosp",2022-06-18,"quantile",0.15,86.9248973672794
2022-05-21,"25","28  day ahead inc hosp",2022-06-18,"quantile",0.2,98.295527473572
2022-05-21,"25","28  day ahead inc hosp",2022-06-18,"quantile",0.25,108.050515644669
2022-05-21,"25","28  day ahead inc hosp",2022-06-18,"quantile",0.3,116.810796512897
2022-05-21,"25","28  day ahead inc hosp",2022-06-18,"quantile",0.35,124.928502280144
2022-05-21,"25","28  day ahead inc hosp",2022-06-18,"quantile",0.4,132.631411221084
2022-05-21,"25","28  day ahead inc hosp",2022-06-18,"quantile",0.45,140.084064766482
2022-05-21,"25","28  day ahead inc hosp",2022-06-18,"quantile",0.5,147.41855930556
2022-05-21,"25","28  day ahead inc hosp",2022-06-18,"quantile",0.55,154.753053844637
2022-05-21,"25","28  day ahead inc hosp",2022-06-18,"quantile",0.6,162.205707390036
2022-05-21,"25","28  day ahead inc hosp",2022-06-18,"quantile",0.65,169.908616330975
2022-05-21,"25","28  day ahead inc hosp",2022-06-18,"quantile",0.7,178.026322098223
2022-05-21,"25","28  day ahead inc hosp",2022-06-18,"quantile",0.75,186.786602966451
2022-05-21,"25","28  day ahead inc hosp",2022-06-18,"quantile",0.8,196.541591137548
2022-05-21,"25","28  day ahead inc hosp",2022-06-18,"quantile",0.85,207.91222124384
2022-05-21,"25","28  day ahead inc hosp",2022-06-18,"quantile",0.9,222.219070316107
2022-05-21,"25","28  day ahead inc hosp",2022-06-18,"quantile",0.95,243.42397581897
2022-05-21,"25","28  day ahead inc hosp",2022-06-18,"quantile",0.975,261.816068970779
2022-05-21,"25","28  day ahead inc hosp",2022-06-18,"quantile",0.99,283.200851992791
2022-05-21,"25","29  day ahead inc hosp",2022-06-19,"quantile",0.01,2.98804517954281
2022-05-21,"25","29  day ahead inc hosp",2022-06-19,"quantile",0.025,24.8345503501531
2022-05-21,"25","29  day ahead inc hosp",2022-06-19,"quantile",0.05,43.6237500219826
2022-05-21,"25","29  day ahead inc hosp",2022-06-19,"quantile",0.1,65.2864939101839
2022-05-21,"25","29  day ahead inc hosp",2022-06-19,"quantile",0.15,79.9022443674461
2022-05-21,"25","29  day ahead inc hosp",2022-06-19,"quantile",0.2,91.5183795021597
2022-05-21,"25","29  day ahead inc hosp",2022-06-19,"quantile",0.25,101.483989127459
2022-05-21,"25","29  day ahead inc hosp",2022-06-19,"quantile",0.3,110.433414571092
2022-05-21,"25","29  day ahead inc hosp",2022-06-19,"quantile",0.35,118.726390975628
2022-05-21,"25","29  day ahead inc hosp",2022-06-19,"quantile",0.4,126.595614611601
2022-05-21,"25","29  day ahead inc hosp",2022-06-19,"quantile",0.45,134.209179549189
2022-05-21,"25","29  day ahead inc hosp",2022-06-19,"quantile",0.5,141.702034291126
2022-05-21,"25","29  day ahead inc hosp",2022-06-19,"quantile",0.55,149.194889033062
2022-05-21,"25","29  day ahead inc hosp",2022-06-19,"quantile",0.6,156.80845397065
2022-05-21,"25","29  day ahead inc hosp",2022-06-19,"quantile",0.65,164.677677606623
2022-05-21,"25","29  day ahead inc hosp",2022-06-19,"quantile",0.7,172.970654011159
2022-05-21,"25","29  day ahead inc hosp",2022-06-19,"quantile",0.75,181.920079454792
2022-05-21,"25","29  day ahead inc hosp",2022-06-19,"quantile",0.8,191.885689080091
2022-05-21,"25","29  day ahead inc hosp",2022-06-19,"quantile",0.85,203.501824214805
2022-05-21,"25","29  day ahead inc hosp",2022-06-19,"quantile",0.9,218.117574672067
2022-05-21,"25","29  day ahead inc hosp",2022-06-19,"quantile",0.95,239.780318560268
2022-05-21,"25","29  day ahead inc hosp",2022-06-19,"quantile",0.975,258.569518232098
2022-05-21,"25","29  day ahead inc hosp",2022-06-19,"quantile",0.99,280.416023402708
2022-05-21,"25","30  day ahead inc hosp",2022-06-20,"quantile",0.01,10.2236968757967
2022-05-21,"25","30  day ahead inc hosp",2022-06-20,"quantile",0.025,32.5414799564144
2022-05-21,"25","30  day ahead inc hosp",2022-06-20,"quantile",0.05,51.7360046302477
2022-05-21,"25","30  day ahead inc hosp",2022-06-20,"quantile",0.1,73.8660622871698
2022-05-21,"25","30  day ahead inc hosp",2022-06-20,"quantile",0.15,88.7971071256108
2022-05-21,"25","30  day ahead inc hosp",2022-06-20,"quantile",0.2,100.66382823945
2022-05-21,"25","30  day ahead inc hosp",2022-06-20,"quantile",0.25,110.844418322241
2022-05-21,"25","30  day ahead inc hosp",2022-06-20,"quantile",0.3,119.986902860951
2022-05-21,"25","30  day ahead inc hosp",2022-06-20,"quantile",0.35,128.458777288632
2022-05-21,"25","30  day ahead inc hosp",2022-06-20,"quantile",0.4,136.497757654096
2022-05-21,"25","30  day ahead inc hosp",2022-06-20,"quantile",0.45,144.275564192043
2022-05-21,"25","30  day ahead inc hosp",2022-06-20,"quantile",0.5,151.930056545817
2022-05-21,"25","30  day ahead inc hosp",2022-06-20,"quantile",0.55,159.584548899591
2022-05-21,"25","30  day ahead inc hosp",2022-06-20,"quantile",0.6,167.362355437539
2022-05-21,"25","30  day ahead inc hosp",2022-06-20,"quantile",0.65,175.401335803002
2022-05-21,"25","30  day ahead inc hosp",2022-06-20,"quantile",0.7,183.873210230684
2022-05-21,"25","30  day ahead inc hosp",2022-06-20,"quantile",0.75,193.015694769394
2022-05-21,"25","30  day ahead inc hosp",2022-06-20,"quantile",0.8,203.196284852185
2022-05-21,"25","30  day ahead inc hosp",2022-06-20,"quantile",0.85,215.063005966024
2022-05-21,"25","30  day ahead inc hosp",2022-06-20,"quantile",0.9,229.994050804465
2022-05-21,"25","30  day ahead inc hosp",2022-06-20,"quantile",0.95,252.124108461387
2022-05-21,"25","30  day ahead inc hosp",2022-06-20,"quantile",0.975,271.31863313522
2022-05-21,"25","30  day ahead inc hosp",2022-06-20,"quantile",0.99,293.636416215838
2022-05-21,"25","31  day ahead inc hosp",2022-06-21,"quantile",0.01,9.14159856744953
2022-05-21,"25","31  day ahead inc hosp",2022-06-21,"quantile",0.025,31.8186896213115
2022-05-21,"25","31  day ahead inc hosp",2022-06-21,"quantile",0.05,51.3222389743896
2022-05-21,"25","31  day ahead inc hosp",2022-06-21,"quantile",0.1,73.8085822953387
2022-05-21,"25","31  day ahead inc hosp",2022-06-21,"quantile",0.15,88.9800113798288
2022-05-21,"25","31  day ahead inc hosp",2022-06-21,"quantile",0.2,101.037782272092
2022-05-21,"25","31  day ahead inc hosp",2022-06-21,"quantile",0.25,111.382276053376
2022-05-21,"25","31  day ahead inc hosp",2022-06-21,"quantile",0.3,120.67195117899
2022-05-21,"25","31  day ahead inc hosp",2022-06-21,"quantile",0.35,129.28021962122
2022-05-21,"25","31  day ahead inc hosp",2022-06-21,"quantile",0.4,137.44862456849
2022-05-21,"25","31  day ahead inc hosp",2022-06-21,"quantile",0.45,145.351650887154
2022-05-21,"25","31  day ahead inc hosp",2022-06-21,"quantile",0.5,153.12937770933
2022-05-21,"25","31  day ahead inc hosp",2022-06-21,"quantile",0.55,160.907104531506
2022-05-21,"25","31  day ahead inc hosp",2022-06-21,"quantile",0.6,168.81013085017
2022-05-21,"25","31  day ahead inc hosp",2022-06-21,"quantile",0.65,176.97853579744
2022-05-21,"25","31  day ahead inc hosp",2022-06-21,"quantile",0.7,185.58680423967
2022-05-21,"25","31  day ahead inc hosp",2022-06-21,"quantile",0.75,194.876479365284
2022-05-21,"25","31  day ahead inc hosp",2022-06-21,"quantile",0.8,205.220973146568
2022-05-21,"25","31  day ahead inc hosp",2022-06-21,"quantile",0.85,217.278744038831
2022-05-21,"25","31  day ahead inc hosp",2022-06-21,"quantile",0.9,232.450173123321
2022-05-21,"25","31  day ahead inc hosp",2022-06-21,"quantile",0.95,254.93651644427
2022-05-21,"25","31  day ahead inc hosp",2022-06-21,"quantile",0.975,274.440065797348
2022-05-21,"25","31  day ahead inc hosp",2022-06-21,"quantile",0.99,297.11715685121
2022-05-21,"25","32  day ahead inc hosp",2022-06-22,"quantile",0.01,0.935867013953526
2022-05-21,"25","32  day ahead inc hosp",2022-06-22,"quantile",0.025,23.9449326635885
2022-05-21,"25","32  day ahead inc hosp",2022-06-22,"quantile",0.05,43.7339984833619
2022-05-21,"25","32  day ahead inc hosp",2022-06-22,"quantile",0.1,66.5495240048259
2022-05-21,"25","32  day ahead inc hosp",2022-06-22,"quantile",0.15,81.9430507572073
2022-05-21,"25","32  day ahead inc hosp",2022-06-22,"quantile",0.2,94.1773378352714
2022-05-21,"25","32  day ahead inc hosp",2022-06-22,"quantile",0.25,104.673266786673
2022-05-21,"25","32  day ahead inc hosp",2022-06-22,"quantile",0.3,114.098935375353
2022-05-21,"25","32  day ahead inc hosp",2022-06-22,"quantile",0.35,122.833222028192
2022-05-21,"25","32  day ahead inc hosp",2022-06-22,"quantile",0.4,131.121205933982
2022-05-21,"25","32  day ahead inc hosp",2022-06-22,"quantile",0.45,139.13992627889
2022-05-21,"25","32  day ahead inc hosp",2022-06-22,"quantile",0.5,147.031512842233
2022-05-21,"25","32  day ahead inc hosp",2022-06-22,"quantile",0.55,154.923099405577
2022-05-21,"25","32  day ahead inc hosp",2022-06-22,"quantile",0.6,162.941819750485
2022-05-21,"25","32  day ahead inc hosp",2022-06-22,"quantile",0.65,171.229803656275
2022-05-21,"25","32  day ahead inc hosp",2022-06-22,"quantile",0.7,179.964090309114
2022-05-21,"25","32  day ahead inc hosp",2022-06-22,"quantile",0.75,189.389758897794
2022-05-21,"25","32  day ahead inc hosp",2022-06-22,"quantile",0.8,199.885687849195
2022-05-21,"25","32  day ahead inc hosp",2022-06-22,"quantile",0.85,212.119974927259
2022-05-21,"25","32  day ahead inc hosp",2022-06-22,"quantile",0.9,227.513501679641
2022-05-21,"25","32  day ahead inc hosp",2022-06-22,"quantile",0.95,250.329027201105
2022-05-21,"25","32  day ahead inc hosp",2022-06-22,"quantile",0.975,270.118093020878
2022-05-21,"25","32  day ahead inc hosp",2022-06-22,"quantile",0.99,293.127158670513
2022-05-21,"25","33  day ahead inc hosp",2022-06-23,"quantile",0.01,1.91694989875788
2022-05-21,"25","33  day ahead inc hosp",2022-06-23,"quantile",0.025,25.2359568364491
2022-05-21,"25","33  day ahead inc hosp",2022-06-23,"quantile",0.05,45.2915892627508
2022-05-21,"25","33  day ahead inc hosp",2022-06-23,"quantile",0.1,68.4144490095797
2022-05-21,"25","33  day ahead inc hosp",2022-06-23,"quantile",0.15,84.0153327047423
2022-05-21,"25","33  day ahead inc hosp",2022-06-23,"quantile",0.2,96.4144205075801
2022-05-21,"25","33  day ahead inc hosp",2022-06-23,"quantile",0.25,107.051733806703
2022-05-21,"25","33  day ahead inc hosp",2022-06-23,"quantile",0.3,116.604369909303
2022-05-21,"25","33  day ahead inc hosp",2022-06-23,"quantile",0.35,125.456310885731
2022-05-21,"25","33  day ahead inc hosp",2022-06-23,"quantile",0.4,133.855937239166
2022-05-21,"25","33  day ahead inc hosp",2022-06-23,"quantile",0.45,141.982672944199
2022-05-21,"25","33  day ahead inc hosp",2022-06-23,"quantile",0.5,149.98056232494
2022-05-21,"25","33  day ahead inc hosp",2022-06-23,"quantile",0.55,157.978451705681
2022-05-21,"25","33  day ahead inc hosp",2022-06-23,"quantile",0.6,166.105187410714
2022-05-21,"25","33  day ahead inc hosp",2022-06-23,"quantile",0.65,174.504813764149
2022-05-21,"25","33  day ahead inc hosp",2022-06-23,"quantile",0.7,183.356754740577
2022-05-21,"25","33  day ahead inc hosp",2022-06-23,"quantile",0.75,192.909390843177
2022-05-21,"25","33  day ahead inc hosp",2022-06-23,"quantile",0.8,203.5467041423
2022-05-21,"25","33  day ahead inc hosp",2022-06-23,"quantile",0.85,215.945791945138
2022-05-21,"25","33  day ahead inc hosp",2022-06-23,"quantile",0.9,231.5466756403
2022-05-21,"25","33  day ahead inc hosp",2022-06-23,"quantile",0.95,254.669535387129
2022-05-21,"25","33  day ahead inc hosp",2022-06-23,"quantile",0.975,274.725167813431
2022-05-21,"25","33  day ahead inc hosp",2022-06-23,"quantile",0.99,298.044174751122
2022-05-21,"25","34  day ahead inc hosp",2022-06-24,"quantile",0.01,2.50671367823614
2022-05-21,"25","34  day ahead inc hosp",2022-06-24,"quantile",0.025,26.0690622763378
2022-05-21,"25","34  day ahead inc hosp",2022-06-24,"quantile",0.05,46.333981955233
2022-05-21,"25","34  day ahead inc hosp",2022-06-24,"quantile",0.1,69.6981365007325
2022-05-21,"25","34  day ahead inc hosp",2022-06-24,"quantile",0.15,85.4618206510087
2022-05-21,"25","34  day ahead inc hosp",2022-06-24,"quantile",0.2,97.9902970946912
2022-05-21,"25","34  day ahead inc hosp",2022-06-24,"quantile",0.25,108.738614326676
2022-05-21,"25","34  day ahead inc hosp",2022-06-24,"quantile",0.3,118.390935391707
2022-05-21,"25","34  day ahead inc hosp",2022-06-24,"quantile",0.35,127.335249341856
2022-05-21,"25","34  day ahead inc hosp",2022-06-24,"quantile",0.4,135.82252861418
2022-05-21,"25","34  day ahead inc hosp",2022-06-24,"quantile",0.45,144.034069532635
2022-05-21,"25","34  day ahead inc hosp",2022-06-24,"quantile",0.5,152.115419572181
2022-05-21,"25","34  day ahead inc hosp",2022-06-24,"quantile",0.55,160.196769611728
2022-05-21,"25","34  day ahead inc hosp",2022-06-24,"quantile",0.6,168.408310530183
2022-05-21,"25","34  day ahead inc hosp",2022-06-24,"quantile",0.65,176.895589802507
2022-05-21,"25","34  day ahead inc hosp",2022-06-24,"quantile",0.7,185.839903752656
2022-05-21,"25","34  day ahead inc hosp",2022-06-24,"quantile",0.75,195.492224817687
2022-05-21,"25","34  day ahead inc hosp",2022-06-24,"quantile",0.8,206.240542049672
2022-05-21,"25","34  day ahead inc hosp",2022-06-24,"quantile",0.85,218.769018493354
2022-05-21,"25","34  day ahead inc hosp",2022-06-24,"quantile",0.9,234.53270264363
2022-05-21,"25","34  day ahead inc hosp",2022-06-24,"quantile",0.95,257.89685718913
2022-05-21,"25","34  day ahead inc hosp",2022-06-24,"quantile",0.975,278.161776868025
2022-05-21,"25","34  day ahead inc hosp",2022-06-24,"quantile",0.99,301.724125466127
2022-05-21,"25","35  day ahead inc hosp",2022-06-25,"quantile",0.01,0
2022-05-21,"25","35  day ahead inc hosp",2022-06-25,"quantile",0.025,16.3697940856512
2022-05-21,"25","35  day ahead inc hosp",2022-06-25,"quantile",0.05,36.8712062885943
2022-05-21,"25","35  day ahead inc hosp",2022-06-25,"quantile",0.1,60.5080215684202
2022-05-21,"25","35  day ahead inc hosp",2022-06-25,"quantile",0.15,76.4556686216866
2022-05-21,"25","35  day ahead inc hosp",2022-06-25,"quantile",0.2,89.1303529489231
2022-05-21,"25","35  day ahead inc hosp",2022-06-25,"quantile",0.25,100.0041035264
2022-05-21,"25","35  day ahead inc hosp",2022-06-25,"quantile",0.3,109.769067612364
2022-05-21,"25","35  day ahead inc hosp",2022-06-25,"quantile",0.35,118.817762108573
2022-05-21,"25","35  day ahead inc hosp",2022-06-25,"quantile",0.4,127.404088311712
2022-05-21,"25","35  day ahead inc hosp",2022-06-25,"quantile",0.45,135.711458281992
2022-05-21,"25","35  day ahead inc hosp",2022-06-25,"quantile",0.5,143.887118039951
2022-05-21,"25","35  day ahead inc hosp",2022-06-25,"quantile",0.55,152.062777797909
2022-05-21,"25","35  day ahead inc hosp",2022-06-25,"quantile",0.6,160.37014776819
2022-05-21,"25","35  day ahead inc hosp",2022-06-25,"quantile",0.65,168.956473971329
2022-05-21,"25","35  day ahead inc hosp",2022-06-25,"quantile",0.7,178.005168467538
2022-05-21,"25","35  day ahead inc hosp",2022-06-25,"quantile",0.75,187.770132553502
2022-05-21,"25","35  day ahead inc hosp",2022-06-25,"quantile",0.8,198.643883130979
2022-05-21,"25","35  day ahead inc hosp",2022-06-25,"quantile",0.85,211.318567458215
2022-05-21,"25","35  day ahead inc hosp",2022-06-25,"quantile",0.9,227.266214511482
2022-05-21,"25","35  day ahead inc hosp",2022-06-25,"quantile",0.95,250.903029791308
2022-05-21,"25","35  day ahead inc hosp",2022-06-25,"quantile",0.975,271.404441994251
2022-05-21,"25","35  day ahead inc hosp",2022-06-25,"quantile",0.99,295.241764260186
2022-05-21,"25","36  day ahead inc hosp",2022-06-26,"quantile",0.01,0
2022-05-21,"25","36  day ahead inc hosp",2022-06-26,"quantile",0.025,8.54572512242623
2022-05-21,"25","36  day ahead inc hosp",2022-06-26,"quantile",0.05,29.3948294634191
2022-05-21,"25","36  day ahead inc hosp",2022-06-26,"quantile",0.1,53.4325115108597
2022-05-21,"25","36  day ahead inc hosp",2022-06-26,"quantile",0.15,69.6506214691164
2022-05-21,"25","36  day ahead inc hosp",2022-06-26,"quantile",0.2,82.5402611393907
2022-05-21,"25","36  day ahead inc hosp",2022-06-26,"quantile",0.25,93.5984242612073
2022-05-21,"25","36  day ahead inc hosp",2022-06-26,"quantile",0.3,103.528996511498
2022-05-21,"25","36  day ahead inc hosp",2022-06-26,"quantile",0.35,112.731151652506
2022-05-21,"25","36  day ahead inc hosp",2022-06-26,"quantile",0.4,121.463097000609
2022-05-21,"25","36  day ahead inc hosp",2022-06-26,"quantile",0.45,129.911355178879
2022-05-21,"25","36  day ahead inc hosp",2022-06-26,"quantile",0.5,138.225669415518
2022-05-21,"25","36  day ahead inc hosp",2022-06-26,"quantile",0.55,146.539983652157
2022-05-21,"25","36  day ahead inc hosp",2022-06-26,"quantile",0.6,154.988241830428
2022-05-21,"25","36  day ahead inc hosp",2022-06-26,"quantile",0.65,163.720187178531
2022-05-21,"25","36  day ahead inc hosp",2022-06-26,"quantile",0.7,172.922342319539
2022-05-21,"25","36  day ahead inc hosp",2022-06-26,"quantile",0.75,182.85291456983
2022-05-21,"25","36  day ahead inc hosp",2022-06-26,"quantile",0.8,193.911077691646
2022-05-21,"25","36  day ahead inc hosp",2022-06-26,"quantile",0.85,206.80071736192
2022-05-21,"25","36  day ahead inc hosp",2022-06-26,"quantile",0.9,223.018827320177
2022-05-21,"25","36  day ahead inc hosp",2022-06-26,"quantile",0.95,247.056509367618
2022-05-21,"25","36  day ahead inc hosp",2022-06-26,"quantile",0.975,267.905613708611
2022-05-21,"25","36  day ahead inc hosp",2022-06-26,"quantile",0.99,292.147203225113
2022-05-21,"25","37  day ahead inc hosp",2022-06-27,"quantile",0.01,0
2022-05-21,"25","37  day ahead inc hosp",2022-06-27,"quantile",0.025,15.4654981120771
2022-05-21,"25","37  day ahead inc hosp",2022-06-27,"quantile",0.05,36.6712062417183
2022-05-21,"25","37  day ahead inc hosp",2022-06-27,"quantile",0.1,61.120029619177
2022-05-21,"25","37  day ahead inc hosp",2022-06-27,"quantile",0.15,77.6155346808991
2022-05-21,"25","37  day ahead inc hosp",2022-06-27,"quantile",0.2,90.7256391858039
2022-05-21,"25","37  day ahead inc hosp",2022-06-27,"quantile",0.25,101.972941505172
2022-05-21,"25","37  day ahead inc hosp",2022-06-27,"quantile",0.3,112.073366600457
2022-05-21,"25","37  day ahead inc hosp",2022-06-27,"quantile",0.35,121.432915715486
2022-05-21,"25","37  day ahead inc hosp",2022-06-27,"quantile",0.4,130.314212553346
2022-05-21,"25","37  day ahead inc hosp",2022-06-27,"quantile",0.45,138.906970026386
2022-05-21,"25","37  day ahead inc hosp",2022-06-27,"quantile",0.5,147.363492576068
2022-05-21,"25","37  day ahead inc hosp",2022-06-27,"quantile",0.55,155.82001512575
2022-05-21,"25","37  day ahead inc hosp",2022-06-27,"quantile",0.6,164.41277259879
2022-05-21,"25","37  day ahead inc hosp",2022-06-27,"quantile",0.65,173.29406943665
2022-05-21,"25","37  day ahead inc hosp",2022-06-27,"quantile",0.7,182.653618551679
2022-05-21,"25","37  day ahead inc hosp",2022-06-27,"quantile",0.75,192.754043646964
2022-05-21,"25","37  day ahead inc hosp",2022-06-27,"quantile",0.8,204.001345966332
2022-05-21,"25","37  day ahead inc hosp",2022-06-27,"quantile",0.85,217.111450471237
2022-05-21,"25","37  day ahead inc hosp",2022-06-27,"quantile",0.9,233.606955532959
2022-05-21,"25","37  day ahead inc hosp",2022-06-27,"quantile",0.95,258.055778910418
2022-05-21,"25","37  day ahead inc hosp",2022-06-27,"quantile",0.975,279.261487040059
2022-05-21,"25","37  day ahead inc hosp",2022-06-27,"quantile",0.99,303.917705526855
2022-05-21,"26","1  day ahead inc hosp",2022-05-22,"quantile",0.01,58.6841715850732
2022-05-21,"26","1  day ahead inc hosp",2022-05-22,"quantile",0.025,78.022758688093
2022-05-21,"26","1  day ahead inc hosp",2022-05-22,"quantile",0.05,94.6550104653028
2022-05-21,"26","1  day ahead inc hosp",2022-05-22,"quantile",0.1,113.830931570339
2022-05-21,"26","1  day ahead inc hosp",2022-05-22,"quantile",0.15,126.768834502018
2022-05-21,"26","1  day ahead inc hosp",2022-05-22,"quantile",0.2,137.051469612246
2022-05-21,"26","1  day ahead inc hosp",2022-05-22,"quantile",0.25,145.873054953631
2022-05-21,"26","1  day ahead inc hosp",2022-05-22,"quantile",0.3,153.795111232752
2022-05-21,"26","1  day ahead inc hosp",2022-05-22,"quantile",0.35,161.136076997754
2022-05-21,"26","1  day ahead inc hosp",2022-05-22,"quantile",0.4,168.101935634134
2022-05-21,"26","1  day ahead inc hosp",2022-05-22,"quantile",0.45,174.841484480057
2022-05-21,"26","1  day ahead inc hosp",2022-05-22,"quantile",0.5,181.474180325256
2022-05-21,"26","1  day ahead inc hosp",2022-05-22,"quantile",0.55,188.106876170455
2022-05-21,"26","1  day ahead inc hosp",2022-05-22,"quantile",0.6,194.846425016378
2022-05-21,"26","1  day ahead inc hosp",2022-05-22,"quantile",0.65,201.812283652758
2022-05-21,"26","1  day ahead inc hosp",2022-05-22,"quantile",0.7,209.15324941776
2022-05-21,"26","1  day ahead inc hosp",2022-05-22,"quantile",0.75,217.075305696881
2022-05-21,"26","1  day ahead inc hosp",2022-05-22,"quantile",0.8,225.896891038266
2022-05-21,"26","1  day ahead inc hosp",2022-05-22,"quantile",0.85,236.179526148494
2022-05-21,"26","1  day ahead inc hosp",2022-05-22,"quantile",0.9,249.117429080173
2022-05-21,"26","1  day ahead inc hosp",2022-05-22,"quantile",0.95,268.293350185209
2022-05-21,"26","1  day ahead inc hosp",2022-05-22,"quantile",0.975,284.925601962419
2022-05-21,"26","1  day ahead inc hosp",2022-05-22,"quantile",0.99,304.264189065439
2022-05-21,"26","2  day ahead inc hosp",2022-05-23,"quantile",0.01,23.8059557716554
2022-05-21,"26","2  day ahead inc hosp",2022-05-23,"quantile",0.025,49.8052546721006
2022-05-21,"26","2  day ahead inc hosp",2022-05-23,"quantile",0.05,72.1660860523628
2022-05-21,"26","2  day ahead inc hosp",2022-05-23,"quantile",0.1,97.9466925592023
2022-05-21,"26","2  day ahead inc hosp",2022-05-23,"quantile",0.15,115.340745375663
2022-05-21,"26","2  day ahead inc hosp",2022-05-23,"quantile",0.2,129.164987151491
2022-05-21,"26","2  day ahead inc hosp",2022-05-23,"quantile",0.25,141.024955661322
2022-05-21,"26","2  day ahead inc hosp",2022-05-23,"quantile",0.3,151.675573930888
2022-05-21,"26","2  day ahead inc hosp",2022-05-23,"quantile",0.35,161.544959017062
2022-05-21,"26","2  day ahead inc hosp",2022-05-23,"quantile",0.4,170.91004033457
2022-05-21,"26","2  day ahead inc hosp",2022-05-23,"quantile",0.45,179.970864890463
2022-05-21,"26","2  day ahead inc hosp",2022-05-23,"quantile",0.5,188.888033496236
2022-05-21,"26","2  day ahead inc hosp",2022-05-23,"quantile",0.55,197.805202102009
2022-05-21,"26","2  day ahead inc hosp",2022-05-23,"quantile",0.6,206.866026657902
2022-05-21,"26","2  day ahead inc hosp",2022-05-23,"quantile",0.65,216.23110797541
2022-05-21,"26","2  day ahead inc hosp",2022-05-23,"quantile",0.7,226.100493061584
2022-05-21,"26","2  day ahead inc hosp",2022-05-23,"quantile",0.75,236.75111133115
2022-05-21,"26","2  day ahead inc hosp",2022-05-23,"quantile",0.8,248.611079840981
2022-05-21,"26","2  day ahead inc hosp",2022-05-23,"quantile",0.85,262.435321616809
2022-05-21,"26","2  day ahead inc hosp",2022-05-23,"quantile",0.9,279.82937443327
2022-05-21,"26","2  day ahead inc hosp",2022-05-23,"quantile",0.95,305.609980940109
2022-05-21,"26","2  day ahead inc hosp",2022-05-23,"quantile",0.975,327.970812320371
2022-05-21,"26","2  day ahead inc hosp",2022-05-23,"quantile",0.99,353.970111220817
2022-05-21,"26","3  day ahead inc hosp",2022-05-24,"quantile",0.01,16.4885377274568
2022-05-21,"26","3  day ahead inc hosp",2022-05-24,"quantile",0.025,43.6637059799464
2022-05-21,"26","3  day ahead inc hosp",2022-05-24,"quantile",0.05,67.0358498731715
2022-05-21,"26","3  day ahead inc hosp",2022-05-24,"quantile",0.1,93.9824349390708
2022-05-21,"26","3  day ahead inc hosp",2022-05-24,"quantile",0.15,112.163167953834
2022-05-21,"26","3  day ahead inc hosp",2022-05-24,"quantile",0.2,126.612638213002
2022-05-21,"26","3  day ahead inc hosp",2022-05-24,"quantile",0.25,139.00899709014
2022-05-21,"26","3  day ahead inc hosp",2022-05-24,"quantile",0.3,150.141310487388
2022-05-21,"26","3  day ahead inc hosp",2022-05-24,"quantile",0.35,160.457057896285
2022-05-21,"26","3  day ahead inc hosp",2022-05-24,"quantile",0.4,170.24569340819
2022-05-21,"26","3  day ahead inc hosp",2022-05-24,"quantile",0.45,179.716311548914
2022-05-21,"26","3  day ahead inc hosp",2022-05-24,"quantile",0.5,189.036776617053
2022-05-21,"26","3  day ahead inc hosp",2022-05-24,"quantile",0.55,198.357241685193
2022-05-21,"26","3  day ahead inc hosp",2022-05-24,"quantile",0.6,207.827859825916
2022-05-21,"26","3  day ahead inc hosp",2022-05-24,"quantile",0.65,217.616495337821
2022-05-21,"26","3  day ahead inc hosp",2022-05-24,"quantile",0.7,227.932242746718
2022-05-21,"26","3  day ahead inc hosp",2022-05-24,"quantile",0.75,239.064556143966
2022-05-21,"26","3  day ahead inc hosp",2022-05-24,"quantile",0.8,251.460915021105
2022-05-21,"26","3  day ahead inc hosp",2022-05-24,"quantile",0.85,265.910385280273
2022-05-21,"26","3  day ahead inc hosp",2022-05-24,"quantile",0.9,284.091118295036
2022-05-21,"26","3  day ahead inc hosp",2022-05-24,"quantile",0.95,311.037703360935
2022-05-21,"26","3  day ahead inc hosp",2022-05-24,"quantile",0.975,334.40984725416
2022-05-21,"26","3  day ahead inc hosp",2022-05-24,"quantile",0.99,361.58501550665
2022-05-21,"26","4  day ahead inc hosp",2022-05-25,"quantile",0.01,2.04723396561167
2022-05-21,"26","4  day ahead inc hosp",2022-05-25,"quantile",0.025,30.6495987084232
2022-05-21,"26","4  day ahead inc hosp",2022-05-25,"quantile",0.05,55.2492103187121
2022-05-21,"26","4  day ahead inc hosp",2022-05-25,"quantile",0.1,83.6109870505799
2022-05-21,"26","4  day ahead inc hosp",2022-05-25,"quantile",0.15,102.746543163734
2022-05-21,"26","4  day ahead inc hosp",2022-05-25,"quantile",0.2,117.954876552996
2022-05-21,"26","4  day ahead inc hosp",2022-05-25,"quantile",0.25,131.0022724253
2022-05-21,"26","4  day ahead inc hosp",2022-05-25,"quantile",0.3,142.719237165351
2022-05-21,"26","4  day ahead inc hosp",2022-05-25,"quantile",0.35,153.576751173823
2022-05-21,"26","4  day ahead inc hosp",2022-05-25,"quantile",0.4,163.879470209253
2022-05-21,"26","4  day ahead inc hosp",2022-05-25,"quantile",0.45,173.847470108427
2022-05-21,"26","4  day ahead inc hosp",2022-05-25,"quantile",0.5,183.65743113515
2022-05-21,"26","4  day ahead inc hosp",2022-05-25,"quantile",0.55,193.467392161873
2022-05-21,"26","4  day ahead inc hosp",2022-05-25,"quantile",0.6,203.435392061047
2022-05-21,"26","4  day ahead inc hosp",2022-05-25,"quantile",0.65,213.738111096477
2022-05-21,"26","4  day ahead inc hosp",2022-05-25,"quantile",0.7,224.595625104949
2022-05-21,"26","4  day ahead inc hosp",2022-05-25,"quantile",0.75,236.312589845
2022-05-21,"26","4  day ahead inc hosp",2022-05-25,"quantile",0.8,249.359985717304
2022-05-21,"26","4  day ahead inc hosp",2022-05-25,"quantile",0.85,264.568319106566
2022-05-21,"26","4  day ahead inc hosp",2022-05-25,"quantile",0.9,283.70387521972
2022-05-21,"26","4  day ahead inc hosp",2022-05-25,"quantile",0.95,312.065651951588
2022-05-21,"26","4  day ahead inc hosp",2022-05-25,"quantile",0.975,336.665263561876
2022-05-21,"26","4  day ahead inc hosp",2022-05-25,"quantile",0.99,365.267628304688
2022-05-21,"26","5  day ahead inc hosp",2022-05-26,"quantile",0.01,1.58678926927675
2022-05-21,"26","5  day ahead inc hosp",2022-05-26,"quantile",0.025,31.5162398518363
2022-05-21,"26","5  day ahead inc hosp",2022-05-26,"quantile",0.05,57.2572184968044
2022-05-21,"26","5  day ahead inc hosp",2022-05-26,"quantile",0.1,86.9349183220735
2022-05-21,"26","5  day ahead inc hosp",2022-05-26,"quantile",0.15,106.958321498987
2022-05-21,"26","5  day ahead inc hosp",2022-05-26,"quantile",0.2,122.872287589199
2022-05-21,"26","5  day ahead inc hosp",2022-05-26,"quantile",0.25,136.525053488192
2022-05-21,"26","5  day ahead inc hosp",2022-05-26,"quantile",0.3,148.785659221957
2022-05-21,"26","5  day ahead inc hosp",2022-05-26,"quantile",0.35,160.146937629809
2022-05-21,"26","5  day ahead inc hosp",2022-05-26,"quantile",0.4,170.927679817023
2022-05-21,"26","5  day ahead inc hosp",2022-05-26,"quantile",0.45,181.358172647665
2022-05-21,"26","5  day ahead inc hosp",2022-05-26,"quantile",0.5,191.623293955158
2022-05-21,"26","5  day ahead inc hosp",2022-05-26,"quantile",0.55,201.888415262651
2022-05-21,"26","5  day ahead inc hosp",2022-05-26,"quantile",0.6,212.318908093293
2022-05-21,"26","5  day ahead inc hosp",2022-05-26,"quantile",0.65,223.099650280507
2022-05-21,"26","5  day ahead inc hosp",2022-05-26,"quantile",0.7,234.460928688359
2022-05-21,"26","5  day ahead inc hosp",2022-05-26,"quantile",0.75,246.721534422124
2022-05-21,"26","5  day ahead inc hosp",2022-05-26,"quantile",0.8,260.374300321117
2022-05-21,"26","5  day ahead inc hosp",2022-05-26,"quantile",0.85,276.288266411329
2022-05-21,"26","5  day ahead inc hosp",2022-05-26,"quantile",0.9,296.311669588242
2022-05-21,"26","5  day ahead inc hosp",2022-05-26,"quantile",0.95,325.989369413512
2022-05-21,"26","5  day ahead inc hosp",2022-05-26,"quantile",0.975,351.73034805848
2022-05-21,"26","5  day ahead inc hosp",2022-05-26,"quantile",0.99,381.659798641039
2022-05-21,"26","6  day ahead inc hosp",2022-05-27,"quantile",0.01,0
2022-05-21,"26","6  day ahead inc hosp",2022-05-27,"quantile",0.025,23.1741727514197
2022-05-21,"26","6  day ahead inc hosp",2022-05-27,"quantile",0.05,50.0108476451053
2022-05-21,"26","6  day ahead inc hosp",2022-05-27,"quantile",0.1,80.9518150724969
2022-05-21,"26","6  day ahead inc hosp",2022-05-27,"quantile",0.15,101.827538903186
2022-05-21,"26","6  day ahead inc hosp",2022-05-27,"quantile",0.2,118.418902429905
2022-05-21,"26","6  day ahead inc hosp",2022-05-27,"quantile",0.25,132.652815012809
2022-05-21,"26","6  day ahead inc hosp",2022-05-27,"quantile",0.3,145.435308429819
2022-05-21,"26","6  day ahead inc hosp",2022-05-27,"quantile",0.35,157.28019355301
2022-05-21,"26","6  day ahead inc hosp",2022-05-27,"quantile",0.4,168.519831221077
2022-05-21,"26","6  day ahead inc hosp",2022-05-27,"quantile",0.45,179.394310740199
2022-05-21,"26","6  day ahead inc hosp",2022-05-27,"quantile",0.5,190.096379494966
2022-05-21,"26","6  day ahead inc hosp",2022-05-27,"quantile",0.55,200.798448249734
2022-05-21,"26","6  day ahead inc hosp",2022-05-27,"quantile",0.6,211.672927768856
2022-05-21,"26","6  day ahead inc hosp",2022-05-27,"quantile",0.65,222.912565436923
2022-05-21,"26","6  day ahead inc hosp",2022-05-27,"quantile",0.7,234.757450560114
2022-05-21,"26","6  day ahead inc hosp",2022-05-27,"quantile",0.75,247.539943977124
2022-05-21,"26","6  day ahead inc hosp",2022-05-27,"quantile",0.8,261.773856560028
2022-05-21,"26","6  day ahead inc hosp",2022-05-27,"quantile",0.85,278.365220086747
2022-05-21,"26","6  day ahead inc hosp",2022-05-27,"quantile",0.9,299.240943917436
2022-05-21,"26","6  day ahead inc hosp",2022-05-27,"quantile",0.95,330.181911344827
2022-05-21,"26","6  day ahead inc hosp",2022-05-27,"quantile",0.975,357.018586238513
2022-05-21,"26","6  day ahead inc hosp",2022-05-27,"quantile",0.99,388.222020502182
2022-05-21,"26","7  day ahead inc hosp",2022-05-28,"quantile",0.01,0
2022-05-21,"26","7  day ahead inc hosp",2022-05-28,"quantile",0.025,10.9532063830754
2022-05-21,"26","7  day ahead inc hosp",2022-05-28,"quantile",0.05,38.8422715169372
2022-05-21,"26","7  day ahead inc hosp",2022-05-28,"quantile",0.1,70.9965774920881
2022-05-21,"26","7  day ahead inc hosp",2022-05-28,"quantile",0.15,92.6909350806125
2022-05-21,"26","7  day ahead inc hosp",2022-05-28,"quantile",0.2,109.932922766841
2022-05-21,"26","7  day ahead inc hosp",2022-05-28,"quantile",0.25,124.72501294593
2022-05-21,"26","7  day ahead inc hosp",2022-05-28,"quantile",0.3,138.008767095519
2022-05-21,"26","7  day ahead inc hosp",2022-05-28,"quantile",0.35,150.318144990227
2022-05-21,"26","7  day ahead inc hosp",2022-05-28,"quantile",0.4,161.998540875616
2022-05-21,"26","7  day ahead inc hosp",2022-05-28,"quantile",0.45,173.29945907085
2022-05-21,"26","7  day ahead inc hosp",2022-05-28,"quantile",0.5,184.42120547763
2022-05-21,"26","7  day ahead inc hosp",2022-05-28,"quantile",0.55,195.54295188441
2022-05-21,"26","7  day ahead inc hosp",2022-05-28,"quantile",0.6,206.843870079644
2022-05-21,"26","7  day ahead inc hosp",2022-05-28,"quantile",0.65,218.524265965033
2022-05-21,"26","7  day ahead inc hosp",2022-05-28,"quantile",0.7,230.833643859741
2022-05-21,"26","7  day ahead inc hosp",2022-05-28,"quantile",0.75,244.117398009329
2022-05-21,"26","7  day ahead inc hosp",2022-05-28,"quantile",0.8,258.909488188419
2022-05-21,"26","7  day ahead inc hosp",2022-05-28,"quantile",0.85,276.151475874647
2022-05-21,"26","7  day ahead inc hosp",2022-05-28,"quantile",0.9,297.845833463172
2022-05-21,"26","7  day ahead inc hosp",2022-05-28,"quantile",0.95,330.000139438322
2022-05-21,"26","7  day ahead inc hosp",2022-05-28,"quantile",0.975,357.889204572184
2022-05-21,"26","7  day ahead inc hosp",2022-05-28,"quantile",0.99,390.316269923131
2022-05-21,"26","8  day ahead inc hosp",2022-05-29,"quantile",0.01,0
2022-05-21,"26","8  day ahead inc hosp",2022-05-29,"quantile",0.025,11.8770491305395
2022-05-21,"26","8  day ahead inc hosp",2022-05-29,"quantile",0.05,40.7802416127028
2022-05-21,"26","8  day ahead inc hosp",2022-05-29,"quantile",0.1,74.103771471786
2022-05-21,"26","8  day ahead inc hosp",2022-05-29,"quantile",0.15,96.5869988638967
2022-05-21,"26","8  day ahead inc hosp",2022-05-29,"quantile",0.2,114.455955262334
2022-05-21,"26","8  day ahead inc hosp",2022-05-29,"quantile",0.25,129.785928770146
2022-05-21,"26","8  day ahead inc hosp",2022-05-29,"quantile",0.3,143.55271877291
2022-05-21,"26","8  day ahead inc hosp",2022-05-29,"quantile",0.35,156.309701372318
2022-05-21,"26","8  day ahead inc hosp",2022-05-29,"quantile",0.4,168.414830351108
2022-05-21,"26","8  day ahead inc hosp",2022-05-29,"quantile",0.45,180.126682729603
2022-05-21,"26","8  day ahead inc hosp",2022-05-29,"quantile",0.5,191.652848113421
2022-05-21,"26","8  day ahead inc hosp",2022-05-29,"quantile",0.55,203.17901349724
2022-05-21,"26","8  day ahead inc hosp",2022-05-29,"quantile",0.6,214.890865875735
2022-05-21,"26","8  day ahead inc hosp",2022-05-29,"quantile",0.65,226.995994854525
2022-05-21,"26","8  day ahead inc hosp",2022-05-29,"quantile",0.7,239.752977453933
2022-05-21,"26","8  day ahead inc hosp",2022-05-29,"quantile",0.75,253.519767456697
2022-05-21,"26","8  day ahead inc hosp",2022-05-29,"quantile",0.8,268.849740964509
2022-05-21,"26","8  day ahead inc hosp",2022-05-29,"quantile",0.85,286.718697362946
2022-05-21,"26","8  day ahead inc hosp",2022-05-29,"quantile",0.9,309.201924755057
2022-05-21,"26","8  day ahead inc hosp",2022-05-29,"quantile",0.95,342.52545461414
2022-05-21,"26","8  day ahead inc hosp",2022-05-29,"quantile",0.975,371.428647096303
2022-05-21,"26","8  day ahead inc hosp",2022-05-29,"quantile",0.99,405.034854653692
2022-05-21,"26","9  day ahead inc hosp",2022-05-30,"quantile",0.01,0
2022-05-21,"26","9  day ahead inc hosp",2022-05-30,"quantile",0.025,17.1817510792287
2022-05-21,"26","9  day ahead inc hosp",2022-05-30,"quantile",0.05,47.0646714532257
2022-05-21,"26","9  day ahead inc hosp",2022-05-30,"quantile",0.1,81.5177648260087
2022-05-21,"26","9  day ahead inc hosp",2022-05-30,"quantile",0.15,104.763103358198
2022-05-21,"26","9  day ahead inc hosp",2022-05-30,"quantile",0.2,123.237761531354
2022-05-21,"26","9  day ahead inc hosp",2022-05-30,"quantile",0.25,139.087373229167
2022-05-21,"26","9  day ahead inc hosp",2022-05-30,"quantile",0.3,153.320814386645
2022-05-21,"26","9  day ahead inc hosp",2022-05-30,"quantile",0.35,166.51021882582
2022-05-21,"26","9  day ahead inc hosp",2022-05-30,"quantile",0.4,179.025673843925
2022-05-21,"26","9  day ahead inc hosp",2022-05-30,"quantile",0.45,191.134521414122
2022-05-21,"26","9  day ahead inc hosp",2022-05-30,"quantile",0.5,203.051387780864
2022-05-21,"26","9  day ahead inc hosp",2022-05-30,"quantile",0.55,214.968254147606
2022-05-21,"26","9  day ahead inc hosp",2022-05-30,"quantile",0.6,227.077101717804
2022-05-21,"26","9  day ahead inc hosp",2022-05-30,"quantile",0.65,239.592556735908
2022-05-21,"26","9  day ahead inc hosp",2022-05-30,"quantile",0.7,252.781961175083
2022-05-21,"26","9  day ahead inc hosp",2022-05-30,"quantile",0.75,267.015402332562
2022-05-21,"26","9  day ahead inc hosp",2022-05-30,"quantile",0.8,282.865014030374
2022-05-21,"26","9  day ahead inc hosp",2022-05-30,"quantile",0.85,301.339672203531
2022-05-21,"26","9  day ahead inc hosp",2022-05-30,"quantile",0.9,324.58501073572
2022-05-21,"26","9  day ahead inc hosp",2022-05-30,"quantile",0.95,359.038104108503
2022-05-21,"26","9  day ahead inc hosp",2022-05-30,"quantile",0.975,388.9210244825
2022-05-21,"26","9  day ahead inc hosp",2022-05-30,"quantile",0.99,423.666377444087
2022-05-21,"26","10  day ahead inc hosp",2022-05-31,"quantile",0.01,0
2022-05-21,"26","10  day ahead inc hosp",2022-05-31,"quantile",0.025,1.37162615857474
2022-05-21,"26","10  day ahead inc hosp",2022-05-31,"quantile",0.05,32.2031578194727
2022-05-21,"26","10  day ahead inc hosp",2022-05-31,"quantile",0.1,67.7499392532966
2022-05-21,"26","10  day ahead inc hosp",2022-05-31,"quantile",0.15,91.7331839279743
2022-05-21,"26","10  day ahead inc hosp",2022-05-31,"quantile",0.2,110.79430651108
2022-05-21,"26","10  day ahead inc hosp",2022-05-31,"quantile",0.25,127.147052452848
2022-05-21,"26","10  day ahead inc hosp",2022-05-31,"quantile",0.3,141.832323711415
2022-05-21,"26","10  day ahead inc hosp",2022-05-31,"quantile",0.35,155.440416075395
2022-05-21,"26","10  day ahead inc hosp",2022-05-31,"quantile",0.4,168.353164990559
2022-05-21,"26","10  day ahead inc hosp",2022-05-31,"quantile",0.45,180.846399004005
2022-05-21,"26","10  day ahead inc hosp",2022-05-31,"quantile",0.5,193.141557512161
2022-05-21,"26","10  day ahead inc hosp",2022-05-31,"quantile",0.55,205.436716020317
2022-05-21,"26","10  day ahead inc hosp",2022-05-31,"quantile",0.6,217.929950033763
2022-05-21,"26","10  day ahead inc hosp",2022-05-31,"quantile",0.65,230.842698948926
2022-05-21,"26","10  day ahead inc hosp",2022-05-31,"quantile",0.7,244.450791312906
2022-05-21,"26","10  day ahead inc hosp",2022-05-31,"quantile",0.75,259.136062571474
2022-05-21,"26","10  day ahead inc hosp",2022-05-31,"quantile",0.8,275.488808513242
2022-05-21,"26","10  day ahead inc hosp",2022-05-31,"quantile",0.85,294.549931096347
2022-05-21,"26","10  day ahead inc hosp",2022-05-31,"quantile",0.9,318.533175771025
2022-05-21,"26","10  day ahead inc hosp",2022-05-31,"quantile",0.95,354.079957204849
2022-05-21,"26","10  day ahead inc hosp",2022-05-31,"quantile",0.975,384.911488865747
2022-05-21,"26","10  day ahead inc hosp",2022-05-31,"quantile",0.99,420.759807453659
2022-05-21,"26","11  day ahead inc hosp",2022-06-01,"quantile",0.01,0
2022-05-21,"26","11  day ahead inc hosp",2022-06-01,"quantile",0.025,0
2022-05-21,"26","11  day ahead inc hosp",2022-06-01,"quantile",0.05,31.5163472193292
2022-05-21,"26","11  day ahead inc hosp",2022-06-01,"quantile",0.1,68.1241564244274
2022-05-21,"26","11  day ahead inc hosp",2022-06-01,"quantile",0.15,92.8232714991432
2022-05-21,"26","11  day ahead inc hosp",2022-06-01,"quantile",0.2,112.453345182646
2022-05-21,"26","11  day ahead inc hosp",2022-06-01,"quantile",0.25,129.294200508187
2022-05-21,"26","11  day ahead inc hosp",2022-06-01,"quantile",0.3,144.417809079039
2022-05-21,"26","11  day ahead inc hosp",2022-06-01,"quantile",0.35,158.432086288168
2022-05-21,"26","11  day ahead inc hosp",2022-06-01,"quantile",0.4,171.730264900475
2022-05-21,"26","11  day ahead inc hosp",2022-06-01,"quantile",0.45,184.59640660645
2022-05-21,"26","11  day ahead inc hosp",2022-06-01,"quantile",0.5,197.258560496555
2022-05-21,"26","11  day ahead inc hosp",2022-06-01,"quantile",0.55,209.92071438666
2022-05-21,"26","11  day ahead inc hosp",2022-06-01,"quantile",0.6,222.786856092634
2022-05-21,"26","11  day ahead inc hosp",2022-06-01,"quantile",0.65,236.085034704942
2022-05-21,"26","11  day ahead inc hosp",2022-06-01,"quantile",0.7,250.099311914071
2022-05-21,"26","11  day ahead inc hosp",2022-06-01,"quantile",0.75,265.222920484922
2022-05-21,"26","11  day ahead inc hosp",2022-06-01,"quantile",0.8,282.063775810464
2022-05-21,"26","11  day ahead inc hosp",2022-06-01,"quantile",0.85,301.693849493966
2022-05-21,"26","11  day ahead inc hosp",2022-06-01,"quantile",0.9,326.392964568682
2022-05-21,"26","11  day ahead inc hosp",2022-06-01,"quantile",0.95,363.00077377378
2022-05-21,"26","11  day ahead inc hosp",2022-06-01,"quantile",0.975,394.752588790966
2022-05-21,"26","11  day ahead inc hosp",2022-06-01,"quantile",0.99,431.670935663888
2022-05-21,"26","12  day ahead inc hosp",2022-06-02,"quantile",0.01,0
2022-05-21,"26","12  day ahead inc hosp",2022-06-02,"quantile",0.025,0
2022-05-21,"26","12  day ahead inc hosp",2022-06-02,"quantile",0.05,32.0198707218248
2022-05-21,"26","12  day ahead inc hosp",2022-06-02,"quantile",0.1,69.6588095962924
2022-05-21,"26","12  day ahead inc hosp",2022-06-02,"quantile",0.15,95.0536229636326
2022-05-21,"26","12  day ahead inc hosp",2022-06-02,"quantile",0.2,115.236615596028
2022-05-21,"26","12  day ahead inc hosp",2022-06-02,"quantile",0.25,132.551826146884
2022-05-21,"26","12  day ahead inc hosp",2022-06-02,"quantile",0.3,148.101420370631
2022-05-21,"26","12  day ahead inc hosp",2022-06-02,"quantile",0.35,162.510436771722
2022-05-21,"26","12  day ahead inc hosp",2022-06-02,"quantile",0.4,176.183184275571
2022-05-21,"26","12  day ahead inc hosp",2022-06-02,"quantile",0.45,189.411725718962
2022-05-21,"26","12  day ahead inc hosp",2022-06-02,"quantile",0.5,202.430533635564
2022-05-21,"26","12  day ahead inc hosp",2022-06-02,"quantile",0.55,215.449341552165
2022-05-21,"26","12  day ahead inc hosp",2022-06-02,"quantile",0.6,228.677882995557
2022-05-21,"26","12  day ahead inc hosp",2022-06-02,"quantile",0.65,242.350630499406
2022-05-21,"26","12  day ahead inc hosp",2022-06-02,"quantile",0.7,256.759646900496
2022-05-21,"26","12  day ahead inc hosp",2022-06-02,"quantile",0.75,272.309241124244
2022-05-21,"26","12  day ahead inc hosp",2022-06-02,"quantile",0.8,289.624451675099
2022-05-21,"26","12  day ahead inc hosp",2022-06-02,"quantile",0.85,309.807444307495
2022-05-21,"26","12  day ahead inc hosp",2022-06-02,"quantile",0.9,335.202257674835
2022-05-21,"26","12  day ahead inc hosp",2022-06-02,"quantile",0.95,372.841196549303
2022-05-21,"26","12  day ahead inc hosp",2022-06-02,"quantile",0.975,405.487362778196
2022-05-21,"26","12  day ahead inc hosp",2022-06-02,"quantile",0.99,443.445586213834
2022-05-21,"26","13  day ahead inc hosp",2022-06-03,"quantile",0.01,0
2022-05-21,"26","13  day ahead inc hosp",2022-06-03,"quantile",0.025,0
2022-05-21,"26","13  day ahead inc hosp",2022-06-03,"quantile",0.05,22.5152936752568
2022-05-21,"26","13  day ahead inc hosp",2022-06-03,"quantile",0.1,61.1578575700365
2022-05-21,"26","13  day ahead inc hosp",2022-06-03,"quantile",0.15,87.2298119738609
2022-05-21,"26","13  day ahead inc hosp",2022-06-03,"quantile",0.2,107.950974836247
2022-05-21,"26","13  day ahead inc hosp",2022-06-03,"quantile",0.25,125.727887524847
2022-05-21,"26","13  day ahead inc hosp",2022-06-03,"quantile",0.3,141.692104537794
2022-05-21,"26","13  day ahead inc hosp",2022-06-03,"quantile",0.35,156.485330744227
2022-05-21,"26","13  day ahead inc hosp",2022-06-03,"quantile",0.4,170.522655781386
2022-05-21,"26","13  day ahead inc hosp",2022-06-03,"quantile",0.45,184.103930207477
2022-05-21,"26","13  day ahead inc hosp",2022-06-03,"quantile",0.5,197.469878658601
2022-05-21,"26","13  day ahead inc hosp",2022-06-03,"quantile",0.55,210.835827109724
2022-05-21,"26","13  day ahead inc hosp",2022-06-03,"quantile",0.6,224.417101535815
2022-05-21,"26","13  day ahead inc hosp",2022-06-03,"quantile",0.65,238.454426572975
2022-05-21,"26","13  day ahead inc hosp",2022-06-03,"quantile",0.7,253.247652779407
2022-05-21,"26","13  day ahead inc hosp",2022-06-03,"quantile",0.75,269.211869792354
2022-05-21,"26","13  day ahead inc hosp",2022-06-03,"quantile",0.8,286.988782480955
2022-05-21,"26","13  day ahead inc hosp",2022-06-03,"quantile",0.85,307.70994534334
2022-05-21,"26","13  day ahead inc hosp",2022-06-03,"quantile",0.9,333.781899747165
2022-05-21,"26","13  day ahead inc hosp",2022-06-03,"quantile",0.95,372.424463641944
2022-05-21,"26","13  day ahead inc hosp",2022-06-03,"quantile",0.975,405.941124901366
2022-05-21,"26","13  day ahead inc hosp",2022-06-03,"quantile",0.99,444.911486933516
2022-05-21,"26","14  day ahead inc hosp",2022-06-04,"quantile",0.01,0
2022-05-21,"26","14  day ahead inc hosp",2022-06-04,"quantile",0.025,0
2022-05-21,"26","14  day ahead inc hosp",2022-06-04,"quantile",0.05,15.0299502434175
2022-05-21,"26","14  day ahead inc hosp",2022-06-04,"quantile",0.1,54.650724707477
2022-05-21,"26","14  day ahead inc hosp",2022-06-04,"quantile",0.15,81.3826731383293
2022-05-21,"26","14  day ahead inc hosp",2022-06-04,"quantile",0.2,102.62837833116
2022-05-21,"26","14  day ahead inc hosp",2022-06-04,"quantile",0.25,120.855301633148
2022-05-21,"26","14  day ahead inc hosp",2022-06-04,"quantile",0.3,137.22364208508
2022-05-21,"26","14  day ahead inc hosp",2022-06-04,"quantile",0.35,152.391348884164
2022-05-21,"26","14  day ahead inc hosp",2022-06-04,"quantile",0.4,166.784019383212
2022-05-21,"26","14  day ahead inc hosp",2022-06-04,"quantile",0.45,180.70909465606
2022-05-21,"26","14  day ahead inc hosp",2022-06-04,"quantile",0.5,194.413393121405
2022-05-21,"26","14  day ahead inc hosp",2022-06-04,"quantile",0.55,208.11769158675
2022-05-21,"26","14  day ahead inc hosp",2022-06-04,"quantile",0.6,222.042766859598
2022-05-21,"26","14  day ahead inc hosp",2022-06-04,"quantile",0.65,236.435437358646
2022-05-21,"26","14  day ahead inc hosp",2022-06-04,"quantile",0.7,251.60314415773
2022-05-21,"26","14  day ahead inc hosp",2022-06-04,"quantile",0.75,267.971484609662
2022-05-21,"26","14  day ahead inc hosp",2022-06-04,"quantile",0.8,286.19840791165
2022-05-21,"26","14  day ahead inc hosp",2022-06-04,"quantile",0.85,307.444113104481
2022-05-21,"26","14  day ahead inc hosp",2022-06-04,"quantile",0.9,334.176061535333
2022-05-21,"26","14  day ahead inc hosp",2022-06-04,"quantile",0.95,373.796835999393
2022-05-21,"26","14  day ahead inc hosp",2022-06-04,"quantile",0.975,408.16194904323
2022-05-21,"26","14  day ahead inc hosp",2022-06-04,"quantile",0.99,448.118819634499
2022-05-21,"26","15  day ahead inc hosp",2022-06-05,"quantile",0.01,0
2022-05-21,"26","15  day ahead inc hosp",2022-06-05,"quantile",0.025,0
2022-05-21,"26","15  day ahead inc hosp",2022-06-05,"quantile",0.05,18.9272473485678
2022-05-21,"26","15  day ahead inc hosp",2022-06-05,"quantile",0.1,59.5026560821989
2022-05-21,"26","15  day ahead inc hosp",2022-06-05,"quantile",0.15,86.8786917225949
2022-05-21,"26","15  day ahead inc hosp",2022-06-05,"quantile",0.2,108.636297011591
2022-05-21,"26","15  day ahead inc hosp",2022-06-05,"quantile",0.25,127.30238501564
2022-05-21,"26","15  day ahead inc hosp",2022-06-05,"quantile",0.3,144.065108942979
2022-05-21,"26","15  day ahead inc hosp",2022-06-05,"quantile",0.35,159.598270806913
2022-05-21,"26","15  day ahead inc hosp",2022-06-05,"quantile",0.4,174.337722424577
2022-05-21,"26","15  day ahead inc hosp",2022-06-05,"quantile",0.45,188.59831244295
2022-05-21,"26","15  day ahead inc hosp",2022-06-05,"quantile",0.5,202.632806194289
2022-05-21,"26","15  day ahead inc hosp",2022-06-05,"quantile",0.55,216.667299945628
2022-05-21,"26","15  day ahead inc hosp",2022-06-05,"quantile",0.6,230.927889964001
2022-05-21,"26","15  day ahead inc hosp",2022-06-05,"quantile",0.65,245.667341581664
2022-05-21,"26","15  day ahead inc hosp",2022-06-05,"quantile",0.7,261.200503445599
2022-05-21,"26","15  day ahead inc hosp",2022-06-05,"quantile",0.75,277.963227372937
2022-05-21,"26","15  day ahead inc hosp",2022-06-05,"quantile",0.8,296.629315376986
2022-05-21,"26","15  day ahead inc hosp",2022-06-05,"quantile",0.85,318.386920665983
2022-05-21,"26","15  day ahead inc hosp",2022-06-05,"quantile",0.9,345.762956306378
2022-05-21,"26","15  day ahead inc hosp",2022-06-05,"quantile",0.95,386.33836504001
2022-05-21,"26","15  day ahead inc hosp",2022-06-05,"quantile",0.975,421.531480944294
2022-05-21,"26","15  day ahead inc hosp",2022-06-05,"quantile",0.99,462.451083801331
2022-05-21,"26","16  day ahead inc hosp",2022-06-06,"quantile",0.01,0
2022-05-21,"26","16  day ahead inc hosp",2022-06-06,"quantile",0.025,0
2022-05-21,"26","16  day ahead inc hosp",2022-06-06,"quantile",0.05,19.6069459851097
2022-05-21,"26","16  day ahead inc hosp",2022-06-06,"quantile",0.1,61.1150393967642
2022-05-21,"26","16  day ahead inc hosp",2022-06-06,"quantile",0.15,89.1203529614921
2022-05-21,"26","16  day ahead inc hosp",2022-06-06,"quantile",0.2,111.378088396231
2022-05-21,"26","16  day ahead inc hosp",2022-06-06,"quantile",0.25,130.473243532895
2022-05-21,"26","16  day ahead inc hosp",2022-06-06,"quantile",0.3,147.621283006199
2022-05-21,"26","16  day ahead inc hosp",2022-06-06,"quantile",0.35,163.511497146966
2022-05-21,"26","16  day ahead inc hosp",2022-06-06,"quantile",0.4,178.589756459125
2022-05-21,"26","16  day ahead inc hosp",2022-06-06,"quantile",0.45,193.178146842912
2022-05-21,"26","16  day ahead inc hosp",2022-06-06,"quantile",0.5,207.535243808716
2022-05-21,"26","16  day ahead inc hosp",2022-06-06,"quantile",0.55,221.892340774519
2022-05-21,"26","16  day ahead inc hosp",2022-06-06,"quantile",0.6,236.480731158306
2022-05-21,"26","16  day ahead inc hosp",2022-06-06,"quantile",0.65,251.558990470465
2022-05-21,"26","16  day ahead inc hosp",2022-06-06,"quantile",0.7,267.449204611232
2022-05-21,"26","16  day ahead inc hosp",2022-06-06,"quantile",0.75,284.597244084536
2022-05-21,"26","16  day ahead inc hosp",2022-06-06,"quantile",0.8,303.6923992212
2022-05-21,"26","16  day ahead inc hosp",2022-06-06,"quantile",0.85,325.950134655939
2022-05-21,"26","16  day ahead inc hosp",2022-06-06,"quantile",0.9,353.955448220667
2022-05-21,"26","16  day ahead inc hosp",2022-06-06,"quantile",0.95,395.463541632321
2022-05-21,"26","16  day ahead inc hosp",2022-06-06,"quantile",0.975,431.465622399814
2022-05-21,"26","16  day ahead inc hosp",2022-06-06,"quantile",0.99,473.325821736509
2022-05-21,"26","17  day ahead inc hosp",2022-06-07,"quantile",0.01,0
2022-05-21,"26","17  day ahead inc hosp",2022-06-07,"quantile",0.025,0
2022-05-21,"26","17  day ahead inc hosp",2022-06-07,"quantile",0.05,17.6346827713449
2022-05-21,"26","17  day ahead inc hosp",2022-06-07,"quantile",0.1,60.0549590957636
2022-05-21,"26","17  day ahead inc hosp",2022-06-07,"quantile",0.15,88.6757181411353
2022-05-21,"26","17  day ahead inc hosp",2022-06-07,"quantile",0.2,111.422590133871
2022-05-21,"26","17  day ahead inc hosp",2022-06-07,"quantile",0.25,130.937380883752
2022-05-21,"26","17  day ahead inc hosp",2022-06-07,"quantile",0.3,148.462266107108
2022-05-21,"26","17  day ahead inc hosp",2022-06-07,"quantile",0.35,164.701683996542
2022-05-21,"26","17  day ahead inc hosp",2022-06-07,"quantile",0.4,180.111303517477
2022-05-21,"26","17  day ahead inc hosp",2022-06-07,"quantile",0.45,195.020288738055
2022-05-21,"26","17  day ahead inc hosp",2022-06-07,"quantile",0.5,209.692897630635
2022-05-21,"26","17  day ahead inc hosp",2022-06-07,"quantile",0.55,224.365506523214
2022-05-21,"26","17  day ahead inc hosp",2022-06-07,"quantile",0.6,239.274491743792
2022-05-21,"26","17  day ahead inc hosp",2022-06-07,"quantile",0.65,254.684111264728
2022-05-21,"26","17  day ahead inc hosp",2022-06-07,"quantile",0.7,270.923529154162
2022-05-21,"26","17  day ahead inc hosp",2022-06-07,"quantile",0.75,288.448414377517
2022-05-21,"26","17  day ahead inc hosp",2022-06-07,"quantile",0.8,307.963205127398
2022-05-21,"26","17  day ahead inc hosp",2022-06-07,"quantile",0.85,330.710077120134
2022-05-21,"26","17  day ahead inc hosp",2022-06-07,"quantile",0.9,359.330836165506
2022-05-21,"26","17  day ahead inc hosp",2022-06-07,"quantile",0.95,401.751112489924
2022-05-21,"26","17  day ahead inc hosp",2022-06-07,"quantile",0.975,438.544375896773
2022-05-21,"26","17  day ahead inc hosp",2022-06-07,"quantile",0.99,481.324496034964
2022-05-21,"26","18  day ahead inc hosp",2022-06-08,"quantile",0.01,0
2022-05-21,"26","18  day ahead inc hosp",2022-06-08,"quantile",0.025,0
2022-05-21,"26","18  day ahead inc hosp",2022-06-08,"quantile",0.05,9.53837832348725
2022-05-21,"26","18  day ahead inc hosp",2022-06-08,"quantile",0.1,52.8516311245576
2022-05-21,"26","18  day ahead inc hosp",2022-06-08,"quantile",0.15,82.074877159311
2022-05-21,"26","18  day ahead inc hosp",2022-06-08,"quantile",0.2,105.300586711981
2022-05-21,"26","18  day ahead inc hosp",2022-06-08,"quantile",0.25,125.22617745178
2022-05-21,"26","18  day ahead inc hosp",2022-06-08,"quantile",0.3,143.119973762391
2022-05-21,"26","18  day ahead inc hosp",2022-06-08,"quantile",0.35,159.701242752909
2022-05-21,"26","18  day ahead inc hosp",2022-06-08,"quantile",0.4,175.43524553908
2022-05-21,"26","18  day ahead inc hosp",2022-06-08,"quantile",0.45,190.658075322832
2022-05-21,"26","18  day ahead inc hosp",2022-06-08,"quantile",0.5,205.639552891607
2022-05-21,"26","18  day ahead inc hosp",2022-06-08,"quantile",0.55,220.621030460382
2022-05-21,"26","18  day ahead inc hosp",2022-06-08,"quantile",0.6,235.843860244134
2022-05-21,"26","18  day ahead inc hosp",2022-06-08,"quantile",0.65,251.577863030306
2022-05-21,"26","18  day ahead inc hosp",2022-06-08,"quantile",0.7,268.159132020824
2022-05-21,"26","18  day ahead inc hosp",2022-06-08,"quantile",0.75,286.052928331434
2022-05-21,"26","18  day ahead inc hosp",2022-06-08,"quantile",0.8,305.978519071233
2022-05-21,"26","18  day ahead inc hosp",2022-06-08,"quantile",0.85,329.204228623903
2022-05-21,"26","18  day ahead inc hosp",2022-06-08,"quantile",0.9,358.427474658657
2022-05-21,"26","18  day ahead inc hosp",2022-06-08,"quantile",0.95,401.740727459727
2022-05-21,"26","18  day ahead inc hosp",2022-06-08,"quantile",0.975,439.308514786936
2022-05-21,"26","18  day ahead inc hosp",2022-06-08,"quantile",0.99,482.98918636566
2022-05-21,"26","19  day ahead inc hosp",2022-06-09,"quantile",0.01,0
2022-05-21,"26","19  day ahead inc hosp",2022-06-09,"quantile",0.025,0
2022-05-21,"26","19  day ahead inc hosp",2022-06-09,"quantile",0.05,2.45184518735891
2022-05-21,"26","19  day ahead inc hosp",2022-06-09,"quantile",0.1,46.6400324434439
2022-05-21,"26","19  day ahead inc hosp",2022-06-09,"quantile",0.15,76.453592601235
2022-05-21,"26","19  day ahead inc hosp",2022-06-09,"quantile",0.2,100.148465105557
2022-05-21,"26","19  day ahead inc hosp",2022-06-09,"quantile",0.25,120.476555882812
2022-05-21,"26","19  day ahead inc hosp",2022-06-09,"quantile",0.3,138.731809666845
2022-05-21,"26","19  day ahead inc hosp",2022-06-09,"quantile",0.35,155.64802287442
2022-05-21,"26","19  day ahead inc hosp",2022-06-09,"quantile",0.4,171.699854968313
2022-05-21,"26","19  day ahead inc hosp",2022-06-09,"quantile",0.45,187.230188285493
2022-05-21,"26","19  day ahead inc hosp",2022-06-09,"quantile",0.5,202.514294035351
2022-05-21,"26","19  day ahead inc hosp",2022-06-09,"quantile",0.55,217.798399785208
2022-05-21,"26","19  day ahead inc hosp",2022-06-09,"quantile",0.6,233.328733102389
2022-05-21,"26","19  day ahead inc hosp",2022-06-09,"quantile",0.65,249.380565196282
2022-05-21,"26","19  day ahead inc hosp",2022-06-09,"quantile",0.7,266.296778403857
2022-05-21,"26","19  day ahead inc hosp",2022-06-09,"quantile",0.75,284.55203218789
2022-05-21,"26","19  day ahead inc hosp",2022-06-09,"quantile",0.8,304.880122965145
2022-05-21,"26","19  day ahead inc hosp",2022-06-09,"quantile",0.85,328.574995469467
2022-05-21,"26","19  day ahead inc hosp",2022-06-09,"quantile",0.9,358.388555627258
2022-05-21,"26","19  day ahead inc hosp",2022-06-09,"quantile",0.95,402.576742883343
2022-05-21,"26","19  day ahead inc hosp",2022-06-09,"quantile",0.975,440.903405367821
2022-05-21,"26","19  day ahead inc hosp",2022-06-09,"quantile",0.99,485.466433318114
2022-05-21,"26","20  day ahead inc hosp",2022-06-10,"quantile",0.01,0
2022-05-21,"26","20  day ahead inc hosp",2022-06-10,"quantile",0.025,0
2022-05-21,"26","20  day ahead inc hosp",2022-06-10,"quantile",0.05,4.27795542953902
2022-05-21,"26","20  day ahead inc hosp",2022-06-10,"quantile",0.1,49.3240864259767
2022-05-21,"26","20  day ahead inc hosp",2022-06-10,"quantile",0.15,79.7164971522868
2022-05-21,"26","20  day ahead inc hosp",2022-06-10,"quantile",0.2,103.871421738531
2022-05-21,"26","20  day ahead inc hosp",2022-06-10,"quantile",0.25,124.594196238262
2022-05-21,"26","20  day ahead inc hosp",2022-06-10,"quantile",0.3,143.20388820329
2022-05-21,"26","20  day ahead inc hosp",2022-06-10,"quantile",0.35,160.448541207407
2022-05-21,"26","20  day ahead inc hosp",2022-06-10,"quantile",0.4,176.812030550019
2022-05-21,"26","20  day ahead inc hosp",2022-06-10,"quantile",0.45,192.643895862116
2022-05-21,"26","20  day ahead inc hosp",2022-06-10,"quantile",0.5,208.224752931031
2022-05-21,"26","20  day ahead inc hosp",2022-06-10,"quantile",0.55,223.805609999946
2022-05-21,"26","20  day ahead inc hosp",2022-06-10,"quantile",0.6,239.637475312043
2022-05-21,"26","20  day ahead inc hosp",2022-06-10,"quantile",0.65,256.000964654655
2022-05-21,"26","20  day ahead inc hosp",2022-06-10,"quantile",0.7,273.245617658772
2022-05-21,"26","20  day ahead inc hosp",2022-06-10,"quantile",0.75,291.8553096238
2022-05-21,"26","20  day ahead inc hosp",2022-06-10,"quantile",0.8,312.578084123531
2022-05-21,"26","20  day ahead inc hosp",2022-06-10,"quantile",0.85,336.733008709775
2022-05-21,"26","20  day ahead inc hosp",2022-06-10,"quantile",0.9,367.125419436085
2022-05-21,"26","20  day ahead inc hosp",2022-06-10,"quantile",0.95,412.171550432523
2022-05-21,"26","20  day ahead inc hosp",2022-06-10,"quantile",0.975,451.242351163193
2022-05-21,"26","20  day ahead inc hosp",2022-06-10,"quantile",0.99,496.670600641121
2022-05-21,"26","21  day ahead inc hosp",2022-06-11,"quantile",0.01,0
2022-05-21,"26","21  day ahead inc hosp",2022-06-11,"quantile",0.025,0
2022-05-21,"26","21  day ahead inc hosp",2022-06-11,"quantile",0.05,0
2022-05-21,"26","21  day ahead inc hosp",2022-06-11,"quantile",0.1,44.9061759812929
2022-05-21,"26","21  day ahead inc hosp",2022-06-11,"quantile",0.15,75.8666167118643
2022-05-21,"26","21  day ahead inc hosp",2022-06-11,"quantile",0.2,100.472993538578
2022-05-21,"26","21  day ahead inc hosp",2022-06-11,"quantile",0.25,121.583073862562
2022-05-21,"26","21  day ahead inc hosp",2022-06-11,"quantile",0.3,140.540578427959
2022-05-21,"26","21  day ahead inc hosp",2022-06-11,"quantile",0.35,158.107531640757
2022-05-21,"26","21  day ahead inc hosp",2022-06-11,"quantile",0.4,174.776852363602
2022-05-21,"26","21  day ahead inc hosp",2022-06-11,"quantile",0.45,190.904613075431
2022-05-21,"26","21  day ahead inc hosp",2022-06-11,"quantile",0.5,206.776674234306
2022-05-21,"26","21  day ahead inc hosp",2022-06-11,"quantile",0.55,222.648735393181
2022-05-21,"26","21  day ahead inc hosp",2022-06-11,"quantile",0.6,238.77649610501
2022-05-21,"26","21  day ahead inc hosp",2022-06-11,"quantile",0.65,255.445816827855
2022-05-21,"26","21  day ahead inc hosp",2022-06-11,"quantile",0.7,273.012770040653
2022-05-21,"26","21  day ahead inc hosp",2022-06-11,"quantile",0.75,291.97027460605
2022-05-21,"26","21  day ahead inc hosp",2022-06-11,"quantile",0.8,313.080354930034
2022-05-21,"26","21  day ahead inc hosp",2022-06-11,"quantile",0.85,337.686731756748
2022-05-21,"26","21  day ahead inc hosp",2022-06-11,"quantile",0.9,368.647172487319
2022-05-21,"26","21  day ahead inc hosp",2022-06-11,"quantile",0.95,414.535209517874
2022-05-21,"26","21  day ahead inc hosp",2022-06-11,"quantile",0.975,454.336238176345
2022-05-21,"26","21  day ahead inc hosp",2022-06-11,"quantile",0.99,500.613535430605
2022-05-21,"26","22  day ahead inc hosp",2022-06-12,"quantile",0.01,0
2022-05-21,"26","22  day ahead inc hosp",2022-06-12,"quantile",0.025,0
2022-05-21,"26","22  day ahead inc hosp",2022-06-12,"quantile",0.05,1.76794693213051
2022-05-21,"26","22  day ahead inc hosp",2022-06-12,"quantile",0.1,49.2883356654561
2022-05-21,"26","22  day ahead inc hosp",2022-06-12,"quantile",0.15,81.3501163402794
2022-05-21,"26","22  day ahead inc hosp",2022-06-12,"quantile",0.2,106.831803241498
2022-05-21,"26","22  day ahead inc hosp",2022-06-12,"quantile",0.25,128.69282167032
2022-05-21,"26","22  day ahead inc hosp",2022-06-12,"quantile",0.3,148.32469186258
2022-05-21,"26","22  day ahead inc hosp",2022-06-12,"quantile",0.35,166.516545329234
2022-05-21,"26","22  day ahead inc hosp",2022-06-12,"quantile",0.4,183.77883528386
2022-05-21,"26","22  day ahead inc hosp",2022-06-12,"quantile",0.45,200.480300589815
2022-05-21,"26","22  day ahead inc hosp",2022-06-12,"quantile",0.5,216.916970473223
2022-05-21,"26","22  day ahead inc hosp",2022-06-12,"quantile",0.55,233.353640356631
2022-05-21,"26","22  day ahead inc hosp",2022-06-12,"quantile",0.6,250.055105662586
2022-05-21,"26","22  day ahead inc hosp",2022-06-12,"quantile",0.65,267.317395617213
2022-05-21,"26","22  day ahead inc hosp",2022-06-12,"quantile",0.7,285.509249083867
2022-05-21,"26","22  day ahead inc hosp",2022-06-12,"quantile",0.75,305.141119276127
2022-05-21,"26","22  day ahead inc hosp",2022-06-12,"quantile",0.8,327.002137704949
2022-05-21,"26","22  day ahead inc hosp",2022-06-12,"quantile",0.85,352.483824606167
2022-05-21,"26","22  day ahead inc hosp",2022-06-12,"quantile",0.9,384.545605280991
2022-05-21,"26","22  day ahead inc hosp",2022-06-12,"quantile",0.95,432.065994014316
2022-05-21,"26","22  day ahead inc hosp",2022-06-12,"quantile",0.975,473.282844335836
2022-05-21,"26","22  day ahead inc hosp",2022-06-12,"quantile",0.99,521.206340247979
2022-05-21,"26","23  day ahead inc hosp",2022-06-13,"quantile",0.01,0
2022-05-21,"26","23  day ahead inc hosp",2022-06-13,"quantile",0.025,0
2022-05-21,"26","23  day ahead inc hosp",2022-06-13,"quantile",0.05,0.067978641570221
2022-05-21,"26","23  day ahead inc hosp",2022-06-13,"quantile",0.1,49.0759870020231
2022-05-21,"26","23  day ahead inc hosp",2022-06-13,"quantile",0.15,82.1414575767793
2022-05-21,"26","23  day ahead inc hosp",2022-06-13,"quantile",0.2,108.420845392847
2022-05-21,"26","23  day ahead inc hosp",2022-06-13,"quantile",0.25,130.966220177973
2022-05-21,"26","23  day ahead inc hosp",2022-06-13,"quantile",0.3,151.212663529117
2022-05-21,"26","23  day ahead inc hosp",2022-06-13,"quantile",0.35,169.974010617187
2022-05-21,"26","23  day ahead inc hosp",2022-06-13,"quantile",0.4,187.776694327634
2022-05-21,"26","23  day ahead inc hosp",2022-06-13,"quantile",0.45,205.000996846272
2022-05-21,"26","23  day ahead inc hosp",2022-06-13,"quantile",0.5,221.952214555885
2022-05-21,"26","23  day ahead inc hosp",2022-06-13,"quantile",0.55,238.903432265499
2022-05-21,"26","23  day ahead inc hosp",2022-06-13,"quantile",0.6,256.127734784136
2022-05-21,"26","23  day ahead inc hosp",2022-06-13,"quantile",0.65,273.930418494583
2022-05-21,"26","23  day ahead inc hosp",2022-06-13,"quantile",0.7,292.691765582653
2022-05-21,"26","23  day ahead inc hosp",2022-06-13,"quantile",0.75,312.938208933797
2022-05-21,"26","23  day ahead inc hosp",2022-06-13,"quantile",0.8,335.483583718923
2022-05-21,"26","23  day ahead inc hosp",2022-06-13,"quantile",0.85,361.762971534991
2022-05-21,"26","23  day ahead inc hosp",2022-06-13,"quantile",0.9,394.828442109747
2022-05-21,"26","23  day ahead inc hosp",2022-06-13,"quantile",0.95,443.8364504702
2022-05-21,"26","23  day ahead inc hosp",2022-06-13,"quantile",0.975,486.343588963619
2022-05-21,"26","23  day ahead inc hosp",2022-06-13,"quantile",0.99,535.767323721019
2022-05-21,"26","24  day ahead inc hosp",2022-06-14,"quantile",0.01,0
2022-05-21,"26","24  day ahead inc hosp",2022-06-14,"quantile",0.025,0
2022-05-21,"26","24  day ahead inc hosp",2022-06-14,"quantile",0.05,0
2022-05-21,"26","24  day ahead inc hosp",2022-06-14,"quantile",0.1,45.9142519011351
2022-05-21,"26","24  day ahead inc hosp",2022-06-14,"quantile",0.15,79.6911917689533
2022-05-21,"26","24  day ahead inc hosp",2022-06-14,"quantile",0.2,106.536032825111
2022-05-21,"26","24  day ahead inc hosp",2022-06-14,"quantile",0.25,129.566516141323
2022-05-21,"26","24  day ahead inc hosp",2022-06-14,"quantile",0.3,150.248601946292
2022-05-21,"26","24  day ahead inc hosp",2022-06-14,"quantile",0.35,169.413636691535
2022-05-21,"26","24  day ahead inc hosp",2022-06-14,"quantile",0.4,187.599380511937
2022-05-21,"26","24  day ahead inc hosp",2022-06-14,"quantile",0.45,205.194298120074
2022-05-21,"26","24  day ahead inc hosp",2022-06-14,"quantile",0.5,222.510254956964
2022-05-21,"26","24  day ahead inc hosp",2022-06-14,"quantile",0.55,239.826211793853
2022-05-21,"26","24  day ahead inc hosp",2022-06-14,"quantile",0.6,257.42112940199
2022-05-21,"26","24  day ahead inc hosp",2022-06-14,"quantile",0.65,275.606873222392
2022-05-21,"26","24  day ahead inc hosp",2022-06-14,"quantile",0.7,294.771907967635
2022-05-21,"26","24  day ahead inc hosp",2022-06-14,"quantile",0.75,315.453993772604
2022-05-21,"26","24  day ahead inc hosp",2022-06-14,"quantile",0.8,338.484477088816
2022-05-21,"26","24  day ahead inc hosp",2022-06-14,"quantile",0.85,365.329318144974
2022-05-21,"26","24  day ahead inc hosp",2022-06-14,"quantile",0.9,399.106258012792
2022-05-21,"26","24  day ahead inc hosp",2022-06-14,"quantile",0.95,449.168771041
2022-05-21,"26","24  day ahead inc hosp",2022-06-14,"quantile",0.975,492.59053507122
2022-05-21,"26","24  day ahead inc hosp",2022-06-14,"quantile",0.99,543.07771967576
2022-05-21,"26","25  day ahead inc hosp",2022-06-15,"quantile",0.01,0
2022-05-21,"26","25  day ahead inc hosp",2022-06-15,"quantile",0.025,0
2022-05-21,"26","25  day ahead inc hosp",2022-06-15,"quantile",0.05,0
2022-05-21,"26","25  day ahead inc hosp",2022-06-15,"quantile",0.1,37.7054603516039
2022-05-21,"26","25  day ahead inc hosp",2022-06-15,"quantile",0.15,72.2049010065913
2022-05-21,"26","25  day ahead inc hosp",2022-06-15,"quantile",0.2,99.6239627846504
2022-05-21,"26","25  day ahead inc hosp",2022-06-15,"quantile",0.25,123.147076350671
2022-05-21,"26","25  day ahead inc hosp",2022-06-15,"quantile",0.3,144.271559345345
2022-05-21,"26","25  day ahead inc hosp",2022-06-15,"quantile",0.35,163.846541017212
2022-05-21,"26","25  day ahead inc hosp",2022-06-15,"quantile",0.4,182.421284382183
2022-05-21,"26","25  day ahead inc hosp",2022-06-15,"quantile",0.45,200.392563551545
2022-05-21,"26","25  day ahead inc hosp",2022-06-15,"quantile",0.5,218.078914879297
2022-05-21,"26","25  day ahead inc hosp",2022-06-15,"quantile",0.55,235.765266207049
2022-05-21,"26","25  day ahead inc hosp",2022-06-15,"quantile",0.6,253.736545376412
2022-05-21,"26","25  day ahead inc hosp",2022-06-15,"quantile",0.65,272.311288741382
2022-05-21,"26","25  day ahead inc hosp",2022-06-15,"quantile",0.7,291.886270413249
2022-05-21,"26","25  day ahead inc hosp",2022-06-15,"quantile",0.75,313.010753407923
2022-05-21,"26","25  day ahead inc hosp",2022-06-15,"quantile",0.8,336.533866973944
2022-05-21,"26","25  day ahead inc hosp",2022-06-15,"quantile",0.85,363.952928752003
2022-05-21,"26","25  day ahead inc hosp",2022-06-15,"quantile",0.9,398.45236940699
2022-05-21,"26","25  day ahead inc hosp",2022-06-15,"quantile",0.95,449.585737438999
2022-05-21,"26","25  day ahead inc hosp",2022-06-15,"quantile",0.975,493.93630848415
2022-05-21,"26","25  day ahead inc hosp",2022-06-15,"quantile",0.99,545.503431968928
2022-05-21,"26","26  day ahead inc hosp",2022-06-16,"quantile",0.01,0
2022-05-21,"26","26  day ahead inc hosp",2022-06-16,"quantile",0.025,0
2022-05-21,"26","26  day ahead inc hosp",2022-06-16,"quantile",0.05,0
2022-05-21,"26","26  day ahead inc hosp",2022-06-16,"quantile",0.1,38.7950167648985
2022-05-21,"26","26  day ahead inc hosp",2022-06-16,"quantile",0.15,73.9994135288003
2022-05-21,"26","26  day ahead inc hosp",2022-06-16,"quantile",0.2,101.978752074661
2022-05-21,"26","26  day ahead inc hosp",2022-06-16,"quantile",0.25,125.982533219466
2022-05-21,"26","26  day ahead inc hosp",2022-06-16,"quantile",0.3,147.538670555545
2022-05-21,"26","26  day ahead inc hosp",2022-06-16,"quantile",0.35,167.51364430408
2022-05-21,"26","26  day ahead inc hosp",2022-06-16,"quantile",0.4,186.467941034498
2022-05-21,"26","26  day ahead inc hosp",2022-06-16,"quantile",0.45,204.806442477466
2022-05-21,"26","26  day ahead inc hosp",2022-06-16,"quantile",0.5,222.854193908414
2022-05-21,"26","26  day ahead inc hosp",2022-06-16,"quantile",0.55,240.901945339362
2022-05-21,"26","26  day ahead inc hosp",2022-06-16,"quantile",0.6,259.24044678233
2022-05-21,"26","26  day ahead inc hosp",2022-06-16,"quantile",0.65,278.194743512747
2022-05-21,"26","26  day ahead inc hosp",2022-06-16,"quantile",0.7,298.169717261282
2022-05-21,"26","26  day ahead inc hosp",2022-06-16,"quantile",0.75,319.725854597361
2022-05-21,"26","26  day ahead inc hosp",2022-06-16,"quantile",0.8,343.729635742166
2022-05-21,"26","26  day ahead inc hosp",2022-06-16,"quantile",0.85,371.708974288027
2022-05-21,"26","26  day ahead inc hosp",2022-06-16,"quantile",0.9,406.913371051929
2022-05-21,"26","26  day ahead inc hosp",2022-06-16,"quantile",0.95,459.091590231643
2022-05-21,"26","26  day ahead inc hosp",2022-06-16,"quantile",0.975,504.348413824618
2022-05-21,"26","26  day ahead inc hosp",2022-06-16,"quantile",0.99,556.969251747358
2022-05-21,"26","27  day ahead inc hosp",2022-06-17,"quantile",0.01,0
2022-05-21,"26","27  day ahead inc hosp",2022-06-17,"quantile",0.025,0
2022-05-21,"26","27  day ahead inc hosp",2022-06-17,"quantile",0.05,0
2022-05-21,"26","27  day ahead inc hosp",2022-06-17,"quantile",0.1,35.0471645142611
2022-05-21,"26","27  day ahead inc hosp",2022-06-17,"quantile",0.15,70.9429610758629
2022-05-21,"26","27  day ahead inc hosp",2022-06-17,"quantile",0.2,99.471802263116
2022-05-21,"26","27  day ahead inc hosp",2022-06-17,"quantile",0.25,123.947007745593
2022-05-21,"26","27  day ahead inc hosp",2022-06-17,"quantile",0.3,145.926498706882
2022-05-21,"26","27  day ahead inc hosp",2022-06-17,"quantile",0.35,166.293772681478
2022-05-21,"26","27  day ahead inc hosp",2022-06-17,"quantile",0.4,185.620323963304
2022-05-21,"26","27  day ahead inc hosp",2022-06-17,"quantile",0.45,204.318985992827
2022-05-21,"26","27  day ahead inc hosp",2022-06-17,"quantile",0.5,222.721187800299
2022-05-21,"26","27  day ahead inc hosp",2022-06-17,"quantile",0.55,241.123389607772
2022-05-21,"26","27  day ahead inc hosp",2022-06-17,"quantile",0.6,259.822051637295
2022-05-21,"26","27  day ahead inc hosp",2022-06-17,"quantile",0.65,279.148602919121
2022-05-21,"26","27  day ahead inc hosp",2022-06-17,"quantile",0.7,299.515876893716
2022-05-21,"26","27  day ahead inc hosp",2022-06-17,"quantile",0.75,321.495367855006
2022-05-21,"26","27  day ahead inc hosp",2022-06-17,"quantile",0.8,345.970573337483
2022-05-21,"26","27  day ahead inc hosp",2022-06-17,"quantile",0.85,374.499414524736
2022-05-21,"26","27  day ahead inc hosp",2022-06-17,"quantile",0.9,410.395211086337
2022-05-21,"26","27  day ahead inc hosp",2022-06-17,"quantile",0.95,463.598188918419
2022-05-21,"26","27  day ahead inc hosp",2022-06-17,"quantile",0.975,509.743837815988
2022-05-21,"26","27  day ahead inc hosp",2022-06-17,"quantile",0.99,563.398127240214
2022-05-21,"26","28  day ahead inc hosp",2022-06-18,"quantile",0.01,0
2022-05-21,"26","28  day ahead inc hosp",2022-06-18,"quantile",0.025,0
2022-05-21,"26","28  day ahead inc hosp",2022-06-18,"quantile",0.05,0
2022-05-21,"26","28  day ahead inc hosp",2022-06-18,"quantile",0.1,28.0078835089646
2022-05-21,"26","28  day ahead inc hosp",2022-06-18,"quantile",0.15,64.5819818800989
2022-05-21,"26","28  day ahead inc hosp",2022-06-18,"quantile",0.2,93.6499158429636
2022-05-21,"26","28  day ahead inc hosp",2022-06-18,"quantile",0.25,118.587614925184
2022-05-21,"26","28  day ahead inc hosp",2022-06-18,"quantile",0.3,140.982439433009
2022-05-21,"26","28  day ahead inc hosp",2022-06-18,"quantile",0.35,161.734581835542
2022-05-21,"26","28  day ahead inc hosp",2022-06-18,"quantile",0.4,181.426335619114
2022-05-21,"26","28  day ahead inc hosp",2022-06-18,"quantile",0.45,200.478335295531
2022-05-21,"26","28  day ahead inc hosp",2022-06-18,"quantile",0.5,219.228272714999
2022-05-21,"26","28  day ahead inc hosp",2022-06-18,"quantile",0.55,237.978210134466
2022-05-21,"26","28  day ahead inc hosp",2022-06-18,"quantile",0.6,257.030209810883
2022-05-21,"26","28  day ahead inc hosp",2022-06-18,"quantile",0.65,276.721963594456
2022-05-21,"26","28  day ahead inc hosp",2022-06-18,"quantile",0.7,297.474105996988
2022-05-21,"26","28  day ahead inc hosp",2022-06-18,"quantile",0.75,319.868930504813
2022-05-21,"26","28  day ahead inc hosp",2022-06-18,"quantile",0.8,344.806629587034
2022-05-21,"26","28  day ahead inc hosp",2022-06-18,"quantile",0.85,373.874563549899
2022-05-21,"26","28  day ahead inc hosp",2022-06-18,"quantile",0.9,410.448661921033
2022-05-21,"26","28  day ahead inc hosp",2022-06-18,"quantile",0.95,464.656985213943
2022-05-21,"26","28  day ahead inc hosp",2022-06-18,"quantile",0.975,511.674621367612
2022-05-21,"26","28  day ahead inc hosp",2022-06-18,"quantile",0.99,566.342784423063
2022-05-21,"26","29  day ahead inc hosp",2022-06-19,"quantile",0.01,0
2022-05-21,"26","29  day ahead inc hosp",2022-06-19,"quantile",0.025,0
2022-05-21,"26","29  day ahead inc hosp",2022-06-19,"quantile",0.05,0
2022-05-21,"26","29  day ahead inc hosp",2022-06-19,"quantile",0.1,28.8986514704631
2022-05-21,"26","29  day ahead inc hosp",2022-06-19,"quantile",0.15,66.1387020626802
2022-05-21,"26","29  day ahead inc hosp",2022-06-19,"quantile",0.2,95.7359137397465
2022-05-21,"26","29  day ahead inc hosp",2022-06-19,"quantile",0.25,121.127685972971
2022-05-21,"26","29  day ahead inc hosp",2022-06-19,"quantile",0.3,143.930282204118
2022-05-21,"26","29  day ahead inc hosp",2022-06-19,"quantile",0.35,165.060285878443
2022-05-21,"26","29  day ahead inc hosp",2022-06-19,"quantile",0.4,185.110593057813
2022-05-21,"26","29  day ahead inc hosp",2022-06-19,"quantile",0.45,204.509497294168
2022-05-21,"26","29  day ahead inc hosp",2022-06-19,"quantile",0.5,223.600839232838
2022-05-21,"26","29  day ahead inc hosp",2022-06-19,"quantile",0.55,242.692181171508
2022-05-21,"26","29  day ahead inc hosp",2022-06-19,"quantile",0.6,262.091085407863
2022-05-21,"26","29  day ahead inc hosp",2022-06-19,"quantile",0.65,282.141392587233
2022-05-21,"26","29  day ahead inc hosp",2022-06-19,"quantile",0.7,303.271396261558
2022-05-21,"26","29  day ahead inc hosp",2022-06-19,"quantile",0.75,326.073992492705
2022-05-21,"26","29  day ahead inc hosp",2022-06-19,"quantile",0.8,351.465764725929
2022-05-21,"26","29  day ahead inc hosp",2022-06-19,"quantile",0.85,381.062976402996
2022-05-21,"26","29  day ahead inc hosp",2022-06-19,"quantile",0.9,418.303026995213
2022-05-21,"26","29  day ahead inc hosp",2022-06-19,"quantile",0.95,473.498391798532
2022-05-21,"26","29  day ahead inc hosp",2022-06-19,"quantile",0.975,521.372139261053
2022-05-21,"26","29  day ahead inc hosp",2022-06-19,"quantile",0.99,577.035716728088
2022-05-21,"26","30  day ahead inc hosp",2022-06-20,"quantile",0.01,0
2022-05-21,"26","30  day ahead inc hosp",2022-06-20,"quantile",0.025,0
2022-05-21,"26","30  day ahead inc hosp",2022-06-20,"quantile",0.05,0
2022-05-21,"26","30  day ahead inc hosp",2022-06-20,"quantile",0.1,35.5575990741607
2022-05-21,"26","30  day ahead inc hosp",2022-06-20,"quantile",0.15,73.4518999558967
2022-05-21,"26","30  day ahead inc hosp",2022-06-20,"quantile",0.2,103.569089022916
2022-05-21,"26","30  day ahead inc hosp",2022-06-20,"quantile",0.25,129.406955557056
2022-05-21,"26","30  day ahead inc hosp",2022-06-20,"quantile",0.3,152.610158257549
2022-05-21,"26","30  day ahead inc hosp",2022-06-20,"quantile",0.35,174.111383528022
2022-05-21,"26","30  day ahead inc hosp",2022-06-20,"quantile",0.4,194.513943700297
2022-05-21,"26","30  day ahead inc hosp",2022-06-20,"quantile",0.45,214.253656783879
2022-05-21,"26","30  day ahead inc hosp",2022-06-20,"quantile",0.5,233.680404174261
2022-05-21,"26","30  day ahead inc hosp",2022-06-20,"quantile",0.55,253.107151564643
2022-05-21,"26","30  day ahead inc hosp",2022-06-20,"quantile",0.6,272.846864648225
2022-05-21,"26","30  day ahead inc hosp",2022-06-20,"quantile",0.65,293.2494248205
2022-05-21,"26","30  day ahead inc hosp",2022-06-20,"quantile",0.7,314.750650090973
2022-05-21,"26","30  day ahead inc hosp",2022-06-20,"quantile",0.75,337.953852791466
2022-05-21,"26","30  day ahead inc hosp",2022-06-20,"quantile",0.8,363.791719325606
2022-05-21,"26","30  day ahead inc hosp",2022-06-20,"quantile",0.85,393.908908392625
2022-05-21,"26","30  day ahead inc hosp",2022-06-20,"quantile",0.9,431.803209274361
2022-05-21,"26","30  day ahead inc hosp",2022-06-20,"quantile",0.95,487.968271562737
2022-05-21,"26","30  day ahead inc hosp",2022-06-20,"quantile",0.975,536.683086978702
2022-05-21,"26","30  day ahead inc hosp",2022-06-20,"quantile",0.99,593.324587705623
2022-05-21,"26","31  day ahead inc hosp",2022-06-21,"quantile",0.01,0
2022-05-21,"26","31  day ahead inc hosp",2022-06-21,"quantile",0.025,0
2022-05-21,"26","31  day ahead inc hosp",2022-06-21,"quantile",0.05,0
2022-05-21,"26","31  day ahead inc hosp",2022-06-21,"quantile",0.1,22.3435298689458
2022-05-21,"26","31  day ahead inc hosp",2022-06-21,"quantile",0.15,60.8809754670318
2022-05-21,"26","31  day ahead inc hosp",2022-06-21,"quantile",0.2,91.5093155665041
2022-05-21,"26","31  day ahead inc hosp",2022-06-21,"quantile",0.25,117.785704172737
2022-05-21,"26","31  day ahead inc hosp",2022-06-21,"quantile",0.3,141.382713247064
2022-05-21,"26","31  day ahead inc hosp",2022-06-21,"quantile",0.35,163.248858811776
2022-05-21,"26","31  day ahead inc hosp",2022-06-21,"quantile",0.4,183.997692657651
2022-05-21,"26","31  day ahead inc hosp",2022-06-21,"quantile",0.45,204.072429527833
2022-05-21,"26","31  day ahead inc hosp",2022-06-21,"quantile",0.5,223.828889029252
2022-05-21,"26","31  day ahead inc hosp",2022-06-21,"quantile",0.55,243.585348530672
2022-05-21,"26","31  day ahead inc hosp",2022-06-21,"quantile",0.6,263.660085400853
2022-05-21,"26","31  day ahead inc hosp",2022-06-21,"quantile",0.65,284.408919246728
2022-05-21,"26","31  day ahead inc hosp",2022-06-21,"quantile",0.7,306.27506481144
2022-05-21,"26","31  day ahead inc hosp",2022-06-21,"quantile",0.75,329.872073885768
2022-05-21,"26","31  day ahead inc hosp",2022-06-21,"quantile",0.8,356.148462492001
2022-05-21,"26","31  day ahead inc hosp",2022-06-21,"quantile",0.85,386.776802591473
2022-05-21,"26","31  day ahead inc hosp",2022-06-21,"quantile",0.9,425.314248189559
2022-05-21,"26","31  day ahead inc hosp",2022-06-21,"quantile",0.95,482.432547830616
2022-05-21,"26","31  day ahead inc hosp",2022-06-21,"quantile",0.975,531.974154489953
2022-05-21,"26","31  day ahead inc hosp",2022-06-21,"quantile",0.99,589.57697871595
2022-05-21,"26","32  day ahead inc hosp",2022-06-22,"quantile",0.01,0
2022-05-21,"26","32  day ahead inc hosp",2022-06-22,"quantile",0.025,0
2022-05-21,"26","32  day ahead inc hosp",2022-06-22,"quantile",0.05,0
2022-05-21,"26","32  day ahead inc hosp",2022-06-22,"quantile",0.1,22.8913090397103
2022-05-21,"26","32  day ahead inc hosp",2022-06-22,"quantile",0.15,62.0613407839588
2022-05-21,"26","32  day ahead inc hosp",2022-06-22,"quantile",0.2,93.1924402990121
2022-05-21,"26","32  day ahead inc hosp",2022-06-22,"quantile",0.25,119.900151717266
2022-05-21,"26","32  day ahead inc hosp",2022-06-22,"quantile",0.3,143.884502007381
2022-05-21,"26","32  day ahead inc hosp",2022-06-22,"quantile",0.35,166.1095769339
2022-05-21,"26","32  day ahead inc hosp",2022-06-22,"quantile",0.4,187.198999644352
2022-05-21,"26","32  day ahead inc hosp",2022-06-22,"quantile",0.45,207.603260182614
2022-05-21,"26","32  day ahead inc hosp",2022-06-22,"quantile",0.5,227.684018878852
2022-05-21,"26","32  day ahead inc hosp",2022-06-22,"quantile",0.55,247.76477757509
2022-05-21,"26","32  day ahead inc hosp",2022-06-22,"quantile",0.6,268.169038113352
2022-05-21,"26","32  day ahead inc hosp",2022-06-22,"quantile",0.65,289.258460823803
2022-05-21,"26","32  day ahead inc hosp",2022-06-22,"quantile",0.7,311.483535750323
2022-05-21,"26","32  day ahead inc hosp",2022-06-22,"quantile",0.75,335.467886040437
2022-05-21,"26","32  day ahead inc hosp",2022-06-22,"quantile",0.8,362.175597458691
2022-05-21,"26","32  day ahead inc hosp",2022-06-22,"quantile",0.85,393.306696973745
2022-05-21,"26","32  day ahead inc hosp",2022-06-22,"quantile",0.9,432.476728717993
2022-05-21,"26","32  day ahead inc hosp",2022-06-22,"quantile",0.95,490.532616320176
2022-05-21,"26","32  day ahead inc hosp",2022-06-22,"quantile",0.975,540.887440709567
2022-05-21,"26","32  day ahead inc hosp",2022-06-22,"quantile",0.99,599.43580629202
2022-05-21,"26","33  day ahead inc hosp",2022-06-23,"quantile",0.01,0
2022-05-21,"26","33  day ahead inc hosp",2022-06-23,"quantile",0.025,0
2022-05-21,"26","33  day ahead inc hosp",2022-06-23,"quantile",0.05,0
2022-05-21,"26","33  day ahead inc hosp",2022-06-23,"quantile",0.1,22.2494064182622
2022-05-21,"26","33  day ahead inc hosp",2022-06-23,"quantile",0.15,62.04196929748
2022-05-21,"26","33  day ahead inc hosp",2022-06-23,"quantile",0.2,93.6678368239683
2022-05-21,"26","33  day ahead inc hosp",2022-06-23,"quantile",0.25,120.800015141055
2022-05-21,"26","33  day ahead inc hosp",2022-06-23,"quantile",0.3,145.165549825021
2022-05-21,"26","33  day ahead inc hosp",2022-06-23,"quantile",0.35,167.743848900276
2022-05-21,"26","33  day ahead inc hosp",2022-06-23,"quantile",0.4,189.168446786012
2022-05-21,"26","33  day ahead inc hosp",2022-06-23,"quantile",0.45,209.896993185313
2022-05-21,"26","33  day ahead inc hosp",2022-06-23,"quantile",0.5,230.296896312779
2022-05-21,"26","33  day ahead inc hosp",2022-06-23,"quantile",0.55,250.696799440245
2022-05-21,"26","33  day ahead inc hosp",2022-06-23,"quantile",0.6,271.425345839546
2022-05-21,"26","33  day ahead inc hosp",2022-06-23,"quantile",0.65,292.849943725282
2022-05-21,"26","33  day ahead inc hosp",2022-06-23,"quantile",0.7,315.428242800536
2022-05-21,"26","33  day ahead inc hosp",2022-06-23,"quantile",0.75,339.793777484503
2022-05-21,"26","33  day ahead inc hosp",2022-06-23,"quantile",0.8,366.925955801589
2022-05-21,"26","33  day ahead inc hosp",2022-06-23,"quantile",0.85,398.551823328078
2022-05-21,"26","33  day ahead inc hosp",2022-06-23,"quantile",0.9,438.344386207296
2022-05-21,"26","33  day ahead inc hosp",2022-06-23,"quantile",0.95,497.322958729333
2022-05-21,"26","33  day ahead inc hosp",2022-06-23,"quantile",0.975,548.478074683024
2022-05-21,"26","33  day ahead inc hosp",2022-06-23,"quantile",0.99,607.956952160761
2022-05-21,"26","34  day ahead inc hosp",2022-06-24,"quantile",0.01,0
2022-05-21,"26","34  day ahead inc hosp",2022-06-24,"quantile",0.025,0
2022-05-21,"26","34  day ahead inc hosp",2022-06-24,"quantile",0.05,0
2022-05-21,"26","34  day ahead inc hosp",2022-06-24,"quantile",0.1,14.5089273247963
2022-05-21,"26","34  day ahead inc hosp",2022-06-24,"quantile",0.15,54.9144310853515
2022-05-21,"26","34  day ahead inc hosp",2022-06-24,"quantile",0.2,87.0274445937054
2022-05-21,"26","34  day ahead inc hosp",2022-06-24,"quantile",0.25,114.577550786932
2022-05-21,"26","34  day ahead inc hosp",2022-06-24,"quantile",0.3,139.318397620276
2022-05-21,"26","34  day ahead inc hosp",2022-06-24,"quantile",0.35,162.244479334621
2022-05-21,"26","34  day ahead inc hosp",2022-06-24,"quantile",0.4,183.999088935114
2022-05-21,"26","34  day ahead inc hosp",2022-06-24,"quantile",0.45,205.046925487638
2022-05-21,"26","34  day ahead inc hosp",2022-06-24,"quantile",0.5,225.761056543577
2022-05-21,"26","34  day ahead inc hosp",2022-06-24,"quantile",0.55,246.475187599515
2022-05-21,"26","34  day ahead inc hosp",2022-06-24,"quantile",0.6,267.523024152039
2022-05-21,"26","34  day ahead inc hosp",2022-06-24,"quantile",0.65,289.277633752533
2022-05-21,"26","34  day ahead inc hosp",2022-06-24,"quantile",0.7,312.203715466877
2022-05-21,"26","34  day ahead inc hosp",2022-06-24,"quantile",0.75,336.944562300222
2022-05-21,"26","34  day ahead inc hosp",2022-06-24,"quantile",0.8,364.494668493448
2022-05-21,"26","34  day ahead inc hosp",2022-06-24,"quantile",0.85,396.607682001802
2022-05-21,"26","34  day ahead inc hosp",2022-06-24,"quantile",0.9,437.013185762357
2022-05-21,"26","34  day ahead inc hosp",2022-06-24,"quantile",0.95,496.900229003695
2022-05-21,"26","34  day ahead inc hosp",2022-06-24,"quantile",0.975,548.843307822526
2022-05-21,"26","34  day ahead inc hosp",2022-06-24,"quantile",0.99,609.238362418404
2022-05-21,"26","35  day ahead inc hosp",2022-06-25,"quantile",0.01,0
2022-05-21,"26","35  day ahead inc hosp",2022-06-25,"quantile",0.025,0
2022-05-21,"26","35  day ahead inc hosp",2022-06-25,"quantile",0.05,0
2022-05-21,"26","35  day ahead inc hosp",2022-06-25,"quantile",0.1,9.99456940267075
2022-05-21,"26","35  day ahead inc hosp",2022-06-25,"quantile",0.15,51.0038538123302
2022-05-21,"26","35  day ahead inc hosp",2022-06-25,"quantile",0.2,83.596733040356
2022-05-21,"26","35  day ahead inc hosp",2022-06-25,"quantile",0.25,111.558521293007
2022-05-21,"26","35  day ahead inc hosp",2022-06-25,"quantile",0.3,136.669071339284
2022-05-21,"26","35  day ahead inc hosp",2022-06-25,"quantile",0.35,159.937738177203
2022-05-21,"26","35  day ahead inc hosp",2022-06-25,"quantile",0.4,182.017427558497
2022-05-21,"26","35  day ahead inc hosp",2022-06-25,"quantile",0.45,203.379782561062
2022-05-21,"26","35  day ahead inc hosp",2022-06-25,"quantile",0.5,224.403445495843
2022-05-21,"26","35  day ahead inc hosp",2022-06-25,"quantile",0.55,245.427108430624
2022-05-21,"26","35  day ahead inc hosp",2022-06-25,"quantile",0.6,266.789463433189
2022-05-21,"26","35  day ahead inc hosp",2022-06-25,"quantile",0.65,288.869152814483
2022-05-21,"26","35  day ahead inc hosp",2022-06-25,"quantile",0.7,312.137819652402
2022-05-21,"26","35  day ahead inc hosp",2022-06-25,"quantile",0.75,337.248369698679
2022-05-21,"26","35  day ahead inc hosp",2022-06-25,"quantile",0.8,365.21015795133
2022-05-21,"26","35  day ahead inc hosp",2022-06-25,"quantile",0.85,397.803037179356
2022-05-21,"26","35  day ahead inc hosp",2022-06-25,"quantile",0.9,438.812321589015
2022-05-21,"26","35  day ahead inc hosp",2022-06-25,"quantile",0.95,499.59425870559
2022-05-21,"26","35  day ahead inc hosp",2022-06-25,"quantile",0.975,552.313524502105
2022-05-21,"26","35  day ahead inc hosp",2022-06-25,"quantile",0.99,613.611064202059
2022-05-21,"26","36  day ahead inc hosp",2022-06-26,"quantile",0.01,0
2022-05-21,"26","36  day ahead inc hosp",2022-06-26,"quantile",0.025,0
2022-05-21,"26","36  day ahead inc hosp",2022-06-26,"quantile",0.05,0
2022-05-21,"26","36  day ahead inc hosp",2022-06-26,"quantile",0.1,8.8349718888494
2022-05-21,"26","36  day ahead inc hosp",2022-06-26,"quantile",0.15,50.4392755297035
2022-05-21,"26","36  day ahead inc hosp",2022-06-26,"quantile",0.2,83.5050571801895
2022-05-21,"26","36  day ahead inc hosp",2022-06-26,"quantile",0.25,111.872553603281
2022-05-21,"26","36  day ahead inc hosp",2022-06-26,"quantile",0.3,137.347442125552
2022-05-21,"26","36  day ahead inc hosp",2022-06-26,"quantile",0.35,160.953722858766
2022-05-21,"26","36  day ahead inc hosp",2022-06-26,"quantile",0.4,183.353774811361
2022-05-21,"26","36  day ahead inc hosp",2022-06-26,"quantile",0.45,205.026084309185
2022-05-21,"26","36  day ahead inc hosp",2022-06-26,"quantile",0.5,226.354787527805
2022-05-21,"26","36  day ahead inc hosp",2022-06-26,"quantile",0.55,247.683490746425
2022-05-21,"26","36  day ahead inc hosp",2022-06-26,"quantile",0.6,269.355800244249
2022-05-21,"26","36  day ahead inc hosp",2022-06-26,"quantile",0.65,291.755852196844
2022-05-21,"26","36  day ahead inc hosp",2022-06-26,"quantile",0.7,315.362132930058
2022-05-21,"26","36  day ahead inc hosp",2022-06-26,"quantile",0.75,340.837021452329
2022-05-21,"26","36  day ahead inc hosp",2022-06-26,"quantile",0.8,369.20451787542
2022-05-21,"26","36  day ahead inc hosp",2022-06-26,"quantile",0.85,402.270299525906
2022-05-21,"26","36  day ahead inc hosp",2022-06-26,"quantile",0.9,443.874603166761
2022-05-21,"26","36  day ahead inc hosp",2022-06-26,"quantile",0.95,505.538448417414
2022-05-21,"26","36  day ahead inc hosp",2022-06-26,"quantile",0.975,559.022637997774
2022-05-21,"26","36  day ahead inc hosp",2022-06-26,"quantile",0.99,621.209566904866
2022-05-21,"26","37  day ahead inc hosp",2022-06-27,"quantile",0.01,0
2022-05-21,"26","37  day ahead inc hosp",2022-06-27,"quantile",0.025,0
2022-05-21,"26","37  day ahead inc hosp",2022-06-27,"quantile",0.05,0
2022-05-21,"26","37  day ahead inc hosp",2022-06-27,"quantile",0.1,9.55717638774755
2022-05-21,"26","37  day ahead inc hosp",2022-06-27,"quantile",0.15,51.7481085306672
2022-05-21,"26","37  day ahead inc hosp",2022-06-27,"quantile",0.2,85.2801239180928
2022-05-21,"26","37  day ahead inc hosp",2022-06-27,"quantile",0.25,114.04760737324
2022-05-21,"26","37  day ahead inc hosp",2022-06-27,"quantile",0.3,139.881696612415
2022-05-21,"26","37  day ahead inc hosp",2022-06-27,"quantile",0.35,163.820830341449
2022-05-21,"26","37  day ahead inc hosp",2022-06-27,"quantile",0.4,186.536727237311
2022-05-21,"26","37  day ahead inc hosp",2022-06-27,"quantile",0.45,208.514620372991
2022-05-21,"26","37  day ahead inc hosp",2022-06-27,"quantile",0.5,230.144062316339
2022-05-21,"26","37  day ahead inc hosp",2022-06-27,"quantile",0.55,251.773504259687
2022-05-21,"26","37  day ahead inc hosp",2022-06-27,"quantile",0.6,273.751397395366
2022-05-21,"26","37  day ahead inc hosp",2022-06-27,"quantile",0.65,296.467294291228
2022-05-21,"26","37  day ahead inc hosp",2022-06-27,"quantile",0.7,320.406428020263
2022-05-21,"26","37  day ahead inc hosp",2022-06-27,"quantile",0.75,346.240517259438
2022-05-21,"26","37  day ahead inc hosp",2022-06-27,"quantile",0.8,375.008000714585
2022-05-21,"26","37  day ahead inc hosp",2022-06-27,"quantile",0.85,408.54001610201
2022-05-21,"26","37  day ahead inc hosp",2022-06-27,"quantile",0.9,450.73094824493
2022-05-21,"26","37  day ahead inc hosp",2022-06-27,"quantile",0.95,513.264265305117
2022-05-21,"26","37  day ahead inc hosp",2022-06-27,"quantile",0.975,567.502592012456
2022-05-21,"26","37  day ahead inc hosp",2022-06-27,"quantile",0.99,630.566368306966
2022-05-21,"27","1  day ahead inc hosp",2022-05-22,"quantile",0.01,37.9398106770868
2022-05-21,"27","1  day ahead inc hosp",2022-05-22,"quantile",0.025,43.1896933860882
2022-05-21,"27","1  day ahead inc hosp",2022-05-22,"quantile",0.05,47.7048821406636
2022-05-21,"27","1  day ahead inc hosp",2022-05-22,"quantile",0.1,52.9106056044416
2022-05-21,"27","1  day ahead inc hosp",2022-05-22,"quantile",0.15,56.422882511225
2022-05-21,"27","1  day ahead inc hosp",2022-05-22,"quantile",0.2,59.2143288552927
2022-05-21,"27","1  day ahead inc hosp",2022-05-22,"quantile",0.25,61.6091412634074
2022-05-21,"27","1  day ahead inc hosp",2022-05-22,"quantile",0.3,63.7597568206834
2022-05-21,"27","1  day ahead inc hosp",2022-05-22,"quantile",0.35,65.7526226402881
2022-05-21,"27","1  day ahead inc hosp",2022-05-22,"quantile",0.4,67.6436574203196
2022-05-21,"27","1  day ahead inc hosp",2022-05-22,"quantile",0.45,69.4732554547673
2022-05-21,"27","1  day ahead inc hosp",2022-05-22,"quantile",0.5,71.2738459036082
2022-05-21,"27","1  day ahead inc hosp",2022-05-22,"quantile",0.55,73.074436352449
2022-05-21,"27","1  day ahead inc hosp",2022-05-22,"quantile",0.6,74.9040343868968
2022-05-21,"27","1  day ahead inc hosp",2022-05-22,"quantile",0.65,76.7950691669283
2022-05-21,"27","1  day ahead inc hosp",2022-05-22,"quantile",0.7,78.787934986533
2022-05-21,"27","1  day ahead inc hosp",2022-05-22,"quantile",0.75,80.938550543809
2022-05-21,"27","1  day ahead inc hosp",2022-05-22,"quantile",0.8,83.3333629519236
2022-05-21,"27","1  day ahead inc hosp",2022-05-22,"quantile",0.85,86.1248092959914
2022-05-21,"27","1  day ahead inc hosp",2022-05-22,"quantile",0.9,89.6370862027748
2022-05-21,"27","1  day ahead inc hosp",2022-05-22,"quantile",0.95,94.8428096665528
2022-05-21,"27","1  day ahead inc hosp",2022-05-22,"quantile",0.975,99.3579984211282
2022-05-21,"27","1  day ahead inc hosp",2022-05-22,"quantile",0.99,104.60788113013
2022-05-21,"27","2  day ahead inc hosp",2022-05-23,"quantile",0.01,40.5606891625876
2022-05-21,"27","2  day ahead inc hosp",2022-05-23,"quantile",0.025,46.2550743495337
2022-05-21,"27","2  day ahead inc hosp",2022-05-23,"quantile",0.05,51.1525597573954
2022-05-21,"27","2  day ahead inc hosp",2022-05-23,"quantile",0.1,56.7990467786481
2022-05-21,"27","2  day ahead inc hosp",2022-05-23,"quantile",0.15,60.6087047651301
2022-05-21,"27","2  day ahead inc hosp",2022-05-23,"quantile",0.2,63.6365001641701
2022-05-21,"27","2  day ahead inc hosp",2022-05-23,"quantile",0.25,66.2340790165321
2022-05-21,"27","2  day ahead inc hosp",2022-05-23,"quantile",0.3,68.5667851075026
2022-05-21,"27","2  day ahead inc hosp",2022-05-23,"quantile",0.35,70.7283849434896
2022-05-21,"27","2  day ahead inc hosp",2022-05-23,"quantile",0.4,72.7795318045325
2022-05-21,"27","2  day ahead inc hosp",2022-05-23,"quantile",0.45,74.7640401303207
2022-05-21,"27","2  day ahead inc hosp",2022-05-23,"quantile",0.5,76.7170848263586
2022-05-21,"27","2  day ahead inc hosp",2022-05-23,"quantile",0.55,78.6701295223965
2022-05-21,"27","2  day ahead inc hosp",2022-05-23,"quantile",0.6,80.6546378481847
2022-05-21,"27","2  day ahead inc hosp",2022-05-23,"quantile",0.65,82.7057847092276
2022-05-21,"27","2  day ahead inc hosp",2022-05-23,"quantile",0.7,84.8673845452146
2022-05-21,"27","2  day ahead inc hosp",2022-05-23,"quantile",0.75,87.2000906361851
2022-05-21,"27","2  day ahead inc hosp",2022-05-23,"quantile",0.8,89.7976694885471
2022-05-21,"27","2  day ahead inc hosp",2022-05-23,"quantile",0.85,92.8254648875871
2022-05-21,"27","2  day ahead inc hosp",2022-05-23,"quantile",0.9,96.6351228740691
2022-05-21,"27","2  day ahead inc hosp",2022-05-23,"quantile",0.95,102.281609895322
2022-05-21,"27","2  day ahead inc hosp",2022-05-23,"quantile",0.975,107.179095303184
2022-05-21,"27","2  day ahead inc hosp",2022-05-23,"quantile",0.99,112.87348049013
2022-05-21,"27","3  day ahead inc hosp",2022-05-24,"quantile",0.01,40.2197026506411
2022-05-21,"27","3  day ahead inc hosp",2022-05-24,"quantile",0.025,46.0781911201507
2022-05-21,"27","3  day ahead inc hosp",2022-05-24,"quantile",0.05,51.1168144042452
2022-05-21,"27","3  day ahead inc hosp",2022-05-24,"quantile",0.1,56.9260243577758
2022-05-21,"27","3  day ahead inc hosp",2022-05-24,"quantile",0.15,60.8454707341368
2022-05-21,"27","3  day ahead inc hosp",2022-05-24,"quantile",0.2,63.9605224650899
2022-05-21,"27","3  day ahead inc hosp",2022-05-24,"quantile",0.25,66.6329594807822
2022-05-21,"27","3  day ahead inc hosp",2022-05-24,"quantile",0.3,69.0328905160121
2022-05-21,"27","3  day ahead inc hosp",2022-05-24,"quantile",0.35,71.256784281375
2022-05-21,"27","3  day ahead inc hosp",2022-05-24,"quantile",0.4,73.3670419896588
2022-05-21,"27","3  day ahead inc hosp",2022-05-24,"quantile",0.45,75.408740744237
2022-05-21,"27","3  day ahead inc hosp",2022-05-24,"quantile",0.5,77.418069136423
2022-05-21,"27","3  day ahead inc hosp",2022-05-24,"quantile",0.55,79.4273975286091
2022-05-21,"27","3  day ahead inc hosp",2022-05-24,"quantile",0.6,81.4690962831873
2022-05-21,"27","3  day ahead inc hosp",2022-05-24,"quantile",0.65,83.5793539914711
2022-05-21,"27","3  day ahead inc hosp",2022-05-24,"quantile",0.7,85.803247756834
2022-05-21,"27","3  day ahead inc hosp",2022-05-24,"quantile",0.75,88.2031787920639
2022-05-21,"27","3  day ahead inc hosp",2022-05-24,"quantile",0.8,90.8756158077561
2022-05-21,"27","3  day ahead inc hosp",2022-05-24,"quantile",0.85,93.9906675387093
2022-05-21,"27","3  day ahead inc hosp",2022-05-24,"quantile",0.9,97.9101139150703
2022-05-21,"27","3  day ahead inc hosp",2022-05-24,"quantile",0.95,103.719323868601
2022-05-21,"27","3  day ahead inc hosp",2022-05-24,"quantile",0.975,108.757947152695
2022-05-21,"27","3  day ahead inc hosp",2022-05-24,"quantile",0.99,114.616435622205
2022-05-21,"27","4  day ahead inc hosp",2022-05-25,"quantile",0.01,39.4019732343446
2022-05-21,"27","4  day ahead inc hosp",2022-05-25,"quantile",0.025,45.5182832407966
2022-05-21,"27","4  day ahead inc hosp",2022-05-25,"quantile",0.05,50.778647270126
2022-05-21,"27","4  day ahead inc hosp",2022-05-25,"quantile",0.1,56.8435101017727
2022-05-21,"27","4  day ahead inc hosp",2022-05-25,"quantile",0.15,60.9354442612839
2022-05-21,"27","4  day ahead inc hosp",2022-05-25,"quantile",0.2,64.1875838143108
2022-05-21,"27","4  day ahead inc hosp",2022-05-25,"quantile",0.25,66.9776299748112
2022-05-21,"27","4  day ahead inc hosp",2022-05-25,"quantile",0.3,69.4831776569423
2022-05-21,"27","4  day ahead inc hosp",2022-05-25,"quantile",0.35,71.8049409856859
2022-05-21,"27","4  day ahead inc hosp",2022-05-25,"quantile",0.4,74.0080673389327
2022-05-21,"27","4  day ahead inc hosp",2022-05-25,"quantile",0.45,76.1396175822726
2022-05-21,"27","4  day ahead inc hosp",2022-05-25,"quantile",0.5,78.2373729018123
2022-05-21,"27","4  day ahead inc hosp",2022-05-25,"quantile",0.55,80.335128221352
2022-05-21,"27","4  day ahead inc hosp",2022-05-25,"quantile",0.6,82.4666784646918
2022-05-21,"27","4  day ahead inc hosp",2022-05-25,"quantile",0.65,84.6698048179386
2022-05-21,"27","4  day ahead inc hosp",2022-05-25,"quantile",0.7,86.9915681466823
2022-05-21,"27","4  day ahead inc hosp",2022-05-25,"quantile",0.75,89.4971158288133
2022-05-21,"27","4  day ahead inc hosp",2022-05-25,"quantile",0.8,92.2871619893138
2022-05-21,"27","4  day ahead inc hosp",2022-05-25,"quantile",0.85,95.5393015423406
2022-05-21,"27","4  day ahead inc hosp",2022-05-25,"quantile",0.9,99.6312357018518
2022-05-21,"27","4  day ahead inc hosp",2022-05-25,"quantile",0.95,105.696098533499
2022-05-21,"27","4  day ahead inc hosp",2022-05-25,"quantile",0.975,110.956462562828
2022-05-21,"27","4  day ahead inc hosp",2022-05-25,"quantile",0.99,117.07277256928
2022-05-21,"27","5  day ahead inc hosp",2022-05-26,"quantile",0.01,37.0449823858442
2022-05-21,"27","5  day ahead inc hosp",2022-05-26,"quantile",0.025,43.507793268067
2022-05-21,"27","5  day ahead inc hosp",2022-05-26,"quantile",0.05,49.0661671662737
2022-05-21,"27","5  day ahead inc hosp",2022-05-26,"quantile",0.1,55.474616291025
2022-05-21,"27","5  day ahead inc hosp",2022-05-26,"quantile",0.15,59.7983664913143
2022-05-21,"27","5  day ahead inc hosp",2022-05-26,"quantile",0.2,63.2347460848335
2022-05-21,"27","5  day ahead inc hosp",2022-05-26,"quantile",0.25,66.1828537950321
2022-05-21,"27","5  day ahead inc hosp",2022-05-26,"quantile",0.3,68.8303456338897
2022-05-21,"27","5  day ahead inc hosp",2022-05-26,"quantile",0.35,71.2836413777486
2022-05-21,"27","5  day ahead inc hosp",2022-05-26,"quantile",0.4,73.6115791303569
2022-05-21,"27","5  day ahead inc hosp",2022-05-26,"quantile",0.45,75.8638858470095
2022-05-21,"27","5  day ahead inc hosp",2022-05-26,"quantile",0.5,78.0804830915998
2022-05-21,"27","5  day ahead inc hosp",2022-05-26,"quantile",0.55,80.2970803361902
2022-05-21,"27","5  day ahead inc hosp",2022-05-26,"quantile",0.6,82.5493870528428
2022-05-21,"27","5  day ahead inc hosp",2022-05-26,"quantile",0.65,84.877324805451
2022-05-21,"27","5  day ahead inc hosp",2022-05-26,"quantile",0.7,87.3306205493099
2022-05-21,"27","5  day ahead inc hosp",2022-05-26,"quantile",0.75,89.9781123881675
2022-05-21,"27","5  day ahead inc hosp",2022-05-26,"quantile",0.8,92.9262200983662
2022-05-21,"27","5  day ahead inc hosp",2022-05-26,"quantile",0.85,96.3625996918854
2022-05-21,"27","5  day ahead inc hosp",2022-05-26,"quantile",0.9,100.686349892175
2022-05-21,"27","5  day ahead inc hosp",2022-05-26,"quantile",0.95,107.094799016926
2022-05-21,"27","5  day ahead inc hosp",2022-05-26,"quantile",0.975,112.653172915133
2022-05-21,"27","5  day ahead inc hosp",2022-05-26,"quantile",0.99,119.115983797355
2022-05-21,"27","6  day ahead inc hosp",2022-05-27,"quantile",0.01,36.9679921071909
2022-05-21,"27","6  day ahead inc hosp",2022-05-27,"quantile",0.025,43.8534902433921
2022-05-21,"27","6  day ahead inc hosp",2022-05-27,"quantile",0.05,49.7753984987747
2022-05-21,"27","6  day ahead inc hosp",2022-05-27,"quantile",0.1,56.6029794551958
2022-05-21,"27","6  day ahead inc hosp",2022-05-27,"quantile",0.15,61.2095159124799
2022-05-21,"27","6  day ahead inc hosp",2022-05-27,"quantile",0.2,64.8706450585518
2022-05-21,"27","6  day ahead inc hosp",2022-05-27,"quantile",0.25,68.0115678727611
2022-05-21,"27","6  day ahead inc hosp",2022-05-27,"quantile",0.3,70.8322136342215
2022-05-21,"27","6  day ahead inc hosp",2022-05-27,"quantile",0.35,73.4459622924649
2022-05-21,"27","6  day ahead inc hosp",2022-05-27,"quantile",0.4,75.9261541700993
2022-05-21,"27","6  day ahead inc hosp",2022-05-27,"quantile",0.45,78.3257685147374
2022-05-21,"27","6  day ahead inc hosp",2022-05-27,"quantile",0.5,80.687337880525
2022-05-21,"27","6  day ahead inc hosp",2022-05-27,"quantile",0.55,83.0489072463125
2022-05-21,"27","6  day ahead inc hosp",2022-05-27,"quantile",0.6,85.4485215909506
2022-05-21,"27","6  day ahead inc hosp",2022-05-27,"quantile",0.65,87.928713468585
2022-05-21,"27","6  day ahead inc hosp",2022-05-27,"quantile",0.7,90.5424621268285
2022-05-21,"27","6  day ahead inc hosp",2022-05-27,"quantile",0.75,93.3631078882889
2022-05-21,"27","6  day ahead inc hosp",2022-05-27,"quantile",0.8,96.5040307024981
2022-05-21,"27","6  day ahead inc hosp",2022-05-27,"quantile",0.85,100.16515984857
2022-05-21,"27","6  day ahead inc hosp",2022-05-27,"quantile",0.9,104.771696305854
2022-05-21,"27","6  day ahead inc hosp",2022-05-27,"quantile",0.95,111.599277262275
2022-05-21,"27","6  day ahead inc hosp",2022-05-27,"quantile",0.975,117.521185517658
2022-05-21,"27","6  day ahead inc hosp",2022-05-27,"quantile",0.99,124.406683653859
2022-05-21,"27","7  day ahead inc hosp",2022-05-28,"quantile",0.01,32.8787651633011
2022-05-21,"27","7  day ahead inc hosp",2022-05-28,"quantile",0.025,40.2478224098139
2022-05-21,"27","7  day ahead inc hosp",2022-05-28,"quantile",0.05,46.5856181769895
2022-05-21,"27","7  day ahead inc hosp",2022-05-28,"quantile",0.1,53.8926907994542
2022-05-21,"27","7  day ahead inc hosp",2022-05-28,"quantile",0.15,58.8227380074262
2022-05-21,"27","7  day ahead inc hosp",2022-05-28,"quantile",0.2,62.7409832426453
2022-05-21,"27","7  day ahead inc hosp",2022-05-28,"quantile",0.25,66.1024887672922
2022-05-21,"27","7  day ahead inc hosp",2022-05-28,"quantile",0.3,69.1212246201208
2022-05-21,"27","7  day ahead inc hosp",2022-05-28,"quantile",0.35,71.918533269342
2022-05-21,"27","7  day ahead inc hosp",2022-05-28,"quantile",0.4,74.5729056280437
2022-05-21,"27","7  day ahead inc hosp",2022-05-28,"quantile",0.45,77.1410416038886
2022-05-21,"27","7  day ahead inc hosp",2022-05-28,"quantile",0.5,79.6684607540883
2022-05-21,"27","7  day ahead inc hosp",2022-05-28,"quantile",0.55,82.195879904288
2022-05-21,"27","7  day ahead inc hosp",2022-05-28,"quantile",0.6,84.7640158801329
2022-05-21,"27","7  day ahead inc hosp",2022-05-28,"quantile",0.65,87.4183882388346
2022-05-21,"27","7  day ahead inc hosp",2022-05-28,"quantile",0.7,90.2156968880558
2022-05-21,"27","7  day ahead inc hosp",2022-05-28,"quantile",0.75,93.2344327408844
2022-05-21,"27","7  day ahead inc hosp",2022-05-28,"quantile",0.8,96.5959382655313
2022-05-21,"27","7  day ahead inc hosp",2022-05-28,"quantile",0.85,100.51418350075
2022-05-21,"27","7  day ahead inc hosp",2022-05-28,"quantile",0.9,105.444230708722
2022-05-21,"27","7  day ahead inc hosp",2022-05-28,"quantile",0.95,112.751303331187
2022-05-21,"27","7  day ahead inc hosp",2022-05-28,"quantile",0.975,119.089099098363
2022-05-21,"27","7  day ahead inc hosp",2022-05-28,"quantile",0.99,126.458156344876
2022-05-21,"27","8  day ahead inc hosp",2022-05-29,"quantile",0.01,31.266576440499
2022-05-21,"27","8  day ahead inc hosp",2022-05-29,"quantile",0.025,39.165023528728
2022-05-21,"27","8  day ahead inc hosp",2022-05-29,"quantile",0.05,45.958123765088
2022-05-21,"27","8  day ahead inc hosp",2022-05-29,"quantile",0.1,53.7901332810537
2022-05-21,"27","8  day ahead inc hosp",2022-05-29,"quantile",0.15,59.0743529189271
2022-05-21,"27","8  day ahead inc hosp",2022-05-29,"quantile",0.2,63.2740831739375
2022-05-21,"27","8  day ahead inc hosp",2022-05-29,"quantile",0.25,66.8770777816638
2022-05-21,"27","8  day ahead inc hosp",2022-05-29,"quantile",0.3,70.1126782946317
2022-05-21,"27","8  day ahead inc hosp",2022-05-29,"quantile",0.35,73.110944370767
2022-05-21,"27","8  day ahead inc hosp",2022-05-29,"quantile",0.4,75.9560056759406
2022-05-21,"27","8  day ahead inc hosp",2022-05-29,"quantile",0.45,78.7086354143222
2022-05-21,"27","8  day ahead inc hosp",2022-05-29,"quantile",0.5,81.4176232481561
2022-05-21,"27","8  day ahead inc hosp",2022-05-29,"quantile",0.55,84.1266110819901
2022-05-21,"27","8  day ahead inc hosp",2022-05-29,"quantile",0.6,86.8792408203717
2022-05-21,"27","8  day ahead inc hosp",2022-05-29,"quantile",0.65,89.7243021255453
2022-05-21,"27","8  day ahead inc hosp",2022-05-29,"quantile",0.7,92.7225682016806
2022-05-21,"27","8  day ahead inc hosp",2022-05-29,"quantile",0.75,95.9581687146485
2022-05-21,"27","8  day ahead inc hosp",2022-05-29,"quantile",0.8,99.5611633223748
2022-05-21,"27","8  day ahead inc hosp",2022-05-29,"quantile",0.85,103.760893577385
2022-05-21,"27","8  day ahead inc hosp",2022-05-29,"quantile",0.9,109.045113215259
2022-05-21,"27","8  day ahead inc hosp",2022-05-29,"quantile",0.95,116.877122731224
2022-05-21,"27","8  day ahead inc hosp",2022-05-29,"quantile",0.975,123.670222967584
2022-05-21,"27","8  day ahead inc hosp",2022-05-29,"quantile",0.99,131.568670055813
2022-05-21,"27","9  day ahead inc hosp",2022-05-30,"quantile",0.01,25.0784406345108
2022-05-21,"27","9  day ahead inc hosp",2022-05-30,"quantile",0.025,33.5389044443794
2022-05-21,"27","9  day ahead inc hosp",2022-05-30,"quantile",0.05,40.8153700666136
2022-05-21,"27","9  day ahead inc hosp",2022-05-30,"quantile",0.1,49.2046689158931
2022-05-21,"27","9  day ahead inc hosp",2022-05-30,"quantile",0.15,54.8648890212163
2022-05-21,"27","9  day ahead inc hosp",2022-05-30,"quantile",0.2,59.3634525282984
2022-05-21,"27","9  day ahead inc hosp",2022-05-30,"quantile",0.25,63.2228194576849
2022-05-21,"27","9  day ahead inc hosp",2022-05-30,"quantile",0.3,66.6886502390234
2022-05-21,"27","9  day ahead inc hosp",2022-05-30,"quantile",0.35,69.900258969973
2022-05-21,"27","9  day ahead inc hosp",2022-05-30,"quantile",0.4,72.9477615917416
2022-05-21,"27","9  day ahead inc hosp",2022-05-30,"quantile",0.45,75.8962556467632
2022-05-21,"27","9  day ahead inc hosp",2022-05-30,"quantile",0.5,78.7980024424951
2022-05-21,"27","9  day ahead inc hosp",2022-05-30,"quantile",0.55,81.699749238227
2022-05-21,"27","9  day ahead inc hosp",2022-05-30,"quantile",0.6,84.6482432932486
2022-05-21,"27","9  day ahead inc hosp",2022-05-30,"quantile",0.65,87.6957459150172
2022-05-21,"27","9  day ahead inc hosp",2022-05-30,"quantile",0.7,90.9073546459668
2022-05-21,"27","9  day ahead inc hosp",2022-05-30,"quantile",0.75,94.3731854273053
2022-05-21,"27","9  day ahead inc hosp",2022-05-30,"quantile",0.8,98.2325523566918
2022-05-21,"27","9  day ahead inc hosp",2022-05-30,"quantile",0.85,102.731115863774
2022-05-21,"27","9  day ahead inc hosp",2022-05-30,"quantile",0.9,108.391335969097
2022-05-21,"27","9  day ahead inc hosp",2022-05-30,"quantile",0.95,116.780634818377
2022-05-21,"27","9  day ahead inc hosp",2022-05-30,"quantile",0.975,124.057100440611
2022-05-21,"27","9  day ahead inc hosp",2022-05-30,"quantile",0.99,132.517564250479
2022-05-21,"27","10  day ahead inc hosp",2022-05-31,"quantile",0.01,23.6321062166855
2022-05-21,"27","10  day ahead inc hosp",2022-05-31,"quantile",0.025,32.6763501687224
2022-05-21,"27","10  day ahead inc hosp",2022-05-31,"quantile",0.05,40.454898919127
2022-05-21,"27","10  day ahead inc hosp",2022-05-31,"quantile",0.1,49.4230674598307
2022-05-21,"27","10  day ahead inc hosp",2022-05-31,"quantile",0.15,55.4738481977679
2022-05-21,"27","10  day ahead inc hosp",2022-05-31,"quantile",0.2,60.2828169146275
2022-05-21,"27","10  day ahead inc hosp",2022-05-31,"quantile",0.25,64.4084838749992
2022-05-21,"27","10  day ahead inc hosp",2022-05-31,"quantile",0.3,68.1134603145108
2022-05-21,"27","10  day ahead inc hosp",2022-05-31,"quantile",0.35,71.5466731375854
2022-05-21,"27","10  day ahead inc hosp",2022-05-31,"quantile",0.4,74.8044563720693
2022-05-21,"27","10  day ahead inc hosp",2022-05-31,"quantile",0.45,77.9563993534507
2022-05-21,"27","10  day ahead inc hosp",2022-05-31,"quantile",0.5,81.0583694696786
2022-05-21,"27","10  day ahead inc hosp",2022-05-31,"quantile",0.55,84.1603395859066
2022-05-21,"27","10  day ahead inc hosp",2022-05-31,"quantile",0.6,87.312282567288
2022-05-21,"27","10  day ahead inc hosp",2022-05-31,"quantile",0.65,90.5700658017718
2022-05-21,"27","10  day ahead inc hosp",2022-05-31,"quantile",0.7,94.0032786248465
2022-05-21,"27","10  day ahead inc hosp",2022-05-31,"quantile",0.75,97.7082550643581
2022-05-21,"27","10  day ahead inc hosp",2022-05-31,"quantile",0.8,101.83392202473
2022-05-21,"27","10  day ahead inc hosp",2022-05-31,"quantile",0.85,106.642890741589
2022-05-21,"27","10  day ahead inc hosp",2022-05-31,"quantile",0.9,112.693671479527
2022-05-21,"27","10  day ahead inc hosp",2022-05-31,"quantile",0.95,121.66184002023
2022-05-21,"27","10  day ahead inc hosp",2022-05-31,"quantile",0.975,129.440388770635
2022-05-21,"27","10  day ahead inc hosp",2022-05-31,"quantile",0.99,138.484632722672
2022-05-21,"27","11  day ahead inc hosp",2022-06-01,"quantile",0.01,23.0427688537591
2022-05-21,"27","11  day ahead inc hosp",2022-06-01,"quantile",0.025,32.6839654978511
2022-05-21,"27","11  day ahead inc hosp",2022-06-01,"quantile",0.05,40.9759264960301
2022-05-21,"27","11  day ahead inc hosp",2022-06-01,"quantile",0.1,50.5360264775007
2022-05-21,"27","11  day ahead inc hosp",2022-06-01,"quantile",0.15,56.9861805483226
2022-05-21,"27","11  day ahead inc hosp",2022-06-01,"quantile",0.2,62.1125585297666
2022-05-21,"27","11  day ahead inc hosp",2022-06-01,"quantile",0.25,66.5105343764949
2022-05-21,"27","11  day ahead inc hosp",2022-06-01,"quantile",0.3,70.4600526120147
2022-05-21,"27","11  day ahead inc hosp",2022-06-01,"quantile",0.35,74.1198698531038
2022-05-21,"27","11  day ahead inc hosp",2022-06-01,"quantile",0.4,77.5926785205891
2022-05-21,"27","11  day ahead inc hosp",2022-06-01,"quantile",0.45,80.9526610968684
2022-05-21,"27","11  day ahead inc hosp",2022-06-01,"quantile",0.5,84.2593724188153
2022-05-21,"27","11  day ahead inc hosp",2022-06-01,"quantile",0.55,87.5660837407623
2022-05-21,"27","11  day ahead inc hosp",2022-06-01,"quantile",0.6,90.9260663170416
2022-05-21,"27","11  day ahead inc hosp",2022-06-01,"quantile",0.65,94.3988749845269
2022-05-21,"27","11  day ahead inc hosp",2022-06-01,"quantile",0.7,98.058692225616
2022-05-21,"27","11  day ahead inc hosp",2022-06-01,"quantile",0.75,102.008210461136
2022-05-21,"27","11  day ahead inc hosp",2022-06-01,"quantile",0.8,106.406186307864
2022-05-21,"27","11  day ahead inc hosp",2022-06-01,"quantile",0.85,111.532564289308
2022-05-21,"27","11  day ahead inc hosp",2022-06-01,"quantile",0.9,117.98271836013
2022-05-21,"27","11  day ahead inc hosp",2022-06-01,"quantile",0.95,127.542818341601
2022-05-21,"27","11  day ahead inc hosp",2022-06-01,"quantile",0.975,135.83477933978
2022-05-21,"27","11  day ahead inc hosp",2022-06-01,"quantile",0.99,145.475975983872
2022-05-21,"27","12  day ahead inc hosp",2022-06-02,"quantile",0.01,17.6085835442961
2022-05-21,"27","12  day ahead inc hosp",2022-06-02,"quantile",0.025,27.8532826172663
2022-05-21,"27","12  day ahead inc hosp",2022-06-02,"quantile",0.05,36.6642889982226
2022-05-21,"27","12  day ahead inc hosp",2022-06-02,"quantile",0.1,46.8228150643506
2022-05-21,"27","12  day ahead inc hosp",2022-06-02,"quantile",0.15,53.6767243734565
2022-05-21,"27","12  day ahead inc hosp",2022-06-02,"quantile",0.2,59.1239942189872
2022-05-21,"27","12  day ahead inc hosp",2022-06-02,"quantile",0.25,63.7972667123486
2022-05-21,"27","12  day ahead inc hosp",2022-06-02,"quantile",0.3,67.9940098449454
2022-05-21,"27","12  day ahead inc hosp",2022-06-02,"quantile",0.35,71.8829177970512
2022-05-21,"27","12  day ahead inc hosp",2022-06-02,"quantile",0.4,75.573111146462
2022-05-21,"27","12  day ahead inc hosp",2022-06-02,"quantile",0.45,79.1434159182765
2022-05-21,"27","12  day ahead inc hosp",2022-06-02,"quantile",0.5,82.6571148568091
2022-05-21,"27","12  day ahead inc hosp",2022-06-02,"quantile",0.55,86.1708137953417
2022-05-21,"27","12  day ahead inc hosp",2022-06-02,"quantile",0.6,89.7411185671562
2022-05-21,"27","12  day ahead inc hosp",2022-06-02,"quantile",0.65,93.431311916567
2022-05-21,"27","12  day ahead inc hosp",2022-06-02,"quantile",0.7,97.3202198686729
2022-05-21,"27","12  day ahead inc hosp",2022-06-02,"quantile",0.75,101.51696300127
2022-05-21,"27","12  day ahead inc hosp",2022-06-02,"quantile",0.8,106.190235494631
2022-05-21,"27","12  day ahead inc hosp",2022-06-02,"quantile",0.85,111.637505340162
2022-05-21,"27","12  day ahead inc hosp",2022-06-02,"quantile",0.9,118.491414649268
2022-05-21,"27","12  day ahead inc hosp",2022-06-02,"quantile",0.95,128.649940715396
2022-05-21,"27","12  day ahead inc hosp",2022-06-02,"quantile",0.975,137.460947096352
2022-05-21,"27","12  day ahead inc hosp",2022-06-02,"quantile",0.99,147.705646169322
2022-05-21,"27","13  day ahead inc hosp",2022-06-03,"quantile",0.01,13.7850322067662
2022-05-21,"27","13  day ahead inc hosp",2022-06-03,"quantile",0.025,24.6347682512455
2022-05-21,"27","13  day ahead inc hosp",2022-06-03,"quantile",0.05,33.9661398062992
2022-05-21,"27","13  day ahead inc hosp",2022-06-03,"quantile",0.1,44.724613591952
2022-05-21,"27","13  day ahead inc hosp",2022-06-03,"quantile",0.15,51.9833047791632
2022-05-21,"27","13  day ahead inc hosp",2022-06-03,"quantile",0.2,57.7522824295653
2022-05-21,"27","13  day ahead inc hosp",2022-06-03,"quantile",0.25,62.7015515741001
2022-05-21,"27","13  day ahead inc hosp",2022-06-03,"quantile",0.3,67.1461482294858
2022-05-21,"27","13  day ahead inc hosp",2022-06-03,"quantile",0.35,71.2647294080146
2022-05-21,"27","13  day ahead inc hosp",2022-06-03,"quantile",0.4,75.1728601895068
2022-05-21,"27","13  day ahead inc hosp",2022-06-03,"quantile",0.45,78.9540219490295
2022-05-21,"27","13  day ahead inc hosp",2022-06-03,"quantile",0.5,82.6752348173928
2022-05-21,"27","13  day ahead inc hosp",2022-06-03,"quantile",0.55,86.396447685756
2022-05-21,"27","13  day ahead inc hosp",2022-06-03,"quantile",0.6,90.1776094452788
2022-05-21,"27","13  day ahead inc hosp",2022-06-03,"quantile",0.65,94.085740226771
2022-05-21,"27","13  day ahead inc hosp",2022-06-03,"quantile",0.7,98.2043214052997
2022-05-21,"27","13  day ahead inc hosp",2022-06-03,"quantile",0.75,102.648918060685
2022-05-21,"27","13  day ahead inc hosp",2022-06-03,"quantile",0.8,107.59818720522
2022-05-21,"27","13  day ahead inc hosp",2022-06-03,"quantile",0.85,113.367164855622
2022-05-21,"27","13  day ahead inc hosp",2022-06-03,"quantile",0.9,120.625856042833
2022-05-21,"27","13  day ahead inc hosp",2022-06-03,"quantile",0.95,131.384329828486
2022-05-21,"27","13  day ahead inc hosp",2022-06-03,"quantile",0.975,140.71570138354
2022-05-21,"27","13  day ahead inc hosp",2022-06-03,"quantile",0.99,151.565437428019
2022-05-21,"27","14  day ahead inc hosp",2022-06-04,"quantile",0.01,7.32153961674317
2022-05-21,"27","14  day ahead inc hosp",2022-06-04,"quantile",0.025,18.7741040347506
2022-05-21,"27","14  day ahead inc hosp",2022-06-04,"quantile",0.05,28.6239412477944
2022-05-21,"27","14  day ahead inc hosp",2022-06-04,"quantile",0.1,39.9801727325527
2022-05-21,"27","14  day ahead inc hosp",2022-06-04,"quantile",0.15,47.6421682014893
2022-05-21,"27","14  day ahead inc hosp",2022-06-04,"quantile",0.2,53.7316793100009
2022-05-21,"27","14  day ahead inc hosp",2022-06-04,"quantile",0.25,58.9559376207534
2022-05-21,"27","14  day ahead inc hosp",2022-06-04,"quantile",0.3,63.6474830463
2022-05-21,"27","14  day ahead inc hosp",2022-06-04,"quantile",0.35,67.9948990631066
2022-05-21,"27","14  day ahead inc hosp",2022-06-04,"quantile",0.4,72.1201717283169
2022-05-21,"27","14  day ahead inc hosp",2022-06-04,"quantile",0.45,76.1114207732994
2022-05-21,"27","14  day ahead inc hosp",2022-06-04,"quantile",0.5,80.0393900725833
2022-05-21,"27","14  day ahead inc hosp",2022-06-04,"quantile",0.55,83.9673593718672
2022-05-21,"27","14  day ahead inc hosp",2022-06-04,"quantile",0.6,87.9586084168497
2022-05-21,"27","14  day ahead inc hosp",2022-06-04,"quantile",0.65,92.08388108206
2022-05-21,"27","14  day ahead inc hosp",2022-06-04,"quantile",0.7,96.4312970988666
2022-05-21,"27","14  day ahead inc hosp",2022-06-04,"quantile",0.75,101.122842524413
2022-05-21,"27","14  day ahead inc hosp",2022-06-04,"quantile",0.8,106.347100835166
2022-05-21,"27","14  day ahead inc hosp",2022-06-04,"quantile",0.85,112.436611943677
2022-05-21,"27","14  day ahead inc hosp",2022-06-04,"quantile",0.9,120.098607412614
2022-05-21,"27","14  day ahead inc hosp",2022-06-04,"quantile",0.95,131.454838897372
2022-05-21,"27","14  day ahead inc hosp",2022-06-04,"quantile",0.975,141.304676110416
2022-05-21,"27","14  day ahead inc hosp",2022-06-04,"quantile",0.99,152.757240528423
2022-05-21,"27","15  day ahead inc hosp",2022-06-05,"quantile",0.01,6.07221277098412
2022-05-21,"27","15  day ahead inc hosp",2022-06-05,"quantile",0.025,18.1226426992863
2022-05-21,"27","15  day ahead inc hosp",2022-06-05,"quantile",0.05,28.4866772341489
2022-05-21,"27","15  day ahead inc hosp",2022-06-05,"quantile",0.1,40.4357452997682
2022-05-21,"27","15  day ahead inc hosp",2022-06-05,"quantile",0.15,48.4977247953136
2022-05-21,"27","15  day ahead inc hosp",2022-06-05,"quantile",0.2,54.9051305284222
2022-05-21,"27","15  day ahead inc hosp",2022-06-05,"quantile",0.25,60.4021141212049
2022-05-21,"27","15  day ahead inc hosp",2022-06-05,"quantile",0.3,65.3385752789438
2022-05-21,"27","15  day ahead inc hosp",2022-06-05,"quantile",0.35,69.9129422213671
2022-05-21,"27","15  day ahead inc hosp",2022-06-05,"quantile",0.4,74.2535691214082
2022-05-21,"27","15  day ahead inc hosp",2022-06-05,"quantile",0.45,78.4531758808638
2022-05-21,"27","15  day ahead inc hosp",2022-06-05,"quantile",0.5,82.5861994617762
2022-05-21,"27","15  day ahead inc hosp",2022-06-05,"quantile",0.55,86.7192230426886
2022-05-21,"27","15  day ahead inc hosp",2022-06-05,"quantile",0.6,90.9188298021442
2022-05-21,"27","15  day ahead inc hosp",2022-06-05,"quantile",0.65,95.2594567021853
2022-05-21,"27","15  day ahead inc hosp",2022-06-05,"quantile",0.7,99.8338236446086
2022-05-21,"27","15  day ahead inc hosp",2022-06-05,"quantile",0.75,104.770284802348
2022-05-21,"27","15  day ahead inc hosp",2022-06-05,"quantile",0.8,110.26726839513
2022-05-21,"27","15  day ahead inc hosp",2022-06-05,"quantile",0.85,116.674674128239
2022-05-21,"27","15  day ahead inc hosp",2022-06-05,"quantile",0.9,124.736653623784
2022-05-21,"27","15  day ahead inc hosp",2022-06-05,"quantile",0.95,136.685721689403
2022-05-21,"27","15  day ahead inc hosp",2022-06-05,"quantile",0.975,147.049756224266
2022-05-21,"27","15  day ahead inc hosp",2022-06-05,"quantile",0.99,159.100186152568
2022-05-21,"27","16  day ahead inc hosp",2022-06-06,"quantile",0.01,2.00913950136631
2022-05-21,"27","16  day ahead inc hosp",2022-06-06,"quantile",0.025,14.650478979812
2022-05-21,"27","16  day ahead inc hosp",2022-06-06,"quantile",0.05,25.5227283270178
2022-05-21,"27","16  day ahead inc hosp",2022-06-06,"quantile",0.1,38.0577355232157
2022-05-21,"27","16  day ahead inc hosp",2022-06-06,"quantile",0.15,46.5150453684104
2022-05-21,"27","16  day ahead inc hosp",2022-06-06,"quantile",0.2,53.2366471311931
2022-05-21,"27","16  day ahead inc hosp",2022-06-06,"quantile",0.25,59.0031829408911
2022-05-21,"27","16  day ahead inc hosp",2022-06-06,"quantile",0.3,64.1817103202815
2022-05-21,"27","16  day ahead inc hosp",2022-06-06,"quantile",0.35,68.9803876921435
2022-05-21,"27","16  day ahead inc hosp",2022-06-06,"quantile",0.4,73.5338632543573
2022-05-21,"27","16  day ahead inc hosp",2022-06-06,"quantile",0.45,77.9394035577424
2022-05-21,"27","16  day ahead inc hosp",2022-06-06,"quantile",0.5,82.2750956840478
2022-05-21,"27","16  day ahead inc hosp",2022-06-06,"quantile",0.55,86.6107878103532
2022-05-21,"27","16  day ahead inc hosp",2022-06-06,"quantile",0.6,91.0163281137383
2022-05-21,"27","16  day ahead inc hosp",2022-06-06,"quantile",0.65,95.569803675952
2022-05-21,"27","16  day ahead inc hosp",2022-06-06,"quantile",0.7,100.368481047814
2022-05-21,"27","16  day ahead inc hosp",2022-06-06,"quantile",0.75,105.547008427204
2022-05-21,"27","16  day ahead inc hosp",2022-06-06,"quantile",0.8,111.313544236902
2022-05-21,"27","16  day ahead inc hosp",2022-06-06,"quantile",0.85,118.035145999685
2022-05-21,"27","16  day ahead inc hosp",2022-06-06,"quantile",0.9,126.49245584488
2022-05-21,"27","16  day ahead inc hosp",2022-06-06,"quantile",0.95,139.027463041078
2022-05-21,"27","16  day ahead inc hosp",2022-06-06,"quantile",0.975,149.899712388284
2022-05-21,"27","16  day ahead inc hosp",2022-06-06,"quantile",0.99,162.541051866729
2022-05-21,"27","17  day ahead inc hosp",2022-06-07,"quantile",0.01,2.00605902273449
2022-05-21,"27","17  day ahead inc hosp",2022-06-07,"quantile",0.025,15.2299415892682
2022-05-21,"27","17  day ahead inc hosp",2022-06-07,"quantile",0.05,26.6032101298897
2022-05-21,"27","17  day ahead inc hosp",2022-06-07,"quantile",0.1,39.7158603688783
2022-05-21,"27","17  day ahead inc hosp",2022-06-07,"quantile",0.15,48.5629032326773
2022-05-21,"27","17  day ahead inc hosp",2022-06-07,"quantile",0.2,55.5942524438587
2022-05-21,"27","17  day ahead inc hosp",2022-06-07,"quantile",0.25,61.6265239838469
2022-05-21,"27","17  day ahead inc hosp",2022-06-07,"quantile",0.3,67.043690261946
2022-05-21,"27","17  day ahead inc hosp",2022-06-07,"quantile",0.35,72.063502137767
2022-05-21,"27","17  day ahead inc hosp",2022-06-07,"quantile",0.4,76.8268127194474
2022-05-21,"27","17  day ahead inc hosp",2022-06-07,"quantile",0.45,81.4353708325676
2022-05-21,"27","17  day ahead inc hosp",2022-06-07,"quantile",0.5,85.9708619979355
2022-05-21,"27","17  day ahead inc hosp",2022-06-07,"quantile",0.55,90.5063531633034
2022-05-21,"27","17  day ahead inc hosp",2022-06-07,"quantile",0.6,95.1149112764236
2022-05-21,"27","17  day ahead inc hosp",2022-06-07,"quantile",0.65,99.878221858104
2022-05-21,"27","17  day ahead inc hosp",2022-06-07,"quantile",0.7,104.898033733925
2022-05-21,"27","17  day ahead inc hosp",2022-06-07,"quantile",0.75,110.315200012024
2022-05-21,"27","17  day ahead inc hosp",2022-06-07,"quantile",0.8,116.347471552012
2022-05-21,"27","17  day ahead inc hosp",2022-06-07,"quantile",0.85,123.378820763194
2022-05-21,"27","17  day ahead inc hosp",2022-06-07,"quantile",0.9,132.225863626993
2022-05-21,"27","17  day ahead inc hosp",2022-06-07,"quantile",0.95,145.338513865981
2022-05-21,"27","17  day ahead inc hosp",2022-06-07,"quantile",0.975,156.711782406603
2022-05-21,"27","17  day ahead inc hosp",2022-06-07,"quantile",0.99,169.935664973137
2022-05-21,"27","18  day ahead inc hosp",2022-06-08,"quantile",0.01,0
2022-05-21,"27","18  day ahead inc hosp",2022-06-08,"quantile",0.025,13.2564131108414
2022-05-21,"27","18  day ahead inc hosp",2022-06-08,"quantile",0.05,25.1226742713804
2022-05-21,"27","18  day ahead inc hosp",2022-06-08,"quantile",0.1,38.8037134279692
2022-05-21,"27","18  day ahead inc hosp",2022-06-08,"quantile",0.15,48.0342455960407
2022-05-21,"27","18  day ahead inc hosp",2022-06-08,"quantile",0.2,55.3703799493994
2022-05-21,"27","18  day ahead inc hosp",2022-06-08,"quantile",0.25,61.6641300027922
2022-05-21,"27","18  day ahead inc hosp",2022-06-08,"quantile",0.3,67.3161120672618
2022-05-21,"27","18  day ahead inc hosp",2022-06-08,"quantile",0.35,72.5535157637027
2022-05-21,"27","18  day ahead inc hosp",2022-06-08,"quantile",0.4,77.523299704801
2022-05-21,"27","18  day ahead inc hosp",2022-06-08,"quantile",0.45,82.3316231826546
2022-05-21,"27","18  day ahead inc hosp",2022-06-08,"quantile",0.5,87.0637125083703
2022-05-21,"27","18  day ahead inc hosp",2022-06-08,"quantile",0.55,91.795801834086
2022-05-21,"27","18  day ahead inc hosp",2022-06-08,"quantile",0.6,96.6041253119396
2022-05-21,"27","18  day ahead inc hosp",2022-06-08,"quantile",0.65,101.573909253038
2022-05-21,"27","18  day ahead inc hosp",2022-06-08,"quantile",0.7,106.811312949479
2022-05-21,"27","18  day ahead inc hosp",2022-06-08,"quantile",0.75,112.463295013948
2022-05-21,"27","18  day ahead inc hosp",2022-06-08,"quantile",0.8,118.757045067341
2022-05-21,"27","18  day ahead inc hosp",2022-06-08,"quantile",0.85,126.0931794207
2022-05-21,"27","18  day ahead inc hosp",2022-06-08,"quantile",0.9,135.323711588771
2022-05-21,"27","18  day ahead inc hosp",2022-06-08,"quantile",0.95,149.00475074536
2022-05-21,"27","18  day ahead inc hosp",2022-06-08,"quantile",0.975,160.871011905899
2022-05-21,"27","18  day ahead inc hosp",2022-06-08,"quantile",0.99,174.668104934199
2022-05-21,"27","19  day ahead inc hosp",2022-06-09,"quantile",0.01,0
2022-05-21,"27","19  day ahead inc hosp",2022-06-09,"quantile",0.025,7.99579119296023
2022-05-21,"27","19  day ahead inc hosp",2022-06-09,"quantile",0.05,20.3464780903119
2022-05-21,"27","19  day ahead inc hosp",2022-06-09,"quantile",0.1,34.5860290969376
2022-05-21,"27","19  day ahead inc hosp",2022-06-09,"quantile",0.15,44.193386558688
2022-05-21,"27","19  day ahead inc hosp",2022-06-09,"quantile",0.2,51.8290097098578
2022-05-21,"27","19  day ahead inc hosp",2022-06-09,"quantile",0.25,58.3796944847844
2022-05-21,"27","19  day ahead inc hosp",2022-06-09,"quantile",0.3,64.2624118700926
2022-05-21,"27","19  day ahead inc hosp",2022-06-09,"quantile",0.35,69.7136262277274
2022-05-21,"27","19  day ahead inc hosp",2022-06-09,"quantile",0.4,74.8862955777085
2022-05-21,"27","19  day ahead inc hosp",2022-06-09,"quantile",0.45,79.89091303663
2022-05-21,"27","19  day ahead inc hosp",2022-06-09,"quantile",0.5,84.8161841765043
2022-05-21,"27","19  day ahead inc hosp",2022-06-09,"quantile",0.55,89.7414553163786
2022-05-21,"27","19  day ahead inc hosp",2022-06-09,"quantile",0.6,94.7460727753001
2022-05-21,"27","19  day ahead inc hosp",2022-06-09,"quantile",0.65,99.9187421252812
2022-05-21,"27","19  day ahead inc hosp",2022-06-09,"quantile",0.7,105.369956482916
2022-05-21,"27","19  day ahead inc hosp",2022-06-09,"quantile",0.75,111.252673868224
2022-05-21,"27","19  day ahead inc hosp",2022-06-09,"quantile",0.8,117.803358643151
2022-05-21,"27","19  day ahead inc hosp",2022-06-09,"quantile",0.85,125.438981794321
2022-05-21,"27","19  day ahead inc hosp",2022-06-09,"quantile",0.9,135.046339256071
2022-05-21,"27","19  day ahead inc hosp",2022-06-09,"quantile",0.95,149.285890262697
2022-05-21,"27","19  day ahead inc hosp",2022-06-09,"quantile",0.975,161.636577160048
2022-05-21,"27","19  day ahead inc hosp",2022-06-09,"quantile",0.99,175.996919797107
2022-05-21,"27","20  day ahead inc hosp",2022-06-10,"quantile",0.01,0
2022-05-21,"27","20  day ahead inc hosp",2022-06-10,"quantile",0.025,5.03849225047243
2022-05-21,"27","20  day ahead inc hosp",2022-06-10,"quantile",0.05,17.8647180681
2022-05-21,"27","20  day ahead inc hosp",2022-06-10,"quantile",0.1,32.652534994442
2022-05-21,"27","20  day ahead inc hosp",2022-06-10,"quantile",0.15,42.6298048693266
2022-05-21,"27","20  day ahead inc hosp",2022-06-10,"quantile",0.2,50.5594226799934
2022-05-21,"27","20  day ahead inc hosp",2022-06-10,"quantile",0.25,57.3623286949876
2022-05-21,"27","20  day ahead inc hosp",2022-06-10,"quantile",0.3,63.4715485491016
2022-05-21,"27","20  day ahead inc hosp",2022-06-10,"quantile",0.35,69.1326511997007
2022-05-21,"27","20  day ahead inc hosp",2022-06-10,"quantile",0.4,74.5044840146841
2022-05-21,"27","20  day ahead inc hosp",2022-06-10,"quantile",0.45,79.7017944308952
2022-05-21,"27","20  day ahead inc hosp",2022-06-10,"quantile",0.5,84.8167034540215
2022-05-21,"27","20  day ahead inc hosp",2022-06-10,"quantile",0.55,89.9316124771478
2022-05-21,"27","20  day ahead inc hosp",2022-06-10,"quantile",0.6,95.1289228933589
2022-05-21,"27","20  day ahead inc hosp",2022-06-10,"quantile",0.65,100.500755708342
2022-05-21,"27","20  day ahead inc hosp",2022-06-10,"quantile",0.7,106.161858358941
2022-05-21,"27","20  day ahead inc hosp",2022-06-10,"quantile",0.75,112.271078213055
2022-05-21,"27","20  day ahead inc hosp",2022-06-10,"quantile",0.8,119.07398422805
2022-05-21,"27","20  day ahead inc hosp",2022-06-10,"quantile",0.85,127.003602038716
2022-05-21,"27","20  day ahead inc hosp",2022-06-10,"quantile",0.9,136.980871913601
2022-05-21,"27","20  day ahead inc hosp",2022-06-10,"quantile",0.95,151.768688839943
2022-05-21,"27","20  day ahead inc hosp",2022-06-10,"quantile",0.975,164.594914657571
2022-05-21,"27","20  day ahead inc hosp",2022-06-10,"quantile",0.99,179.508174058626
2022-05-21,"27","21  day ahead inc hosp",2022-06-11,"quantile",0.01,0
2022-05-21,"27","21  day ahead inc hosp",2022-06-11,"quantile",0.025,1.63763671573905
2022-05-21,"27","21  day ahead inc hosp",2022-06-11,"quantile",0.05,14.9303611286665
2022-05-21,"27","21  day ahead inc hosp",2022-06-11,"quantile",0.1,30.2560210590049
2022-05-21,"27","21  day ahead inc hosp",2022-06-11,"quantile",0.15,40.5961710552706
2022-05-21,"27","21  day ahead inc hosp",2022-06-11,"quantile",0.2,48.8141944828772
2022-05-21,"27","21  day ahead inc hosp",2022-06-11,"quantile",0.25,55.8645268370825
2022-05-21,"27","21  day ahead inc hosp",2022-06-11,"quantile",0.3,62.1959431908407
2022-05-21,"27","21  day ahead inc hosp",2022-06-11,"quantile",0.35,68.0629440122582
2022-05-21,"27","21  day ahead inc hosp",2022-06-11,"quantile",0.4,73.6301540565222
2022-05-21,"27","21  day ahead inc hosp",2022-06-11,"quantile",0.45,79.0164942031445
2022-05-21,"27","21  day ahead inc hosp",2022-06-11,"quantile",0.5,84.3174359617226
2022-05-21,"27","21  day ahead inc hosp",2022-06-11,"quantile",0.55,89.6183777203007
2022-05-21,"27","21  day ahead inc hosp",2022-06-11,"quantile",0.6,95.004717866923
2022-05-21,"27","21  day ahead inc hosp",2022-06-11,"quantile",0.65,100.571927911187
2022-05-21,"27","21  day ahead inc hosp",2022-06-11,"quantile",0.7,106.438928732604
2022-05-21,"27","21  day ahead inc hosp",2022-06-11,"quantile",0.75,112.770345086363
2022-05-21,"27","21  day ahead inc hosp",2022-06-11,"quantile",0.8,119.820677440568
2022-05-21,"27","21  day ahead inc hosp",2022-06-11,"quantile",0.85,128.038700868175
2022-05-21,"27","21  day ahead inc hosp",2022-06-11,"quantile",0.9,138.37885086444
2022-05-21,"27","21  day ahead inc hosp",2022-06-11,"quantile",0.95,153.704510794779
2022-05-21,"27","21  day ahead inc hosp",2022-06-11,"quantile",0.975,166.997235207706
2022-05-21,"27","21  day ahead inc hosp",2022-06-11,"quantile",0.99,182.45290004126
2022-05-21,"27","22  day ahead inc hosp",2022-06-12,"quantile",0.01,0
2022-05-21,"27","22  day ahead inc hosp",2022-06-12,"quantile",0.025,0
2022-05-21,"27","22  day ahead inc hosp",2022-06-12,"quantile",0.05,11.6573880068356
2022-05-21,"27","22  day ahead inc hosp",2022-06-12,"quantile",0.1,27.780793748606
2022-05-21,"27","22  day ahead inc hosp",2022-06-12,"quantile",0.15,38.6591790565382
2022-05-21,"27","22  day ahead inc hosp",2022-06-12,"quantile",0.2,47.3049748474506
2022-05-21,"27","22  day ahead inc hosp",2022-06-12,"quantile",0.25,54.7222977997989
2022-05-21,"27","22  day ahead inc hosp",2022-06-12,"quantile",0.3,61.3832830530107
2022-05-21,"27","22  day ahead inc hosp",2022-06-12,"quantile",0.35,67.5556785753565
2022-05-21,"27","22  day ahead inc hosp",2022-06-12,"quantile",0.4,73.4126783261884
2022-05-21,"27","22  day ahead inc hosp",2022-06-12,"quantile",0.45,79.0793933676242
2022-05-21,"27","22  day ahead inc hosp",2022-06-12,"quantile",0.5,84.6562647829853
2022-05-21,"27","22  day ahead inc hosp",2022-06-12,"quantile",0.55,90.2331361983463
2022-05-21,"27","22  day ahead inc hosp",2022-06-12,"quantile",0.6,95.8998512397821
2022-05-21,"27","22  day ahead inc hosp",2022-06-12,"quantile",0.65,101.756850990614
2022-05-21,"27","22  day ahead inc hosp",2022-06-12,"quantile",0.7,107.92924651296
2022-05-21,"27","22  day ahead inc hosp",2022-06-12,"quantile",0.75,114.590231766172
2022-05-21,"27","22  day ahead inc hosp",2022-06-12,"quantile",0.8,122.00755471852
2022-05-21,"27","22  day ahead inc hosp",2022-06-12,"quantile",0.85,130.653350509432
2022-05-21,"27","22  day ahead inc hosp",2022-06-12,"quantile",0.9,141.531735817364
2022-05-21,"27","22  day ahead inc hosp",2022-06-12,"quantile",0.95,157.655141559135
2022-05-21,"27","22  day ahead inc hosp",2022-06-12,"quantile",0.975,171.639791492473
2022-05-21,"27","22  day ahead inc hosp",2022-06-12,"quantile",0.99,187.899969276197
2022-05-21,"27","23  day ahead inc hosp",2022-06-13,"quantile",0.01,0
2022-05-21,"27","23  day ahead inc hosp",2022-06-13,"quantile",0.025,0
2022-05-21,"27","23  day ahead inc hosp",2022-06-13,"quantile",0.05,13.3342397784884
2022-05-21,"27","23  day ahead inc hosp",2022-06-13,"quantile",0.1,30.0690973989306
2022-05-21,"27","23  day ahead inc hosp",2022-06-13,"quantile",0.15,41.3600263865283
2022-05-21,"27","23  day ahead inc hosp",2022-06-13,"quantile",0.2,50.3336988161381
2022-05-21,"27","23  day ahead inc hosp",2022-06-13,"quantile",0.25,58.0323107297992
2022-05-21,"27","23  day ahead inc hosp",2022-06-13,"quantile",0.3,64.9459021638709
2022-05-21,"27","23  day ahead inc hosp",2022-06-13,"quantile",0.35,71.3523749586298
2022-05-21,"27","23  day ahead inc hosp",2022-06-13,"quantile",0.4,77.4314911505154
2022-05-21,"27","23  day ahead inc hosp",2022-06-13,"quantile",0.45,83.3131064192033
2022-05-21,"27","23  day ahead inc hosp",2022-06-13,"quantile",0.5,89.1014708999034
2022-05-21,"27","23  day ahead inc hosp",2022-06-13,"quantile",0.55,94.8898353806036
2022-05-21,"27","23  day ahead inc hosp",2022-06-13,"quantile",0.6,100.771450649291
2022-05-21,"27","23  day ahead inc hosp",2022-06-13,"quantile",0.65,106.850566841177
2022-05-21,"27","23  day ahead inc hosp",2022-06-13,"quantile",0.7,113.257039635936
2022-05-21,"27","23  day ahead inc hosp",2022-06-13,"quantile",0.75,120.170631070008
2022-05-21,"27","23  day ahead inc hosp",2022-06-13,"quantile",0.8,127.869242983669
2022-05-21,"27","23  day ahead inc hosp",2022-06-13,"quantile",0.85,136.842915413279
2022-05-21,"27","23  day ahead inc hosp",2022-06-13,"quantile",0.9,148.133844400876
2022-05-21,"27","23  day ahead inc hosp",2022-06-13,"quantile",0.95,164.868702021318
2022-05-21,"27","23  day ahead inc hosp",2022-06-13,"quantile",0.975,179.383695271153
2022-05-21,"27","23  day ahead inc hosp",2022-06-13,"quantile",0.99,196.260511773311
2022-05-21,"27","24  day ahead inc hosp",2022-06-14,"quantile",0.01,0
2022-05-21,"27","24  day ahead inc hosp",2022-06-14,"quantile",0.025,0
2022-05-21,"27","24  day ahead inc hosp",2022-06-14,"quantile",0.05,11.0487086487062
2022-05-21,"27","24  day ahead inc hosp",2022-06-14,"quantile",0.1,28.3409168096424
2022-05-21,"27","24  day ahead inc hosp",2022-06-14,"quantile",0.15,40.0078875608837
2022-05-21,"27","24  day ahead inc hosp",2022-06-14,"quantile",0.2,49.280426063471
2022-05-21,"27","24  day ahead inc hosp",2022-06-14,"quantile",0.25,57.2354384562072
2022-05-21,"27","24  day ahead inc hosp",2022-06-14,"quantile",0.3,64.3792854448781
2022-05-21,"27","24  day ahead inc hosp",2022-06-14,"quantile",0.35,70.9991243259105
2022-05-21,"27","24  day ahead inc hosp",2022-06-14,"quantile",0.4,77.2807040685546
2022-05-21,"27","24  day ahead inc hosp",2022-06-14,"quantile",0.45,83.358205165693
2022-05-21,"27","24  day ahead inc hosp",2022-06-14,"quantile",0.5,89.3393497790399
2022-05-21,"27","24  day ahead inc hosp",2022-06-14,"quantile",0.55,95.3204943923869
2022-05-21,"27","24  day ahead inc hosp",2022-06-14,"quantile",0.6,101.397995489525
2022-05-21,"27","24  day ahead inc hosp",2022-06-14,"quantile",0.65,107.679575232169
2022-05-21,"27","24  day ahead inc hosp",2022-06-14,"quantile",0.7,114.299414113202
2022-05-21,"27","24  day ahead inc hosp",2022-06-14,"quantile",0.75,121.443261101873
2022-05-21,"27","24  day ahead inc hosp",2022-06-14,"quantile",0.8,129.398273494609
2022-05-21,"27","24  day ahead inc hosp",2022-06-14,"quantile",0.85,138.670811997196
2022-05-21,"27","24  day ahead inc hosp",2022-06-14,"quantile",0.9,150.337782748437
2022-05-21,"27","24  day ahead inc hosp",2022-06-14,"quantile",0.95,167.629990909374
2022-05-21,"27","24  day ahead inc hosp",2022-06-14,"quantile",0.975,182.628402633183
2022-05-21,"27","24  day ahead inc hosp",2022-06-14,"quantile",0.99,200.067297583371
2022-05-21,"27","25  day ahead inc hosp",2022-06-15,"quantile",0.01,0
2022-05-21,"27","25  day ahead inc hosp",2022-06-15,"quantile",0.025,0
2022-05-21,"27","25  day ahead inc hosp",2022-06-15,"quantile",0.05,8.43245497921588
2022-05-21,"27","25  day ahead inc hosp",2022-06-15,"quantile",0.1,26.2865900996191
2022-05-21,"27","25  day ahead inc hosp",2022-06-15,"quantile",0.15,38.3326903026586
2022-05-21,"27","25  day ahead inc hosp",2022-06-15,"quantile",0.2,47.9065488748868
2022-05-21,"27","25  day ahead inc hosp",2022-06-15,"quantile",0.25,56.1200670573272
2022-05-21,"27","25  day ahead inc hosp",2022-06-15,"quantile",0.3,63.4960602346098
2022-05-21,"27","25  day ahead inc hosp",2022-06-15,"quantile",0.35,70.331017156089
2022-05-21,"27","25  day ahead inc hosp",2022-06-15,"quantile",0.4,76.8167228826782
2022-05-21,"27","25  day ahead inc hosp",2022-06-15,"quantile",0.45,83.0917182316142
2022-05-21,"27","25  day ahead inc hosp",2022-06-15,"quantile",0.5,89.2672259000106
2022-05-21,"27","25  day ahead inc hosp",2022-06-15,"quantile",0.55,95.442733568407
2022-05-21,"27","25  day ahead inc hosp",2022-06-15,"quantile",0.6,101.717728917343
2022-05-21,"27","25  day ahead inc hosp",2022-06-15,"quantile",0.65,108.203434643932
2022-05-21,"27","25  day ahead inc hosp",2022-06-15,"quantile",0.7,115.038391565411
2022-05-21,"27","25  day ahead inc hosp",2022-06-15,"quantile",0.75,122.414384742694
2022-05-21,"27","25  day ahead inc hosp",2022-06-15,"quantile",0.8,130.627902925134
2022-05-21,"27","25  day ahead inc hosp",2022-06-15,"quantile",0.85,140.201761497363
2022-05-21,"27","25  day ahead inc hosp",2022-06-15,"quantile",0.9,152.247861700402
2022-05-21,"27","25  day ahead inc hosp",2022-06-15,"quantile",0.95,170.101996820805
2022-05-21,"27","25  day ahead inc hosp",2022-06-15,"quantile",0.975,185.587796379549
2022-05-21,"27","25  day ahead inc hosp",2022-06-15,"quantile",0.99,203.593385017704
2022-05-21,"27","26  day ahead inc hosp",2022-06-16,"quantile",0.01,0
2022-05-21,"27","26  day ahead inc hosp",2022-06-16,"quantile",0.025,0
2022-05-21,"27","26  day ahead inc hosp",2022-06-16,"quantile",0.05,6.27223511970521
2022-05-21,"27","26  day ahead inc hosp",2022-06-16,"quantile",0.1,24.6900308751981
2022-05-21,"27","26  day ahead inc hosp",2022-06-16,"quantile",0.15,37.1164302327478
2022-05-21,"27","26  day ahead inc hosp",2022-06-16,"quantile",0.2,46.9925385172522
2022-05-21,"27","26  day ahead inc hosp",2022-06-16,"quantile",0.25,55.4653600400008
2022-05-21,"27","26  day ahead inc hosp",2022-06-16,"quantile",0.3,63.0742156309868
2022-05-21,"27","26  day ahead inc hosp",2022-06-16,"quantile",0.35,70.1249542821993
2022-05-21,"27","26  day ahead inc hosp",2022-06-16,"quantile",0.4,76.815415768964
2022-05-21,"27","26  day ahead inc hosp",2022-06-16,"quantile",0.45,83.2885146854888
2022-05-21,"27","26  day ahead inc hosp",2022-06-16,"quantile",0.5,89.6589850642543
2022-05-21,"27","26  day ahead inc hosp",2022-06-16,"quantile",0.55,96.0294554430198
2022-05-21,"27","26  day ahead inc hosp",2022-06-16,"quantile",0.6,102.502554359545
2022-05-21,"27","26  day ahead inc hosp",2022-06-16,"quantile",0.65,109.193015846309
2022-05-21,"27","26  day ahead inc hosp",2022-06-16,"quantile",0.7,116.243754497522
2022-05-21,"27","26  day ahead inc hosp",2022-06-16,"quantile",0.75,123.852610088508
2022-05-21,"27","26  day ahead inc hosp",2022-06-16,"quantile",0.8,132.325431611256
2022-05-21,"27","26  day ahead inc hosp",2022-06-16,"quantile",0.85,142.201539895761
2022-05-21,"27","26  day ahead inc hosp",2022-06-16,"quantile",0.9,154.627939253311
2022-05-21,"27","26  day ahead inc hosp",2022-06-16,"quantile",0.95,173.045735008803
2022-05-21,"27","26  day ahead inc hosp",2022-06-16,"quantile",0.975,189.020426107534
2022-05-21,"27","26  day ahead inc hosp",2022-06-16,"quantile",0.99,207.594456815748
2022-05-21,"27","27  day ahead inc hosp",2022-06-17,"quantile",0.01,0
2022-05-21,"27","27  day ahead inc hosp",2022-06-17,"quantile",0.025,0
2022-05-21,"27","27  day ahead inc hosp",2022-06-17,"quantile",0.05,5.474655855718
2022-05-21,"27","27  day ahead inc hosp",2022-06-17,"quantile",0.1,24.4555628940729
2022-05-21,"27","27  day ahead inc hosp",2022-06-17,"quantile",0.15,37.2618907607927
2022-05-21,"27","27  day ahead inc hosp",2022-06-17,"quantile",0.2,47.4399541804067
2022-05-21,"27","27  day ahead inc hosp",2022-06-17,"quantile",0.25,56.1718263224843
2022-05-21,"27","27  day ahead inc hosp",2022-06-17,"quantile",0.3,64.0133173759237
2022-05-21,"27","27  day ahead inc hosp",2022-06-17,"quantile",0.35,71.2796274527139
2022-05-21,"27","27  day ahead inc hosp",2022-06-17,"quantile",0.4,78.1746451415761
2022-05-21,"27","27  day ahead inc hosp",2022-06-17,"quantile",0.45,84.8456545509399
2022-05-21,"27","27  day ahead inc hosp",2022-06-17,"quantile",0.5,91.4108976264517
2022-05-21,"27","27  day ahead inc hosp",2022-06-17,"quantile",0.55,97.9761407019635
2022-05-21,"27","27  day ahead inc hosp",2022-06-17,"quantile",0.6,104.647150111327
2022-05-21,"27","27  day ahead inc hosp",2022-06-17,"quantile",0.65,111.54216780019
2022-05-21,"27","27  day ahead inc hosp",2022-06-17,"quantile",0.7,118.80847787698
2022-05-21,"27","27  day ahead inc hosp",2022-06-17,"quantile",0.75,126.649968930419
2022-05-21,"27","27  day ahead inc hosp",2022-06-17,"quantile",0.8,135.381841072497
2022-05-21,"27","27  day ahead inc hosp",2022-06-17,"quantile",0.85,145.559904492111
2022-05-21,"27","27  day ahead inc hosp",2022-06-17,"quantile",0.9,158.366232358831
2022-05-21,"27","27  day ahead inc hosp",2022-06-17,"quantile",0.95,177.347139397185
2022-05-21,"27","27  day ahead inc hosp",2022-06-17,"quantile",0.975,193.810245554773
2022-05-21,"27","27  day ahead inc hosp",2022-06-17,"quantile",0.99,212.952164320758
2022-05-21,"27","28  day ahead inc hosp",2022-06-18,"quantile",0.01,0
2022-05-21,"27","28  day ahead inc hosp",2022-06-18,"quantile",0.025,0
2022-05-21,"27","28  day ahead inc hosp",2022-06-18,"quantile",0.05,2.3025394733655
2022-05-21,"27","28  day ahead inc hosp",2022-06-18,"quantile",0.1,21.8441967836836
2022-05-21,"27","28  day ahead inc hosp",2022-06-18,"quantile",0.15,35.0288601967291
2022-05-21,"27","28  day ahead inc hosp",2022-06-18,"quantile",0.2,45.5076127150819
2022-05-21,"27","28  day ahead inc hosp",2022-06-18,"quantile",0.25,54.4974493300123
2022-05-21,"27","28  day ahead inc hosp",2022-06-18,"quantile",0.3,62.5706004528008
2022-05-21,"27","28  day ahead inc hosp",2022-06-18,"quantile",0.35,70.0515781080947
2022-05-21,"27","28  day ahead inc hosp",2022-06-18,"quantile",0.4,77.1502943365687
2022-05-21,"27","28  day ahead inc hosp",2022-06-18,"quantile",0.45,84.0183844403909
2022-05-21,"27","28  day ahead inc hosp",2022-06-18,"quantile",0.5,90.7775835704084
2022-05-21,"27","28  day ahead inc hosp",2022-06-18,"quantile",0.55,97.5367827004259
2022-05-21,"27","28  day ahead inc hosp",2022-06-18,"quantile",0.6,104.404872804248
2022-05-21,"27","28  day ahead inc hosp",2022-06-18,"quantile",0.65,111.503589032722
2022-05-21,"27","28  day ahead inc hosp",2022-06-18,"quantile",0.7,118.984566688016
2022-05-21,"27","28  day ahead inc hosp",2022-06-18,"quantile",0.75,127.057717810804
2022-05-21,"27","28  day ahead inc hosp",2022-06-18,"quantile",0.8,136.047554425735
2022-05-21,"27","28  day ahead inc hosp",2022-06-18,"quantile",0.85,146.526306944088
2022-05-21,"27","28  day ahead inc hosp",2022-06-18,"quantile",0.9,159.710970357133
2022-05-21,"27","28  day ahead inc hosp",2022-06-18,"quantile",0.95,179.252627667451
2022-05-21,"27","28  day ahead inc hosp",2022-06-18,"quantile",0.975,196.202101059048
2022-05-21,"27","28  day ahead inc hosp",2022-06-18,"quantile",0.99,215.909526843862
2022-05-21,"27","29  day ahead inc hosp",2022-06-19,"quantile",0.01,0
2022-05-21,"27","29  day ahead inc hosp",2022-06-19,"quantile",0.025,0
2022-05-21,"27","29  day ahead inc hosp",2022-06-19,"quantile",0.05,0
2022-05-21,"27","29  day ahead inc hosp",2022-06-19,"quantile",0.1,18.9072562857007
2022-05-21,"27","29  day ahead inc hosp",2022-06-19,"quantile",0.15,32.4677046336062
2022-05-21,"27","29  day ahead inc hosp",2022-06-19,"quantile",0.2,43.2451191055608
2022-05-21,"27","29  day ahead inc hosp",2022-06-19,"quantile",0.25,52.491181083317
2022-05-21,"27","29  day ahead inc hosp",2022-06-19,"quantile",0.3,60.7944305009008
2022-05-21,"27","29  day ahead inc hosp",2022-06-19,"quantile",0.35,68.4886285178235
2022-05-21,"27","29  day ahead inc hosp",2022-06-19,"quantile",0.4,75.7896700186186
2022-05-21,"27","29  day ahead inc hosp",2022-06-19,"quantile",0.45,82.8535121649028
2022-05-21,"27","29  day ahead inc hosp",2022-06-19,"quantile",0.5,89.8053597627049
2022-05-21,"27","29  day ahead inc hosp",2022-06-19,"quantile",0.55,96.7572073605071
2022-05-21,"27","29  day ahead inc hosp",2022-06-19,"quantile",0.6,103.821049506791
2022-05-21,"27","29  day ahead inc hosp",2022-06-19,"quantile",0.65,111.122091007586
2022-05-21,"27","29  day ahead inc hosp",2022-06-19,"quantile",0.7,118.816289024509
2022-05-21,"27","29  day ahead inc hosp",2022-06-19,"quantile",0.75,127.119538442093
2022-05-21,"27","29  day ahead inc hosp",2022-06-19,"quantile",0.8,136.365600419849
2022-05-21,"27","29  day ahead inc hosp",2022-06-19,"quantile",0.85,147.143014891804
2022-05-21,"27","29  day ahead inc hosp",2022-06-19,"quantile",0.9,160.703463239709
2022-05-21,"27","29  day ahead inc hosp",2022-06-19,"quantile",0.95,180.802090431575
2022-05-21,"27","29  day ahead inc hosp",2022-06-19,"quantile",0.975,198.23465213228
2022-05-21,"27","29  day ahead inc hosp",2022-06-19,"quantile",0.99,218.503772477114
2022-05-21,"27","30  day ahead inc hosp",2022-06-20,"quantile",0.01,0
2022-05-21,"27","30  day ahead inc hosp",2022-06-20,"quantile",0.025,0
2022-05-21,"27","30  day ahead inc hosp",2022-06-20,"quantile",0.05,0
2022-05-21,"27","30  day ahead inc hosp",2022-06-20,"quantile",0.1,17.2104261303919
2022-05-21,"27","30  day ahead inc hosp",2022-06-20,"quantile",0.15,31.1433694159043
2022-05-21,"27","30  day ahead inc hosp",2022-06-20,"quantile",0.2,42.2168310559391
2022-05-21,"27","30  day ahead inc hosp",2022-06-20,"quantile",0.25,51.7168751433684
2022-05-21,"27","30  day ahead inc hosp",2022-06-20,"quantile",0.3,60.2482083450857
2022-05-21,"27","30  day ahead inc hosp",2022-06-20,"quantile",0.35,68.153759979287
2022-05-21,"27","30  day ahead inc hosp",2022-06-20,"quantile",0.4,75.6553553945641
2022-05-21,"27","30  day ahead inc hosp",2022-06-20,"quantile",0.45,82.9132357741012
2022-05-21,"27","30  day ahead inc hosp",2022-06-20,"quantile",0.5,90.0560452022765
2022-05-21,"27","30  day ahead inc hosp",2022-06-20,"quantile",0.55,97.1988546304517
2022-05-21,"27","30  day ahead inc hosp",2022-06-20,"quantile",0.6,104.456735009989
2022-05-21,"27","30  day ahead inc hosp",2022-06-20,"quantile",0.65,111.958330425266
2022-05-21,"27","30  day ahead inc hosp",2022-06-20,"quantile",0.7,119.863882059467
2022-05-21,"27","30  day ahead inc hosp",2022-06-20,"quantile",0.75,128.395215261185
2022-05-21,"27","30  day ahead inc hosp",2022-06-20,"quantile",0.8,137.895259348614
2022-05-21,"27","30  day ahead inc hosp",2022-06-20,"quantile",0.85,148.968720988649
2022-05-21,"27","30  day ahead inc hosp",2022-06-20,"quantile",0.9,162.901664274161
2022-05-21,"27","30  day ahead inc hosp",2022-06-20,"quantile",0.95,183.552385076042
2022-05-21,"27","30  day ahead inc hosp",2022-06-20,"quantile",0.975,201.463805647518
2022-05-21,"27","30  day ahead inc hosp",2022-06-20,"quantile",0.99,222.289702916278
2022-05-21,"27","31  day ahead inc hosp",2022-06-21,"quantile",0.01,0
2022-05-21,"27","31  day ahead inc hosp",2022-06-21,"quantile",0.025,0
2022-05-21,"27","31  day ahead inc hosp",2022-06-21,"quantile",0.05,0
2022-05-21,"27","31  day ahead inc hosp",2022-06-21,"quantile",0.1,15.8764682787033
2022-05-21,"27","31  day ahead inc hosp",2022-06-21,"quantile",0.15,30.1780558078249
2022-05-21,"27","31  day ahead inc hosp",2022-06-21,"quantile",0.2,41.54450420642
2022-05-21,"27","31  day ahead inc hosp",2022-06-21,"quantile",0.25,51.2959048446584
2022-05-21,"27","31  day ahead inc hosp",2022-06-21,"quantile",0.3,60.052963997503
2022-05-21,"27","31  day ahead inc hosp",2022-06-21,"quantile",0.35,68.1676843653152
2022-05-21,"27","31  day ahead inc hosp",2022-06-21,"quantile",0.4,75.8677604541341
2022-05-21,"27","31  day ahead inc hosp",2022-06-21,"quantile",0.45,83.317673182321
2022-05-21,"27","31  day ahead inc hosp",2022-06-21,"quantile",0.5,90.6494703588087
2022-05-21,"27","31  day ahead inc hosp",2022-06-21,"quantile",0.55,97.9812675352964
2022-05-21,"27","31  day ahead inc hosp",2022-06-21,"quantile",0.6,105.431180263483
2022-05-21,"27","31  day ahead inc hosp",2022-06-21,"quantile",0.65,113.131256352302
2022-05-21,"27","31  day ahead inc hosp",2022-06-21,"quantile",0.7,121.245976720114
2022-05-21,"27","31  day ahead inc hosp",2022-06-21,"quantile",0.75,130.003035872959
2022-05-21,"27","31  day ahead inc hosp",2022-06-21,"quantile",0.8,139.754436511197
2022-05-21,"27","31  day ahead inc hosp",2022-06-21,"quantile",0.85,151.120884909792
2022-05-21,"27","31  day ahead inc hosp",2022-06-21,"quantile",0.9,165.422472438914
2022-05-21,"27","31  day ahead inc hosp",2022-06-21,"quantile",0.95,186.619579542239
2022-05-21,"27","31  day ahead inc hosp",2022-06-21,"quantile",0.975,205.004908745454
2022-05-21,"27","31  day ahead inc hosp",2022-06-21,"quantile",0.99,226.381827215463
2022-05-21,"27","32  day ahead inc hosp",2022-06-22,"quantile",0.01,0
2022-05-21,"27","32  day ahead inc hosp",2022-06-22,"quantile",0.025,0
2022-05-21,"27","32  day ahead inc hosp",2022-06-22,"quantile",0.05,0
2022-05-21,"27","32  day ahead inc hosp",2022-06-22,"quantile",0.1,13.6848917588279
2022-05-21,"27","32  day ahead inc hosp",2022-06-22,"quantile",0.15,28.3508575406809
2022-05-21,"27","32  day ahead inc hosp",2022-06-22,"quantile",0.2,40.0069022235212
2022-05-21,"27","32  day ahead inc hosp",2022-06-22,"quantile",0.25,50.0067506874999
2022-05-21,"27","32  day ahead inc hosp",2022-06-22,"quantile",0.3,58.9869236664622
2022-05-21,"27","32  day ahead inc hosp",2022-06-22,"quantile",0.35,67.3083922447795
2022-05-21,"27","32  day ahead inc hosp",2022-06-22,"quantile",0.4,75.2046521674161
2022-05-21,"27","32  day ahead inc hosp",2022-06-22,"quantile",0.45,82.8443750252386
2022-05-21,"27","32  day ahead inc hosp",2022-06-22,"quantile",0.5,90.3629729634676
2022-05-21,"27","32  day ahead inc hosp",2022-06-22,"quantile",0.55,97.8815709016966
2022-05-21,"27","32  day ahead inc hosp",2022-06-22,"quantile",0.6,105.521293759519
2022-05-21,"27","32  day ahead inc hosp",2022-06-22,"quantile",0.65,113.417553682156
2022-05-21,"27","32  day ahead inc hosp",2022-06-22,"quantile",0.7,121.739022260473
2022-05-21,"27","32  day ahead inc hosp",2022-06-22,"quantile",0.75,130.719195239435
2022-05-21,"27","32  day ahead inc hosp",2022-06-22,"quantile",0.8,140.719043703414
2022-05-21,"27","32  day ahead inc hosp",2022-06-22,"quantile",0.85,152.375088386254
2022-05-21,"27","32  day ahead inc hosp",2022-06-22,"quantile",0.9,167.041054168107
2022-05-21,"27","32  day ahead inc hosp",2022-06-22,"quantile",0.95,188.778224731768
2022-05-21,"27","32  day ahead inc hosp",2022-06-22,"quantile",0.975,207.631978445012
2022-05-21,"27","32  day ahead inc hosp",2022-06-22,"quantile",0.99,229.553541639603
2022-05-21,"27","33  day ahead inc hosp",2022-06-23,"quantile",0.01,0
2022-05-21,"27","33  day ahead inc hosp",2022-06-23,"quantile",0.025,0
2022-05-21,"27","33  day ahead inc hosp",2022-06-23,"quantile",0.05,0
2022-05-21,"27","33  day ahead inc hosp",2022-06-23,"quantile",0.1,12.6968588317722
2022-05-21,"27","33  day ahead inc hosp",2022-06-23,"quantile",0.15,27.7226392477812
2022-05-21,"27","33  day ahead inc hosp",2022-06-23,"quantile",0.2,39.6646531954927
2022-05-21,"27","33  day ahead inc hosp",2022-06-23,"quantile",0.25,49.9098378255446
2022-05-21,"27","33  day ahead inc hosp",2022-06-23,"quantile",0.3,59.1103302640737
2022-05-21,"27","33  day ahead inc hosp",2022-06-23,"quantile",0.35,67.6359576558428
2022-05-21,"27","33  day ahead inc hosp",2022-06-23,"quantile",0.4,75.7259443277113
2022-05-21,"27","33  day ahead inc hosp",2022-06-23,"quantile",0.45,83.553100057397
2022-05-21,"27","33  day ahead inc hosp",2022-06-23,"quantile",0.5,91.2561591901187
2022-05-21,"27","33  day ahead inc hosp",2022-06-23,"quantile",0.55,98.9592183228404
2022-05-21,"27","33  day ahead inc hosp",2022-06-23,"quantile",0.6,106.786374052526
2022-05-21,"27","33  day ahead inc hosp",2022-06-23,"quantile",0.65,114.876360724395
2022-05-21,"27","33  day ahead inc hosp",2022-06-23,"quantile",0.7,123.401988116164
2022-05-21,"27","33  day ahead inc hosp",2022-06-23,"quantile",0.75,132.602480554693
2022-05-21,"27","33  day ahead inc hosp",2022-06-23,"quantile",0.8,142.847665184745
2022-05-21,"27","33  day ahead inc hosp",2022-06-23,"quantile",0.85,154.789679132456
2022-05-21,"27","33  day ahead inc hosp",2022-06-23,"quantile",0.9,169.815459548465
2022-05-21,"27","33  day ahead inc hosp",2022-06-23,"quantile",0.95,192.085929602271
2022-05-21,"27","33  day ahead inc hosp",2022-06-23,"quantile",0.975,211.402241090141
2022-05-21,"27","33  day ahead inc hosp",2022-06-23,"quantile",0.99,233.861627661543
2022-05-21,"27","34  day ahead inc hosp",2022-06-24,"quantile",0.01,0
2022-05-21,"27","34  day ahead inc hosp",2022-06-24,"quantile",0.025,0
2022-05-21,"27","34  day ahead inc hosp",2022-06-24,"quantile",0.05,0
2022-05-21,"27","34  day ahead inc hosp",2022-06-24,"quantile",0.1,11.5954384701825
2022-05-21,"27","34  day ahead inc hosp",2022-06-24,"quantile",0.15,26.9762670065112
2022-05-21,"27","34  day ahead inc hosp",2022-06-24,"quantile",0.2,39.2004619449983
2022-05-21,"27","34  day ahead inc hosp",2022-06-24,"quantile",0.25,49.687732739264
2022-05-21,"27","34  day ahead inc hosp",2022-06-24,"quantile",0.3,59.1056260352443
2022-05-21,"27","34  day ahead inc hosp",2022-06-24,"quantile",0.35,67.8327077206466
2022-05-21,"27","34  day ahead inc hosp",2022-06-24,"quantile",0.4,76.1138548169146
2022-05-21,"27","34  day ahead inc hosp",2022-06-24,"quantile",0.45,84.1259604694884
2022-05-21,"27","34  day ahead inc hosp",2022-06-24,"quantile",0.5,92.0110372139456
2022-05-21,"27","34  day ahead inc hosp",2022-06-24,"quantile",0.55,99.8961139584029
2022-05-21,"27","34  day ahead inc hosp",2022-06-24,"quantile",0.6,107.908219610977
2022-05-21,"27","34  day ahead inc hosp",2022-06-24,"quantile",0.65,116.189366707245
2022-05-21,"27","34  day ahead inc hosp",2022-06-24,"quantile",0.7,124.916448392647
2022-05-21,"27","34  day ahead inc hosp",2022-06-24,"quantile",0.75,134.334341688627
2022-05-21,"27","34  day ahead inc hosp",2022-06-24,"quantile",0.8,144.821612482893
2022-05-21,"27","34  day ahead inc hosp",2022-06-24,"quantile",0.85,157.04580742138
2022-05-21,"27","34  day ahead inc hosp",2022-06-24,"quantile",0.9,172.426635957709
2022-05-21,"27","34  day ahead inc hosp",2022-06-24,"quantile",0.95,195.223340810129
2022-05-21,"27","34  day ahead inc hosp",2022-06-24,"quantile",0.975,214.996082506308
2022-05-21,"27","34  day ahead inc hosp",2022-06-24,"quantile",0.99,237.986167834442
2022-05-21,"27","35  day ahead inc hosp",2022-06-25,"quantile",0.01,0
2022-05-21,"27","35  day ahead inc hosp",2022-06-25,"quantile",0.025,0
2022-05-21,"27","35  day ahead inc hosp",2022-06-25,"quantile",0.05,0
2022-05-21,"27","35  day ahead inc hosp",2022-06-25,"quantile",0.1,6.77197748585216
2022-05-21,"27","35  day ahead inc hosp",2022-06-25,"quantile",0.15,22.5029605943486
2022-05-21,"27","35  day ahead inc hosp",2022-06-25,"quantile",0.2,35.0054472866687
2022-05-21,"27","35  day ahead inc hosp",2022-06-25,"quantile",0.25,45.7314676261554
2022-05-21,"27","35  day ahead inc hosp",2022-06-25,"quantile",0.3,55.3637653926093
2022-05-21,"27","35  day ahead inc hosp",2022-06-25,"quantile",0.35,64.2895247725588
2022-05-21,"27","35  day ahead inc hosp",2022-06-25,"quantile",0.4,72.759197572218
2022-05-21,"27","35  day ahead inc hosp",2022-06-25,"quantile",0.45,80.9537040246131
2022-05-21,"27","35  day ahead inc hosp",2022-06-25,"quantile",0.5,89.0182896731221
2022-05-21,"27","35  day ahead inc hosp",2022-06-25,"quantile",0.55,97.0828753216311
2022-05-21,"27","35  day ahead inc hosp",2022-06-25,"quantile",0.6,105.277381774026
2022-05-21,"27","35  day ahead inc hosp",2022-06-25,"quantile",0.65,113.747054573685
2022-05-21,"27","35  day ahead inc hosp",2022-06-25,"quantile",0.7,122.672813953635
2022-05-21,"27","35  day ahead inc hosp",2022-06-25,"quantile",0.75,132.305111720089
2022-05-21,"27","35  day ahead inc hosp",2022-06-25,"quantile",0.8,143.031132059575
2022-05-21,"27","35  day ahead inc hosp",2022-06-25,"quantile",0.85,155.533618751896
2022-05-21,"27","35  day ahead inc hosp",2022-06-25,"quantile",0.9,171.264601860392
2022-05-21,"27","35  day ahead inc hosp",2022-06-25,"quantile",0.95,194.580288535903
2022-05-21,"27","35  day ahead inc hosp",2022-06-25,"quantile",0.975,214.803169565789
2022-05-21,"27","35  day ahead inc hosp",2022-06-25,"quantile",0.99,238.316639149405
2022-05-21,"27","36  day ahead inc hosp",2022-06-26,"quantile",0.01,0
2022-05-21,"27","36  day ahead inc hosp",2022-06-26,"quantile",0.025,0
2022-05-21,"27","36  day ahead inc hosp",2022-06-26,"quantile",0.05,0
2022-05-21,"27","36  day ahead inc hosp",2022-06-26,"quantile",0.1,5.42025038035895
2022-05-21,"27","36  day ahead inc hosp",2022-06-26,"quantile",0.15,21.496427875455
2022-05-21,"27","36  day ahead inc hosp",2022-06-26,"quantile",0.2,34.2732641233598
2022-05-21,"27","36  day ahead inc hosp",2022-06-26,"quantile",0.25,45.2346519529905
2022-05-21,"27","36  day ahead inc hosp",2022-06-26,"quantile",0.3,55.0783169999318
2022-05-21,"27","36  day ahead inc hosp",2022-06-26,"quantile",0.35,64.1999396652747
2022-05-21,"27","36  day ahead inc hosp",2022-06-26,"quantile",0.4,72.8554675692598
2022-05-21,"27","36  day ahead inc hosp",2022-06-26,"quantile",0.45,81.2297909859737
2022-05-21,"27","36  day ahead inc hosp",2022-06-26,"quantile",0.5,89.4713426687679
2022-05-21,"27","36  day ahead inc hosp",2022-06-26,"quantile",0.55,97.712894351562
2022-05-21,"27","36  day ahead inc hosp",2022-06-26,"quantile",0.6,106.087217768276
2022-05-21,"27","36  day ahead inc hosp",2022-06-26,"quantile",0.65,114.742745672261
2022-05-21,"27","36  day ahead inc hosp",2022-06-26,"quantile",0.7,123.864368337604
2022-05-21,"27","36  day ahead inc hosp",2022-06-26,"quantile",0.75,133.708033384545
2022-05-21,"27","36  day ahead inc hosp",2022-06-26,"quantile",0.8,144.669421214176
2022-05-21,"27","36  day ahead inc hosp",2022-06-26,"quantile",0.85,157.446257462081
2022-05-21,"27","36  day ahead inc hosp",2022-06-26,"quantile",0.9,173.522434957177
2022-05-21,"27","36  day ahead inc hosp",2022-06-26,"quantile",0.95,197.349751713566
2022-05-21,"27","36  day ahead inc hosp",2022-06-26,"quantile",0.975,218.016395537185
2022-05-21,"27","36  day ahead inc hosp",2022-06-26,"quantile",0.99,242.045835270522
2022-05-21,"27","37  day ahead inc hosp",2022-06-27,"quantile",0.01,0
2022-05-21,"27","37  day ahead inc hosp",2022-06-27,"quantile",0.025,0
2022-05-21,"27","37  day ahead inc hosp",2022-06-27,"quantile",0.05,0
2022-05-21,"27","37  day ahead inc hosp",2022-06-27,"quantile",0.1,4.52651982933629
2022-05-21,"27","37  day ahead inc hosp",2022-06-27,"quantile",0.15,20.942912653812
2022-05-21,"27","37  day ahead inc hosp",2022-06-27,"quantile",0.2,33.9901412604623
2022-05-21,"27","37  day ahead inc hosp",2022-06-27,"quantile",0.25,45.1835016577045
2022-05-21,"27","37  day ahead inc hosp",2022-06-27,"quantile",0.3,55.2354852397745
2022-05-21,"27","37  day ahead inc hosp",2022-06-27,"quantile",0.35,64.550146073582
2022-05-21,"27","37  day ahead inc hosp",2022-06-27,"quantile",0.4,73.3888483221965
2022-05-21,"27","37  day ahead inc hosp",2022-06-27,"quantile",0.45,81.9403950371987
2022-05-21,"27","37  day ahead inc hosp",2022-06-27,"quantile",0.5,90.3563602098424
2022-05-21,"27","37  day ahead inc hosp",2022-06-27,"quantile",0.55,98.7723253824862
2022-05-21,"27","37  day ahead inc hosp",2022-06-27,"quantile",0.6,107.323872097488
2022-05-21,"27","37  day ahead inc hosp",2022-06-27,"quantile",0.65,116.162574346103
2022-05-21,"27","37  day ahead inc hosp",2022-06-27,"quantile",0.7,125.47723517991
2022-05-21,"27","37  day ahead inc hosp",2022-06-27,"quantile",0.75,135.52921876198
2022-05-21,"27","37  day ahead inc hosp",2022-06-27,"quantile",0.8,146.722579159223
2022-05-21,"27","37  day ahead inc hosp",2022-06-27,"quantile",0.85,159.769807765873
2022-05-21,"27","37  day ahead inc hosp",2022-06-27,"quantile",0.9,176.186200590349
2022-05-21,"27","37  day ahead inc hosp",2022-06-27,"quantile",0.95,200.517767714774
2022-05-21,"27","37  day ahead inc hosp",2022-06-27,"quantile",0.975,221.6217735318
2022-05-21,"27","37  day ahead inc hosp",2022-06-27,"quantile",0.99,246.159741101195
2022-05-21,"28","1  day ahead inc hosp",2022-05-22,"quantile",0.01,0
2022-05-21,"28","1  day ahead inc hosp",2022-05-22,"quantile",0.025,0
2022-05-21,"28","1  day ahead inc hosp",2022-05-22,"quantile",0.05,4.10794886327875
2022-05-21,"28","1  day ahead inc hosp",2022-05-22,"quantile",0.1,9.09198171912786
2022-05-21,"28","1  day ahead inc hosp",2022-05-22,"quantile",0.15,12.4546850252202
2022-05-21,"28","1  day ahead inc hosp",2022-05-22,"quantile",0.2,15.1272550130383
2022-05-21,"28","1  day ahead inc hosp",2022-05-22,"quantile",0.25,17.4200820924422
2022-05-21,"28","1  day ahead inc hosp",2022-05-22,"quantile",0.3,19.4791116725468
2022-05-21,"28","1  day ahead inc hosp",2022-05-22,"quantile",0.35,21.3871094352632
2022-05-21,"28","1  day ahead inc hosp",2022-05-22,"quantile",0.4,23.1976127285731
2022-05-21,"28","1  day ahead inc hosp",2022-05-22,"quantile",0.45,24.9492956176343
2022-05-21,"28","1  day ahead inc hosp",2022-05-22,"quantile",0.5,26.6732062362821
2022-05-21,"28","1  day ahead inc hosp",2022-05-22,"quantile",0.55,28.3971168549299
2022-05-21,"28","1  day ahead inc hosp",2022-05-22,"quantile",0.6,30.1487997439911
2022-05-21,"28","1  day ahead inc hosp",2022-05-22,"quantile",0.65,31.959303037301
2022-05-21,"28","1  day ahead inc hosp",2022-05-22,"quantile",0.7,33.8673008000174
2022-05-21,"28","1  day ahead inc hosp",2022-05-22,"quantile",0.75,35.926330380122
2022-05-21,"28","1  day ahead inc hosp",2022-05-22,"quantile",0.8,38.2191574595259
2022-05-21,"28","1  day ahead inc hosp",2022-05-22,"quantile",0.85,40.891727447344
2022-05-21,"28","1  day ahead inc hosp",2022-05-22,"quantile",0.9,44.2544307534363
2022-05-21,"28","1  day ahead inc hosp",2022-05-22,"quantile",0.95,49.2384636092854
2022-05-21,"28","1  day ahead inc hosp",2022-05-22,"quantile",0.975,53.5613688230849
2022-05-21,"28","1  day ahead inc hosp",2022-05-22,"quantile",0.99,58.5876803613523
2022-05-21,"28","2  day ahead inc hosp",2022-05-23,"quantile",0.01,0
2022-05-21,"28","2  day ahead inc hosp",2022-05-23,"quantile",0.025,0
2022-05-21,"28","2  day ahead inc hosp",2022-05-23,"quantile",0.05,1.45644233899541
2022-05-21,"28","2  day ahead inc hosp",2022-05-23,"quantile",0.1,7.21546245268691
2022-05-21,"28","2  day ahead inc hosp",2022-05-23,"quantile",0.15,11.1010459823853
2022-05-21,"28","2  day ahead inc hosp",2022-05-23,"quantile",0.2,14.189184596285
2022-05-21,"28","2  day ahead inc hosp",2022-05-23,"quantile",0.25,16.8385325539349
2022-05-21,"28","2  day ahead inc hosp",2022-05-23,"quantile",0.3,19.2177289014453
2022-05-21,"28","2  day ahead inc hosp",2022-05-23,"quantile",0.35,21.4224088885499
2022-05-21,"28","2  day ahead inc hosp",2022-05-23,"quantile",0.4,23.5144346001862
2022-05-21,"28","2  day ahead inc hosp",2022-05-23,"quantile",0.45,25.5384936870106
2022-05-21,"28","2  day ahead inc hosp",2022-05-23,"quantile",0.5,27.5304620817108
2022-05-21,"28","2  day ahead inc hosp",2022-05-23,"quantile",0.55,29.5224304764111
2022-05-21,"28","2  day ahead inc hosp",2022-05-23,"quantile",0.6,31.5464895632355
2022-05-21,"28","2  day ahead inc hosp",2022-05-23,"quantile",0.65,33.6385152748717
2022-05-21,"28","2  day ahead inc hosp",2022-05-23,"quantile",0.7,35.8431952619763
2022-05-21,"28","2  day ahead inc hosp",2022-05-23,"quantile",0.75,38.2223916094868
2022-05-21,"28","2  day ahead inc hosp",2022-05-23,"quantile",0.8,40.8717395671366
2022-05-21,"28","2  day ahead inc hosp",2022-05-23,"quantile",0.85,43.9598781810364
2022-05-21,"28","2  day ahead inc hosp",2022-05-23,"quantile",0.9,47.8454617107347
2022-05-21,"28","2  day ahead inc hosp",2022-05-23,"quantile",0.95,53.6044818244262
2022-05-21,"28","2  day ahead inc hosp",2022-05-23,"quantile",0.975,58.5995729074708
2022-05-21,"28","2  day ahead inc hosp",2022-05-23,"quantile",0.99,64.4074457854738
2022-05-21,"28","3  day ahead inc hosp",2022-05-24,"quantile",0.01,0
2022-05-21,"28","3  day ahead inc hosp",2022-05-24,"quantile",0.025,0
2022-05-21,"28","3  day ahead inc hosp",2022-05-24,"quantile",0.05,0
2022-05-21,"28","3  day ahead inc hosp",2022-05-24,"quantile",0.1,5.83775570783177
2022-05-21,"28","3  day ahead inc hosp",2022-05-24,"quantile",0.15,9.95813320149047
2022-05-21,"28","3  day ahead inc hosp",2022-05-24,"quantile",0.2,13.2328786148257
2022-05-21,"28","3  day ahead inc hosp",2022-05-24,"quantile",0.25,16.0423185906068
2022-05-21,"28","3  day ahead inc hosp",2022-05-24,"quantile",0.3,18.565282518251
2022-05-21,"28","3  day ahead inc hosp",2022-05-24,"quantile",0.35,20.9031845940019
2022-05-21,"28","3  day ahead inc hosp",2022-05-24,"quantile",0.4,23.1216250399471
2022-05-21,"28","3  day ahead inc hosp",2022-05-24,"quantile",0.45,25.2679918452012
2022-05-21,"28","3  day ahead inc hosp",2022-05-24,"quantile",0.5,27.3803288156638
2022-05-21,"28","3  day ahead inc hosp",2022-05-24,"quantile",0.55,29.4926657861264
2022-05-21,"28","3  day ahead inc hosp",2022-05-24,"quantile",0.6,31.6390325913805
2022-05-21,"28","3  day ahead inc hosp",2022-05-24,"quantile",0.65,33.8574730373257
2022-05-21,"28","3  day ahead inc hosp",2022-05-24,"quantile",0.7,36.1953751130766
2022-05-21,"28","3  day ahead inc hosp",2022-05-24,"quantile",0.75,38.7183390407208
2022-05-21,"28","3  day ahead inc hosp",2022-05-24,"quantile",0.8,41.5277790165019
2022-05-21,"28","3  day ahead inc hosp",2022-05-24,"quantile",0.85,44.8025244298371
2022-05-21,"28","3  day ahead inc hosp",2022-05-24,"quantile",0.9,48.9229019234958
2022-05-21,"28","3  day ahead inc hosp",2022-05-24,"quantile",0.95,55.0299220610411
2022-05-21,"28","3  day ahead inc hosp",2022-05-24,"quantile",0.975,60.3268512661507
2022-05-21,"28","3  day ahead inc hosp",2022-05-24,"quantile",0.99,66.4856761915828
2022-05-21,"28","4  day ahead inc hosp",2022-05-25,"quantile",0.01,0
2022-05-21,"28","4  day ahead inc hosp",2022-05-25,"quantile",0.025,0
2022-05-21,"28","4  day ahead inc hosp",2022-05-25,"quantile",0.05,0
2022-05-21,"28","4  day ahead inc hosp",2022-05-25,"quantile",0.1,4.70842222980407
2022-05-21,"28","4  day ahead inc hosp",2022-05-25,"quantile",0.15,9.01547402478332
2022-05-21,"28","4  day ahead inc hosp",2022-05-25,"quantile",0.2,12.4385822551124
2022-05-21,"28","4  day ahead inc hosp",2022-05-25,"quantile",0.25,15.3753043173984
2022-05-21,"28","4  day ahead inc hosp",2022-05-25,"quantile",0.3,18.0125714925423
2022-05-21,"28","4  day ahead inc hosp",2022-05-25,"quantile",0.35,20.4563925616909
2022-05-21,"28","4  day ahead inc hosp",2022-05-25,"quantile",0.4,22.7753397745295
2022-05-21,"28","4  day ahead inc hosp",2022-05-25,"quantile",0.45,25.0189480399083
2022-05-21,"28","4  day ahead inc hosp",2022-05-25,"quantile",0.5,27.2269847438836
2022-05-21,"28","4  day ahead inc hosp",2022-05-25,"quantile",0.55,29.4350214478588
2022-05-21,"28","4  day ahead inc hosp",2022-05-25,"quantile",0.6,31.6786297132377
2022-05-21,"28","4  day ahead inc hosp",2022-05-25,"quantile",0.65,33.9975769260763
2022-05-21,"28","4  day ahead inc hosp",2022-05-25,"quantile",0.7,36.4413979952249
2022-05-21,"28","4  day ahead inc hosp",2022-05-25,"quantile",0.75,39.0786651703687
2022-05-21,"28","4  day ahead inc hosp",2022-05-25,"quantile",0.8,42.0153872326548
2022-05-21,"28","4  day ahead inc hosp",2022-05-25,"quantile",0.85,45.4384954629838
2022-05-21,"28","4  day ahead inc hosp",2022-05-25,"quantile",0.9,49.7455472579631
2022-05-21,"28","4  day ahead inc hosp",2022-05-25,"quantile",0.95,56.1292468306042
2022-05-21,"28","4  day ahead inc hosp",2022-05-25,"quantile",0.975,61.6661541833544
2022-05-21,"28","4  day ahead inc hosp",2022-05-25,"quantile",0.99,68.1040055673282
2022-05-21,"28","5  day ahead inc hosp",2022-05-26,"quantile",0.01,0
2022-05-21,"28","5  day ahead inc hosp",2022-05-26,"quantile",0.025,0
2022-05-21,"28","5  day ahead inc hosp",2022-05-26,"quantile",0.05,0
2022-05-21,"28","5  day ahead inc hosp",2022-05-26,"quantile",0.1,5.46176909299951
2022-05-21,"28","5  day ahead inc hosp",2022-05-26,"quantile",0.15,9.98123006789452
2022-05-21,"28","5  day ahead inc hosp",2022-05-26,"quantile",0.2,13.5731543809126
2022-05-21,"28","5  day ahead inc hosp",2022-05-26,"quantile",0.25,16.6547056104768
2022-05-21,"28","5  day ahead inc hosp",2022-05-26,"quantile",0.3,19.42203385397
2022-05-21,"28","5  day ahead inc hosp",2022-05-26,"quantile",0.35,21.9863758859182
2022-05-21,"28","5  day ahead inc hosp",2022-05-26,"quantile",0.4,24.419685706683
2022-05-21,"28","5  day ahead inc hosp",2022-05-26,"quantile",0.45,26.7739411187381
2022-05-21,"28","5  day ahead inc hosp",2022-05-26,"quantile",0.5,29.090870700682
2022-05-21,"28","5  day ahead inc hosp",2022-05-26,"quantile",0.55,31.4078002826259
2022-05-21,"28","5  day ahead inc hosp",2022-05-26,"quantile",0.6,33.762055694681
2022-05-21,"28","5  day ahead inc hosp",2022-05-26,"quantile",0.65,36.1953655154458
2022-05-21,"28","5  day ahead inc hosp",2022-05-26,"quantile",0.7,38.759707547394
2022-05-21,"28","5  day ahead inc hosp",2022-05-26,"quantile",0.75,41.5270357908872
2022-05-21,"28","5  day ahead inc hosp",2022-05-26,"quantile",0.8,44.6085870204514
2022-05-21,"28","5  day ahead inc hosp",2022-05-26,"quantile",0.85,48.2005113334694
2022-05-21,"28","5  day ahead inc hosp",2022-05-26,"quantile",0.9,52.7199723083645
2022-05-21,"28","5  day ahead inc hosp",2022-05-26,"quantile",0.95,59.4184942828708
2022-05-21,"28","5  day ahead inc hosp",2022-05-26,"quantile",0.975,65.2284631185217
2022-05-21,"28","5  day ahead inc hosp",2022-05-26,"quantile",0.99,71.9838074879486
2022-05-21,"28","6  day ahead inc hosp",2022-05-27,"quantile",0.01,0
2022-05-21,"28","6  day ahead inc hosp",2022-05-27,"quantile",0.025,0
2022-05-21,"28","6  day ahead inc hosp",2022-05-27,"quantile",0.05,0
2022-05-21,"28","6  day ahead inc hosp",2022-05-27,"quantile",0.1,4.55495811214503
2022-05-21,"28","6  day ahead inc hosp",2022-05-27,"quantile",0.15,9.34414597753621
2022-05-21,"28","6  day ahead inc hosp",2022-05-27,"quantile",0.2,13.1504406726042
2022-05-21,"28","6  day ahead inc hosp",2022-05-27,"quantile",0.25,16.4159026020665
2022-05-21,"28","6  day ahead inc hosp",2022-05-27,"quantile",0.3,19.3483883380673
2022-05-21,"28","6  day ahead inc hosp",2022-05-27,"quantile",0.35,22.0657734002105
2022-05-21,"28","6  day ahead inc hosp",2022-05-27,"quantile",0.4,24.6443060905198
2022-05-21,"28","6  day ahead inc hosp",2022-05-27,"quantile",0.45,27.1390663095098
2022-05-21,"28","6  day ahead inc hosp",2022-05-27,"quantile",0.5,29.5942730477579
2022-05-21,"28","6  day ahead inc hosp",2022-05-27,"quantile",0.55,32.049479786006
2022-05-21,"28","6  day ahead inc hosp",2022-05-27,"quantile",0.6,34.544240004996
2022-05-21,"28","6  day ahead inc hosp",2022-05-27,"quantile",0.65,37.1227726953053
2022-05-21,"28","6  day ahead inc hosp",2022-05-27,"quantile",0.7,39.8401577574485
2022-05-21,"28","6  day ahead inc hosp",2022-05-27,"quantile",0.75,42.7726434934494
2022-05-21,"28","6  day ahead inc hosp",2022-05-27,"quantile",0.8,46.0381054229116
2022-05-21,"28","6  day ahead inc hosp",2022-05-27,"quantile",0.85,49.8444001179796
2022-05-21,"28","6  day ahead inc hosp",2022-05-27,"quantile",0.9,54.6335879833708
2022-05-21,"28","6  day ahead inc hosp",2022-05-27,"quantile",0.95,61.7318858411384
2022-05-21,"28","6  day ahead inc hosp",2022-05-27,"quantile",0.975,67.8886006353505
2022-05-21,"28","6  day ahead inc hosp",2022-05-27,"quantile",0.99,75.0471121172092
2022-05-21,"28","7  day ahead inc hosp",2022-05-28,"quantile",0.01,0
2022-05-21,"28","7  day ahead inc hosp",2022-05-28,"quantile",0.025,0
2022-05-21,"28","7  day ahead inc hosp",2022-05-28,"quantile",0.05,0
2022-05-21,"28","7  day ahead inc hosp",2022-05-28,"quantile",0.1,4.25343242174143
2022-05-21,"28","7  day ahead inc hosp",2022-05-28,"quantile",0.15,9.37941381720994
2022-05-21,"28","7  day ahead inc hosp",2022-05-28,"quantile",0.2,13.4533813334112
2022-05-21,"28","7  day ahead inc hosp",2022-05-28,"quantile",0.25,16.9484827093659
2022-05-21,"28","7  day ahead inc hosp",2022-05-28,"quantile",0.3,20.0871917656224
2022-05-21,"28","7  day ahead inc hosp",2022-05-28,"quantile",0.35,22.995673467401
2022-05-21,"28","7  day ahead inc hosp",2022-05-28,"quantile",0.4,25.7555381813431
2022-05-21,"28","7  day ahead inc hosp",2022-05-28,"quantile",0.45,28.4257392317362
2022-05-21,"28","7  day ahead inc hosp",2022-05-28,"quantile",0.5,31.0536052532878
2022-05-21,"28","7  day ahead inc hosp",2022-05-28,"quantile",0.55,33.6814712748394
2022-05-21,"28","7  day ahead inc hosp",2022-05-28,"quantile",0.6,36.3516723252325
2022-05-21,"28","7  day ahead inc hosp",2022-05-28,"quantile",0.65,39.1115370391746
2022-05-21,"28","7  day ahead inc hosp",2022-05-28,"quantile",0.7,42.0200187409532
2022-05-21,"28","7  day ahead inc hosp",2022-05-28,"quantile",0.75,45.1587277972097
2022-05-21,"28","7  day ahead inc hosp",2022-05-28,"quantile",0.8,48.6538291731644
2022-05-21,"28","7  day ahead inc hosp",2022-05-28,"quantile",0.85,52.7277966893657
2022-05-21,"28","7  day ahead inc hosp",2022-05-28,"quantile",0.9,57.8537780848342
2022-05-21,"28","7  day ahead inc hosp",2022-05-28,"quantile",0.95,65.451254688613
2022-05-21,"28","7  day ahead inc hosp",2022-05-28,"quantile",0.975,72.0409326004773
2022-05-21,"28","7  day ahead inc hosp",2022-05-28,"quantile",0.99,79.7028572746847
2022-05-21,"28","8  day ahead inc hosp",2022-05-29,"quantile",0.01,0
2022-05-21,"28","8  day ahead inc hosp",2022-05-29,"quantile",0.025,0
2022-05-21,"28","8  day ahead inc hosp",2022-05-29,"quantile",0.05,0
2022-05-21,"28","8  day ahead inc hosp",2022-05-29,"quantile",0.1,5.76816943191388
2022-05-21,"28","8  day ahead inc hosp",2022-05-29,"quantile",0.15,11.29265635593
2022-05-21,"28","8  day ahead inc hosp",2022-05-29,"quantile",0.2,15.6833434333386
2022-05-21,"28","8  day ahead inc hosp",2022-05-29,"quantile",0.25,19.4501619915647
2022-05-21,"28","8  day ahead inc hosp",2022-05-29,"quantile",0.3,22.8328814752734
2022-05-21,"28","8  day ahead inc hosp",2022-05-29,"quantile",0.35,25.9674752029097
2022-05-21,"28","8  day ahead inc hosp",2022-05-29,"quantile",0.4,28.9418981178476
2022-05-21,"28","8  day ahead inc hosp",2022-05-29,"quantile",0.45,31.8196867107659
2022-05-21,"28","8  day ahead inc hosp",2022-05-29,"quantile",0.5,34.6518490527834
2022-05-21,"28","8  day ahead inc hosp",2022-05-29,"quantile",0.55,37.4840113948008
2022-05-21,"28","8  day ahead inc hosp",2022-05-29,"quantile",0.6,40.3617999877192
2022-05-21,"28","8  day ahead inc hosp",2022-05-29,"quantile",0.65,43.3362229026571
2022-05-21,"28","8  day ahead inc hosp",2022-05-29,"quantile",0.7,46.4708166302933
2022-05-21,"28","8  day ahead inc hosp",2022-05-29,"quantile",0.75,49.8535361140021
2022-05-21,"28","8  day ahead inc hosp",2022-05-29,"quantile",0.8,53.6203546722282
2022-05-21,"28","8  day ahead inc hosp",2022-05-29,"quantile",0.85,58.0110417496368
2022-05-21,"28","8  day ahead inc hosp",2022-05-29,"quantile",0.9,63.5355286736529
2022-05-21,"28","8  day ahead inc hosp",2022-05-29,"quantile",0.95,71.7236505014455
2022-05-21,"28","8  day ahead inc hosp",2022-05-29,"quantile",0.975,78.8256250598695
2022-05-21,"28","8  day ahead inc hosp",2022-05-29,"quantile",0.99,87.0832052986262
2022-05-21,"28","9  day ahead inc hosp",2022-05-30,"quantile",0.01,0
2022-05-21,"28","9  day ahead inc hosp",2022-05-30,"quantile",0.025,0
2022-05-21,"28","9  day ahead inc hosp",2022-05-30,"quantile",0.05,0
2022-05-21,"28","9  day ahead inc hosp",2022-05-30,"quantile",0.1,3.60392068024473
2022-05-21,"28","9  day ahead inc hosp",2022-05-30,"quantile",0.15,9.5749822072655
2022-05-21,"28","9  day ahead inc hosp",2022-05-30,"quantile",0.2,14.3205926224392
2022-05-21,"28","9  day ahead inc hosp",2022-05-30,"quantile",0.25,18.3919038014945
2022-05-21,"28","9  day ahead inc hosp",2022-05-30,"quantile",0.3,22.048067069448
2022-05-21,"28","9  day ahead inc hosp",2022-05-30,"quantile",0.35,25.4360472144572
2022-05-21,"28","9  day ahead inc hosp",2022-05-30,"quantile",0.4,28.6509090607702
2022-05-21,"28","9  day ahead inc hosp",2022-05-30,"quantile",0.45,31.7613251023711
2022-05-21,"28","9  day ahead inc hosp",2022-05-30,"quantile",0.5,34.8224266727597
2022-05-21,"28","9  day ahead inc hosp",2022-05-30,"quantile",0.55,37.8835282431484
2022-05-21,"28","9  day ahead inc hosp",2022-05-30,"quantile",0.6,40.9939442847493
2022-05-21,"28","9  day ahead inc hosp",2022-05-30,"quantile",0.65,44.2088061310623
2022-05-21,"28","9  day ahead inc hosp",2022-05-30,"quantile",0.7,47.5967862760715
2022-05-21,"28","9  day ahead inc hosp",2022-05-30,"quantile",0.75,51.252949544025
2022-05-21,"28","9  day ahead inc hosp",2022-05-30,"quantile",0.8,55.3242607230803
2022-05-21,"28","9  day ahead inc hosp",2022-05-30,"quantile",0.85,60.069871138254
2022-05-21,"28","9  day ahead inc hosp",2022-05-30,"quantile",0.9,66.0409326652748
2022-05-21,"28","9  day ahead inc hosp",2022-05-30,"quantile",0.95,74.8909453265318
2022-05-21,"28","9  day ahead inc hosp",2022-05-30,"quantile",0.975,82.5670114725727
2022-05-21,"28","9  day ahead inc hosp",2022-05-30,"quantile",0.99,91.4920972494222
2022-05-21,"28","10  day ahead inc hosp",2022-05-31,"quantile",0.01,0
2022-05-21,"28","10  day ahead inc hosp",2022-05-31,"quantile",0.025,0
2022-05-21,"28","10  day ahead inc hosp",2022-05-31,"quantile",0.05,0
2022-05-21,"28","10  day ahead inc hosp",2022-05-31,"quantile",0.1,0.920112003322274
2022-05-21,"28","10  day ahead inc hosp",2022-05-31,"quantile",0.15,7.36992269869718
2022-05-21,"28","10  day ahead inc hosp",2022-05-31,"quantile",0.2,12.4960277762213
2022-05-21,"28","10  day ahead inc hosp",2022-05-31,"quantile",0.25,16.893769495686
2022-05-21,"28","10  day ahead inc hosp",2022-05-31,"quantile",0.3,20.8430774776872
2022-05-21,"28","10  day ahead inc hosp",2022-05-31,"quantile",0.35,24.5026998875573
2022-05-21,"28","10  day ahead inc hosp",2022-05-31,"quantile",0.4,27.9753236792682
2022-05-21,"28","10  day ahead inc hosp",2022-05-31,"quantile",0.45,31.3351273860963
2022-05-21,"28","10  day ahead inc hosp",2022-05-31,"quantile",0.5,34.6416626744997
2022-05-21,"28","10  day ahead inc hosp",2022-05-31,"quantile",0.55,37.948197962903
2022-05-21,"28","10  day ahead inc hosp",2022-05-31,"quantile",0.6,41.3080016697311
2022-05-21,"28","10  day ahead inc hosp",2022-05-31,"quantile",0.65,44.7806254614421
2022-05-21,"28","10  day ahead inc hosp",2022-05-31,"quantile",0.7,48.4402478713122
2022-05-21,"28","10  day ahead inc hosp",2022-05-31,"quantile",0.75,52.3895558533133
2022-05-21,"28","10  day ahead inc hosp",2022-05-31,"quantile",0.8,56.7872975727781
2022-05-21,"28","10  day ahead inc hosp",2022-05-31,"quantile",0.85,61.9134026503022
2022-05-21,"28","10  day ahead inc hosp",2022-05-31,"quantile",0.9,68.3632133456771
2022-05-21,"28","10  day ahead inc hosp",2022-05-31,"quantile",0.95,77.9228043930095
2022-05-21,"28","10  day ahead inc hosp",2022-05-31,"quantile",0.975,86.214323966723
2022-05-21,"28","10  day ahead inc hosp",2022-05-31,"quantile",0.99,95.8550073594771
2022-05-21,"28","11  day ahead inc hosp",2022-06-01,"quantile",0.01,0
2022-05-21,"28","11  day ahead inc hosp",2022-06-01,"quantile",0.025,0
2022-05-21,"28","11  day ahead inc hosp",2022-06-01,"quantile",0.05,0
2022-05-21,"28","11  day ahead inc hosp",2022-06-01,"quantile",0.1,0
2022-05-21,"28","11  day ahead inc hosp",2022-06-01,"quantile",0.15,6.72319555419105
2022-05-21,"28","11  day ahead inc hosp",2022-06-01,"quantile",0.2,12.2439036906272
2022-05-21,"28","11  day ahead inc hosp",2022-06-01,"quantile",0.25,16.9801796985159
2022-05-21,"28","11  day ahead inc hosp",2022-06-01,"quantile",0.3,21.2335019343638
2022-05-21,"28","11  day ahead inc hosp",2022-06-01,"quantile",0.35,25.1748388576038
2022-05-21,"28","11  day ahead inc hosp",2022-06-01,"quantile",0.4,28.9147821735805
2022-05-21,"28","11  day ahead inc hosp",2022-06-01,"quantile",0.45,32.5332206137994
2022-05-21,"28","11  day ahead inc hosp",2022-06-01,"quantile",0.5,36.0942900796088
2022-05-21,"28","11  day ahead inc hosp",2022-06-01,"quantile",0.55,39.6553595454182
2022-05-21,"28","11  day ahead inc hosp",2022-06-01,"quantile",0.6,43.273797985637
2022-05-21,"28","11  day ahead inc hosp",2022-06-01,"quantile",0.65,47.0137413016137
2022-05-21,"28","11  day ahead inc hosp",2022-06-01,"quantile",0.7,50.9550782248537
2022-05-21,"28","11  day ahead inc hosp",2022-06-01,"quantile",0.75,55.2084004607016
2022-05-21,"28","11  day ahead inc hosp",2022-06-01,"quantile",0.8,59.9446764685904
2022-05-21,"28","11  day ahead inc hosp",2022-06-01,"quantile",0.85,65.4653846050265
2022-05-21,"28","11  day ahead inc hosp",2022-06-01,"quantile",0.9,72.4116960531772
2022-05-21,"28","11  day ahead inc hosp",2022-06-01,"quantile",0.95,82.7071760087892
2022-05-21,"28","11  day ahead inc hosp",2022-06-01,"quantile",0.975,91.6369694643944
2022-05-21,"28","11  day ahead inc hosp",2022-06-01,"quantile",0.99,102.019784182834
2022-05-21,"28","12  day ahead inc hosp",2022-06-02,"quantile",0.01,0
2022-05-21,"28","12  day ahead inc hosp",2022-06-02,"quantile",0.025,0
2022-05-21,"28","12  day ahead inc hosp",2022-06-02,"quantile",0.05,0
2022-05-21,"28","12  day ahead inc hosp",2022-06-02,"quantile",0.1,0
2022-05-21,"28","12  day ahead inc hosp",2022-06-02,"quantile",0.15,6.70951608843458
2022-05-21,"28","12  day ahead inc hosp",2022-06-02,"quantile",0.2,12.6298504545521
2022-05-21,"28","12  day ahead inc hosp",2022-06-02,"quantile",0.25,17.7089701841133
2022-05-21,"28","12  day ahead inc hosp",2022-06-02,"quantile",0.3,22.2701766780537
2022-05-21,"28","12  day ahead inc hosp",2022-06-02,"quantile",0.35,26.4968142503433
2022-05-21,"28","12  day ahead inc hosp",2022-06-02,"quantile",0.4,30.5074799826567
2022-05-21,"28","12  day ahead inc hosp",2022-06-02,"quantile",0.45,34.3878454937264
2022-05-21,"28","12  day ahead inc hosp",2022-06-02,"quantile",0.5,38.2066892756353
2022-05-21,"28","12  day ahead inc hosp",2022-06-02,"quantile",0.55,42.0255330575443
2022-05-21,"28","12  day ahead inc hosp",2022-06-02,"quantile",0.6,45.9058985686139
2022-05-21,"28","12  day ahead inc hosp",2022-06-02,"quantile",0.65,49.9165643009274
2022-05-21,"28","12  day ahead inc hosp",2022-06-02,"quantile",0.7,54.143201873217
2022-05-21,"28","12  day ahead inc hosp",2022-06-02,"quantile",0.75,58.7044083671574
2022-05-21,"28","12  day ahead inc hosp",2022-06-02,"quantile",0.8,63.7835280967185
2022-05-21,"28","12  day ahead inc hosp",2022-06-02,"quantile",0.85,69.7038624628361
2022-05-21,"28","12  day ahead inc hosp",2022-06-02,"quantile",0.9,77.152994959594
2022-05-21,"28","12  day ahead inc hosp",2022-06-02,"quantile",0.95,88.1937314539945
2022-05-21,"28","12  day ahead inc hosp",2022-06-02,"quantile",0.975,97.769923813926
2022-05-21,"28","12  day ahead inc hosp",2022-06-02,"quantile",0.99,108.904316952537
2022-05-21,"28","13  day ahead inc hosp",2022-06-03,"quantile",0.01,0
2022-05-21,"28","13  day ahead inc hosp",2022-06-03,"quantile",0.025,0
2022-05-21,"28","13  day ahead inc hosp",2022-06-03,"quantile",0.05,0
2022-05-21,"28","13  day ahead inc hosp",2022-06-03,"quantile",0.1,0
2022-05-21,"28","13  day ahead inc hosp",2022-06-03,"quantile",0.15,4.82841606962582
2022-05-21,"28","13  day ahead inc hosp",2022-06-03,"quantile",0.2,11.1468197838745
2022-05-21,"28","13  day ahead inc hosp",2022-06-03,"quantile",0.25,16.5674475693654
2022-05-21,"28","13  day ahead inc hosp",2022-06-03,"quantile",0.3,21.4353388522808
2022-05-21,"28","13  day ahead inc hosp",2022-06-03,"quantile",0.35,25.946165586726
2022-05-21,"28","13  day ahead inc hosp",2022-06-03,"quantile",0.4,30.2264990430064
2022-05-21,"28","13  day ahead inc hosp",2022-06-03,"quantile",0.45,34.3677711978532
2022-05-21,"28","13  day ahead inc hosp",2022-06-03,"quantile",0.5,38.4433850472738
2022-05-21,"28","13  day ahead inc hosp",2022-06-03,"quantile",0.55,42.5189988966943
2022-05-21,"28","13  day ahead inc hosp",2022-06-03,"quantile",0.6,46.6602710515411
2022-05-21,"28","13  day ahead inc hosp",2022-06-03,"quantile",0.65,50.9406045078215
2022-05-21,"28","13  day ahead inc hosp",2022-06-03,"quantile",0.7,55.4514312422667
2022-05-21,"28","13  day ahead inc hosp",2022-06-03,"quantile",0.75,60.3193225251821
2022-05-21,"28","13  day ahead inc hosp",2022-06-03,"quantile",0.8,65.739950310673
2022-05-21,"28","13  day ahead inc hosp",2022-06-03,"quantile",0.85,72.0583540249217
2022-05-21,"28","13  day ahead inc hosp",2022-06-03,"quantile",0.9,80.0083486577944
2022-05-21,"28","13  day ahead inc hosp",2022-06-03,"quantile",0.95,91.7914382875797
2022-05-21,"28","13  day ahead inc hosp",2022-06-03,"quantile",0.975,102.011511282381
2022-05-21,"28","13  day ahead inc hosp",2022-06-03,"quantile",0.99,113.894554808694
2022-05-21,"28","14  day ahead inc hosp",2022-06-04,"quantile",0.01,0
2022-05-21,"28","14  day ahead inc hosp",2022-06-04,"quantile",0.025,0
2022-05-21,"28","14  day ahead inc hosp",2022-06-04,"quantile",0.05,0
2022-05-21,"28","14  day ahead inc hosp",2022-06-04,"quantile",0.1,0
2022-05-21,"28","14  day ahead inc hosp",2022-06-04,"quantile",0.15,0.979440593681645
2022-05-21,"28","14  day ahead inc hosp",2022-06-04,"quantile",0.2,7.68992580257673
2022-05-21,"28","14  day ahead inc hosp",2022-06-04,"quantile",0.25,13.4469245988759
2022-05-21,"28","14  day ahead inc hosp",2022-06-04,"quantile",0.3,18.6168874454804
2022-05-21,"28","14  day ahead inc hosp",2022-06-04,"quantile",0.35,23.4076285013457
2022-05-21,"28","14  day ahead inc hosp",2022-06-04,"quantile",0.4,27.9535732757726
2022-05-21,"28","14  day ahead inc hosp",2022-06-04,"quantile",0.45,32.3518274548208
2022-05-21,"28","14  day ahead inc hosp",2022-06-04,"quantile",0.5,36.680348975538
2022-05-21,"28","14  day ahead inc hosp",2022-06-04,"quantile",0.55,41.0088704962551
2022-05-21,"28","14  day ahead inc hosp",2022-06-04,"quantile",0.6,45.4071246753034
2022-05-21,"28","14  day ahead inc hosp",2022-06-04,"quantile",0.65,49.9530694497303
2022-05-21,"28","14  day ahead inc hosp",2022-06-04,"quantile",0.7,54.7438105055955
2022-05-21,"28","14  day ahead inc hosp",2022-06-04,"quantile",0.75,59.9137733522
2022-05-21,"28","14  day ahead inc hosp",2022-06-04,"quantile",0.8,65.6707721484992
2022-05-21,"28","14  day ahead inc hosp",2022-06-04,"quantile",0.85,72.3812573573943
2022-05-21,"28","14  day ahead inc hosp",2022-06-04,"quantile",0.9,80.8245800394162
2022-05-21,"28","14  day ahead inc hosp",2022-06-04,"quantile",0.95,93.3388561527717
2022-05-21,"28","14  day ahead inc hosp",2022-06-04,"quantile",0.975,104.193124377321
2022-05-21,"28","14  day ahead inc hosp",2022-06-04,"quantile",0.99,116.81355691476
2022-05-21,"28","15  day ahead inc hosp",2022-06-05,"quantile",0.01,0
2022-05-21,"28","15  day ahead inc hosp",2022-06-05,"quantile",0.025,0
2022-05-21,"28","15  day ahead inc hosp",2022-06-05,"quantile",0.05,0
2022-05-21,"28","15  day ahead inc hosp",2022-06-05,"quantile",0.1,0
2022-05-21,"28","15  day ahead inc hosp",2022-06-05,"quantile",0.15,3.38631111609635
2022-05-21,"28","15  day ahead inc hosp",2022-06-05,"quantile",0.2,10.4801212649526
2022-05-21,"28","15  day ahead inc hosp",2022-06-05,"quantile",0.25,16.5659787278387
2022-05-21,"28","15  day ahead inc hosp",2022-06-05,"quantile",0.3,22.0312668208425
2022-05-21,"28","15  day ahead inc hosp",2022-06-05,"quantile",0.35,27.0956707297568
2022-05-21,"28","15  day ahead inc hosp",2022-06-05,"quantile",0.4,31.9012947901784
2022-05-21,"28","15  day ahead inc hosp",2022-06-05,"quantile",0.45,36.5507916836704
2022-05-21,"28","15  day ahead inc hosp",2022-06-05,"quantile",0.5,41.1265725605143
2022-05-21,"28","15  day ahead inc hosp",2022-06-05,"quantile",0.55,45.7023534373583
2022-05-21,"28","15  day ahead inc hosp",2022-06-05,"quantile",0.6,50.3518503308503
2022-05-21,"28","15  day ahead inc hosp",2022-06-05,"quantile",0.65,55.1574743912719
2022-05-21,"28","15  day ahead inc hosp",2022-06-05,"quantile",0.7,60.2218783001862
2022-05-21,"28","15  day ahead inc hosp",2022-06-05,"quantile",0.75,65.68716639319
2022-05-21,"28","15  day ahead inc hosp",2022-06-05,"quantile",0.8,71.7730238560761
2022-05-21,"28","15  day ahead inc hosp",2022-06-05,"quantile",0.85,78.8668340049323
2022-05-21,"28","15  day ahead inc hosp",2022-06-05,"quantile",0.9,87.7924669908155
2022-05-21,"28","15  day ahead inc hosp",2022-06-05,"quantile",0.95,101.021599629516
2022-05-21,"28","15  day ahead inc hosp",2022-06-05,"quantile",0.975,112.495899280404
2022-05-21,"28","15  day ahead inc hosp",2022-06-05,"quantile",0.99,125.837252346553
2022-05-21,"28","16  day ahead inc hosp",2022-06-06,"quantile",0.01,0
2022-05-21,"28","16  day ahead inc hosp",2022-06-06,"quantile",0.025,0
2022-05-21,"28","16  day ahead inc hosp",2022-06-06,"quantile",0.05,0
2022-05-21,"28","16  day ahead inc hosp",2022-06-06,"quantile",0.1,0
2022-05-21,"28","16  day ahead inc hosp",2022-06-06,"quantile",0.15,2.70648415779268
2022-05-21,"28","16  day ahead inc hosp",2022-06-06,"quantile",0.2,10.1733003107212
2022-05-21,"28","16  day ahead inc hosp",2022-06-06,"quantile",0.25,16.5791637120169
2022-05-21,"28","16  day ahead inc hosp",2022-06-06,"quantile",0.3,22.3318270279119
2022-05-21,"28","16  day ahead inc hosp",2022-06-06,"quantile",0.35,27.6625269083045
2022-05-21,"28","16  day ahead inc hosp",2022-06-06,"quantile",0.4,32.7208398045191
2022-05-21,"28","16  day ahead inc hosp",2022-06-06,"quantile",0.45,37.6148160709851
2022-05-21,"28","16  day ahead inc hosp",2022-06-06,"quantile",0.5,42.4312001927096
2022-05-21,"28","16  day ahead inc hosp",2022-06-06,"quantile",0.55,47.2475843144341
2022-05-21,"28","16  day ahead inc hosp",2022-06-06,"quantile",0.6,52.1415605809
2022-05-21,"28","16  day ahead inc hosp",2022-06-06,"quantile",0.65,57.1998734771147
2022-05-21,"28","16  day ahead inc hosp",2022-06-06,"quantile",0.7,62.5305733575072
2022-05-21,"28","16  day ahead inc hosp",2022-06-06,"quantile",0.75,68.2832366734022
2022-05-21,"28","16  day ahead inc hosp",2022-06-06,"quantile",0.8,74.6891000746979
2022-05-21,"28","16  day ahead inc hosp",2022-06-06,"quantile",0.85,82.1559162276265
2022-05-21,"28","16  day ahead inc hosp",2022-06-06,"quantile",0.9,91.5508759397707
2022-05-21,"28","16  day ahead inc hosp",2022-06-06,"quantile",0.95,105.475621485972
2022-05-21,"28","16  day ahead inc hosp",2022-06-06,"quantile",0.975,117.553261594596
2022-05-21,"28","16  day ahead inc hosp",2022-06-06,"quantile",0.99,131.596128331354
2022-05-21,"28","17  day ahead inc hosp",2022-06-07,"quantile",0.01,0
2022-05-21,"28","17  day ahead inc hosp",2022-06-07,"quantile",0.025,0
2022-05-21,"28","17  day ahead inc hosp",2022-06-07,"quantile",0.05,0
2022-05-21,"28","17  day ahead inc hosp",2022-06-07,"quantile",0.1,0
2022-05-21,"28","17  day ahead inc hosp",2022-06-07,"quantile",0.15,0.715871085184681
2022-05-21,"28","17  day ahead inc hosp",2022-06-07,"quantile",0.2,8.54464773860892
2022-05-21,"28","17  day ahead inc hosp",2022-06-07,"quantile",0.25,15.2610410197558
2022-05-21,"28","17  day ahead inc hosp",2022-06-07,"quantile",0.3,21.2925697650866
2022-05-21,"28","17  day ahead inc hosp",2022-06-07,"quantile",0.35,26.8816800251083
2022-05-21,"28","17  day ahead inc hosp",2022-06-07,"quantile",0.4,32.1851991015849
2022-05-21,"28","17  day ahead inc hosp",2022-06-07,"quantile",0.45,37.3164151852022
2022-05-21,"28","17  day ahead inc hosp",2022-06-07,"quantile",0.5,42.3662777764074
2022-05-21,"28","17  day ahead inc hosp",2022-06-07,"quantile",0.55,47.4161403676125
2022-05-21,"28","17  day ahead inc hosp",2022-06-07,"quantile",0.6,52.5473564512299
2022-05-21,"28","17  day ahead inc hosp",2022-06-07,"quantile",0.65,57.8508755277064
2022-05-21,"28","17  day ahead inc hosp",2022-06-07,"quantile",0.7,63.4399857877281
2022-05-21,"28","17  day ahead inc hosp",2022-06-07,"quantile",0.75,69.4715145330589
2022-05-21,"28","17  day ahead inc hosp",2022-06-07,"quantile",0.8,76.1879078142058
2022-05-21,"28","17  day ahead inc hosp",2022-06-07,"quantile",0.85,84.0166844676301
2022-05-21,"28","17  day ahead inc hosp",2022-06-07,"quantile",0.9,93.8670731403777
2022-05-21,"28","17  day ahead inc hosp",2022-06-07,"quantile",0.95,108.466833011821
2022-05-21,"28","17  day ahead inc hosp",2022-06-07,"quantile",0.975,121.129947380021
2022-05-21,"28","17  day ahead inc hosp",2022-06-07,"quantile",0.99,135.853554470944
2022-05-21,"28","18  day ahead inc hosp",2022-06-08,"quantile",0.01,0
2022-05-21,"28","18  day ahead inc hosp",2022-06-08,"quantile",0.025,0
2022-05-21,"28","18  day ahead inc hosp",2022-06-08,"quantile",0.05,0
2022-05-21,"28","18  day ahead inc hosp",2022-06-08,"quantile",0.1,0
2022-05-21,"28","18  day ahead inc hosp",2022-06-08,"quantile",0.15,0
2022-05-21,"28","18  day ahead inc hosp",2022-06-08,"quantile",0.2,7.81263380648998
2022-05-21,"28","18  day ahead inc hosp",2022-06-08,"quantile",0.25,14.829934759849
2022-05-21,"28","18  day ahead inc hosp",2022-06-08,"quantile",0.3,21.1316878947688
2022-05-21,"28","18  day ahead inc hosp",2022-06-08,"quantile",0.35,26.9712013232292
2022-05-21,"28","18  day ahead inc hosp",2022-06-08,"quantile",0.4,32.5123285195749
2022-05-21,"28","18  day ahead inc hosp",2022-06-08,"quantile",0.45,37.873433208982
2022-05-21,"28","18  day ahead inc hosp",2022-06-08,"quantile",0.5,43.1495396089849
2022-05-21,"28","18  day ahead inc hosp",2022-06-08,"quantile",0.55,48.4256460089878
2022-05-21,"28","18  day ahead inc hosp",2022-06-08,"quantile",0.6,53.7867506983949
2022-05-21,"28","18  day ahead inc hosp",2022-06-08,"quantile",0.65,59.3278778947406
2022-05-21,"28","18  day ahead inc hosp",2022-06-08,"quantile",0.7,65.167391323201
2022-05-21,"28","18  day ahead inc hosp",2022-06-08,"quantile",0.75,71.4691444581208
2022-05-21,"28","18  day ahead inc hosp",2022-06-08,"quantile",0.8,78.4864454114798
2022-05-21,"28","18  day ahead inc hosp",2022-06-08,"quantile",0.85,86.6659667072202
2022-05-21,"28","18  day ahead inc hosp",2022-06-08,"quantile",0.9,96.9576722299237
2022-05-21,"28","18  day ahead inc hosp",2022-06-08,"quantile",0.95,112.211530152788
2022-05-21,"28","18  day ahead inc hosp",2022-06-08,"quantile",0.975,125.44197703235
2022-05-21,"28","18  day ahead inc hosp",2022-06-08,"quantile",0.99,140.825230774509
2022-05-21,"28","19  day ahead inc hosp",2022-06-09,"quantile",0.01,0
2022-05-21,"28","19  day ahead inc hosp",2022-06-09,"quantile",0.025,0
2022-05-21,"28","19  day ahead inc hosp",2022-06-09,"quantile",0.05,0
2022-05-21,"28","19  day ahead inc hosp",2022-06-09,"quantile",0.1,0
2022-05-21,"28","19  day ahead inc hosp",2022-06-09,"quantile",0.15,0
2022-05-21,"28","19  day ahead inc hosp",2022-06-09,"quantile",0.2,7.40611189802515
2022-05-21,"28","19  day ahead inc hosp",2022-06-09,"quantile",0.25,14.7148564139499
2022-05-21,"28","19  day ahead inc hosp",2022-06-09,"quantile",0.3,21.2783348754957
2022-05-21,"28","19  day ahead inc hosp",2022-06-09,"quantile",0.35,27.360375823946
2022-05-21,"28","19  day ahead inc hosp",2022-06-09,"quantile",0.4,33.1316379199443
2022-05-21,"28","19  day ahead inc hosp",2022-06-09,"quantile",0.45,38.7154007880947
2022-05-21,"28","19  day ahead inc hosp",2022-06-09,"quantile",0.5,44.2106352055381
2022-05-21,"28","19  day ahead inc hosp",2022-06-09,"quantile",0.55,49.7058696229815
2022-05-21,"28","19  day ahead inc hosp",2022-06-09,"quantile",0.6,55.2896324911319
2022-05-21,"28","19  day ahead inc hosp",2022-06-09,"quantile",0.65,61.0608945871301
2022-05-21,"28","19  day ahead inc hosp",2022-06-09,"quantile",0.7,67.1429355355804
2022-05-21,"28","19  day ahead inc hosp",2022-06-09,"quantile",0.75,73.7064139971262
2022-05-21,"28","19  day ahead inc hosp",2022-06-09,"quantile",0.8,81.015158513051
2022-05-21,"28","19  day ahead inc hosp",2022-06-09,"quantile",0.85,89.5343928754472
2022-05-21,"28","19  day ahead inc hosp",2022-06-09,"quantile",0.9,100.253535006948
2022-05-21,"28","19  day ahead inc hosp",2022-06-09,"quantile",0.95,116.140918372922
2022-05-21,"28","19  day ahead inc hosp",2022-06-09,"quantile",0.975,129.920854094212
2022-05-21,"28","19  day ahead inc hosp",2022-06-09,"quantile",0.99,145.943007365444
2022-05-21,"28","20  day ahead inc hosp",2022-06-10,"quantile",0.01,0
2022-05-21,"28","20  day ahead inc hosp",2022-06-10,"quantile",0.025,0
2022-05-21,"28","20  day ahead inc hosp",2022-06-10,"quantile",0.05,0
2022-05-21,"28","20  day ahead inc hosp",2022-06-10,"quantile",0.1,0
2022-05-21,"28","20  day ahead inc hosp",2022-06-10,"quantile",0.15,0
2022-05-21,"28","20  day ahead inc hosp",2022-06-10,"quantile",0.2,6.16844374621638
2022-05-21,"28","20  day ahead inc hosp",2022-06-10,"quantile",0.25,13.7595093685021
2022-05-21,"28","20  day ahead inc hosp",2022-06-10,"quantile",0.3,20.5765209090606
2022-05-21,"28","20  day ahead inc hosp",2022-06-10,"quantile",0.35,26.8934980391982
2022-05-21,"28","20  day ahead inc hosp",2022-06-10,"quantile",0.4,32.8876915971584
2022-05-21,"28","20  day ahead inc hosp",2022-06-10,"quantile",0.45,38.6871432347217
2022-05-21,"28","20  day ahead inc hosp",2022-06-10,"quantile",0.5,44.3946467576271
2022-05-21,"28","20  day ahead inc hosp",2022-06-10,"quantile",0.55,50.1021502805324
2022-05-21,"28","20  day ahead inc hosp",2022-06-10,"quantile",0.6,55.9016019180958
2022-05-21,"28","20  day ahead inc hosp",2022-06-10,"quantile",0.65,61.895795476056
2022-05-21,"28","20  day ahead inc hosp",2022-06-10,"quantile",0.7,68.2127726061935
2022-05-21,"28","20  day ahead inc hosp",2022-06-10,"quantile",0.75,75.0297841467521
2022-05-21,"28","20  day ahead inc hosp",2022-06-10,"quantile",0.8,82.6208497690378
2022-05-21,"28","20  day ahead inc hosp",2022-06-10,"quantile",0.85,91.4691638612425
2022-05-21,"28","20  day ahead inc hosp",2022-06-10,"quantile",0.9,102.602363435744
2022-05-21,"28","20  day ahead inc hosp",2022-06-10,"quantile",0.95,119.103442305684
2022-05-21,"28","20  day ahead inc hosp",2022-06-10,"quantile",0.975,133.415667353813
2022-05-21,"28","20  day ahead inc hosp",2022-06-10,"quantile",0.99,150.056722001056
2022-05-21,"28","21  day ahead inc hosp",2022-06-11,"quantile",0.01,0
2022-05-21,"28","21  day ahead inc hosp",2022-06-11,"quantile",0.025,0
2022-05-21,"28","21  day ahead inc hosp",2022-06-11,"quantile",0.05,0
2022-05-21,"28","21  day ahead inc hosp",2022-06-11,"quantile",0.1,0
2022-05-21,"28","21  day ahead inc hosp",2022-06-11,"quantile",0.15,0
2022-05-21,"28","21  day ahead inc hosp",2022-06-11,"quantile",0.2,4.77612976051947
2022-05-21,"28","21  day ahead inc hosp",2022-06-11,"quantile",0.25,12.6408372340477
2022-05-21,"28","21  day ahead inc hosp",2022-06-11,"quantile",0.3,19.7035876142791
2022-05-21,"28","21  day ahead inc hosp",2022-06-11,"quantile",0.35,26.2482784017816
2022-05-21,"28","21  day ahead inc hosp",2022-06-11,"quantile",0.4,32.4585499524139
2022-05-21,"28","21  day ahead inc hosp",2022-06-11,"quantile",0.45,38.4670595485379
2022-05-21,"28","21  day ahead inc hosp",2022-06-11,"quantile",0.5,44.3803064950538
2022-05-21,"28","21  day ahead inc hosp",2022-06-11,"quantile",0.55,50.2935534415696
2022-05-21,"28","21  day ahead inc hosp",2022-06-11,"quantile",0.6,56.3020630376936
2022-05-21,"28","21  day ahead inc hosp",2022-06-11,"quantile",0.65,62.5123345883259
2022-05-21,"28","21  day ahead inc hosp",2022-06-11,"quantile",0.7,69.0570253758285
2022-05-21,"28","21  day ahead inc hosp",2022-06-11,"quantile",0.75,76.1197757560598
2022-05-21,"28","21  day ahead inc hosp",2022-06-11,"quantile",0.8,83.984483229588
2022-05-21,"28","21  day ahead inc hosp",2022-06-11,"quantile",0.85,93.151760319749
2022-05-21,"28","21  day ahead inc hosp",2022-06-11,"quantile",0.9,104.6862881785
2022-05-21,"28","21  day ahead inc hosp",2022-06-11,"quantile",0.95,121.782196021623
2022-05-21,"28","21  day ahead inc hosp",2022-06-11,"quantile",0.975,136.610346494777
2022-05-21,"28","21  day ahead inc hosp",2022-06-11,"quantile",0.99,153.851275945754
2022-05-21,"28","22  day ahead inc hosp",2022-06-12,"quantile",0.01,0
2022-05-21,"28","22  day ahead inc hosp",2022-06-12,"quantile",0.025,0
2022-05-21,"28","22  day ahead inc hosp",2022-06-12,"quantile",0.05,0
2022-05-21,"28","22  day ahead inc hosp",2022-06-12,"quantile",0.1,0
2022-05-21,"28","22  day ahead inc hosp",2022-06-12,"quantile",0.15,2.63995166782559
2022-05-21,"28","22  day ahead inc hosp",2022-06-12,"quantile",0.2,12.3247981328752
2022-05-21,"28","22  day ahead inc hosp",2022-06-12,"quantile",0.25,20.6335340448069
2022-05-21,"28","22  day ahead inc hosp",2022-06-12,"quantile",0.3,28.0950356860003
2022-05-21,"28","22  day ahead inc hosp",2022-06-12,"quantile",0.35,35.0092289426015
2022-05-21,"28","22  day ahead inc hosp",2022-06-12,"quantile",0.4,41.5701222026834
2022-05-21,"28","22  day ahead inc hosp",2022-06-12,"quantile",0.45,47.9178623604117
2022-05-21,"28","22  day ahead inc hosp",2022-06-12,"quantile",0.5,54.1649614961403
2022-05-21,"28","22  day ahead inc hosp",2022-06-12,"quantile",0.55,60.412060631869
2022-05-21,"28","22  day ahead inc hosp",2022-06-12,"quantile",0.6,66.7598007895973
2022-05-21,"28","22  day ahead inc hosp",2022-06-12,"quantile",0.65,73.3206940496791
2022-05-21,"28","22  day ahead inc hosp",2022-06-12,"quantile",0.7,80.2348873062804
2022-05-21,"28","22  day ahead inc hosp",2022-06-12,"quantile",0.75,87.6963889474738
2022-05-21,"28","22  day ahead inc hosp",2022-06-12,"quantile",0.8,96.0051248594055
2022-05-21,"28","22  day ahead inc hosp",2022-06-12,"quantile",0.85,105.689971324455
2022-05-21,"28","22  day ahead inc hosp",2022-06-12,"quantile",0.9,117.875719639921
2022-05-21,"28","22  day ahead inc hosp",2022-06-12,"quantile",0.95,135.936834299474
2022-05-21,"28","22  day ahead inc hosp",2022-06-12,"quantile",0.975,151.602157740747
2022-05-21,"28","22  day ahead inc hosp",2022-06-12,"quantile",0.99,169.816481689423
2022-05-21,"28","23  day ahead inc hosp",2022-06-13,"quantile",0.01,0
2022-05-21,"28","23  day ahead inc hosp",2022-06-13,"quantile",0.025,0
2022-05-21,"28","23  day ahead inc hosp",2022-06-13,"quantile",0.05,0
2022-05-21,"28","23  day ahead inc hosp",2022-06-13,"quantile",0.1,0
2022-05-21,"28","23  day ahead inc hosp",2022-06-13,"quantile",0.15,0.72129932438456
2022-05-21,"28","23  day ahead inc hosp",2022-06-13,"quantile",0.2,10.8092193502194
2022-05-21,"28","23  day ahead inc hosp",2022-06-13,"quantile",0.25,19.4637564869545
2022-05-21,"28","23  day ahead inc hosp",2022-06-13,"quantile",0.3,27.2357983154575
2022-05-21,"28","23  day ahead inc hosp",2022-06-13,"quantile",0.35,34.4377533353405
2022-05-21,"28","23  day ahead inc hosp",2022-06-13,"quantile",0.4,41.2717043684926
2022-05-21,"28","23  day ahead inc hosp",2022-06-13,"quantile",0.45,47.8836310817382
2022-05-21,"28","23  day ahead inc hosp",2022-06-13,"quantile",0.5,54.3907281949571
2022-05-21,"28","23  day ahead inc hosp",2022-06-13,"quantile",0.55,60.8978253081761
2022-05-21,"28","23  day ahead inc hosp",2022-06-13,"quantile",0.6,67.5097520214216
2022-05-21,"28","23  day ahead inc hosp",2022-06-13,"quantile",0.65,74.3437030545737
2022-05-21,"28","23  day ahead inc hosp",2022-06-13,"quantile",0.7,81.5456580744567
2022-05-21,"28","23  day ahead inc hosp",2022-06-13,"quantile",0.75,89.3176999029598
2022-05-21,"28","23  day ahead inc hosp",2022-06-13,"quantile",0.8,97.9722370396948
2022-05-21,"28","23  day ahead inc hosp",2022-06-13,"quantile",0.85,108.06015706553
2022-05-21,"28","23  day ahead inc hosp",2022-06-13,"quantile",0.9,120.753063959304
2022-05-21,"28","23  day ahead inc hosp",2022-06-13,"quantile",0.95,139.565864030065
2022-05-21,"28","23  day ahead inc hosp",2022-06-13,"quantile",0.975,155.883162463727
2022-05-21,"28","23  day ahead inc hosp",2022-06-13,"quantile",0.99,174.855548239999
2022-05-21,"28","24  day ahead inc hosp",2022-06-14,"quantile",0.01,0
2022-05-21,"28","24  day ahead inc hosp",2022-06-14,"quantile",0.025,0
2022-05-21,"28","24  day ahead inc hosp",2022-06-14,"quantile",0.05,0
2022-05-21,"28","24  day ahead inc hosp",2022-06-14,"quantile",0.1,0
2022-05-21,"28","24  day ahead inc hosp",2022-06-14,"quantile",0.15,0
2022-05-21,"28","24  day ahead inc hosp",2022-06-14,"quantile",0.2,9.27482584308493
2022-05-21,"28","24  day ahead inc hosp",2022-06-14,"quantile",0.25,18.234412578758
2022-05-21,"28","24  day ahead inc hosp",2022-06-14,"quantile",0.3,26.2803983750616
2022-05-21,"28","24  day ahead inc hosp",2022-06-14,"quantile",0.35,33.7362033069243
2022-05-21,"28","24  day ahead inc hosp",2022-06-14,"quantile",0.4,40.811033082508
2022-05-21,"28","24  day ahead inc hosp",2022-06-14,"quantile",0.45,47.6560127667233
2022-05-21,"28","24  day ahead inc hosp",2022-06-14,"quantile",0.5,54.3924678841055
2022-05-21,"28","24  day ahead inc hosp",2022-06-14,"quantile",0.55,61.1289230014876
2022-05-21,"28","24  day ahead inc hosp",2022-06-14,"quantile",0.6,67.9739026857029
2022-05-21,"28","24  day ahead inc hosp",2022-06-14,"quantile",0.65,75.0487324612866
2022-05-21,"28","24  day ahead inc hosp",2022-06-14,"quantile",0.7,82.5045373931493
2022-05-21,"28","24  day ahead inc hosp",2022-06-14,"quantile",0.75,90.5505231894529
2022-05-21,"28","24  day ahead inc hosp",2022-06-14,"quantile",0.8,99.510109925126
2022-05-21,"28","24  day ahead inc hosp",2022-06-14,"quantile",0.85,109.953602514736
2022-05-21,"28","24  day ahead inc hosp",2022-06-14,"quantile",0.9,123.093900886082
2022-05-21,"28","24  day ahead inc hosp",2022-06-14,"quantile",0.95,142.56980252147
2022-05-21,"28","24  day ahead inc hosp",2022-06-14,"quantile",0.975,159.46224267147
2022-05-21,"28","24  day ahead inc hosp",2022-06-14,"quantile",0.99,179.10335498742
2022-05-21,"28","25  day ahead inc hosp",2022-06-15,"quantile",0.01,0
2022-05-21,"28","25  day ahead inc hosp",2022-06-15,"quantile",0.025,0
2022-05-21,"28","25  day ahead inc hosp",2022-06-15,"quantile",0.05,0
2022-05-21,"28","25  day ahead inc hosp",2022-06-15,"quantile",0.1,0
2022-05-21,"28","25  day ahead inc hosp",2022-06-15,"quantile",0.15,0
2022-05-21,"28","25  day ahead inc hosp",2022-06-15,"quantile",0.2,7.54269951175938
2022-05-21,"28","25  day ahead inc hosp",2022-06-15,"quantile",0.25,16.7922916591363
2022-05-21,"28","25  day ahead inc hosp",2022-06-15,"quantile",0.3,25.098711278144
2022-05-21,"28","25  day ahead inc hosp",2022-06-15,"quantile",0.35,32.7958469591404
2022-05-21,"28","25  day ahead inc hosp",2022-06-15,"quantile",0.4,40.0996760158666
2022-05-21,"28","25  day ahead inc hosp",2022-06-15,"quantile",0.45,47.1662151547742
2022-05-21,"28","25  day ahead inc hosp",2022-06-15,"quantile",0.5,54.1207169854007
2022-05-21,"28","25  day ahead inc hosp",2022-06-15,"quantile",0.55,61.0752188160272
2022-05-21,"28","25  day ahead inc hosp",2022-06-15,"quantile",0.6,68.1417579549349
2022-05-21,"28","25  day ahead inc hosp",2022-06-15,"quantile",0.65,75.4455870116611
2022-05-21,"28","25  day ahead inc hosp",2022-06-15,"quantile",0.7,83.1427226926575
2022-05-21,"28","25  day ahead inc hosp",2022-06-15,"quantile",0.75,91.4491423116652
2022-05-21,"28","25  day ahead inc hosp",2022-06-15,"quantile",0.8,100.698734459042
2022-05-21,"28","25  day ahead inc hosp",2022-06-15,"quantile",0.85,111.480263774835
2022-05-21,"28","25  day ahead inc hosp",2022-06-15,"quantile",0.9,125.045889535883
2022-05-21,"28","25  day ahead inc hosp",2022-06-15,"quantile",0.95,145.15219043395
2022-05-21,"28","25  day ahead inc hosp",2022-06-15,"quantile",0.975,162.591407930374
2022-05-21,"28","25  day ahead inc hosp",2022-06-15,"quantile",0.99,182.868267076121
2022-05-21,"28","26  day ahead inc hosp",2022-06-16,"quantile",0.01,0
2022-05-21,"28","26  day ahead inc hosp",2022-06-16,"quantile",0.025,0
2022-05-21,"28","26  day ahead inc hosp",2022-06-16,"quantile",0.05,0
2022-05-21,"28","26  day ahead inc hosp",2022-06-16,"quantile",0.1,0
2022-05-21,"28","26  day ahead inc hosp",2022-06-16,"quantile",0.15,0
2022-05-21,"28","26  day ahead inc hosp",2022-06-16,"quantile",0.2,6.63497213505973
2022-05-21,"28","26  day ahead inc hosp",2022-06-16,"quantile",0.25,16.1711338516048
2022-05-21,"28","26  day ahead inc hosp",2022-06-16,"quantile",0.3,24.7349018005303
2022-05-21,"28","26  day ahead inc hosp",2022-06-16,"quantile",0.35,32.6705090617636
2022-05-21,"28","26  day ahead inc hosp",2022-06-16,"quantile",0.4,40.200624327948
2022-05-21,"28","26  day ahead inc hosp",2022-06-16,"quantile",0.45,47.4860979932954
2022-05-21,"28","26  day ahead inc hosp",2022-06-16,"quantile",0.5,54.6560632261592
2022-05-21,"28","26  day ahead inc hosp",2022-06-16,"quantile",0.55,61.8260284590231
2022-05-21,"28","26  day ahead inc hosp",2022-06-16,"quantile",0.6,69.1115021243705
2022-05-21,"28","26  day ahead inc hosp",2022-06-16,"quantile",0.65,76.6416173905548
2022-05-21,"28","26  day ahead inc hosp",2022-06-16,"quantile",0.7,84.5772246517881
2022-05-21,"28","26  day ahead inc hosp",2022-06-16,"quantile",0.75,93.1409926007137
2022-05-21,"28","26  day ahead inc hosp",2022-06-16,"quantile",0.8,102.677154317259
2022-05-21,"28","26  day ahead inc hosp",2022-06-16,"quantile",0.85,113.792715465134
2022-05-21,"28","26  day ahead inc hosp",2022-06-16,"quantile",0.9,127.778629544618
2022-05-21,"28","26  day ahead inc hosp",2022-06-16,"quantile",0.95,148.507861042663
2022-05-21,"28","26  day ahead inc hosp",2022-06-16,"quantile",0.975,166.48737793445
2022-05-21,"28","26  day ahead inc hosp",2022-06-16,"quantile",0.99,187.392451891931
2022-05-21,"28","27  day ahead inc hosp",2022-06-17,"quantile",0.01,0
2022-05-21,"28","27  day ahead inc hosp",2022-06-17,"quantile",0.025,0
2022-05-21,"28","27  day ahead inc hosp",2022-06-17,"quantile",0.05,0
2022-05-21,"28","27  day ahead inc hosp",2022-06-17,"quantile",0.1,0
2022-05-21,"28","27  day ahead inc hosp",2022-06-17,"quantile",0.15,0
2022-05-21,"28","27  day ahead inc hosp",2022-06-17,"quantile",0.2,5.33262285474527
2022-05-21,"28","27  day ahead inc hosp",2022-06-17,"quantile",0.25,15.1566194765538
2022-05-21,"28","27  day ahead inc hosp",2022-06-17,"quantile",0.3,23.9788720663176
2022-05-21,"28","27  day ahead inc hosp",2022-06-17,"quantile",0.35,32.1540038691997
2022-05-21,"28","27  day ahead inc hosp",2022-06-17,"quantile",0.4,39.9114045022528
2022-05-21,"28","27  day ahead inc hosp",2022-06-17,"quantile",0.45,47.4167793903979
2022-05-21,"28","27  day ahead inc hosp",2022-06-17,"quantile",0.5,54.8031593952514
2022-05-21,"28","27  day ahead inc hosp",2022-06-17,"quantile",0.55,62.189539400105
2022-05-21,"28","27  day ahead inc hosp",2022-06-17,"quantile",0.6,69.69491428825
2022-05-21,"28","27  day ahead inc hosp",2022-06-17,"quantile",0.65,77.4523149213032
2022-05-21,"28","27  day ahead inc hosp",2022-06-17,"quantile",0.7,85.6274467241853
2022-05-21,"28","27  day ahead inc hosp",2022-06-17,"quantile",0.75,94.4496993139491
2022-05-21,"28","27  day ahead inc hosp",2022-06-17,"quantile",0.8,104.273695935758
2022-05-21,"28","27  day ahead inc hosp",2022-06-17,"quantile",0.85,115.724763819471
2022-05-21,"28","27  day ahead inc hosp",2022-06-17,"quantile",0.9,130.132821983101
2022-05-21,"28","27  day ahead inc hosp",2022-06-17,"quantile",0.95,151.487734605458
2022-05-21,"28","27  day ahead inc hosp",2022-06-17,"quantile",0.975,170.009936562269
2022-05-21,"28","27  day ahead inc hosp",2022-06-17,"quantile",0.99,191.545999188035
2022-05-21,"28","28  day ahead inc hosp",2022-06-18,"quantile",0.01,0
2022-05-21,"28","28  day ahead inc hosp",2022-06-18,"quantile",0.025,0
2022-05-21,"28","28  day ahead inc hosp",2022-06-18,"quantile",0.05,0
2022-05-21,"28","28  day ahead inc hosp",2022-06-18,"quantile",0.1,0
2022-05-21,"28","28  day ahead inc hosp",2022-06-18,"quantile",0.15,0
2022-05-21,"28","28  day ahead inc hosp",2022-06-18,"quantile",0.2,4.20361863347801
2022-05-21,"28","28  day ahead inc hosp",2022-06-18,"quantile",0.25,14.3179220774767
2022-05-21,"28","28  day ahead inc hosp",2022-06-18,"quantile",0.3,23.4008791658768
2022-05-21,"28","28  day ahead inc hosp",2022-06-18,"quantile",0.35,31.8175925394826
2022-05-21,"28","28  day ahead inc hosp",2022-06-18,"quantile",0.4,39.8042304588392
2022-05-21,"28","28  day ahead inc hosp",2022-06-18,"quantile",0.45,47.5313950744243
2022-05-21,"28","28  day ahead inc hosp",2022-06-18,"quantile",0.5,55.1360484143824
2022-05-21,"28","28  day ahead inc hosp",2022-06-18,"quantile",0.55,62.7407017543406
2022-05-21,"28","28  day ahead inc hosp",2022-06-18,"quantile",0.6,70.4678663699257
2022-05-21,"28","28  day ahead inc hosp",2022-06-18,"quantile",0.65,78.4545042892823
2022-05-21,"28","28  day ahead inc hosp",2022-06-18,"quantile",0.7,86.8712176628881
2022-05-21,"28","28  day ahead inc hosp",2022-06-18,"quantile",0.75,95.9541747512882
2022-05-21,"28","28  day ahead inc hosp",2022-06-18,"quantile",0.8,106.068478195287
2022-05-21,"28","28  day ahead inc hosp",2022-06-18,"quantile",0.85,117.857934135917
2022-05-21,"28","28  day ahead inc hosp",2022-06-18,"quantile",0.9,132.691761743535
2022-05-21,"28","28  day ahead inc hosp",2022-06-18,"quantile",0.95,154.677728819614
2022-05-21,"28","28  day ahead inc hosp",2022-06-18,"quantile",0.975,173.747276403368
2022-05-21,"28","28  day ahead inc hosp",2022-06-18,"quantile",0.99,195.919746607848
2022-05-21,"28","29  day ahead inc hosp",2022-06-19,"quantile",0.01,0
2022-05-21,"28","29  day ahead inc hosp",2022-06-19,"quantile",0.025,0
2022-05-21,"28","29  day ahead inc hosp",2022-06-19,"quantile",0.05,0
2022-05-21,"28","29  day ahead inc hosp",2022-06-19,"quantile",0.1,0
2022-05-21,"28","29  day ahead inc hosp",2022-06-19,"quantile",0.15,0
2022-05-21,"28","29  day ahead inc hosp",2022-06-19,"quantile",0.2,6.60079483986146
2022-05-21,"28","29  day ahead inc hosp",2022-06-19,"quantile",0.25,17.0073933202126
2022-05-21,"28","29  day ahead inc hosp",2022-06-19,"quantile",0.3,26.3528403850151
2022-05-21,"28","29  day ahead inc hosp",2022-06-19,"quantile",0.35,35.0127898405843
2022-05-21,"28","29  day ahead inc hosp",2022-06-19,"quantile",0.4,43.2302350156157
2022-05-21,"28","29  day ahead inc hosp",2022-06-19,"quantile",0.45,51.1807083221769
2022-05-21,"28","29  day ahead inc hosp",2022-06-19,"quantile",0.5,59.0051298781826
2022-05-21,"28","29  day ahead inc hosp",2022-06-19,"quantile",0.55,66.8295514341883
2022-05-21,"28","29  day ahead inc hosp",2022-06-19,"quantile",0.6,74.7800247407495
2022-05-21,"28","29  day ahead inc hosp",2022-06-19,"quantile",0.65,82.9974699157809
2022-05-21,"28","29  day ahead inc hosp",2022-06-19,"quantile",0.7,91.6574193713501
2022-05-21,"28","29  day ahead inc hosp",2022-06-19,"quantile",0.75,101.002866436153
2022-05-21,"28","29  day ahead inc hosp",2022-06-19,"quantile",0.8,111.409464916504
2022-05-21,"28","29  day ahead inc hosp",2022-06-19,"quantile",0.85,123.53962642048
2022-05-21,"28","29  day ahead inc hosp",2022-06-19,"quantile",0.9,138.802139424361
2022-05-21,"28","29  day ahead inc hosp",2022-06-19,"quantile",0.95,161.423482834691
2022-05-21,"28","29  day ahead inc hosp",2022-06-19,"quantile",0.975,181.044124632206
2022-05-21,"28","29  day ahead inc hosp",2022-06-19,"quantile",0.99,203.857360957688
2022-05-21,"28","30  day ahead inc hosp",2022-06-20,"quantile",0.01,0
2022-05-21,"28","30  day ahead inc hosp",2022-06-20,"quantile",0.025,0
2022-05-21,"28","30  day ahead inc hosp",2022-06-20,"quantile",0.05,0
2022-05-21,"28","30  day ahead inc hosp",2022-06-20,"quantile",0.1,0
2022-05-21,"28","30  day ahead inc hosp",2022-06-20,"quantile",0.15,0
2022-05-21,"28","30  day ahead inc hosp",2022-06-20,"quantile",0.2,5.23070330412328
2022-05-21,"28","30  day ahead inc hosp",2022-06-20,"quantile",0.25,15.9304061864731
2022-05-21,"28","30  day ahead inc hosp",2022-06-20,"quantile",0.3,25.5390700630428
2022-05-21,"28","30  day ahead inc hosp",2022-06-20,"quantile",0.35,34.4429291218609
2022-05-21,"28","30  day ahead inc hosp",2022-06-20,"quantile",0.4,42.8918206584036
2022-05-21,"28","30  day ahead inc hosp",2022-06-20,"quantile",0.45,51.0662209982337
2022-05-21,"28","30  day ahead inc hosp",2022-06-20,"quantile",0.5,59.1110193089964
2022-05-21,"28","30  day ahead inc hosp",2022-06-20,"quantile",0.55,67.155817619759
2022-05-21,"28","30  day ahead inc hosp",2022-06-20,"quantile",0.6,75.3302179595892
2022-05-21,"28","30  day ahead inc hosp",2022-06-20,"quantile",0.65,83.7791094961318
2022-05-21,"28","30  day ahead inc hosp",2022-06-20,"quantile",0.7,92.6829685549499
2022-05-21,"28","30  day ahead inc hosp",2022-06-20,"quantile",0.75,102.29163243152
2022-05-21,"28","30  day ahead inc hosp",2022-06-20,"quantile",0.8,112.991335313869
2022-05-21,"28","30  day ahead inc hosp",2022-06-20,"quantile",0.85,125.463145795702
2022-05-21,"28","30  day ahead inc hosp",2022-06-20,"quantile",0.9,141.155531226721
2022-05-21,"28","30  day ahead inc hosp",2022-06-20,"quantile",0.95,164.414010329872
2022-05-21,"28","30  day ahead inc hosp",2022-06-20,"quantile",0.975,184.587272322329
2022-05-21,"28","30  day ahead inc hosp",2022-06-20,"quantile",0.99,208.043049051715
2022-05-21,"28","31  day ahead inc hosp",2022-06-21,"quantile",0.01,0
2022-05-21,"28","31  day ahead inc hosp",2022-06-21,"quantile",0.025,0
2022-05-21,"28","31  day ahead inc hosp",2022-06-21,"quantile",0.05,0
2022-05-21,"28","31  day ahead inc hosp",2022-06-21,"quantile",0.1,0
2022-05-21,"28","31  day ahead inc hosp",2022-06-21,"quantile",0.15,0
2022-05-21,"28","31  day ahead inc hosp",2022-06-21,"quantile",0.2,3.4357858059642
2022-05-21,"28","31  day ahead inc hosp",2022-06-21,"quantile",0.25,14.428066157286
2022-05-21,"28","31  day ahead inc hosp",2022-06-21,"quantile",0.3,24.2994736434793
2022-05-21,"28","31  day ahead inc hosp",2022-06-21,"quantile",0.35,33.4468038132391
2022-05-21,"28","31  day ahead inc hosp",2022-06-21,"quantile",0.4,42.1267256249735
2022-05-21,"28","31  day ahead inc hosp",2022-06-21,"quantile",0.45,50.5246504297433
2022-05-21,"28","31  day ahead inc hosp",2022-06-21,"quantile",0.5,58.7894293095024
2022-05-21,"28","31  day ahead inc hosp",2022-06-21,"quantile",0.55,67.0542081892616
2022-05-21,"28","31  day ahead inc hosp",2022-06-21,"quantile",0.6,75.4521329940314
2022-05-21,"28","31  day ahead inc hosp",2022-06-21,"quantile",0.65,84.1320548057658
2022-05-21,"28","31  day ahead inc hosp",2022-06-21,"quantile",0.7,93.2793849755256
2022-05-21,"28","31  day ahead inc hosp",2022-06-21,"quantile",0.75,103.150792461719
2022-05-21,"28","31  day ahead inc hosp",2022-06-21,"quantile",0.8,114.143072813041
2022-05-21,"28","31  day ahead inc hosp",2022-06-21,"quantile",0.85,126.955918067931
2022-05-21,"28","31  day ahead inc hosp",2022-06-21,"quantile",0.9,143.077403116203
2022-05-21,"28","31  day ahead inc hosp",2022-06-21,"quantile",0.95,166.971872491511
2022-05-21,"28","31  day ahead inc hosp",2022-06-21,"quantile",0.975,187.696761197304
2022-05-21,"28","31  day ahead inc hosp",2022-06-21,"quantile",0.99,211.793923193525
2022-05-21,"28","32  day ahead inc hosp",2022-06-22,"quantile",0.01,0
2022-05-21,"28","32  day ahead inc hosp",2022-06-22,"quantile",0.025,0
2022-05-21,"28","32  day ahead inc hosp",2022-06-22,"quantile",0.05,0
2022-05-21,"28","32  day ahead inc hosp",2022-06-22,"quantile",0.1,0
2022-05-21,"28","32  day ahead inc hosp",2022-06-22,"quantile",0.15,0
2022-05-21,"28","32  day ahead inc hosp",2022-06-22,"quantile",0.2,2.65863279461482
2022-05-21,"28","32  day ahead inc hosp",2022-06-22,"quantile",0.25,13.9417377781047
2022-05-21,"28","32  day ahead inc hosp",2022-06-22,"quantile",0.3,24.0743147722982
2022-05-21,"28","32  day ahead inc hosp",2022-06-22,"quantile",0.35,33.4636574132575
2022-05-21,"28","32  day ahead inc hosp",2022-06-22,"quantile",0.4,42.3732253937091
2022-05-21,"28","32  day ahead inc hosp",2022-06-22,"quantile",0.45,50.9933355243863
2022-05-21,"28","32  day ahead inc hosp",2022-06-22,"quantile",0.5,59.4767770656529
2022-05-21,"28","32  day ahead inc hosp",2022-06-22,"quantile",0.55,67.9602186069196
2022-05-21,"28","32  day ahead inc hosp",2022-06-22,"quantile",0.6,76.5803287375968
2022-05-21,"28","32  day ahead inc hosp",2022-06-22,"quantile",0.65,85.4898967180484
2022-05-21,"28","32  day ahead inc hosp",2022-06-22,"quantile",0.7,94.8792393590077
2022-05-21,"28","32  day ahead inc hosp",2022-06-22,"quantile",0.75,105.011816353201
2022-05-21,"28","32  day ahead inc hosp",2022-06-22,"quantile",0.8,116.294921336691
2022-05-21,"28","32  day ahead inc hosp",2022-06-22,"quantile",0.85,129.446758219268
2022-05-21,"28","32  day ahead inc hosp",2022-06-22,"quantile",0.9,145.994772141379
2022-05-21,"28","32  day ahead inc hosp",2022-06-22,"quantile",0.95,170.521421559847
2022-05-21,"28","32  day ahead inc hosp",2022-06-22,"quantile",0.975,191.794632173556
2022-05-21,"28","32  day ahead inc hosp",2022-06-22,"quantile",0.99,216.529336886108
2022-05-21,"28","33  day ahead inc hosp",2022-06-23,"quantile",0.01,0
2022-05-21,"28","33  day ahead inc hosp",2022-06-23,"quantile",0.025,0
2022-05-21,"28","33  day ahead inc hosp",2022-06-23,"quantile",0.05,0
2022-05-21,"28","33  day ahead inc hosp",2022-06-23,"quantile",0.1,0
2022-05-21,"28","33  day ahead inc hosp",2022-06-23,"quantile",0.15,0
2022-05-21,"28","33  day ahead inc hosp",2022-06-23,"quantile",0.2,2.23162270689838
2022-05-21,"28","33  day ahead inc hosp",2022-06-23,"quantile",0.25,13.8027950150988
2022-05-21,"28","33  day ahead inc hosp",2022-06-23,"quantile",0.3,24.1940653699773
2022-05-21,"28","33  day ahead inc hosp",2022-06-23,"quantile",0.35,33.8231259626289
2022-05-21,"28","33  day ahead inc hosp",2022-06-23,"quantile",0.4,42.9601628371669
2022-05-21,"28","33  day ahead inc hosp",2022-06-23,"quantile",0.45,51.8003517553487
2022-05-21,"28","33  day ahead inc hosp",2022-06-23,"quantile",0.5,60.5003828180908
2022-05-21,"28","33  day ahead inc hosp",2022-06-23,"quantile",0.55,69.2004138808329
2022-05-21,"28","33  day ahead inc hosp",2022-06-23,"quantile",0.6,78.0406027990147
2022-05-21,"28","33  day ahead inc hosp",2022-06-23,"quantile",0.65,87.1776396735527
2022-05-21,"28","33  day ahead inc hosp",2022-06-23,"quantile",0.7,96.8067002662043
2022-05-21,"28","33  day ahead inc hosp",2022-06-23,"quantile",0.75,107.197970621083
2022-05-21,"28","33  day ahead inc hosp",2022-06-23,"quantile",0.8,118.769142929283
2022-05-21,"28","33  day ahead inc hosp",2022-06-23,"quantile",0.85,132.25675746095
2022-05-21,"28","33  day ahead inc hosp",2022-06-23,"quantile",0.9,149.227256337938
2022-05-21,"28","33  day ahead inc hosp",2022-06-23,"quantile",0.95,174.380092102489
2022-05-21,"28","33  day ahead inc hosp",2022-06-23,"quantile",0.975,196.196425985765
2022-05-21,"28","33  day ahead inc hosp",2022-06-23,"quantile",0.99,221.562628874083
2022-05-21,"28","34  day ahead inc hosp",2022-06-24,"quantile",0.01,0
2022-05-21,"28","34  day ahead inc hosp",2022-06-24,"quantile",0.025,0
2022-05-21,"28","34  day ahead inc hosp",2022-06-24,"quantile",0.05,0
2022-05-21,"28","34  day ahead inc hosp",2022-06-24,"quantile",0.1,0
2022-05-21,"28","34  day ahead inc hosp",2022-06-24,"quantile",0.15,0
2022-05-21,"28","34  day ahead inc hosp",2022-06-24,"quantile",0.2,0.721804108150387
2022-05-21,"28","34  day ahead inc hosp",2022-06-24,"quantile",0.25,12.5775282049693
2022-05-21,"28","34  day ahead inc hosp",2022-06-24,"quantile",0.3,23.2243348604699
2022-05-21,"28","34  day ahead inc hosp",2022-06-24,"quantile",0.35,33.0901879181696
2022-05-21,"28","34  day ahead inc hosp",2022-06-24,"quantile",0.4,42.4519176860526
2022-05-21,"28","34  day ahead inc hosp",2022-06-24,"quantile",0.45,51.5094995788953
2022-05-21,"28","34  day ahead inc hosp",2022-06-24,"quantile",0.5,60.423476932817
2022-05-21,"28","34  day ahead inc hosp",2022-06-24,"quantile",0.55,69.3374542867386
2022-05-21,"28","34  day ahead inc hosp",2022-06-24,"quantile",0.6,78.3950361795814
2022-05-21,"28","34  day ahead inc hosp",2022-06-24,"quantile",0.65,87.7567659474643
2022-05-21,"28","34  day ahead inc hosp",2022-06-24,"quantile",0.7,97.622619005164
2022-05-21,"28","34  day ahead inc hosp",2022-06-24,"quantile",0.75,108.269425660665
2022-05-21,"28","34  day ahead inc hosp",2022-06-24,"quantile",0.8,120.125149757484
2022-05-21,"28","34  day ahead inc hosp",2022-06-24,"quantile",0.85,133.944444151567
2022-05-21,"28","34  day ahead inc hosp",2022-06-24,"quantile",0.9,151.332272032097
2022-05-21,"28","34  day ahead inc hosp",2022-06-24,"quantile",0.95,177.103652246164
2022-05-21,"28","34  day ahead inc hosp",2022-06-24,"quantile",0.975,199.4564811934
2022-05-21,"28","34  day ahead inc hosp",2022-06-24,"quantile",0.99,225.446475536039
2022-05-21,"28","35  day ahead inc hosp",2022-06-25,"quantile",0.01,0
2022-05-21,"28","35  day ahead inc hosp",2022-06-25,"quantile",0.025,0
2022-05-21,"28","35  day ahead inc hosp",2022-06-25,"quantile",0.05,0
2022-05-21,"28","35  day ahead inc hosp",2022-06-25,"quantile",0.1,0
2022-05-21,"28","35  day ahead inc hosp",2022-06-25,"quantile",0.15,0
2022-05-21,"28","35  day ahead inc hosp",2022-06-25,"quantile",0.2,0
2022-05-21,"28","35  day ahead inc hosp",2022-06-25,"quantile",0.25,10.7700184470994
2022-05-21,"28","35  day ahead inc hosp",2022-06-25,"quantile",0.3,21.668728232323
2022-05-21,"28","35  day ahead inc hosp",2022-06-25,"quantile",0.35,31.768007080782
2022-05-21,"28","35  day ahead inc hosp",2022-06-25,"quantile",0.4,41.3512350973377
2022-05-21,"28","35  day ahead inc hosp",2022-06-25,"quantile",0.45,50.6231191091497
2022-05-21,"28","35  day ahead inc hosp",2022-06-25,"quantile",0.5,59.7480009029086
2022-05-21,"28","35  day ahead inc hosp",2022-06-25,"quantile",0.55,68.8728826966674
2022-05-21,"28","35  day ahead inc hosp",2022-06-25,"quantile",0.6,78.1447667084794
2022-05-21,"28","35  day ahead inc hosp",2022-06-25,"quantile",0.65,87.7279947250351
2022-05-21,"28","35  day ahead inc hosp",2022-06-25,"quantile",0.7,97.8272735734942
2022-05-21,"28","35  day ahead inc hosp",2022-06-25,"quantile",0.75,108.725983358718
2022-05-21,"28","35  day ahead inc hosp",2022-06-25,"quantile",0.8,120.862213536069
2022-05-21,"28","35  day ahead inc hosp",2022-06-25,"quantile",0.85,135.008472025686
2022-05-21,"28","35  day ahead inc hosp",2022-06-25,"quantile",0.9,152.807695398208
2022-05-21,"28","35  day ahead inc hosp",2022-06-25,"quantile",0.95,179.188825703853
2022-05-21,"28","35  day ahead inc hosp",2022-06-25,"quantile",0.975,202.070521921076
2022-05-21,"28","35  day ahead inc hosp",2022-06-25,"quantile",0.99,228.675438759092
2022-05-21,"28","36  day ahead inc hosp",2022-06-26,"quantile",0.01,0
2022-05-21,"28","36  day ahead inc hosp",2022-06-26,"quantile",0.025,0
2022-05-21,"28","36  day ahead inc hosp",2022-06-26,"quantile",0.05,0
2022-05-21,"28","36  day ahead inc hosp",2022-06-26,"quantile",0.1,0
2022-05-21,"28","36  day ahead inc hosp",2022-06-26,"quantile",0.15,0
2022-05-21,"28","36  day ahead inc hosp",2022-06-26,"quantile",0.2,0
2022-05-21,"28","36  day ahead inc hosp",2022-06-26,"quantile",0.25,12.2828751881343
2022-05-21,"28","36  day ahead inc hosp",2022-06-26,"quantile",0.3,23.4295513680691
2022-05-21,"28","36  day ahead inc hosp",2022-06-26,"quantile",0.35,33.7586080356082
2022-05-21,"28","36  day ahead inc hosp",2022-06-26,"quantile",0.4,43.559872732449
2022-05-21,"28","36  day ahead inc hosp",2022-06-26,"quantile",0.45,53.0427097557547
2022-05-21,"28","36  day ahead inc hosp",2022-06-26,"quantile",0.5,62.375199980709
2022-05-21,"28","36  day ahead inc hosp",2022-06-26,"quantile",0.55,71.7076902056632
2022-05-21,"28","36  day ahead inc hosp",2022-06-26,"quantile",0.6,81.1905272289689
2022-05-21,"28","36  day ahead inc hosp",2022-06-26,"quantile",0.65,90.9917919258098
2022-05-21,"28","36  day ahead inc hosp",2022-06-26,"quantile",0.7,101.320848593349
2022-05-21,"28","36  day ahead inc hosp",2022-06-26,"quantile",0.75,112.467524773284
2022-05-21,"28","36  day ahead inc hosp",2022-06-26,"quantile",0.8,124.879877290047
2022-05-21,"28","36  day ahead inc hosp",2022-06-26,"quantile",0.85,139.347990089527
2022-05-21,"28","36  day ahead inc hosp",2022-06-26,"quantile",0.9,157.552179676887
2022-05-21,"28","36  day ahead inc hosp",2022-06-26,"quantile",0.95,184.533530916864
2022-05-21,"28","36  day ahead inc hosp",2022-06-26,"quantile",0.975,207.935829281284
2022-05-21,"28","36  day ahead inc hosp",2022-06-26,"quantile",0.99,235.146058623249
2022-05-21,"28","37  day ahead inc hosp",2022-06-27,"quantile",0.01,0
2022-05-21,"28","37  day ahead inc hosp",2022-06-27,"quantile",0.025,0
2022-05-21,"28","37  day ahead inc hosp",2022-06-27,"quantile",0.05,0
2022-05-21,"28","37  day ahead inc hosp",2022-06-27,"quantile",0.1,0
2022-05-21,"28","37  day ahead inc hosp",2022-06-27,"quantile",0.15,0
2022-05-21,"28","37  day ahead inc hosp",2022-06-27,"quantile",0.2,0
2022-05-21,"28","37  day ahead inc hosp",2022-06-27,"quantile",0.25,11.8753550664728
2022-05-21,"28","37  day ahead inc hosp",2022-06-27,"quantile",0.3,23.2658940865513
2022-05-21,"28","37  day ahead inc hosp",2022-06-27,"quantile",0.35,33.8209260183118
2022-05-21,"28","37  day ahead inc hosp",2022-06-27,"quantile",0.4,43.8366191427295
2022-05-21,"28","37  day ahead inc hosp",2022-06-27,"quantile",0.45,53.5269181512758
2022-05-21,"28","37  day ahead inc hosp",2022-06-27,"quantile",0.5,63.0635811300746
2022-05-21,"28","37  day ahead inc hosp",2022-06-27,"quantile",0.55,72.6002441088734
2022-05-21,"28","37  day ahead inc hosp",2022-06-27,"quantile",0.6,82.2905431174197
2022-05-21,"28","37  day ahead inc hosp",2022-06-27,"quantile",0.65,92.3062362418374
2022-05-21,"28","37  day ahead inc hosp",2022-06-27,"quantile",0.7,102.861268173598
2022-05-21,"28","37  day ahead inc hosp",2022-06-27,"quantile",0.75,114.251807193676
2022-05-21,"28","37  day ahead inc hosp",2022-06-27,"quantile",0.8,126.935712547244
2022-05-21,"28","37  day ahead inc hosp",2022-06-27,"quantile",0.85,141.720353343218
2022-05-21,"28","37  day ahead inc hosp",2022-06-27,"quantile",0.9,160.322807426974
2022-05-21,"28","37  day ahead inc hosp",2022-06-27,"quantile",0.95,187.894446645007
2022-05-21,"28","37  day ahead inc hosp",2022-06-27,"quantile",0.975,211.808731798395
2022-05-21,"28","37  day ahead inc hosp",2022-06-27,"quantile",0.99,239.614256428496
2022-05-21,"29","1  day ahead inc hosp",2022-05-22,"quantile",0.01,16.4002037164627
2022-05-21,"29","1  day ahead inc hosp",2022-05-22,"quantile",0.025,24.3761963693136
2022-05-21,"29","1  day ahead inc hosp",2022-05-22,"quantile",0.05,31.2359900692719
2022-05-21,"29","1  day ahead inc hosp",2022-05-22,"quantile",0.1,39.1448928774575
2022-05-21,"29","1  day ahead inc hosp",2022-05-22,"quantile",0.15,44.4809920545401
2022-05-21,"29","1  day ahead inc hosp",2022-05-22,"quantile",0.2,48.721954522699
2022-05-21,"29","1  day ahead inc hosp",2022-05-22,"quantile",0.25,52.3603226979209
2022-05-21,"29","1  day ahead inc hosp",2022-05-22,"quantile",0.3,55.6276897677659
2022-05-21,"29","1  day ahead inc hosp",2022-05-22,"quantile",0.35,58.6553922930112
2022-05-21,"29","1  day ahead inc hosp",2022-05-22,"quantile",0.4,61.5283859097935
2022-05-21,"29","1  day ahead inc hosp",2022-05-22,"quantile",0.45,64.3080404829146
2022-05-21,"29","1  day ahead inc hosp",2022-05-22,"quantile",0.5,67.0436246829433
2022-05-21,"29","1  day ahead inc hosp",2022-05-22,"quantile",0.55,69.779208882972
2022-05-21,"29","1  day ahead inc hosp",2022-05-22,"quantile",0.6,72.5588634560931
2022-05-21,"29","1  day ahead inc hosp",2022-05-22,"quantile",0.65,75.4318570728754
2022-05-21,"29","1  day ahead inc hosp",2022-05-22,"quantile",0.7,78.4595595981207
2022-05-21,"29","1  day ahead inc hosp",2022-05-22,"quantile",0.75,81.7269266679657
2022-05-21,"29","1  day ahead inc hosp",2022-05-22,"quantile",0.8,85.3652948431876
2022-05-21,"29","1  day ahead inc hosp",2022-05-22,"quantile",0.85,89.6062573113465
2022-05-21,"29","1  day ahead inc hosp",2022-05-22,"quantile",0.9,94.9423564884291
2022-05-21,"29","1  day ahead inc hosp",2022-05-22,"quantile",0.95,102.851259296615
2022-05-21,"29","1  day ahead inc hosp",2022-05-22,"quantile",0.975,109.711052996573
2022-05-21,"29","1  day ahead inc hosp",2022-05-22,"quantile",0.99,117.687045649424
2022-05-21,"29","2  day ahead inc hosp",2022-05-23,"quantile",0.01,17.2268043611141
2022-05-21,"29","2  day ahead inc hosp",2022-05-23,"quantile",0.025,26.0372644453941
2022-05-21,"29","2  day ahead inc hosp",2022-05-23,"quantile",0.05,33.6147461721704
2022-05-21,"29","2  day ahead inc hosp",2022-05-23,"quantile",0.1,42.3510973117447
2022-05-21,"29","2  day ahead inc hosp",2022-05-23,"quantile",0.15,48.2454719496955
2022-05-21,"29","2  day ahead inc hosp",2022-05-23,"quantile",0.2,52.9301340564602
2022-05-21,"29","2  day ahead inc hosp",2022-05-23,"quantile",0.25,56.9491570138409
2022-05-21,"29","2  day ahead inc hosp",2022-05-23,"quantile",0.3,60.5583638426951
2022-05-21,"29","2  day ahead inc hosp",2022-05-23,"quantile",0.35,63.9028318489706
2022-05-21,"29","2  day ahead inc hosp",2022-05-23,"quantile",0.4,67.0764049306865
2022-05-21,"29","2  day ahead inc hosp",2022-05-23,"quantile",0.45,70.1468736147088
2022-05-21,"29","2  day ahead inc hosp",2022-05-23,"quantile",0.5,73.168661177781
2022-05-21,"29","2  day ahead inc hosp",2022-05-23,"quantile",0.55,76.1904487408532
2022-05-21,"29","2  day ahead inc hosp",2022-05-23,"quantile",0.6,79.2609174248755
2022-05-21,"29","2  day ahead inc hosp",2022-05-23,"quantile",0.65,82.4344905065915
2022-05-21,"29","2  day ahead inc hosp",2022-05-23,"quantile",0.7,85.7789585128669
2022-05-21,"29","2  day ahead inc hosp",2022-05-23,"quantile",0.75,89.3881653417211
2022-05-21,"29","2  day ahead inc hosp",2022-05-23,"quantile",0.8,93.4071882991018
2022-05-21,"29","2  day ahead inc hosp",2022-05-23,"quantile",0.85,98.0918504058665
2022-05-21,"29","2  day ahead inc hosp",2022-05-23,"quantile",0.9,103.986225043817
2022-05-21,"29","2  day ahead inc hosp",2022-05-23,"quantile",0.95,112.722576183392
2022-05-21,"29","2  day ahead inc hosp",2022-05-23,"quantile",0.975,120.300057910168
2022-05-21,"29","2  day ahead inc hosp",2022-05-23,"quantile",0.99,129.110517994448
2022-05-21,"29","3  day ahead inc hosp",2022-05-24,"quantile",0.01,20.0466225916167
2022-05-21,"29","3  day ahead inc hosp",2022-05-24,"quantile",0.025,29.2005048418729
2022-05-21,"29","3  day ahead inc hosp",2022-05-24,"quantile",0.05,37.0733485772571
2022-05-21,"29","3  day ahead inc hosp",2022-05-24,"quantile",0.1,46.1502331966248
2022-05-21,"29","3  day ahead inc hosp",2022-05-24,"quantile",0.15,52.2743641567059
2022-05-21,"29","3  day ahead inc hosp",2022-05-24,"quantile",0.2,57.1416293048761
2022-05-21,"29","3  day ahead inc hosp",2022-05-24,"quantile",0.25,61.3173094124996
2022-05-21,"29","3  day ahead inc hosp",2022-05-24,"quantile",0.3,65.0671992039646
2022-05-21,"29","3  day ahead inc hosp",2022-05-24,"quantile",0.35,68.5420309410516
2022-05-21,"29","3  day ahead inc hosp",2022-05-24,"quantile",0.4,71.8393064550107
2022-05-21,"29","3  day ahead inc hosp",2022-05-24,"quantile",0.45,75.0294586738248
2022-05-21,"29","3  day ahead inc hosp",2022-05-24,"quantile",0.5,78.1690322344616
2022-05-21,"29","3  day ahead inc hosp",2022-05-24,"quantile",0.55,81.3086057950983
2022-05-21,"29","3  day ahead inc hosp",2022-05-24,"quantile",0.6,84.4987580139124
2022-05-21,"29","3  day ahead inc hosp",2022-05-24,"quantile",0.65,87.7960335278715
2022-05-21,"29","3  day ahead inc hosp",2022-05-24,"quantile",0.7,91.2708652649585
2022-05-21,"29","3  day ahead inc hosp",2022-05-24,"quantile",0.75,95.0207550564235
2022-05-21,"29","3  day ahead inc hosp",2022-05-24,"quantile",0.8,99.196435164047
2022-05-21,"29","3  day ahead inc hosp",2022-05-24,"quantile",0.85,104.063700312217
2022-05-21,"29","3  day ahead inc hosp",2022-05-24,"quantile",0.9,110.187831272298
2022-05-21,"29","3  day ahead inc hosp",2022-05-24,"quantile",0.95,119.264715891666
2022-05-21,"29","3  day ahead inc hosp",2022-05-24,"quantile",0.975,127.13755962705
2022-05-21,"29","3  day ahead inc hosp",2022-05-24,"quantile",0.99,136.291441877306
2022-05-21,"29","4  day ahead inc hosp",2022-05-25,"quantile",0.01,20.9500108725225
2022-05-21,"29","4  day ahead inc hosp",2022-05-25,"quantile",0.025,30.4524928148566
2022-05-21,"29","4  day ahead inc hosp",2022-05-25,"quantile",0.05,38.6251515169296
2022-05-21,"29","4  day ahead inc hosp",2022-05-25,"quantile",0.1,48.047703591573
2022-05-21,"29","4  day ahead inc hosp",2022-05-25,"quantile",0.15,54.4050547426686
2022-05-21,"29","4  day ahead inc hosp",2022-05-25,"quantile",0.2,59.4576759054267
2022-05-21,"29","4  day ahead inc hosp",2022-05-25,"quantile",0.25,63.7923749691541
2022-05-21,"29","4  day ahead inc hosp",2022-05-25,"quantile",0.3,67.6850686978879
2022-05-21,"29","4  day ahead inc hosp",2022-05-25,"quantile",0.35,71.2922295648954
2022-05-21,"29","4  day ahead inc hosp",2022-05-25,"quantile",0.4,74.7150724826552
2022-05-21,"29","4  day ahead inc hosp",2022-05-25,"quantile",0.45,78.0267126178263
2022-05-21,"29","4  day ahead inc hosp",2022-05-25,"quantile",0.5,81.2858479498048
2022-05-21,"29","4  day ahead inc hosp",2022-05-25,"quantile",0.55,84.5449832817833
2022-05-21,"29","4  day ahead inc hosp",2022-05-25,"quantile",0.6,87.8566234169543
2022-05-21,"29","4  day ahead inc hosp",2022-05-25,"quantile",0.65,91.2794663347142
2022-05-21,"29","4  day ahead inc hosp",2022-05-25,"quantile",0.7,94.8866272017217
2022-05-21,"29","4  day ahead inc hosp",2022-05-25,"quantile",0.75,98.7793209304555
2022-05-21,"29","4  day ahead inc hosp",2022-05-25,"quantile",0.8,103.114019994183
2022-05-21,"29","4  day ahead inc hosp",2022-05-25,"quantile",0.85,108.166641156941
2022-05-21,"29","4  day ahead inc hosp",2022-05-25,"quantile",0.9,114.523992308037
2022-05-21,"29","4  day ahead inc hosp",2022-05-25,"quantile",0.95,123.94654438268
2022-05-21,"29","4  day ahead inc hosp",2022-05-25,"quantile",0.975,132.119203084753
2022-05-21,"29","4  day ahead inc hosp",2022-05-25,"quantile",0.99,141.621685027087
2022-05-21,"29","5  day ahead inc hosp",2022-05-26,"quantile",0.01,15.6667498718812
2022-05-21,"29","5  day ahead inc hosp",2022-05-26,"quantile",0.025,25.6695327460921
2022-05-21,"29","5  day ahead inc hosp",2022-05-26,"quantile",0.05,34.2724778501146
2022-05-21,"29","5  day ahead inc hosp",2022-05-26,"quantile",0.1,44.1911225889913
2022-05-21,"29","5  day ahead inc hosp",2022-05-26,"quantile",0.15,50.8831851054399
2022-05-21,"29","5  day ahead inc hosp",2022-05-26,"quantile",0.2,56.2018242508143
2022-05-21,"29","5  day ahead inc hosp",2022-05-26,"quantile",0.25,60.7647430569362
2022-05-21,"29","5  day ahead inc hosp",2022-05-26,"quantile",0.3,64.862385167768
2022-05-21,"29","5  day ahead inc hosp",2022-05-26,"quantile",0.35,68.6594612542039
2022-05-21,"29","5  day ahead inc hosp",2022-05-26,"quantile",0.4,72.2625151433515
2022-05-21,"29","5  day ahead inc hosp",2022-05-26,"quantile",0.45,75.7485114789048
2022-05-21,"29","5  day ahead inc hosp",2022-05-26,"quantile",0.5,79.179238659581
2022-05-21,"29","5  day ahead inc hosp",2022-05-26,"quantile",0.55,82.6099658402572
2022-05-21,"29","5  day ahead inc hosp",2022-05-26,"quantile",0.6,86.0959621758105
2022-05-21,"29","5  day ahead inc hosp",2022-05-26,"quantile",0.65,89.6990160649581
2022-05-21,"29","5  day ahead inc hosp",2022-05-26,"quantile",0.7,93.4960921513941
2022-05-21,"29","5  day ahead inc hosp",2022-05-26,"quantile",0.75,97.5937342622258
2022-05-21,"29","5  day ahead inc hosp",2022-05-26,"quantile",0.8,102.156653068348
2022-05-21,"29","5  day ahead inc hosp",2022-05-26,"quantile",0.85,107.475292213722
2022-05-21,"29","5  day ahead inc hosp",2022-05-26,"quantile",0.9,114.167354730171
2022-05-21,"29","5  day ahead inc hosp",2022-05-26,"quantile",0.95,124.085999469047
2022-05-21,"29","5  day ahead inc hosp",2022-05-26,"quantile",0.975,132.68894457307
2022-05-21,"29","5  day ahead inc hosp",2022-05-26,"quantile",0.99,142.691727447281
2022-05-21,"29","6  day ahead inc hosp",2022-05-27,"quantile",0.01,10.1825888312016
2022-05-21,"29","6  day ahead inc hosp",2022-05-27,"quantile",0.025,20.8895824340243
2022-05-21,"29","6  day ahead inc hosp",2022-05-27,"quantile",0.05,30.0981876144572
2022-05-21,"29","6  day ahead inc hosp",2022-05-27,"quantile",0.1,40.7151196326083
2022-05-21,"29","6  day ahead inc hosp",2022-05-27,"quantile",0.15,47.878313261257
2022-05-21,"29","6  day ahead inc hosp",2022-05-27,"quantile",0.2,53.571392479448
2022-05-21,"29","6  day ahead inc hosp",2022-05-27,"quantile",0.25,58.4555475272702
2022-05-21,"29","6  day ahead inc hosp",2022-05-27,"quantile",0.3,62.8416697113722
2022-05-21,"29","6  day ahead inc hosp",2022-05-27,"quantile",0.35,66.9060655778183
2022-05-21,"29","6  day ahead inc hosp",2022-05-27,"quantile",0.4,70.7627797969373
2022-05-21,"29","6  day ahead inc hosp",2022-05-27,"quantile",0.45,74.4941954373249
2022-05-21,"29","6  day ahead inc hosp",2022-05-27,"quantile",0.5,78.1664508924777
2022-05-21,"29","6  day ahead inc hosp",2022-05-27,"quantile",0.55,81.8387063476305
2022-05-21,"29","6  day ahead inc hosp",2022-05-27,"quantile",0.6,85.5701219880181
2022-05-21,"29","6  day ahead inc hosp",2022-05-27,"quantile",0.65,89.4268362071371
2022-05-21,"29","6  day ahead inc hosp",2022-05-27,"quantile",0.7,93.4912320735832
2022-05-21,"29","6  day ahead inc hosp",2022-05-27,"quantile",0.75,97.8773542576852
2022-05-21,"29","6  day ahead inc hosp",2022-05-27,"quantile",0.8,102.761509305507
2022-05-21,"29","6  day ahead inc hosp",2022-05-27,"quantile",0.85,108.454588523698
2022-05-21,"29","6  day ahead inc hosp",2022-05-27,"quantile",0.9,115.617782152347
2022-05-21,"29","6  day ahead inc hosp",2022-05-27,"quantile",0.95,126.234714170498
2022-05-21,"29","6  day ahead inc hosp",2022-05-27,"quantile",0.975,135.443319350931
2022-05-21,"29","6  day ahead inc hosp",2022-05-27,"quantile",0.99,146.150312953754
2022-05-21,"29","7  day ahead inc hosp",2022-05-28,"quantile",0.01,6.44533517245416
2022-05-21,"29","7  day ahead inc hosp",2022-05-28,"quantile",0.025,18.0475623005932
2022-05-21,"29","7  day ahead inc hosp",2022-05-28,"quantile",0.05,28.0261177009228
2022-05-21,"29","7  day ahead inc hosp",2022-05-28,"quantile",0.1,39.5307530120083
2022-05-21,"29","7  day ahead inc hosp",2022-05-28,"quantile",0.15,47.2928758380192
2022-05-21,"29","7  day ahead inc hosp",2022-05-28,"quantile",0.2,53.4619649958315
2022-05-21,"29","7  day ahead inc hosp",2022-05-28,"quantile",0.25,58.7544941871202
2022-05-21,"29","7  day ahead inc hosp",2022-05-28,"quantile",0.3,63.5073489733886
2022-05-21,"29","7  day ahead inc hosp",2022-05-28,"quantile",0.35,67.9115772498252
2022-05-21,"29","7  day ahead inc hosp",2022-05-28,"quantile",0.4,72.0907591937413
2022-05-21,"29","7  day ahead inc hosp",2022-05-28,"quantile",0.45,76.1341660897588
2022-05-21,"29","7  day ahead inc hosp",2022-05-28,"quantile",0.5,80.1134662970549
2022-05-21,"29","7  day ahead inc hosp",2022-05-28,"quantile",0.55,84.092766504351
2022-05-21,"29","7  day ahead inc hosp",2022-05-28,"quantile",0.6,88.1361734003684
2022-05-21,"29","7  day ahead inc hosp",2022-05-28,"quantile",0.65,92.3153553442846
2022-05-21,"29","7  day ahead inc hosp",2022-05-28,"quantile",0.7,96.7195836207212
2022-05-21,"29","7  day ahead inc hosp",2022-05-28,"quantile",0.75,101.47243840699
2022-05-21,"29","7  day ahead inc hosp",2022-05-28,"quantile",0.8,106.764967598278
2022-05-21,"29","7  day ahead inc hosp",2022-05-28,"quantile",0.85,112.934056756091
2022-05-21,"29","7  day ahead inc hosp",2022-05-28,"quantile",0.9,120.696179582101
2022-05-21,"29","7  day ahead inc hosp",2022-05-28,"quantile",0.95,132.200814893187
2022-05-21,"29","7  day ahead inc hosp",2022-05-28,"quantile",0.975,142.179370293517
2022-05-21,"29","7  day ahead inc hosp",2022-05-28,"quantile",0.99,153.781597421656
2022-05-21,"29","8  day ahead inc hosp",2022-05-29,"quantile",0.01,5.79323889294062
2022-05-21,"29","8  day ahead inc hosp",2022-05-29,"quantile",0.025,18.4330643450843
2022-05-21,"29","8  day ahead inc hosp",2022-05-29,"quantile",0.05,29.3040115461449
2022-05-21,"29","8  day ahead inc hosp",2022-05-29,"quantile",0.1,41.8375174512319
2022-05-21,"29","8  day ahead inc hosp",2022-05-29,"quantile",0.15,50.2938143824414
2022-05-21,"29","8  day ahead inc hosp",2022-05-29,"quantile",0.2,57.0146111132987
2022-05-21,"29","8  day ahead inc hosp",2022-05-29,"quantile",0.25,62.7804562772861
2022-05-21,"29","8  day ahead inc hosp",2022-05-29,"quantile",0.3,67.9583634354831
2022-05-21,"29","8  day ahead inc hosp",2022-05-29,"quantile",0.35,72.756466079978
2022-05-21,"29","8  day ahead inc hosp",2022-05-29,"quantile",0.4,77.309396282123
2022-05-21,"29","8  day ahead inc hosp",2022-05-29,"quantile",0.45,81.7144089433303
2022-05-21,"29","8  day ahead inc hosp",2022-05-29,"quantile",0.5,86.0495817930252
2022-05-21,"29","8  day ahead inc hosp",2022-05-29,"quantile",0.55,90.3847546427201
2022-05-21,"29","8  day ahead inc hosp",2022-05-29,"quantile",0.6,94.7897673039274
2022-05-21,"29","8  day ahead inc hosp",2022-05-29,"quantile",0.65,99.3426975060724
2022-05-21,"29","8  day ahead inc hosp",2022-05-29,"quantile",0.7,104.140800150567
2022-05-21,"29","8  day ahead inc hosp",2022-05-29,"quantile",0.75,109.318707308764
2022-05-21,"29","8  day ahead inc hosp",2022-05-29,"quantile",0.8,115.084552472752
2022-05-21,"29","8  day ahead inc hosp",2022-05-29,"quantile",0.85,121.805349203609
2022-05-21,"29","8  day ahead inc hosp",2022-05-29,"quantile",0.9,130.261646134819
2022-05-21,"29","8  day ahead inc hosp",2022-05-29,"quantile",0.95,142.795152039906
2022-05-21,"29","8  day ahead inc hosp",2022-05-29,"quantile",0.975,153.666099240966
2022-05-21,"29","8  day ahead inc hosp",2022-05-29,"quantile",0.99,166.30592469311
2022-05-21,"29","9  day ahead inc hosp",2022-05-30,"quantile",0.01,6.60523623974888
2022-05-21,"29","9  day ahead inc hosp",2022-05-30,"quantile",0.025,20.3694701881971
2022-05-21,"29","9  day ahead inc hosp",2022-05-30,"quantile",0.05,32.2074707272987
2022-05-21,"29","9  day ahead inc hosp",2022-05-30,"quantile",0.1,45.8559271972902
2022-05-21,"29","9  day ahead inc hosp",2022-05-30,"quantile",0.15,55.0644759814011
2022-05-21,"29","9  day ahead inc hosp",2022-05-30,"quantile",0.2,62.3831386380754
2022-05-21,"29","9  day ahead inc hosp",2022-05-30,"quantile",0.25,68.6618995314224
2022-05-21,"29","9  day ahead inc hosp",2022-05-30,"quantile",0.3,74.3004208669114
2022-05-21,"29","9  day ahead inc hosp",2022-05-30,"quantile",0.35,79.5253511919021
2022-05-21,"29","9  day ahead inc hosp",2022-05-30,"quantile",0.4,84.4832991232679
2022-05-21,"29","9  day ahead inc hosp",2022-05-30,"quantile",0.45,89.2801711247282
2022-05-21,"29","9  day ahead inc hosp",2022-05-30,"quantile",0.5,94.0009905328824
2022-05-21,"29","9  day ahead inc hosp",2022-05-30,"quantile",0.55,98.7218099410366
2022-05-21,"29","9  day ahead inc hosp",2022-05-30,"quantile",0.6,103.518681942497
2022-05-21,"29","9  day ahead inc hosp",2022-05-30,"quantile",0.65,108.476629873863
2022-05-21,"29","9  day ahead inc hosp",2022-05-30,"quantile",0.7,113.701560198853
2022-05-21,"29","9  day ahead inc hosp",2022-05-30,"quantile",0.75,119.340081534342
2022-05-21,"29","9  day ahead inc hosp",2022-05-30,"quantile",0.8,125.618842427689
2022-05-21,"29","9  day ahead inc hosp",2022-05-30,"quantile",0.85,132.937505084364
2022-05-21,"29","9  day ahead inc hosp",2022-05-30,"quantile",0.9,142.146053868475
2022-05-21,"29","9  day ahead inc hosp",2022-05-30,"quantile",0.95,155.794510338466
2022-05-21,"29","9  day ahead inc hosp",2022-05-30,"quantile",0.975,167.632510877568
2022-05-21,"29","9  day ahead inc hosp",2022-05-30,"quantile",0.99,181.396744826016
2022-05-21,"29","10  day ahead inc hosp",2022-05-31,"quantile",0.01,1.26912023334786
2022-05-21,"29","10  day ahead inc hosp",2022-05-31,"quantile",0.025,16.1979766795519
2022-05-21,"29","10  day ahead inc hosp",2022-05-31,"quantile",0.05,29.0376168164632
2022-05-21,"29","10  day ahead inc hosp",2022-05-31,"quantile",0.1,43.8408995938342
2022-05-21,"29","10  day ahead inc hosp",2022-05-31,"quantile",0.15,53.8286042049838
2022-05-21,"29","10  day ahead inc hosp",2022-05-31,"quantile",0.2,61.7665152132461
2022-05-21,"29","10  day ahead inc hosp",2022-05-31,"quantile",0.25,68.5765360533369
2022-05-21,"29","10  day ahead inc hosp",2022-05-31,"quantile",0.3,74.6921452402807
2022-05-21,"29","10  day ahead inc hosp",2022-05-31,"quantile",0.35,80.3591685599474
2022-05-21,"29","10  day ahead inc hosp",2022-05-31,"quantile",0.4,85.7366195108925
2022-05-21,"29","10  day ahead inc hosp",2022-05-31,"quantile",0.45,90.9393655386647
2022-05-21,"29","10  day ahead inc hosp",2022-05-31,"quantile",0.5,96.0596239937845
2022-05-21,"29","10  day ahead inc hosp",2022-05-31,"quantile",0.55,101.179882448904
2022-05-21,"29","10  day ahead inc hosp",2022-05-31,"quantile",0.6,106.382628476676
2022-05-21,"29","10  day ahead inc hosp",2022-05-31,"quantile",0.65,111.760079427621
2022-05-21,"29","10  day ahead inc hosp",2022-05-31,"quantile",0.7,117.427102747288
2022-05-21,"29","10  day ahead inc hosp",2022-05-31,"quantile",0.75,123.542711934232
2022-05-21,"29","10  day ahead inc hosp",2022-05-31,"quantile",0.8,130.352732774323
2022-05-21,"29","10  day ahead inc hosp",2022-05-31,"quantile",0.85,138.290643782585
2022-05-21,"29","10  day ahead inc hosp",2022-05-31,"quantile",0.9,148.278348393735
2022-05-21,"29","10  day ahead inc hosp",2022-05-31,"quantile",0.95,163.081631171106
2022-05-21,"29","10  day ahead inc hosp",2022-05-31,"quantile",0.975,175.921271308017
2022-05-21,"29","10  day ahead inc hosp",2022-05-31,"quantile",0.99,190.850127754221
2022-05-21,"29","11  day ahead inc hosp",2022-06-01,"quantile",0.01,0
2022-05-21,"29","11  day ahead inc hosp",2022-06-01,"quantile",0.025,7.3951758924094
2022-05-21,"29","11  day ahead inc hosp",2022-06-01,"quantile",0.05,21.242353899052
2022-05-21,"29","11  day ahead inc hosp",2022-06-01,"quantile",0.1,37.2072633135798
2022-05-21,"29","11  day ahead inc hosp",2022-06-01,"quantile",0.15,47.9787119019843
2022-05-21,"29","11  day ahead inc hosp",2022-06-01,"quantile",0.2,56.5395177781791
2022-05-21,"29","11  day ahead inc hosp",2022-06-01,"quantile",0.25,63.8839269513452
2022-05-21,"29","11  day ahead inc hosp",2022-06-01,"quantile",0.3,70.4794333773564
2022-05-21,"29","11  day ahead inc hosp",2022-06-01,"quantile",0.35,76.5911530080047
2022-05-21,"29","11  day ahead inc hosp",2022-06-01,"quantile",0.4,82.3905772711242
2022-05-21,"29","11  day ahead inc hosp",2022-06-01,"quantile",0.45,88.0015873618825
2022-05-21,"29","11  day ahead inc hosp",2022-06-01,"quantile",0.5,93.5236370075135
2022-05-21,"29","11  day ahead inc hosp",2022-06-01,"quantile",0.55,99.0456866531445
2022-05-21,"29","11  day ahead inc hosp",2022-06-01,"quantile",0.6,104.656696743903
2022-05-21,"29","11  day ahead inc hosp",2022-06-01,"quantile",0.65,110.456121007022
2022-05-21,"29","11  day ahead inc hosp",2022-06-01,"quantile",0.7,116.567840637671
2022-05-21,"29","11  day ahead inc hosp",2022-06-01,"quantile",0.75,123.163347063682
2022-05-21,"29","11  day ahead inc hosp",2022-06-01,"quantile",0.8,130.507756236848
2022-05-21,"29","11  day ahead inc hosp",2022-06-01,"quantile",0.85,139.068562113043
2022-05-21,"29","11  day ahead inc hosp",2022-06-01,"quantile",0.9,149.840010701447
2022-05-21,"29","11  day ahead inc hosp",2022-06-01,"quantile",0.95,165.804920115975
2022-05-21,"29","11  day ahead inc hosp",2022-06-01,"quantile",0.975,179.652098122618
2022-05-21,"29","11  day ahead inc hosp",2022-06-01,"quantile",0.99,195.752435082368
2022-05-21,"29","12  day ahead inc hosp",2022-06-02,"quantile",0.01,0
2022-05-21,"29","12  day ahead inc hosp",2022-06-02,"quantile",0.025,5.87152485125497
2022-05-21,"29","12  day ahead inc hosp",2022-06-02,"quantile",0.05,20.7136398010578
2022-05-21,"29","12  day ahead inc hosp",2022-06-02,"quantile",0.1,37.825647791418
2022-05-21,"29","12  day ahead inc hosp",2022-06-02,"quantile",0.15,49.3710383430739
2022-05-21,"29","12  day ahead inc hosp",2022-06-02,"quantile",0.2,58.5469487572015
2022-05-21,"29","12  day ahead inc hosp",2022-06-02,"quantile",0.25,66.4190628539673
2022-05-21,"29","12  day ahead inc hosp",2022-06-02,"quantile",0.3,73.4884646107773
2022-05-21,"29","12  day ahead inc hosp",2022-06-02,"quantile",0.35,80.0393188899333
2022-05-21,"29","12  day ahead inc hosp",2022-06-02,"quantile",0.4,86.2554389914156
2022-05-21,"29","12  day ahead inc hosp",2022-06-02,"quantile",0.45,92.2696071281715
2022-05-21,"29","12  day ahead inc hosp",2022-06-02,"quantile",0.5,98.1884229012956
2022-05-21,"29","12  day ahead inc hosp",2022-06-02,"quantile",0.55,104.10723867442
2022-05-21,"29","12  day ahead inc hosp",2022-06-02,"quantile",0.6,110.121406811176
2022-05-21,"29","12  day ahead inc hosp",2022-06-02,"quantile",0.65,116.337526912658
2022-05-21,"29","12  day ahead inc hosp",2022-06-02,"quantile",0.7,122.888381191814
2022-05-21,"29","12  day ahead inc hosp",2022-06-02,"quantile",0.75,129.957782948624
2022-05-21,"29","12  day ahead inc hosp",2022-06-02,"quantile",0.8,137.82989704539
2022-05-21,"29","12  day ahead inc hosp",2022-06-02,"quantile",0.85,147.005807459517
2022-05-21,"29","12  day ahead inc hosp",2022-06-02,"quantile",0.9,158.551198011173
2022-05-21,"29","12  day ahead inc hosp",2022-06-02,"quantile",0.95,175.663206001533
2022-05-21,"29","12  day ahead inc hosp",2022-06-02,"quantile",0.975,190.505320951336
2022-05-21,"29","12  day ahead inc hosp",2022-06-02,"quantile",0.99,207.762487124295
2022-05-21,"29","13  day ahead inc hosp",2022-06-03,"quantile",0.01,0
2022-05-21,"29","13  day ahead inc hosp",2022-06-03,"quantile",0.025,0.830937652916504
2022-05-21,"29","13  day ahead inc hosp",2022-06-03,"quantile",0.05,16.6445048863425
2022-05-21,"29","13  day ahead inc hosp",2022-06-03,"quantile",0.1,34.8765351441381
2022-05-21,"29","13  day ahead inc hosp",2022-06-03,"quantile",0.15,47.1775994023151
2022-05-21,"29","13  day ahead inc hosp",2022-06-03,"quantile",0.2,56.9540953230416
2022-05-21,"29","13  day ahead inc hosp",2022-06-03,"quantile",0.25,65.3414583073218
2022-05-21,"29","13  day ahead inc hosp",2022-06-03,"quantile",0.3,72.873569489556
2022-05-21,"29","13  day ahead inc hosp",2022-06-03,"quantile",0.35,79.8531930088567
2022-05-21,"29","13  day ahead inc hosp",2022-06-03,"quantile",0.4,86.476173189801
2022-05-21,"29","13  day ahead inc hosp",2022-06-03,"quantile",0.45,92.8839831619899
2022-05-21,"29","13  day ahead inc hosp",2022-06-03,"quantile",0.5,99.1901997279654
2022-05-21,"29","13  day ahead inc hosp",2022-06-03,"quantile",0.55,105.496416293941
2022-05-21,"29","13  day ahead inc hosp",2022-06-03,"quantile",0.6,111.90422626613
2022-05-21,"29","13  day ahead inc hosp",2022-06-03,"quantile",0.65,118.527206447074
2022-05-21,"29","13  day ahead inc hosp",2022-06-03,"quantile",0.7,125.506829966375
2022-05-21,"29","13  day ahead inc hosp",2022-06-03,"quantile",0.75,133.038941148609
2022-05-21,"29","13  day ahead inc hosp",2022-06-03,"quantile",0.8,141.426304132889
2022-05-21,"29","13  day ahead inc hosp",2022-06-03,"quantile",0.85,151.202800053616
2022-05-21,"29","13  day ahead inc hosp",2022-06-03,"quantile",0.9,163.503864311793
2022-05-21,"29","13  day ahead inc hosp",2022-06-03,"quantile",0.95,181.735894569588
2022-05-21,"29","13  day ahead inc hosp",2022-06-03,"quantile",0.975,197.549461803014
2022-05-21,"29","13  day ahead inc hosp",2022-06-03,"quantile",0.99,215.936151197177
2022-05-21,"29","14  day ahead inc hosp",2022-06-04,"quantile",0.01,0
2022-05-21,"29","14  day ahead inc hosp",2022-06-04,"quantile",0.025,0
2022-05-21,"29","14  day ahead inc hosp",2022-06-04,"quantile",0.05,2.66483875759545
2022-05-21,"29","14  day ahead inc hosp",2022-06-04,"quantile",0.1,21.9832476124554
2022-05-21,"29","14  day ahead inc hosp",2022-06-04,"quantile",0.15,35.0172863524778
2022-05-21,"29","14  day ahead inc hosp",2022-06-04,"quantile",0.2,45.376327155611
2022-05-21,"29","14  day ahead inc hosp",2022-06-04,"quantile",0.25,54.2634617782163
2022-05-21,"29","14  day ahead inc hosp",2022-06-04,"quantile",0.3,62.2443833377584
2022-05-21,"29","14  day ahead inc hosp",2022-06-04,"quantile",0.35,69.6398965577518
2022-05-21,"29","14  day ahead inc hosp",2022-06-04,"quantile",0.4,76.6575153947111
2022-05-21,"29","14  day ahead inc hosp",2022-06-04,"quantile",0.45,83.4471428337103
2022-05-21,"29","14  day ahead inc hosp",2022-06-04,"quantile",0.5,90.129123294812
2022-05-21,"29","14  day ahead inc hosp",2022-06-04,"quantile",0.55,96.8111037559138
2022-05-21,"29","14  day ahead inc hosp",2022-06-04,"quantile",0.6,103.600731194913
2022-05-21,"29","14  day ahead inc hosp",2022-06-04,"quantile",0.65,110.618350031872
2022-05-21,"29","14  day ahead inc hosp",2022-06-04,"quantile",0.7,118.013863251866
2022-05-21,"29","14  day ahead inc hosp",2022-06-04,"quantile",0.75,125.994784811408
2022-05-21,"29","14  day ahead inc hosp",2022-06-04,"quantile",0.8,134.881919434013
2022-05-21,"29","14  day ahead inc hosp",2022-06-04,"quantile",0.85,145.240960237146
2022-05-21,"29","14  day ahead inc hosp",2022-06-04,"quantile",0.9,158.274998977169
2022-05-21,"29","14  day ahead inc hosp",2022-06-04,"quantile",0.95,177.593407832029
2022-05-21,"29","14  day ahead inc hosp",2022-06-04,"quantile",0.975,194.349246482445
2022-05-21,"29","14  day ahead inc hosp",2022-06-04,"quantile",0.99,213.831530034047
2022-05-21,"29","15  day ahead inc hosp",2022-06-05,"quantile",0.01,0
2022-05-21,"29","15  day ahead inc hosp",2022-06-05,"quantile",0.025,0
2022-05-21,"29","15  day ahead inc hosp",2022-06-05,"quantile",0.05,9.4327606437226
2022-05-21,"29","15  day ahead inc hosp",2022-06-05,"quantile",0.1,29.8011759264018
2022-05-21,"29","15  day ahead inc hosp",2022-06-05,"quantile",0.15,43.5436490183571
2022-05-21,"29","15  day ahead inc hosp",2022-06-05,"quantile",0.2,54.4657309865806
2022-05-21,"29","15  day ahead inc hosp",2022-06-05,"quantile",0.25,63.8359047946975
2022-05-21,"29","15  day ahead inc hosp",2022-06-05,"quantile",0.3,72.2506104717825
2022-05-21,"29","15  day ahead inc hosp",2022-06-05,"quantile",0.35,80.0480893234362
2022-05-21,"29","15  day ahead inc hosp",2022-06-05,"quantile",0.4,87.4471342365362
2022-05-21,"29","15  day ahead inc hosp",2022-06-05,"quantile",0.45,94.6057958184097
2022-05-21,"29","15  day ahead inc hosp",2022-06-05,"quantile",0.5,101.650959525473
2022-05-21,"29","15  day ahead inc hosp",2022-06-05,"quantile",0.55,108.696123232536
2022-05-21,"29","15  day ahead inc hosp",2022-06-05,"quantile",0.6,115.85478481441
2022-05-21,"29","15  day ahead inc hosp",2022-06-05,"quantile",0.65,123.25382972751
2022-05-21,"29","15  day ahead inc hosp",2022-06-05,"quantile",0.7,131.051308579163
2022-05-21,"29","15  day ahead inc hosp",2022-06-05,"quantile",0.75,139.466014256248
2022-05-21,"29","15  day ahead inc hosp",2022-06-05,"quantile",0.8,148.836188064365
2022-05-21,"29","15  day ahead inc hosp",2022-06-05,"quantile",0.85,159.758270032589
2022-05-21,"29","15  day ahead inc hosp",2022-06-05,"quantile",0.9,173.500743124544
2022-05-21,"29","15  day ahead inc hosp",2022-06-05,"quantile",0.95,193.869158407223
2022-05-21,"29","15  day ahead inc hosp",2022-06-05,"quantile",0.975,211.535721042137
2022-05-21,"29","15  day ahead inc hosp",2022-06-05,"quantile",0.99,232.076918043157
2022-05-21,"29","16  day ahead inc hosp",2022-06-06,"quantile",0.01,0
2022-05-21,"29","16  day ahead inc hosp",2022-06-06,"quantile",0.025,0
2022-05-21,"29","16  day ahead inc hosp",2022-06-06,"quantile",0.05,12.1018089423685
2022-05-21,"29","16  day ahead inc hosp",2022-06-06,"quantile",0.1,33.4834768939747
2022-05-21,"29","16  day ahead inc hosp",2022-06-06,"quantile",0.15,47.9095867512272
2022-05-21,"29","16  day ahead inc hosp",2022-06-06,"quantile",0.2,59.3750015487825
2022-05-21,"29","16  day ahead inc hosp",2022-06-06,"quantile",0.25,69.2113065451935
2022-05-21,"29","16  day ahead inc hosp",2022-06-06,"quantile",0.3,78.0446124357566
2022-05-21,"29","16  day ahead inc hosp",2022-06-06,"quantile",0.35,86.2299867691005
2022-05-21,"29","16  day ahead inc hosp",2022-06-06,"quantile",0.4,93.9971065619426
2022-05-21,"29","16  day ahead inc hosp",2022-06-06,"quantile",0.45,101.511884849662
2022-05-21,"29","16  day ahead inc hosp",2022-06-06,"quantile",0.5,108.907519166743
2022-05-21,"29","16  day ahead inc hosp",2022-06-06,"quantile",0.55,116.303153483824
2022-05-21,"29","16  day ahead inc hosp",2022-06-06,"quantile",0.6,123.817931771544
2022-05-21,"29","16  day ahead inc hosp",2022-06-06,"quantile",0.65,131.585051564386
2022-05-21,"29","16  day ahead inc hosp",2022-06-06,"quantile",0.7,139.77042589773
2022-05-21,"29","16  day ahead inc hosp",2022-06-06,"quantile",0.75,148.603731788293
2022-05-21,"29","16  day ahead inc hosp",2022-06-06,"quantile",0.8,158.440036784704
2022-05-21,"29","16  day ahead inc hosp",2022-06-06,"quantile",0.85,169.905451582259
2022-05-21,"29","16  day ahead inc hosp",2022-06-06,"quantile",0.9,184.331561439511
2022-05-21,"29","16  day ahead inc hosp",2022-06-06,"quantile",0.95,205.713229391118
2022-05-21,"29","16  day ahead inc hosp",2022-06-06,"quantile",0.975,224.258637605924
2022-05-21,"29","16  day ahead inc hosp",2022-06-06,"quantile",0.99,245.821682521737
2022-05-21,"29","17  day ahead inc hosp",2022-06-07,"quantile",0.01,0
2022-05-21,"29","17  day ahead inc hosp",2022-06-07,"quantile",0.025,0
2022-05-21,"29","17  day ahead inc hosp",2022-06-07,"quantile",0.05,7.27435437530659
2022-05-21,"29","17  day ahead inc hosp",2022-06-07,"quantile",0.1,29.633500386383
2022-05-21,"29","17  day ahead inc hosp",2022-06-07,"quantile",0.15,44.7191100497726
2022-05-21,"29","17  day ahead inc hosp",2022-06-07,"quantile",0.2,56.7086743866763
2022-05-21,"29","17  day ahead inc hosp",2022-06-07,"quantile",0.25,66.9946530166884
2022-05-21,"29","17  day ahead inc hosp",2022-06-07,"quantile",0.3,76.2317797279732
2022-05-21,"29","17  day ahead inc hosp",2022-06-07,"quantile",0.35,84.7913542330485
2022-05-21,"29","17  day ahead inc hosp",2022-06-07,"quantile",0.4,92.913553395749
2022-05-21,"29","17  day ahead inc hosp",2022-06-07,"quantile",0.45,100.771875083107
2022-05-21,"29","17  day ahead inc hosp",2022-06-07,"quantile",0.5,108.505606049017
2022-05-21,"29","17  day ahead inc hosp",2022-06-07,"quantile",0.55,116.239337014926
2022-05-21,"29","17  day ahead inc hosp",2022-06-07,"quantile",0.6,124.097658702284
2022-05-21,"29","17  day ahead inc hosp",2022-06-07,"quantile",0.65,132.219857864985
2022-05-21,"29","17  day ahead inc hosp",2022-06-07,"quantile",0.7,140.77943237006
2022-05-21,"29","17  day ahead inc hosp",2022-06-07,"quantile",0.75,150.016559081345
2022-05-21,"29","17  day ahead inc hosp",2022-06-07,"quantile",0.8,160.302537711357
2022-05-21,"29","17  day ahead inc hosp",2022-06-07,"quantile",0.85,172.292102048261
2022-05-21,"29","17  day ahead inc hosp",2022-06-07,"quantile",0.9,187.37771171165
2022-05-21,"29","17  day ahead inc hosp",2022-06-07,"quantile",0.95,209.736857722727
2022-05-21,"29","17  day ahead inc hosp",2022-06-07,"quantile",0.975,229.130082378931
2022-05-21,"29","17  day ahead inc hosp",2022-06-07,"quantile",0.99,251.678897130301
2022-05-21,"29","18  day ahead inc hosp",2022-06-08,"quantile",0.01,0
2022-05-21,"29","18  day ahead inc hosp",2022-06-08,"quantile",0.025,0
2022-05-21,"29","18  day ahead inc hosp",2022-06-08,"quantile",0.05,1.85602350760058
2022-05-21,"29","18  day ahead inc hosp",2022-06-08,"quantile",0.1,25.1585833779227
2022-05-21,"29","18  day ahead inc hosp",2022-06-08,"quantile",0.15,40.8807098932779
2022-05-21,"29","18  day ahead inc hosp",2022-06-08,"quantile",0.2,53.3761576461292
2022-05-21,"29","18  day ahead inc hosp",2022-06-08,"quantile",0.25,64.0961392023107
2022-05-21,"29","18  day ahead inc hosp",2022-06-08,"quantile",0.3,73.72301395472
2022-05-21,"29","18  day ahead inc hosp",2022-06-08,"quantile",0.35,82.6437481039666
2022-05-21,"29","18  day ahead inc hosp",2022-06-08,"quantile",0.4,91.1086524511071
2022-05-21,"29","18  day ahead inc hosp",2022-06-08,"quantile",0.45,99.2985453705055
2022-05-21,"29","18  day ahead inc hosp",2022-06-08,"quantile",0.5,107.35859063184
2022-05-21,"29","18  day ahead inc hosp",2022-06-08,"quantile",0.55,115.418635893175
2022-05-21,"29","18  day ahead inc hosp",2022-06-08,"quantile",0.6,123.608528812574
2022-05-21,"29","18  day ahead inc hosp",2022-06-08,"quantile",0.65,132.073433159714
2022-05-21,"29","18  day ahead inc hosp",2022-06-08,"quantile",0.7,140.994167308961
2022-05-21,"29","18  day ahead inc hosp",2022-06-08,"quantile",0.75,150.62104206137
2022-05-21,"29","18  day ahead inc hosp",2022-06-08,"quantile",0.8,161.341023617552
2022-05-21,"29","18  day ahead inc hosp",2022-06-08,"quantile",0.85,173.836471370403
2022-05-21,"29","18  day ahead inc hosp",2022-06-08,"quantile",0.9,189.558597885758
2022-05-21,"29","18  day ahead inc hosp",2022-06-08,"quantile",0.95,212.86115775608
2022-05-21,"29","18  day ahead inc hosp",2022-06-08,"quantile",0.975,233.072653240118
2022-05-21,"29","18  day ahead inc hosp",2022-06-08,"quantile",0.99,256.572884666143
2022-05-21,"29","19  day ahead inc hosp",2022-06-09,"quantile",0.01,0
2022-05-21,"29","19  day ahead inc hosp",2022-06-09,"quantile",0.025,0
2022-05-21,"29","19  day ahead inc hosp",2022-06-09,"quantile",0.05,2.61867833226715
2022-05-21,"29","19  day ahead inc hosp",2022-06-09,"quantile",0.1,26.8326391548067
2022-05-21,"29","19  day ahead inc hosp",2022-06-09,"quantile",0.15,43.1696835657374
2022-05-21,"29","19  day ahead inc hosp",2022-06-09,"quantile",0.2,56.153848568698
2022-05-21,"29","19  day ahead inc hosp",2022-06-09,"quantile",0.25,67.2931060092643
2022-05-21,"29","19  day ahead inc hosp",2022-06-09,"quantile",0.3,77.2965034641171
2022-05-21,"29","19  day ahead inc hosp",2022-06-09,"quantile",0.35,86.5661420102774
2022-05-21,"29","19  day ahead inc hosp",2022-06-09,"quantile",0.4,95.3621225106538
2022-05-21,"29","19  day ahead inc hosp",2022-06-09,"quantile",0.45,103.872335439821
2022-05-21,"29","19  day ahead inc hosp",2022-06-09,"quantile",0.5,112.247622158188
2022-05-21,"29","19  day ahead inc hosp",2022-06-09,"quantile",0.55,120.622908876555
2022-05-21,"29","19  day ahead inc hosp",2022-06-09,"quantile",0.6,129.133121805722
2022-05-21,"29","19  day ahead inc hosp",2022-06-09,"quantile",0.65,137.929102306098
2022-05-21,"29","19  day ahead inc hosp",2022-06-09,"quantile",0.7,147.198740852259
2022-05-21,"29","19  day ahead inc hosp",2022-06-09,"quantile",0.75,157.202138307112
2022-05-21,"29","19  day ahead inc hosp",2022-06-09,"quantile",0.8,168.341395747678
2022-05-21,"29","19  day ahead inc hosp",2022-06-09,"quantile",0.85,181.325560750638
2022-05-21,"29","19  day ahead inc hosp",2022-06-09,"quantile",0.9,197.662605161569
2022-05-21,"29","19  day ahead inc hosp",2022-06-09,"quantile",0.95,221.876565984109
2022-05-21,"29","19  day ahead inc hosp",2022-06-09,"quantile",0.975,242.878565873345
2022-05-21,"29","19  day ahead inc hosp",2022-06-09,"quantile",0.99,267.297929507085
2022-05-21,"29","20  day ahead inc hosp",2022-06-10,"quantile",0.01,0
2022-05-21,"29","20  day ahead inc hosp",2022-06-10,"quantile",0.025,0
2022-05-21,"29","20  day ahead inc hosp",2022-06-10,"quantile",0.05,0
2022-05-21,"29","20  day ahead inc hosp",2022-06-10,"quantile",0.1,21.3379577863307
2022-05-21,"29","20  day ahead inc hosp",2022-06-10,"quantile",0.15,38.2697766436012
2022-05-21,"29","20  day ahead inc hosp",2022-06-10,"quantile",0.2,51.726649521779
2022-05-21,"29","20  day ahead inc hosp",2022-06-10,"quantile",0.25,63.2714482285744
2022-05-21,"29","20  day ahead inc hosp",2022-06-10,"quantile",0.3,73.6390342742806
2022-05-21,"29","20  day ahead inc hosp",2022-06-10,"quantile",0.35,83.2461478248165
2022-05-21,"29","20  day ahead inc hosp",2022-06-10,"quantile",0.4,92.3623591025926
2022-05-21,"29","20  day ahead inc hosp",2022-06-10,"quantile",0.45,101.182399014895
2022-05-21,"29","20  day ahead inc hosp",2022-06-10,"quantile",0.5,109.862600526633
2022-05-21,"29","20  day ahead inc hosp",2022-06-10,"quantile",0.55,118.542802038371
2022-05-21,"29","20  day ahead inc hosp",2022-06-10,"quantile",0.6,127.362841950673
2022-05-21,"29","20  day ahead inc hosp",2022-06-10,"quantile",0.65,136.479053228449
2022-05-21,"29","20  day ahead inc hosp",2022-06-10,"quantile",0.7,146.086166778985
2022-05-21,"29","20  day ahead inc hosp",2022-06-10,"quantile",0.75,156.453752824691
2022-05-21,"29","20  day ahead inc hosp",2022-06-10,"quantile",0.8,167.998551531487
2022-05-21,"29","20  day ahead inc hosp",2022-06-10,"quantile",0.85,181.455424409664
2022-05-21,"29","20  day ahead inc hosp",2022-06-10,"quantile",0.9,198.387243266935
2022-05-21,"29","20  day ahead inc hosp",2022-06-10,"quantile",0.95,223.482749415524
2022-05-21,"29","20  day ahead inc hosp",2022-06-10,"quantile",0.975,245.249358406746
2022-05-21,"29","20  day ahead inc hosp",2022-06-10,"quantile",0.99,270.557745361957
2022-05-21,"29","21  day ahead inc hosp",2022-06-11,"quantile",0.01,0
2022-05-21,"29","21  day ahead inc hosp",2022-06-11,"quantile",0.025,0
2022-05-21,"29","21  day ahead inc hosp",2022-06-11,"quantile",0.05,0
2022-05-21,"29","21  day ahead inc hosp",2022-06-11,"quantile",0.1,16.9261822120051
2022-05-21,"29","21  day ahead inc hosp",2022-06-11,"quantile",0.15,34.434067374404
2022-05-21,"29","21  day ahead inc hosp",2022-06-11,"quantile",0.2,48.3487794902245
2022-05-21,"29","21  day ahead inc hosp",2022-06-11,"quantile",0.25,60.2863634961384
2022-05-21,"29","21  day ahead inc hosp",2022-06-11,"quantile",0.3,71.0066828799932
2022-05-21,"29","21  day ahead inc hosp",2022-06-11,"quantile",0.35,80.9406564360997
2022-05-21,"29","21  day ahead inc hosp",2022-06-11,"quantile",0.4,90.3670258954526
2022-05-21,"29","21  day ahead inc hosp",2022-06-11,"quantile",0.45,99.4871474378616
2022-05-21,"29","21  day ahead inc hosp",2022-06-11,"quantile",0.5,108.462672898833
2022-05-21,"29","21  day ahead inc hosp",2022-06-11,"quantile",0.55,117.438198359805
2022-05-21,"29","21  day ahead inc hosp",2022-06-11,"quantile",0.6,126.558319902214
2022-05-21,"29","21  day ahead inc hosp",2022-06-11,"quantile",0.65,135.984689361567
2022-05-21,"29","21  day ahead inc hosp",2022-06-11,"quantile",0.7,145.918662917674
2022-05-21,"29","21  day ahead inc hosp",2022-06-11,"quantile",0.75,156.638982301528
2022-05-21,"29","21  day ahead inc hosp",2022-06-11,"quantile",0.8,168.576566307442
2022-05-21,"29","21  day ahead inc hosp",2022-06-11,"quantile",0.85,182.491278423263
2022-05-21,"29","21  day ahead inc hosp",2022-06-11,"quantile",0.9,199.999163585662
2022-05-21,"29","21  day ahead inc hosp",2022-06-11,"quantile",0.95,225.948486776839
2022-05-21,"29","21  day ahead inc hosp",2022-06-11,"quantile",0.975,248.455654719373
2022-05-21,"29","21  day ahead inc hosp",2022-06-11,"quantile",0.99,274.625101498396
2022-05-21,"29","22  day ahead inc hosp",2022-06-12,"quantile",0.01,0
2022-05-21,"29","22  day ahead inc hosp",2022-06-12,"quantile",0.025,0
2022-05-21,"29","22  day ahead inc hosp",2022-06-12,"quantile",0.05,0
2022-05-21,"29","22  day ahead inc hosp",2022-06-12,"quantile",0.1,27.3549344920026
2022-05-21,"29","22  day ahead inc hosp",2022-06-12,"quantile",0.15,45.9275886363511
2022-05-21,"29","22  day ahead inc hosp",2022-06-12,"quantile",0.2,60.6885453851614
2022-05-21,"29","22  day ahead inc hosp",2022-06-12,"quantile",0.25,73.3521319351298
2022-05-21,"29","22  day ahead inc hosp",2022-06-12,"quantile",0.3,84.7244240415974
2022-05-21,"29","22  day ahead inc hosp",2022-06-12,"quantile",0.35,95.2625474885636
2022-05-21,"29","22  day ahead inc hosp",2022-06-12,"quantile",0.4,105.262196114396
2022-05-21,"29","22  day ahead inc hosp",2022-06-12,"quantile",0.45,114.936971884879
2022-05-21,"29","22  day ahead inc hosp",2022-06-12,"quantile",0.5,124.45835774069
2022-05-21,"29","22  day ahead inc hosp",2022-06-12,"quantile",0.55,133.979743596501
2022-05-21,"29","22  day ahead inc hosp",2022-06-12,"quantile",0.6,143.654519366984
2022-05-21,"29","22  day ahead inc hosp",2022-06-12,"quantile",0.65,153.654167992816
2022-05-21,"29","22  day ahead inc hosp",2022-06-12,"quantile",0.7,164.192291439783
2022-05-21,"29","22  day ahead inc hosp",2022-06-12,"quantile",0.75,175.56458354625
2022-05-21,"29","22  day ahead inc hosp",2022-06-12,"quantile",0.8,188.228170096219
2022-05-21,"29","22  day ahead inc hosp",2022-06-12,"quantile",0.85,202.989126845029
2022-05-21,"29","22  day ahead inc hosp",2022-06-12,"quantile",0.9,221.561780989377
2022-05-21,"29","22  day ahead inc hosp",2022-06-12,"quantile",0.95,249.089252208158
2022-05-21,"29","22  day ahead inc hosp",2022-06-12,"quantile",0.975,272.965228209144
2022-05-21,"29","22  day ahead inc hosp",2022-06-12,"quantile",0.99,300.72621017055
2022-05-21,"29","23  day ahead inc hosp",2022-06-13,"quantile",0.01,0
2022-05-21,"29","23  day ahead inc hosp",2022-06-13,"quantile",0.025,0
2022-05-21,"29","23  day ahead inc hosp",2022-06-13,"quantile",0.05,0
2022-05-21,"29","23  day ahead inc hosp",2022-06-13,"quantile",0.1,27.0510232093573
2022-05-21,"29","23  day ahead inc hosp",2022-06-13,"quantile",0.15,46.3589698374808
2022-05-21,"29","23  day ahead inc hosp",2022-06-13,"quantile",0.2,61.7043137431494
2022-05-21,"29","23  day ahead inc hosp",2022-06-13,"quantile",0.25,74.8692524388831
2022-05-21,"29","23  day ahead inc hosp",2022-06-13,"quantile",0.3,86.6917742671874
2022-05-21,"29","23  day ahead inc hosp",2022-06-13,"quantile",0.35,97.647102649077
2022-05-21,"29","23  day ahead inc hosp",2022-06-13,"quantile",0.4,108.042637959592
2022-05-21,"29","23  day ahead inc hosp",2022-06-13,"quantile",0.45,118.100438679065
2022-05-21,"29","23  day ahead inc hosp",2022-06-13,"quantile",0.5,127.998776768008
2022-05-21,"29","23  day ahead inc hosp",2022-06-13,"quantile",0.55,137.897114856951
2022-05-21,"29","23  day ahead inc hosp",2022-06-13,"quantile",0.6,147.954915576424
2022-05-21,"29","23  day ahead inc hosp",2022-06-13,"quantile",0.65,158.350450886939
2022-05-21,"29","23  day ahead inc hosp",2022-06-13,"quantile",0.7,169.305779268829
2022-05-21,"29","23  day ahead inc hosp",2022-06-13,"quantile",0.75,181.128301097133
2022-05-21,"29","23  day ahead inc hosp",2022-06-13,"quantile",0.8,194.293239792867
2022-05-21,"29","23  day ahead inc hosp",2022-06-13,"quantile",0.85,209.638583698535
2022-05-21,"29","23  day ahead inc hosp",2022-06-13,"quantile",0.9,228.946530326659
2022-05-21,"29","23  day ahead inc hosp",2022-06-13,"quantile",0.95,257.563815770546
2022-05-21,"29","23  day ahead inc hosp",2022-06-13,"quantile",0.975,282.385043083481
2022-05-21,"29","23  day ahead inc hosp",2022-06-13,"quantile",0.99,311.245083974203
2022-05-21,"29","24  day ahead inc hosp",2022-06-14,"quantile",0.01,0
2022-05-21,"29","24  day ahead inc hosp",2022-06-14,"quantile",0.025,0
2022-05-21,"29","24  day ahead inc hosp",2022-06-14,"quantile",0.05,0
2022-05-21,"29","24  day ahead inc hosp",2022-06-14,"quantile",0.1,26.6303447507697
2022-05-21,"29","24  day ahead inc hosp",2022-06-14,"quantile",0.15,46.5764565378611
2022-05-21,"29","24  day ahead inc hosp",2022-06-14,"quantile",0.2,62.4289938816302
2022-05-21,"29","24  day ahead inc hosp",2022-06-14,"quantile",0.25,76.0290593858941
2022-05-21,"29","24  day ahead inc hosp",2022-06-14,"quantile",0.3,88.2423385364178
2022-05-21,"29","24  day ahead inc hosp",2022-06-14,"quantile",0.35,99.5597618118261
2022-05-21,"29","24  day ahead inc hosp",2022-06-14,"quantile",0.4,110.298889766953
2022-05-21,"29","24  day ahead inc hosp",2022-06-14,"quantile",0.45,120.689120346455
2022-05-21,"29","24  day ahead inc hosp",2022-06-14,"quantile",0.5,130.914617745587
2022-05-21,"29","24  day ahead inc hosp",2022-06-14,"quantile",0.55,141.14011514472
2022-05-21,"29","24  day ahead inc hosp",2022-06-14,"quantile",0.6,151.530345724221
2022-05-21,"29","24  day ahead inc hosp",2022-06-14,"quantile",0.65,162.269473679349
2022-05-21,"29","24  day ahead inc hosp",2022-06-14,"quantile",0.7,173.586896954757
2022-05-21,"29","24  day ahead inc hosp",2022-06-14,"quantile",0.75,185.800176105281
2022-05-21,"29","24  day ahead inc hosp",2022-06-14,"quantile",0.8,199.400241609545
2022-05-21,"29","24  day ahead inc hosp",2022-06-14,"quantile",0.85,215.252778953314
2022-05-21,"29","24  day ahead inc hosp",2022-06-14,"quantile",0.9,235.198890740405
2022-05-21,"29","24  day ahead inc hosp",2022-06-14,"quantile",0.95,264.762033082816
2022-05-21,"29","24  day ahead inc hosp",2022-06-14,"quantile",0.975,290.403650195817
2022-05-21,"29","24  day ahead inc hosp",2022-06-14,"quantile",0.99,320.217571524349
2022-05-21,"29","25  day ahead inc hosp",2022-06-15,"quantile",0.01,0
2022-05-21,"29","25  day ahead inc hosp",2022-06-15,"quantile",0.025,0
2022-05-21,"29","25  day ahead inc hosp",2022-06-15,"quantile",0.05,0
2022-05-21,"29","25  day ahead inc hosp",2022-06-15,"quantile",0.1,25.1649094888009
2022-05-21,"29","25  day ahead inc hosp",2022-06-15,"quantile",0.15,45.7332729025862
2022-05-21,"29","25  day ahead inc hosp",2022-06-15,"quantile",0.2,62.0803561134736
2022-05-21,"29","25  day ahead inc hosp",2022-06-15,"quantile",0.25,76.104697936526
2022-05-21,"29","25  day ahead inc hosp",2022-06-15,"quantile",0.3,88.6989903341327
2022-05-21,"29","25  day ahead inc hosp",2022-06-15,"quantile",0.35,100.369479165288
2022-05-21,"29","25  day ahead inc hosp",2022-06-15,"quantile",0.4,111.443631806464
2022-05-21,"29","25  day ahead inc hosp",2022-06-15,"quantile",0.45,122.158002646926
2022-05-21,"29","25  day ahead inc hosp",2022-06-15,"quantile",0.5,132.702501185643
2022-05-21,"29","25  day ahead inc hosp",2022-06-15,"quantile",0.55,143.246999724361
2022-05-21,"29","25  day ahead inc hosp",2022-06-15,"quantile",0.6,153.961370564822
2022-05-21,"29","25  day ahead inc hosp",2022-06-15,"quantile",0.65,165.035523205998
2022-05-21,"29","25  day ahead inc hosp",2022-06-15,"quantile",0.7,176.706012037153
2022-05-21,"29","25  day ahead inc hosp",2022-06-15,"quantile",0.75,189.30030443476
2022-05-21,"29","25  day ahead inc hosp",2022-06-15,"quantile",0.8,203.324646257813
2022-05-21,"29","25  day ahead inc hosp",2022-06-15,"quantile",0.85,219.6717294687
2022-05-21,"29","25  day ahead inc hosp",2022-06-15,"quantile",0.9,240.240092882485
2022-05-21,"29","25  day ahead inc hosp",2022-06-15,"quantile",0.95,270.725505871381
2022-05-21,"29","25  day ahead inc hosp",2022-06-15,"quantile",0.975,297.167055228318
2022-05-21,"29","25  day ahead inc hosp",2022-06-15,"quantile",0.99,327.911070664554
2022-05-21,"29","26  day ahead inc hosp",2022-06-16,"quantile",0.01,0
2022-05-21,"29","26  day ahead inc hosp",2022-06-16,"quantile",0.025,0
2022-05-21,"29","26  day ahead inc hosp",2022-06-16,"quantile",0.05,0
2022-05-21,"29","26  day ahead inc hosp",2022-06-16,"quantile",0.1,19.2409358783822
2022-05-21,"29","26  day ahead inc hosp",2022-06-16,"quantile",0.15,40.443540332968
2022-05-21,"29","26  day ahead inc hosp",2022-06-16,"quantile",0.2,57.2946982172335
2022-05-21,"29","26  day ahead inc hosp",2022-06-16,"quantile",0.25,71.7514912263844
2022-05-21,"29","26  day ahead inc hosp",2022-06-16,"quantile",0.3,84.7341381545733
2022-05-21,"29","26  day ahead inc hosp",2022-06-16,"quantile",0.35,96.764495334708
2022-05-21,"29","26  day ahead inc hosp",2022-06-16,"quantile",0.4,108.180127847462
2022-05-21,"29","26  day ahead inc hosp",2022-06-16,"quantile",0.45,119.224884415591
2022-05-21,"29","26  day ahead inc hosp",2022-06-16,"quantile",0.5,130.094530541084
2022-05-21,"29","26  day ahead inc hosp",2022-06-16,"quantile",0.55,140.964176666577
2022-05-21,"29","26  day ahead inc hosp",2022-06-16,"quantile",0.6,152.008933234706
2022-05-21,"29","26  day ahead inc hosp",2022-06-16,"quantile",0.65,163.42456574746
2022-05-21,"29","26  day ahead inc hosp",2022-06-16,"quantile",0.7,175.454922927595
2022-05-21,"29","26  day ahead inc hosp",2022-06-16,"quantile",0.75,188.437569855784
2022-05-21,"29","26  day ahead inc hosp",2022-06-16,"quantile",0.8,202.894362864934
2022-05-21,"29","26  day ahead inc hosp",2022-06-16,"quantile",0.85,219.7455207492
2022-05-21,"29","26  day ahead inc hosp",2022-06-16,"quantile",0.9,240.948125203786
2022-05-21,"29","26  day ahead inc hosp",2022-06-16,"quantile",0.95,272.373578956953
2022-05-21,"29","26  day ahead inc hosp",2022-06-16,"quantile",0.975,299.630473484876
2022-05-21,"29","26  day ahead inc hosp",2022-06-16,"quantile",0.99,331.322503887418
2022-05-21,"29","27  day ahead inc hosp",2022-06-17,"quantile",0.01,0
2022-05-21,"29","27  day ahead inc hosp",2022-06-17,"quantile",0.025,0
2022-05-21,"29","27  day ahead inc hosp",2022-06-17,"quantile",0.05,0
2022-05-21,"29","27  day ahead inc hosp",2022-06-17,"quantile",0.1,14.3480784815556
2022-05-21,"29","27  day ahead inc hosp",2022-06-17,"quantile",0.15,36.2029317181826
2022-05-21,"29","27  day ahead inc hosp",2022-06-17,"quantile",0.2,53.5724762577073
2022-05-21,"29","27  day ahead inc hosp",2022-06-17,"quantile",0.25,68.4739988590474
2022-05-21,"29","27  day ahead inc hosp",2022-06-17,"quantile",0.3,81.8560267059682
2022-05-21,"29","27  day ahead inc hosp",2022-06-17,"quantile",0.35,94.2564698269633
2022-05-21,"29","27  day ahead inc hosp",2022-06-17,"quantile",0.4,106.023277706811
2022-05-21,"29","27  day ahead inc hosp",2022-06-17,"quantile",0.45,117.407800506722
2022-05-21,"29","27  day ahead inc hosp",2022-06-17,"quantile",0.5,128.611825998757
2022-05-21,"29","27  day ahead inc hosp",2022-06-17,"quantile",0.55,139.815851490792
2022-05-21,"29","27  day ahead inc hosp",2022-06-17,"quantile",0.6,151.200374290703
2022-05-21,"29","27  day ahead inc hosp",2022-06-17,"quantile",0.65,162.967182170551
2022-05-21,"29","27  day ahead inc hosp",2022-06-17,"quantile",0.7,175.367625291546
2022-05-21,"29","27  day ahead inc hosp",2022-06-17,"quantile",0.75,188.749653138466
2022-05-21,"29","27  day ahead inc hosp",2022-06-17,"quantile",0.8,203.651175739807
2022-05-21,"29","27  day ahead inc hosp",2022-06-17,"quantile",0.85,221.020720279331
2022-05-21,"29","27  day ahead inc hosp",2022-06-17,"quantile",0.9,242.875573515958
2022-05-21,"29","27  day ahead inc hosp",2022-06-17,"quantile",0.95,275.267758218595
2022-05-21,"29","27  day ahead inc hosp",2022-06-17,"quantile",0.975,303.363147672749
2022-05-21,"29","27  day ahead inc hosp",2022-06-17,"quantile",0.99,336.030109634984
2022-05-21,"29","28  day ahead inc hosp",2022-06-18,"quantile",0.01,0
2022-05-21,"29","28  day ahead inc hosp",2022-06-18,"quantile",0.025,0
2022-05-21,"29","28  day ahead inc hosp",2022-06-18,"quantile",0.05,0
2022-05-21,"29","28  day ahead inc hosp",2022-06-18,"quantile",0.1,12.1358824548451
2022-05-21,"29","28  day ahead inc hosp",2022-06-18,"quantile",0.15,34.658035594686
2022-05-21,"29","28  day ahead inc hosp",2022-06-18,"quantile",0.2,52.5579289434475
2022-05-21,"29","28  day ahead inc hosp",2022-06-18,"quantile",0.25,67.9144435999596
2022-05-21,"29","28  day ahead inc hosp",2022-06-18,"quantile",0.3,81.7050683745453
2022-05-21,"29","28  day ahead inc hosp",2022-06-18,"quantile",0.35,94.484137442137
2022-05-21,"29","28  day ahead inc hosp",2022-06-18,"quantile",0.4,106.610224319393
2022-05-21,"29","28  day ahead inc hosp",2022-06-18,"quantile",0.45,118.342353707198
2022-05-21,"29","28  day ahead inc hosp",2022-06-18,"quantile",0.5,129.888474616004
2022-05-21,"29","28  day ahead inc hosp",2022-06-18,"quantile",0.55,141.434595524809
2022-05-21,"29","28  day ahead inc hosp",2022-06-18,"quantile",0.6,153.166724912614
2022-05-21,"29","28  day ahead inc hosp",2022-06-18,"quantile",0.65,165.29281178987
2022-05-21,"29","28  day ahead inc hosp",2022-06-18,"quantile",0.7,178.071880857462
2022-05-21,"29","28  day ahead inc hosp",2022-06-18,"quantile",0.75,191.862505632048
2022-05-21,"29","28  day ahead inc hosp",2022-06-18,"quantile",0.8,207.21902028856
2022-05-21,"29","28  day ahead inc hosp",2022-06-18,"quantile",0.85,225.118913637321
2022-05-21,"29","28  day ahead inc hosp",2022-06-18,"quantile",0.9,247.641066777162
2022-05-21,"29","28  day ahead inc hosp",2022-06-18,"quantile",0.95,281.02229045814
2022-05-21,"29","28  day ahead inc hosp",2022-06-18,"quantile",0.975,309.975523726687
2022-05-21,"29","28  day ahead inc hosp",2022-06-18,"quantile",0.99,343.63991451261
2022-05-21,"29","29  day ahead inc hosp",2022-06-19,"quantile",0.01,0
2022-05-21,"29","29  day ahead inc hosp",2022-06-19,"quantile",0.025,0
2022-05-21,"29","29  day ahead inc hosp",2022-06-19,"quantile",0.05,0
2022-05-21,"29","29  day ahead inc hosp",2022-06-19,"quantile",0.1,15.9410301546074
2022-05-21,"29","29  day ahead inc hosp",2022-06-19,"quantile",0.15,39.1396361444452
2022-05-21,"29","29  day ahead inc hosp",2022-06-19,"quantile",0.2,57.5771527743927
2022-05-21,"29","29  day ahead inc hosp",2022-06-19,"quantile",0.25,73.3949003352776
2022-05-21,"29","29  day ahead inc hosp",2022-06-19,"quantile",0.3,87.5997265129924
2022-05-21,"29","29  day ahead inc hosp",2022-06-19,"quantile",0.35,100.762614908932
2022-05-21,"29","29  day ahead inc hosp",2022-06-19,"quantile",0.4,113.252908795016
2022-05-21,"29","29  day ahead inc hosp",2022-06-19,"quantile",0.45,125.337412678795
2022-05-21,"29","29  day ahead inc hosp",2022-06-19,"quantile",0.5,137.230321319071
2022-05-21,"29","29  day ahead inc hosp",2022-06-19,"quantile",0.55,149.123229959346
2022-05-21,"29","29  day ahead inc hosp",2022-06-19,"quantile",0.6,161.207733843126
2022-05-21,"29","29  day ahead inc hosp",2022-06-19,"quantile",0.65,173.69802772921
2022-05-21,"29","29  day ahead inc hosp",2022-06-19,"quantile",0.7,186.860916125149
2022-05-21,"29","29  day ahead inc hosp",2022-06-19,"quantile",0.75,201.065742302864
2022-05-21,"29","29  day ahead inc hosp",2022-06-19,"quantile",0.8,216.883489863749
2022-05-21,"29","29  day ahead inc hosp",2022-06-19,"quantile",0.85,235.321006493696
2022-05-21,"29","29  day ahead inc hosp",2022-06-19,"quantile",0.9,258.519612483534
2022-05-21,"29","29  day ahead inc hosp",2022-06-19,"quantile",0.95,292.903441188782
2022-05-21,"29","29  day ahead inc hosp",2022-06-19,"quantile",0.975,322.726284793407
2022-05-21,"29","29  day ahead inc hosp",2022-06-19,"quantile",0.99,357.401785527352
2022-05-21,"29","30  day ahead inc hosp",2022-06-20,"quantile",0.01,0
2022-05-21,"29","30  day ahead inc hosp",2022-06-20,"quantile",0.025,0
2022-05-21,"29","30  day ahead inc hosp",2022-06-20,"quantile",0.05,0
2022-05-21,"29","30  day ahead inc hosp",2022-06-20,"quantile",0.1,17.4167618136513
2022-05-21,"29","30  day ahead inc hosp",2022-06-20,"quantile",0.15,41.2949235921834
2022-05-21,"29","30  day ahead inc hosp",2022-06-20,"quantile",0.2,60.2725296206282
2022-05-21,"29","30  day ahead inc hosp",2022-06-20,"quantile",0.25,76.5536257949519
2022-05-21,"29","30  day ahead inc hosp",2022-06-20,"quantile",0.3,91.1745533479256
2022-05-21,"29","30  day ahead inc hosp",2022-06-20,"quantile",0.35,104.723021679544
2022-05-21,"29","30  day ahead inc hosp",2022-06-20,"quantile",0.4,117.579193218643
2022-05-21,"29","30  day ahead inc hosp",2022-06-20,"quantile",0.45,130.017687965982
2022-05-21,"29","30  day ahead inc hosp",2022-06-20,"quantile",0.5,142.258975078414
2022-05-21,"29","30  day ahead inc hosp",2022-06-20,"quantile",0.55,154.500262190846
2022-05-21,"29","30  day ahead inc hosp",2022-06-20,"quantile",0.6,166.938756938186
2022-05-21,"29","30  day ahead inc hosp",2022-06-20,"quantile",0.65,179.794928477284
2022-05-21,"29","30  day ahead inc hosp",2022-06-20,"quantile",0.7,193.343396808903
2022-05-21,"29","30  day ahead inc hosp",2022-06-20,"quantile",0.75,207.964324361876
2022-05-21,"29","30  day ahead inc hosp",2022-06-20,"quantile",0.8,224.2454205362
2022-05-21,"29","30  day ahead inc hosp",2022-06-20,"quantile",0.85,243.223026564645
2022-05-21,"29","30  day ahead inc hosp",2022-06-20,"quantile",0.9,267.101188343177
2022-05-21,"29","30  day ahead inc hosp",2022-06-20,"quantile",0.95,302.49222109527
2022-05-21,"29","30  day ahead inc hosp",2022-06-20,"quantile",0.975,333.188664002186
2022-05-21,"29","30  day ahead inc hosp",2022-06-20,"quantile",0.99,368.879912719434
2022-05-21,"29","31  day ahead inc hosp",2022-06-21,"quantile",0.01,0
2022-05-21,"29","31  day ahead inc hosp",2022-06-21,"quantile",0.025,0
2022-05-21,"29","31  day ahead inc hosp",2022-06-21,"quantile",0.05,0
2022-05-21,"29","31  day ahead inc hosp",2022-06-21,"quantile",0.1,14.9302931109935
2022-05-21,"29","31  day ahead inc hosp",2022-06-21,"quantile",0.15,39.4860312152934
2022-05-21,"29","31  day ahead inc hosp",2022-06-21,"quantile",0.2,59.0021534278518
2022-05-21,"29","31  day ahead inc hosp",2022-06-21,"quantile",0.25,75.7452485377546
2022-05-21,"29","31  day ahead inc hosp",2022-06-21,"quantile",0.3,90.7810654135558
2022-05-21,"29","31  day ahead inc hosp",2022-06-21,"quantile",0.35,104.713990533643
2022-05-21,"29","31  day ahead inc hosp",2022-06-21,"quantile",0.4,117.934973968888
2022-05-21,"29","31  day ahead inc hosp",2022-06-21,"quantile",0.45,130.726428447682
2022-05-21,"29","31  day ahead inc hosp",2022-06-21,"quantile",0.5,143.315079248376
2022-05-21,"29","31  day ahead inc hosp",2022-06-21,"quantile",0.55,155.90373004907
2022-05-21,"29","31  day ahead inc hosp",2022-06-21,"quantile",0.6,168.695184527864
2022-05-21,"29","31  day ahead inc hosp",2022-06-21,"quantile",0.65,181.916167963109
2022-05-21,"29","31  day ahead inc hosp",2022-06-21,"quantile",0.7,195.849093083196
2022-05-21,"29","31  day ahead inc hosp",2022-06-21,"quantile",0.75,210.884909958997
2022-05-21,"29","31  day ahead inc hosp",2022-06-21,"quantile",0.8,227.6280050689
2022-05-21,"29","31  day ahead inc hosp",2022-06-21,"quantile",0.85,247.144127281459
2022-05-21,"29","31  day ahead inc hosp",2022-06-21,"quantile",0.9,271.699865385758
2022-05-21,"29","31  day ahead inc hosp",2022-06-21,"quantile",0.95,308.095168322453
2022-05-21,"29","31  day ahead inc hosp",2022-06-21,"quantile",0.975,339.662665843704
2022-05-21,"29","31  day ahead inc hosp",2022-06-21,"quantile",0.99,376.36670379457
2022-05-21,"29","32  day ahead inc hosp",2022-06-22,"quantile",0.01,0
2022-05-21,"29","32  day ahead inc hosp",2022-06-22,"quantile",0.025,0
2022-05-21,"29","32  day ahead inc hosp",2022-06-22,"quantile",0.05,0
2022-05-21,"29","32  day ahead inc hosp",2022-06-22,"quantile",0.1,9.82227508756736
2022-05-21,"29","32  day ahead inc hosp",2022-06-22,"quantile",0.15,35.0497817674322
2022-05-21,"29","32  day ahead inc hosp",2022-06-22,"quantile",0.2,55.0998043483524
2022-05-21,"29","32  day ahead inc hosp",2022-06-22,"quantile",0.25,72.3009384349194
2022-05-21,"29","32  day ahead inc hosp",2022-06-22,"quantile",0.3,87.7480884680548
2022-05-21,"29","32  day ahead inc hosp",2022-06-22,"quantile",0.35,102.062175059307
2022-05-21,"29","32  day ahead inc hosp",2022-06-22,"quantile",0.4,115.644843456825
2022-05-21,"29","32  day ahead inc hosp",2022-06-22,"quantile",0.45,128.786232322365
2022-05-21,"29","32  day ahead inc hosp",2022-06-22,"quantile",0.5,141.719269432311
2022-05-21,"29","32  day ahead inc hosp",2022-06-22,"quantile",0.55,154.652306542256
2022-05-21,"29","32  day ahead inc hosp",2022-06-22,"quantile",0.6,167.793695407796
2022-05-21,"29","32  day ahead inc hosp",2022-06-22,"quantile",0.65,181.376363805314
2022-05-21,"29","32  day ahead inc hosp",2022-06-22,"quantile",0.7,195.690450396566
2022-05-21,"29","32  day ahead inc hosp",2022-06-22,"quantile",0.75,211.137600429702
2022-05-21,"29","32  day ahead inc hosp",2022-06-22,"quantile",0.8,228.338734516269
2022-05-21,"29","32  day ahead inc hosp",2022-06-22,"quantile",0.85,248.388757097189
2022-05-21,"29","32  day ahead inc hosp",2022-06-22,"quantile",0.9,273.616263777054
2022-05-21,"29","32  day ahead inc hosp",2022-06-22,"quantile",0.95,311.007228937673
2022-05-21,"29","32  day ahead inc hosp",2022-06-22,"quantile",0.975,343.43831495111
2022-05-21,"29","32  day ahead inc hosp",2022-06-22,"quantile",0.99,381.146461155086
2022-05-21,"29","33  day ahead inc hosp",2022-06-23,"quantile",0.01,0
2022-05-21,"29","33  day ahead inc hosp",2022-06-23,"quantile",0.025,0
2022-05-21,"29","33  day ahead inc hosp",2022-06-23,"quantile",0.05,0
2022-05-21,"29","33  day ahead inc hosp",2022-06-23,"quantile",0.1,9.67012865493791
2022-05-21,"29","33  day ahead inc hosp",2022-06-23,"quantile",0.15,35.5609367788115
2022-05-21,"29","33  day ahead inc hosp",2022-06-23,"quantile",0.2,56.1381303203462
2022-05-21,"29","33  day ahead inc hosp",2022-06-23,"quantile",0.25,73.7915301509281
2022-05-21,"29","33  day ahead inc hosp",2022-06-23,"quantile",0.3,89.6448288000492
2022-05-21,"29","33  day ahead inc hosp",2022-06-23,"quantile",0.35,104.335272612256
2022-05-21,"29","33  day ahead inc hosp",2022-06-23,"quantile",0.4,118.275067208407
2022-05-21,"29","33  day ahead inc hosp",2022-06-23,"quantile",0.45,131.761979804112
2022-05-21,"29","33  day ahead inc hosp",2022-06-23,"quantile",0.5,145.035062496021
2022-05-21,"29","33  day ahead inc hosp",2022-06-23,"quantile",0.55,158.30814518793
2022-05-21,"29","33  day ahead inc hosp",2022-06-23,"quantile",0.6,171.795057783635
2022-05-21,"29","33  day ahead inc hosp",2022-06-23,"quantile",0.65,185.734852379786
2022-05-21,"29","33  day ahead inc hosp",2022-06-23,"quantile",0.7,200.425296191993
2022-05-21,"29","33  day ahead inc hosp",2022-06-23,"quantile",0.75,216.278594841114
2022-05-21,"29","33  day ahead inc hosp",2022-06-23,"quantile",0.8,233.931994671696
2022-05-21,"29","33  day ahead inc hosp",2022-06-23,"quantile",0.85,254.509188213231
2022-05-21,"29","33  day ahead inc hosp",2022-06-23,"quantile",0.9,280.399996337104
2022-05-21,"29","33  day ahead inc hosp",2022-06-23,"quantile",0.95,318.774074157197
2022-05-21,"29","33  day ahead inc hosp",2022-06-23,"quantile",0.975,352.057863787224
2022-05-21,"29","33  day ahead inc hosp",2022-06-23,"quantile",0.99,390.75746222409
2022-05-21,"29","34  day ahead inc hosp",2022-06-24,"quantile",0.01,0
2022-05-21,"29","34  day ahead inc hosp",2022-06-24,"quantile",0.025,0
2022-05-21,"29","34  day ahead inc hosp",2022-06-24,"quantile",0.05,0
2022-05-21,"29","34  day ahead inc hosp",2022-06-24,"quantile",0.1,6.71031253099954
2022-05-21,"29","34  day ahead inc hosp",2022-06-24,"quantile",0.15,33.2542484225553
2022-05-21,"29","34  day ahead inc hosp",2022-06-24,"quantile",0.2,54.3505272092722
2022-05-21,"29","34  day ahead inc hosp",2022-06-24,"quantile",0.25,72.4492559599938
2022-05-21,"29","34  day ahead inc hosp",2022-06-24,"quantile",0.3,88.7024737428692
2022-05-21,"29","34  day ahead inc hosp",2022-06-24,"quantile",0.35,103.763502232364
2022-05-21,"29","34  day ahead inc hosp",2022-06-24,"quantile",0.4,118.054945447708
2022-05-21,"29","34  day ahead inc hosp",2022-06-24,"quantile",0.45,131.882082152078
2022-05-21,"29","34  day ahead inc hosp",2022-06-24,"quantile",0.5,145.489994827947
2022-05-21,"29","34  day ahead inc hosp",2022-06-24,"quantile",0.55,159.097907503815
2022-05-21,"29","34  day ahead inc hosp",2022-06-24,"quantile",0.6,172.925044208185
2022-05-21,"29","34  day ahead inc hosp",2022-06-24,"quantile",0.65,187.216487423529
2022-05-21,"29","34  day ahead inc hosp",2022-06-24,"quantile",0.7,202.277515913024
2022-05-21,"29","34  day ahead inc hosp",2022-06-24,"quantile",0.75,218.5307336959
2022-05-21,"29","34  day ahead inc hosp",2022-06-24,"quantile",0.8,236.629462446621
2022-05-21,"29","34  day ahead inc hosp",2022-06-24,"quantile",0.85,257.725741233338
2022-05-21,"29","34  day ahead inc hosp",2022-06-24,"quantile",0.9,284.269677124894
2022-05-21,"29","34  day ahead inc hosp",2022-06-24,"quantile",0.95,323.611788683586
2022-05-21,"29","34  day ahead inc hosp",2022-06-24,"quantile",0.975,357.735203215124
2022-05-21,"29","34  day ahead inc hosp",2022-06-24,"quantile",0.99,397.411047052147
2022-05-21,"29","35  day ahead inc hosp",2022-06-25,"quantile",0.01,0
2022-05-21,"29","35  day ahead inc hosp",2022-06-25,"quantile",0.025,0
2022-05-21,"29","35  day ahead inc hosp",2022-06-25,"quantile",0.05,0
2022-05-21,"29","35  day ahead inc hosp",2022-06-25,"quantile",0.1,0
2022-05-21,"29","35  day ahead inc hosp",2022-06-25,"quantile",0.15,24.380707365557
2022-05-21,"29","35  day ahead inc hosp",2022-06-25,"quantile",0.2,45.9872016848357
2022-05-21,"29","35  day ahead inc hosp",2022-06-25,"quantile",0.25,64.5236499320428
2022-05-21,"29","35  day ahead inc hosp",2022-06-25,"quantile",0.3,81.1699533510521
2022-05-21,"29","35  day ahead inc hosp",2022-06-25,"quantile",0.35,96.5952342638957
2022-05-21,"29","35  day ahead inc hosp",2022-06-25,"quantile",0.4,111.232317408675
2022-05-21,"29","35  day ahead inc hosp",2022-06-25,"quantile",0.45,125.393864744832
2022-05-21,"29","35  day ahead inc hosp",2022-06-25,"quantile",0.5,139.330886098263
2022-05-21,"29","35  day ahead inc hosp",2022-06-25,"quantile",0.55,153.267907451693
2022-05-21,"29","35  day ahead inc hosp",2022-06-25,"quantile",0.6,167.42945478785
2022-05-21,"29","35  day ahead inc hosp",2022-06-25,"quantile",0.65,182.066537932629
2022-05-21,"29","35  day ahead inc hosp",2022-06-25,"quantile",0.7,197.491818845473
2022-05-21,"29","35  day ahead inc hosp",2022-06-25,"quantile",0.75,214.138122264482
2022-05-21,"29","35  day ahead inc hosp",2022-06-25,"quantile",0.8,232.674570511689
2022-05-21,"29","35  day ahead inc hosp",2022-06-25,"quantile",0.85,254.281064830968
2022-05-21,"29","35  day ahead inc hosp",2022-06-25,"quantile",0.9,281.466968366397
2022-05-21,"29","35  day ahead inc hosp",2022-06-25,"quantile",0.95,321.760572679046
2022-05-21,"29","35  day ahead inc hosp",2022-06-25,"quantile",0.975,356.709265274742
2022-05-21,"29","35  day ahead inc hosp",2022-06-25,"quantile",0.99,397.344673212988
2022-05-21,"29","36  day ahead inc hosp",2022-06-26,"quantile",0.01,0
2022-05-21,"29","36  day ahead inc hosp",2022-06-26,"quantile",0.025,0
2022-05-21,"29","36  day ahead inc hosp",2022-06-26,"quantile",0.05,0
2022-05-21,"29","36  day ahead inc hosp",2022-06-26,"quantile",0.1,3.38618419726328
2022-05-21,"29","36  day ahead inc hosp",2022-06-26,"quantile",0.15,31.2024257318753
2022-05-21,"29","36  day ahead inc hosp",2022-06-26,"quantile",0.2,53.3098927107837
2022-05-21,"29","36  day ahead inc hosp",2022-06-26,"quantile",0.25,72.2761308925017
2022-05-21,"29","36  day ahead inc hosp",2022-06-26,"quantile",0.3,89.3083989559181
2022-05-21,"29","36  day ahead inc hosp",2022-06-26,"quantile",0.35,105.091333632035
2022-05-21,"29","36  day ahead inc hosp",2022-06-26,"quantile",0.4,120.067795223124
2022-05-21,"29","36  day ahead inc hosp",2022-06-26,"quantile",0.45,134.55769513368
2022-05-21,"29","36  day ahead inc hosp",2022-06-26,"quantile",0.5,148.817863155495
2022-05-21,"29","36  day ahead inc hosp",2022-06-26,"quantile",0.55,163.07803117731
2022-05-21,"29","36  day ahead inc hosp",2022-06-26,"quantile",0.6,177.567931087865
2022-05-21,"29","36  day ahead inc hosp",2022-06-26,"quantile",0.65,192.544392678954
2022-05-21,"29","36  day ahead inc hosp",2022-06-26,"quantile",0.7,208.327327355071
2022-05-21,"29","36  day ahead inc hosp",2022-06-26,"quantile",0.75,225.359595418487
2022-05-21,"29","36  day ahead inc hosp",2022-06-26,"quantile",0.8,244.325833600205
2022-05-21,"29","36  day ahead inc hosp",2022-06-26,"quantile",0.85,266.433300579114
2022-05-21,"29","36  day ahead inc hosp",2022-06-26,"quantile",0.9,294.249542113726
2022-05-21,"29","36  day ahead inc hosp",2022-06-26,"quantile",0.95,335.477402295017
2022-05-21,"29","36  day ahead inc hosp",2022-06-26,"quantile",0.975,371.236422527466
2022-05-21,"29","36  day ahead inc hosp",2022-06-26,"quantile",0.99,412.814011464126
2022-05-21,"29","37  day ahead inc hosp",2022-06-27,"quantile",0.01,0
2022-05-21,"29","37  day ahead inc hosp",2022-06-27,"quantile",0.025,0
2022-05-21,"29","37  day ahead inc hosp",2022-06-27,"quantile",0.05,0
2022-05-21,"29","37  day ahead inc hosp",2022-06-27,"quantile",0.1,4.44093141181037
2022-05-21,"29","37  day ahead inc hosp",2022-06-27,"quantile",0.15,32.8757679410733
2022-05-21,"29","37  day ahead inc hosp",2022-06-27,"quantile",0.2,55.4748746118698
2022-05-21,"29","37  day ahead inc hosp",2022-06-27,"quantile",0.25,74.8628958727995
2022-05-21,"29","37  day ahead inc hosp",2022-06-27,"quantile",0.3,92.2739381771021
2022-05-21,"29","37  day ahead inc hosp",2022-06-27,"quantile",0.35,108.407863636047
2022-05-21,"29","37  day ahead inc hosp",2022-06-27,"quantile",0.4,123.717381156575
2022-05-21,"29","37  day ahead inc hosp",2022-06-27,"quantile",0.45,138.529516533288
2022-05-21,"29","37  day ahead inc hosp",2022-06-27,"quantile",0.5,153.106811099687
2022-05-21,"29","37  day ahead inc hosp",2022-06-27,"quantile",0.55,167.684105666086
2022-05-21,"29","37  day ahead inc hosp",2022-06-27,"quantile",0.6,182.496241042799
2022-05-21,"29","37  day ahead inc hosp",2022-06-27,"quantile",0.65,197.805758563327
2022-05-21,"29","37  day ahead inc hosp",2022-06-27,"quantile",0.7,213.939684022272
2022-05-21,"29","37  day ahead inc hosp",2022-06-27,"quantile",0.75,231.350726326574
2022-05-21,"29","37  day ahead inc hosp",2022-06-27,"quantile",0.8,250.738747587504
2022-05-21,"29","37  day ahead inc hosp",2022-06-27,"quantile",0.85,273.337854258301
2022-05-21,"29","37  day ahead inc hosp",2022-06-27,"quantile",0.9,301.772690787564
2022-05-21,"29","37  day ahead inc hosp",2022-06-27,"quantile",0.95,343.917401935819
2022-05-21,"29","37  day ahead inc hosp",2022-06-27,"quantile",0.975,380.471653648476
2022-05-21,"29","37  day ahead inc hosp",2022-06-27,"quantile",0.99,422.973871039123
2022-05-21,"30","1  day ahead inc hosp",2022-05-22,"quantile",0.01,0
2022-05-21,"30","1  day ahead inc hosp",2022-05-22,"quantile",0.025,0.919820661838816
2022-05-21,"30","1  day ahead inc hosp",2022-05-22,"quantile",0.05,3.59062076116595
2022-05-21,"30","1  day ahead inc hosp",2022-05-22,"quantile",0.1,6.66988222726504
2022-05-21,"30","1  day ahead inc hosp",2022-05-22,"quantile",0.15,8.7474453196155
2022-05-21,"30","1  day ahead inc hosp",2022-05-22,"quantile",0.2,10.3986266053254
2022-05-21,"30","1  day ahead inc hosp",2022-05-22,"quantile",0.25,11.8151931244949
2022-05-21,"30","1  day ahead inc hosp",2022-05-22,"quantile",0.3,13.087313639538
2022-05-21,"30","1  day ahead inc hosp",2022-05-22,"quantile",0.35,14.2661228805808
2022-05-21,"30","1  day ahead inc hosp",2022-05-22,"quantile",0.4,15.3846975743234
2022-05-21,"30","1  day ahead inc hosp",2022-05-22,"quantile",0.45,16.4669315356789
2022-05-21,"30","1  day ahead inc hosp",2022-05-22,"quantile",0.5,17.5320070864493
2022-05-21,"30","1  day ahead inc hosp",2022-05-22,"quantile",0.55,18.5970826372197
2022-05-21,"30","1  day ahead inc hosp",2022-05-22,"quantile",0.6,19.6793165985751
2022-05-21,"30","1  day ahead inc hosp",2022-05-22,"quantile",0.65,20.7978912923177
2022-05-21,"30","1  day ahead inc hosp",2022-05-22,"quantile",0.7,21.9767005333605
2022-05-21,"30","1  day ahead inc hosp",2022-05-22,"quantile",0.75,23.2488210484036
2022-05-21,"30","1  day ahead inc hosp",2022-05-22,"quantile",0.8,24.6653875675732
2022-05-21,"30","1  day ahead inc hosp",2022-05-22,"quantile",0.85,26.316568853283
2022-05-21,"30","1  day ahead inc hosp",2022-05-22,"quantile",0.9,28.3941319456335
2022-05-21,"30","1  day ahead inc hosp",2022-05-22,"quantile",0.95,31.4733934117326
2022-05-21,"30","1  day ahead inc hosp",2022-05-22,"quantile",0.975,34.1441935110597
2022-05-21,"30","1  day ahead inc hosp",2022-05-22,"quantile",0.99,37.2495758157194
2022-05-21,"30","2  day ahead inc hosp",2022-05-23,"quantile",0.01,0
2022-05-21,"30","2  day ahead inc hosp",2022-05-23,"quantile",0.025,0.804522638644158
2022-05-21,"30","2  day ahead inc hosp",2022-05-23,"quantile",0.05,3.78084023380151
2022-05-21,"30","2  day ahead inc hosp",2022-05-23,"quantile",0.1,7.21234380606424
2022-05-21,"30","2  day ahead inc hosp",2022-05-23,"quantile",0.15,9.52756297517016
2022-05-21,"30","2  day ahead inc hosp",2022-05-23,"quantile",0.2,11.3676257768343
2022-05-21,"30","2  day ahead inc hosp",2022-05-23,"quantile",0.25,12.9462358183636
2022-05-21,"30","2  day ahead inc hosp",2022-05-23,"quantile",0.3,14.3638764246513
2022-05-21,"30","2  day ahead inc hosp",2022-05-23,"quantile",0.35,15.6775317170611
2022-05-21,"30","2  day ahead inc hosp",2022-05-23,"quantile",0.4,16.9240621269269
2022-05-21,"30","2  day ahead inc hosp",2022-05-23,"quantile",0.45,18.130094724451
2022-05-21,"30","2  day ahead inc hosp",2022-05-23,"quantile",0.5,19.3170061307852
2022-05-21,"30","2  day ahead inc hosp",2022-05-23,"quantile",0.55,20.5039175371193
2022-05-21,"30","2  day ahead inc hosp",2022-05-23,"quantile",0.6,21.7099501346434
2022-05-21,"30","2  day ahead inc hosp",2022-05-23,"quantile",0.65,22.9564805445092
2022-05-21,"30","2  day ahead inc hosp",2022-05-23,"quantile",0.7,24.270135836919
2022-05-21,"30","2  day ahead inc hosp",2022-05-23,"quantile",0.75,25.6877764432067
2022-05-21,"30","2  day ahead inc hosp",2022-05-23,"quantile",0.8,27.266386484736
2022-05-21,"30","2  day ahead inc hosp",2022-05-23,"quantile",0.85,29.1064492864001
2022-05-21,"30","2  day ahead inc hosp",2022-05-23,"quantile",0.9,31.4216684555061
2022-05-21,"30","2  day ahead inc hosp",2022-05-23,"quantile",0.95,34.8531720277688
2022-05-21,"30","2  day ahead inc hosp",2022-05-23,"quantile",0.975,37.8294896229262
2022-05-21,"30","2  day ahead inc hosp",2022-05-23,"quantile",0.99,41.2901020421699
2022-05-21,"30","3  day ahead inc hosp",2022-05-24,"quantile",0.01,0
2022-05-21,"30","3  day ahead inc hosp",2022-05-24,"quantile",0.025,0
2022-05-21,"30","3  day ahead inc hosp",2022-05-24,"quantile",0.05,1.56111739612371
2022-05-21,"30","3  day ahead inc hosp",2022-05-24,"quantile",0.1,5.16503405354886
2022-05-21,"30","3  day ahead inc hosp",2022-05-24,"quantile",0.15,7.59657951268091
2022-05-21,"30","3  day ahead inc hosp",2022-05-24,"quantile",0.2,9.52909476203939
2022-05-21,"30","3  day ahead inc hosp",2022-05-24,"quantile",0.25,11.1870207715684
2022-05-21,"30","3  day ahead inc hosp",2022-05-24,"quantile",0.3,12.6758895684828
2022-05-21,"30","3  day ahead inc hosp",2022-05-24,"quantile",0.35,14.0555483946308
2022-05-21,"30","3  day ahead inc hosp",2022-05-24,"quantile",0.4,15.3647097035144
2022-05-21,"30","3  day ahead inc hosp",2022-05-24,"quantile",0.45,16.6313384206597
2022-05-21,"30","3  day ahead inc hosp",2022-05-24,"quantile",0.5,17.877885218032
2022-05-21,"30","3  day ahead inc hosp",2022-05-24,"quantile",0.55,19.1244320154043
2022-05-21,"30","3  day ahead inc hosp",2022-05-24,"quantile",0.6,20.3910607325496
2022-05-21,"30","3  day ahead inc hosp",2022-05-24,"quantile",0.65,21.7002220414332
2022-05-21,"30","3  day ahead inc hosp",2022-05-24,"quantile",0.7,23.0798808675812
2022-05-21,"30","3  day ahead inc hosp",2022-05-24,"quantile",0.75,24.5687496644957
2022-05-21,"30","3  day ahead inc hosp",2022-05-24,"quantile",0.8,26.2266756740246
2022-05-21,"30","3  day ahead inc hosp",2022-05-24,"quantile",0.85,28.1591909233831
2022-05-21,"30","3  day ahead inc hosp",2022-05-24,"quantile",0.9,30.5907363825152
2022-05-21,"30","3  day ahead inc hosp",2022-05-24,"quantile",0.95,34.1946530399403
2022-05-21,"30","3  day ahead inc hosp",2022-05-24,"quantile",0.975,37.3205132738267
2022-05-21,"30","3  day ahead inc hosp",2022-05-24,"quantile",0.99,40.9550013283972
2022-05-21,"30","4  day ahead inc hosp",2022-05-25,"quantile",0.01,0
2022-05-21,"30","4  day ahead inc hosp",2022-05-25,"quantile",0.025,0
2022-05-21,"30","4  day ahead inc hosp",2022-05-25,"quantile",0.05,0.640814541856315
2022-05-21,"30","4  day ahead inc hosp",2022-05-25,"quantile",0.1,4.36718329194766
2022-05-21,"30","4  day ahead inc hosp",2022-05-25,"quantile",0.15,6.88134659665898
2022-05-21,"30","4  day ahead inc hosp",2022-05-25,"quantile",0.2,8.87952389064485
2022-05-21,"30","4  day ahead inc hosp",2022-05-25,"quantile",0.25,10.5937820878048
2022-05-21,"30","4  day ahead inc hosp",2022-05-25,"quantile",0.3,12.1332389302314
2022-05-21,"30","4  day ahead inc hosp",2022-05-25,"quantile",0.35,13.5597751196721
2022-05-21,"30","4  day ahead inc hosp",2022-05-25,"quantile",0.4,14.9134184621733
2022-05-21,"30","4  day ahead inc hosp",2022-05-25,"quantile",0.45,16.22308406163
2022-05-21,"30","4  day ahead inc hosp",2022-05-25,"quantile",0.5,17.5119854078041
2022-05-21,"30","4  day ahead inc hosp",2022-05-25,"quantile",0.55,18.8008867539782
2022-05-21,"30","4  day ahead inc hosp",2022-05-25,"quantile",0.6,20.1105523534349
2022-05-21,"30","4  day ahead inc hosp",2022-05-25,"quantile",0.65,21.4641956959361
2022-05-21,"30","4  day ahead inc hosp",2022-05-25,"quantile",0.7,22.8907318853768
2022-05-21,"30","4  day ahead inc hosp",2022-05-25,"quantile",0.75,24.4301887278034
2022-05-21,"30","4  day ahead inc hosp",2022-05-25,"quantile",0.8,26.1444469249633
2022-05-21,"30","4  day ahead inc hosp",2022-05-25,"quantile",0.85,28.1426242189492
2022-05-21,"30","4  day ahead inc hosp",2022-05-25,"quantile",0.9,30.6567875236605
2022-05-21,"30","4  day ahead inc hosp",2022-05-25,"quantile",0.95,34.3831562737519
2022-05-21,"30","4  day ahead inc hosp",2022-05-25,"quantile",0.975,37.6152254362584
2022-05-21,"30","4  day ahead inc hosp",2022-05-25,"quantile",0.99,41.3732043232641
2022-05-21,"30","5  day ahead inc hosp",2022-05-26,"quantile",0.01,0
2022-05-21,"30","5  day ahead inc hosp",2022-05-26,"quantile",0.025,0
2022-05-21,"30","5  day ahead inc hosp",2022-05-26,"quantile",0.05,0.889813544122077
2022-05-21,"30","5  day ahead inc hosp",2022-05-26,"quantile",0.1,4.74261786984531
2022-05-21,"30","5  day ahead inc hosp",2022-05-26,"quantile",0.15,7.34208665718123
2022-05-21,"30","5  day ahead inc hosp",2022-05-26,"quantile",0.2,9.4080620445183
2022-05-21,"30","5  day ahead inc hosp",2022-05-26,"quantile",0.25,11.1804849689169
2022-05-21,"30","5  day ahead inc hosp",2022-05-26,"quantile",0.3,12.7721755340602
2022-05-21,"30","5  day ahead inc hosp",2022-05-26,"quantile",0.35,14.2471140519789
2022-05-21,"30","5  day ahead inc hosp",2022-05-26,"quantile",0.4,15.6466864709316
2022-05-21,"30","5  day ahead inc hosp",2022-05-26,"quantile",0.45,17.0007889833879
2022-05-21,"30","5  day ahead inc hosp",2022-05-26,"quantile",0.5,18.3334227120945
2022-05-21,"30","5  day ahead inc hosp",2022-05-26,"quantile",0.55,19.6660564408012
2022-05-21,"30","5  day ahead inc hosp",2022-05-26,"quantile",0.6,21.0201589532575
2022-05-21,"30","5  day ahead inc hosp",2022-05-26,"quantile",0.65,22.4197313722102
2022-05-21,"30","5  day ahead inc hosp",2022-05-26,"quantile",0.7,23.8946698901289
2022-05-21,"30","5  day ahead inc hosp",2022-05-26,"quantile",0.75,25.4863604552722
2022-05-21,"30","5  day ahead inc hosp",2022-05-26,"quantile",0.8,27.2587833796708
2022-05-21,"30","5  day ahead inc hosp",2022-05-26,"quantile",0.85,29.3247587670079
2022-05-21,"30","5  day ahead inc hosp",2022-05-26,"quantile",0.9,31.9242275543438
2022-05-21,"30","5  day ahead inc hosp",2022-05-26,"quantile",0.95,35.777031880067
2022-05-21,"30","5  day ahead inc hosp",2022-05-26,"quantile",0.975,39.1187650485938
2022-05-21,"30","5  day ahead inc hosp",2022-05-26,"quantile",0.99,43.0042520421923
2022-05-21,"30","6  day ahead inc hosp",2022-05-27,"quantile",0.01,0
2022-05-21,"30","6  day ahead inc hosp",2022-05-27,"quantile",0.025,0
2022-05-21,"30","6  day ahead inc hosp",2022-05-27,"quantile",0.05,0
2022-05-21,"30","6  day ahead inc hosp",2022-05-27,"quantile",0.1,3.92660166790203
2022-05-21,"30","6  day ahead inc hosp",2022-05-27,"quantile",0.15,6.59873937005826
2022-05-21,"30","6  day ahead inc hosp",2022-05-27,"quantile",0.2,8.72246970724304
2022-05-21,"30","6  day ahead inc hosp",2022-05-27,"quantile",0.25,10.5444412360127
2022-05-21,"30","6  day ahead inc hosp",2022-05-27,"quantile",0.3,12.1806279792452
2022-05-21,"30","6  day ahead inc hosp",2022-05-27,"quantile",0.35,13.6967988374198
2022-05-21,"30","6  day ahead inc hosp",2022-05-27,"quantile",0.4,15.1354967151559
2022-05-21,"30","6  day ahead inc hosp",2022-05-27,"quantile",0.45,16.5274535617805
2022-05-21,"30","6  day ahead inc hosp",2022-05-27,"quantile",0.5,17.8973414584886
2022-05-21,"30","6  day ahead inc hosp",2022-05-27,"quantile",0.55,19.2672293551967
2022-05-21,"30","6  day ahead inc hosp",2022-05-27,"quantile",0.6,20.6591862018213
2022-05-21,"30","6  day ahead inc hosp",2022-05-27,"quantile",0.65,22.0978840795574
2022-05-21,"30","6  day ahead inc hosp",2022-05-27,"quantile",0.7,23.6140549377319
2022-05-21,"30","6  day ahead inc hosp",2022-05-27,"quantile",0.75,25.2502416809644
2022-05-21,"30","6  day ahead inc hosp",2022-05-27,"quantile",0.8,27.0722132097341
2022-05-21,"30","6  day ahead inc hosp",2022-05-27,"quantile",0.85,29.1959435469189
2022-05-21,"30","6  day ahead inc hosp",2022-05-27,"quantile",0.9,31.8680812490751
2022-05-21,"30","6  day ahead inc hosp",2022-05-27,"quantile",0.95,35.828591853377
2022-05-21,"30","6  day ahead inc hosp",2022-05-27,"quantile",0.975,39.2637441559049
2022-05-21,"30","6  day ahead inc hosp",2022-05-27,"quantile",0.99,43.2578510816792
2022-05-21,"30","7  day ahead inc hosp",2022-05-28,"quantile",0.01,0
2022-05-21,"30","7  day ahead inc hosp",2022-05-28,"quantile",0.025,0
2022-05-21,"30","7  day ahead inc hosp",2022-05-28,"quantile",0.05,0
2022-05-21,"30","7  day ahead inc hosp",2022-05-28,"quantile",0.1,3.18705848578352
2022-05-21,"30","7  day ahead inc hosp",2022-05-28,"quantile",0.15,5.9955076010733
2022-05-21,"30","7  day ahead inc hosp",2022-05-28,"quantile",0.2,8.22757392825689
2022-05-21,"30","7  day ahead inc hosp",2022-05-28,"quantile",0.25,10.1424880900261
2022-05-21,"30","7  day ahead inc hosp",2022-05-28,"quantile",0.3,11.862140190205
2022-05-21,"30","7  day ahead inc hosp",2022-05-28,"quantile",0.35,13.4556541404151
2022-05-21,"30","7  day ahead inc hosp",2022-05-28,"quantile",0.4,14.9677430490956
2022-05-21,"30","7  day ahead inc hosp",2022-05-28,"quantile",0.45,16.4307065675063
2022-05-21,"30","7  day ahead inc hosp",2022-05-28,"quantile",0.5,17.870475352046
2022-05-21,"30","7  day ahead inc hosp",2022-05-28,"quantile",0.55,19.3102441365856
2022-05-21,"30","7  day ahead inc hosp",2022-05-28,"quantile",0.6,20.7732076549963
2022-05-21,"30","7  day ahead inc hosp",2022-05-28,"quantile",0.65,22.2852965636768
2022-05-21,"30","7  day ahead inc hosp",2022-05-28,"quantile",0.7,23.8788105138869
2022-05-21,"30","7  day ahead inc hosp",2022-05-28,"quantile",0.75,25.5984626140658
2022-05-21,"30","7  day ahead inc hosp",2022-05-28,"quantile",0.8,27.513376775835
2022-05-21,"30","7  day ahead inc hosp",2022-05-28,"quantile",0.85,29.7454431030186
2022-05-21,"30","7  day ahead inc hosp",2022-05-28,"quantile",0.9,32.5538922183084
2022-05-21,"30","7  day ahead inc hosp",2022-05-28,"quantile",0.95,36.7164368707685
2022-05-21,"30","7  day ahead inc hosp",2022-05-28,"quantile",0.975,40.3268235799322
2022-05-21,"30","7  day ahead inc hosp",2022-05-28,"quantile",0.99,44.5246783734977
2022-05-21,"30","8  day ahead inc hosp",2022-05-29,"quantile",0.01,0
2022-05-21,"30","8  day ahead inc hosp",2022-05-29,"quantile",0.025,0
2022-05-21,"30","8  day ahead inc hosp",2022-05-29,"quantile",0.05,0
2022-05-21,"30","8  day ahead inc hosp",2022-05-29,"quantile",0.1,4.31602218622988
2022-05-21,"30","8  day ahead inc hosp",2022-05-29,"quantile",0.15,7.30931072615337
2022-05-21,"30","8  day ahead inc hosp",2022-05-29,"quantile",0.2,9.68828156850683
2022-05-21,"30","8  day ahead inc hosp",2022-05-29,"quantile",0.25,11.7292267236657
2022-05-21,"30","8  day ahead inc hosp",2022-05-29,"quantile",0.3,13.5620585510602
2022-05-21,"30","8  day ahead inc hosp",2022-05-29,"quantile",0.35,15.2604503856867
2022-05-21,"30","8  day ahead inc hosp",2022-05-29,"quantile",0.4,16.8720581506476
2022-05-21,"30","8  day ahead inc hosp",2022-05-29,"quantile",0.45,18.431307314232
2022-05-21,"30","8  day ahead inc hosp",2022-05-29,"quantile",0.5,19.9658351714182
2022-05-21,"30","8  day ahead inc hosp",2022-05-29,"quantile",0.55,21.5003630286044
2022-05-21,"30","8  day ahead inc hosp",2022-05-29,"quantile",0.6,23.0596121921888
2022-05-21,"30","8  day ahead inc hosp",2022-05-29,"quantile",0.65,24.6712199571497
2022-05-21,"30","8  day ahead inc hosp",2022-05-29,"quantile",0.7,26.3696117917762
2022-05-21,"30","8  day ahead inc hosp",2022-05-29,"quantile",0.75,28.2024436191707
2022-05-21,"30","8  day ahead inc hosp",2022-05-29,"quantile",0.8,30.2433887743296
2022-05-21,"30","8  day ahead inc hosp",2022-05-29,"quantile",0.85,32.622359616683
2022-05-21,"30","8  day ahead inc hosp",2022-05-29,"quantile",0.9,35.6156481566065
2022-05-21,"30","8  day ahead inc hosp",2022-05-29,"quantile",0.95,40.0521526805074
2022-05-21,"30","8  day ahead inc hosp",2022-05-29,"quantile",0.975,43.9001587214204
2022-05-21,"30","8  day ahead inc hosp",2022-05-29,"quantile",0.99,48.3742973402879
2022-05-21,"30","9  day ahead inc hosp",2022-05-30,"quantile",0.01,0
2022-05-21,"30","9  day ahead inc hosp",2022-05-30,"quantile",0.025,0
2022-05-21,"30","9  day ahead inc hosp",2022-05-30,"quantile",0.05,0
2022-05-21,"30","9  day ahead inc hosp",2022-05-30,"quantile",0.1,4.10427037500757
2022-05-21,"30","9  day ahead inc hosp",2022-05-30,"quantile",0.15,7.25698121294844
2022-05-21,"30","9  day ahead inc hosp",2022-05-30,"quantile",0.2,9.76265584397643
2022-05-21,"30","9  day ahead inc hosp",2022-05-30,"quantile",0.25,11.9123015678988
2022-05-21,"30","9  day ahead inc hosp",2022-05-30,"quantile",0.3,13.8427498655752
2022-05-21,"30","9  day ahead inc hosp",2022-05-30,"quantile",0.35,15.6315979076801
2022-05-21,"30","9  day ahead inc hosp",2022-05-30,"quantile",0.4,17.3290397678062
2022-05-21,"30","9  day ahead inc hosp",2022-05-30,"quantile",0.45,18.9713344118128
2022-05-21,"30","9  day ahead inc hosp",2022-05-30,"quantile",0.5,20.5875910947041
2022-05-21,"30","9  day ahead inc hosp",2022-05-30,"quantile",0.55,22.2038477775953
2022-05-21,"30","9  day ahead inc hosp",2022-05-30,"quantile",0.6,23.846142421602
2022-05-21,"30","9  day ahead inc hosp",2022-05-30,"quantile",0.65,25.5435842817281
2022-05-21,"30","9  day ahead inc hosp",2022-05-30,"quantile",0.7,27.332432323833
2022-05-21,"30","9  day ahead inc hosp",2022-05-30,"quantile",0.75,29.2628806215094
2022-05-21,"30","9  day ahead inc hosp",2022-05-30,"quantile",0.8,31.4125263454317
2022-05-21,"30","9  day ahead inc hosp",2022-05-30,"quantile",0.85,33.9182009764597
2022-05-21,"30","9  day ahead inc hosp",2022-05-30,"quantile",0.9,37.0709118144006
2022-05-21,"30","9  day ahead inc hosp",2022-05-30,"quantile",0.95,41.7437041992716
2022-05-21,"30","9  day ahead inc hosp",2022-05-30,"quantile",0.975,45.7966547210273
2022-05-21,"30","9  day ahead inc hosp",2022-05-30,"quantile",0.99,50.5090855896244
2022-05-21,"30","10  day ahead inc hosp",2022-05-31,"quantile",0.01,0
2022-05-21,"30","10  day ahead inc hosp",2022-05-31,"quantile",0.025,0
2022-05-21,"30","10  day ahead inc hosp",2022-05-31,"quantile",0.05,0
2022-05-21,"30","10  day ahead inc hosp",2022-05-31,"quantile",0.1,2.69953090453103
2022-05-21,"30","10  day ahead inc hosp",2022-05-31,"quantile",0.15,5.95672022242143
2022-05-21,"30","10  day ahead inc hosp",2022-05-31,"quantile",0.2,8.54543103727808
2022-05-21,"30","10  day ahead inc hosp",2022-05-31,"quantile",0.25,10.7663144132434
2022-05-21,"30","10  day ahead inc hosp",2022-05-31,"quantile",0.3,12.7607363241466
2022-05-21,"30","10  day ahead inc hosp",2022-05-31,"quantile",0.35,14.6088654528804
2022-05-21,"30","10  day ahead inc hosp",2022-05-31,"quantile",0.4,16.3625592671072
2022-05-21,"30","10  day ahead inc hosp",2022-05-31,"quantile",0.45,18.0592783277049
2022-05-21,"30","10  day ahead inc hosp",2022-05-31,"quantile",0.5,19.7290965486238
2022-05-21,"30","10  day ahead inc hosp",2022-05-31,"quantile",0.55,21.3989147695428
2022-05-21,"30","10  day ahead inc hosp",2022-05-31,"quantile",0.6,23.0956338301404
2022-05-21,"30","10  day ahead inc hosp",2022-05-31,"quantile",0.65,24.8493276443672
2022-05-21,"30","10  day ahead inc hosp",2022-05-31,"quantile",0.7,26.697456773101
2022-05-21,"30","10  day ahead inc hosp",2022-05-31,"quantile",0.75,28.6918786840042
2022-05-21,"30","10  day ahead inc hosp",2022-05-31,"quantile",0.8,30.9127620599696
2022-05-21,"30","10  day ahead inc hosp",2022-05-31,"quantile",0.85,33.5014728748262
2022-05-21,"30","10  day ahead inc hosp",2022-05-31,"quantile",0.9,36.7586621927166
2022-05-21,"30","10  day ahead inc hosp",2022-05-31,"quantile",0.95,41.5863074234674
2022-05-21,"30","10  day ahead inc hosp",2022-05-31,"quantile",0.975,45.7735696952027
2022-05-21,"30","10  day ahead inc hosp",2022-05-31,"quantile",0.99,50.6421669993933
2022-05-21,"30","11  day ahead inc hosp",2022-06-01,"quantile",0.01,0
2022-05-21,"30","11  day ahead inc hosp",2022-06-01,"quantile",0.025,0
2022-05-21,"30","11  day ahead inc hosp",2022-06-01,"quantile",0.05,0
2022-05-21,"30","11  day ahead inc hosp",2022-06-01,"quantile",0.1,2.12589755315913
2022-05-21,"30","11  day ahead inc hosp",2022-06-01,"quantile",0.15,5.45710451668871
2022-05-21,"30","11  day ahead inc hosp",2022-06-01,"quantile",0.2,8.10464220989225
2022-05-21,"30","11  day ahead inc hosp",2022-06-01,"quantile",0.25,10.3759938094347
2022-05-21,"30","11  day ahead inc hosp",2022-06-01,"quantile",0.3,12.4157377448961
2022-05-21,"30","11  day ahead inc hosp",2022-06-01,"quantile",0.35,14.305864483715
2022-05-21,"30","11  day ahead inc hosp",2022-06-01,"quantile",0.4,16.0994099229573
2022-05-21,"30","11  day ahead inc hosp",2022-06-01,"quantile",0.45,17.8346858919565
2022-05-21,"30","11  day ahead inc hosp",2022-06-01,"quantile",0.5,19.5424497160613
2022-05-21,"30","11  day ahead inc hosp",2022-06-01,"quantile",0.55,21.2502135401661
2022-05-21,"30","11  day ahead inc hosp",2022-06-01,"quantile",0.6,22.9854895091653
2022-05-21,"30","11  day ahead inc hosp",2022-06-01,"quantile",0.65,24.7790349484077
2022-05-21,"30","11  day ahead inc hosp",2022-06-01,"quantile",0.7,26.6691616872265
2022-05-21,"30","11  day ahead inc hosp",2022-06-01,"quantile",0.75,28.7089056226879
2022-05-21,"30","11  day ahead inc hosp",2022-06-01,"quantile",0.8,30.9802572222304
2022-05-21,"30","11  day ahead inc hosp",2022-06-01,"quantile",0.85,33.6277949154339
2022-05-21,"30","11  day ahead inc hosp",2022-06-01,"quantile",0.9,36.9590018789635
2022-05-21,"30","11  day ahead inc hosp",2022-06-01,"quantile",0.95,41.8963524105387
2022-05-21,"30","11  day ahead inc hosp",2022-06-01,"quantile",0.975,46.1787676699513
2022-05-21,"30","11  day ahead inc hosp",2022-06-01,"quantile",0.99,51.1580008859208
2022-05-21,"30","12  day ahead inc hosp",2022-06-02,"quantile",0.01,0
2022-05-21,"30","12  day ahead inc hosp",2022-06-02,"quantile",0.025,0
2022-05-21,"30","12  day ahead inc hosp",2022-06-02,"quantile",0.05,0
2022-05-21,"30","12  day ahead inc hosp",2022-06-02,"quantile",0.1,2.12552264587433
2022-05-21,"30","12  day ahead inc hosp",2022-06-02,"quantile",0.15,5.52645906971807
2022-05-21,"30","12  day ahead inc hosp",2022-06-02,"quantile",0.2,8.22941552751045
2022-05-21,"30","12  day ahead inc hosp",2022-06-02,"quantile",0.25,10.5483114924897
2022-05-21,"30","12  day ahead inc hosp",2022-06-02,"quantile",0.3,12.6307517375338
2022-05-21,"30","12  day ahead inc hosp",2022-06-02,"quantile",0.35,14.5604429702032
2022-05-21,"30","12  day ahead inc hosp",2022-06-02,"quantile",0.4,16.3915312450893
2022-05-21,"30","12  day ahead inc hosp",2022-06-02,"quantile",0.45,18.1631303420536
2022-05-21,"30","12  day ahead inc hosp",2022-06-02,"quantile",0.5,19.9066414046526
2022-05-21,"30","12  day ahead inc hosp",2022-06-02,"quantile",0.55,21.6501524672517
2022-05-21,"30","12  day ahead inc hosp",2022-06-02,"quantile",0.6,23.421751564216
2022-05-21,"30","12  day ahead inc hosp",2022-06-02,"quantile",0.65,25.2528398391021
2022-05-21,"30","12  day ahead inc hosp",2022-06-02,"quantile",0.7,27.1825310717715
2022-05-21,"30","12  day ahead inc hosp",2022-06-02,"quantile",0.75,29.2649713168156
2022-05-21,"30","12  day ahead inc hosp",2022-06-02,"quantile",0.8,31.5838672817948
2022-05-21,"30","12  day ahead inc hosp",2022-06-02,"quantile",0.85,34.2868237395872
2022-05-21,"30","12  day ahead inc hosp",2022-06-02,"quantile",0.9,37.687760163431
2022-05-21,"30","12  day ahead inc hosp",2022-06-02,"quantile",0.95,42.7284602592085
2022-05-21,"30","12  day ahead inc hosp",2022-06-02,"quantile",0.975,47.1005158526349
2022-05-21,"30","12  day ahead inc hosp",2022-06-02,"quantile",0.99,52.1839753291548
2022-05-21,"30","13  day ahead inc hosp",2022-06-03,"quantile",0.01,0
2022-05-21,"30","13  day ahead inc hosp",2022-06-03,"quantile",0.025,0
2022-05-21,"30","13  day ahead inc hosp",2022-06-03,"quantile",0.05,0
2022-05-21,"30","13  day ahead inc hosp",2022-06-03,"quantile",0.1,1.72967600465132
2022-05-21,"30","13  day ahead inc hosp",2022-06-03,"quantile",0.15,5.21660682497705
2022-05-21,"30","13  day ahead inc hosp",2022-06-03,"quantile",0.2,7.98790890301546
2022-05-21,"30","13  day ahead inc hosp",2022-06-03,"quantile",0.25,10.3654393245564
2022-05-21,"30","13  day ahead inc hosp",2022-06-03,"quantile",0.3,12.500535123767
2022-05-21,"30","13  day ahead inc hosp",2022-06-03,"quantile",0.35,14.4790195746178
2022-05-21,"30","13  day ahead inc hosp",2022-06-03,"quantile",0.4,16.3564078420589
2022-05-21,"30","13  day ahead inc hosp",2022-06-03,"quantile",0.45,18.1728027176457
2022-05-21,"30","13  day ahead inc hosp",2022-06-03,"quantile",0.5,19.9603993387211
2022-05-21,"30","13  day ahead inc hosp",2022-06-03,"quantile",0.55,21.7479959597965
2022-05-21,"30","13  day ahead inc hosp",2022-06-03,"quantile",0.6,23.5643908353833
2022-05-21,"30","13  day ahead inc hosp",2022-06-03,"quantile",0.65,25.4417791028244
2022-05-21,"30","13  day ahead inc hosp",2022-06-03,"quantile",0.7,27.4202635536752
2022-05-21,"30","13  day ahead inc hosp",2022-06-03,"quantile",0.75,29.5553593528858
2022-05-21,"30","13  day ahead inc hosp",2022-06-03,"quantile",0.8,31.9328897744267
2022-05-21,"30","13  day ahead inc hosp",2022-06-03,"quantile",0.85,34.7041918524652
2022-05-21,"30","13  day ahead inc hosp",2022-06-03,"quantile",0.9,38.1911226727909
2022-05-21,"30","13  day ahead inc hosp",2022-06-03,"quantile",0.95,43.3592794183146
2022-05-21,"30","13  day ahead inc hosp",2022-06-03,"quantile",0.975,47.8418846472787
2022-05-21,"30","13  day ahead inc hosp",2022-06-03,"quantile",0.99,53.0538819660996
2022-05-21,"30","14  day ahead inc hosp",2022-06-04,"quantile",0.01,0
2022-05-21,"30","14  day ahead inc hosp",2022-06-04,"quantile",0.025,0
2022-05-21,"30","14  day ahead inc hosp",2022-06-04,"quantile",0.05,0
2022-05-21,"30","14  day ahead inc hosp",2022-06-04,"quantile",0.1,1.53533652385981
2022-05-21,"30","14  day ahead inc hosp",2022-06-04,"quantile",0.15,5.13135888678221
2022-05-21,"30","14  day ahead inc hosp",2022-06-04,"quantile",0.2,7.98936346460419
2022-05-21,"30","14  day ahead inc hosp",2022-06-04,"quantile",0.25,10.4412769108225
2022-05-21,"30","14  day ahead inc hosp",2022-06-04,"quantile",0.3,12.6431709650973
2022-05-21,"30","14  day ahead inc hosp",2022-06-04,"quantile",0.35,14.6835539541952
2022-05-21,"30","14  day ahead inc hosp",2022-06-04,"quantile",0.4,16.6196778813616
2022-05-21,"30","14  day ahead inc hosp",2022-06-04,"quantile",0.45,18.4929001874747
2022-05-21,"30","14  day ahead inc hosp",2022-06-04,"quantile",0.5,20.3364232616352
2022-05-21,"30","14  day ahead inc hosp",2022-06-04,"quantile",0.55,22.1799463357956
2022-05-21,"30","14  day ahead inc hosp",2022-06-04,"quantile",0.6,24.0531686419088
2022-05-21,"30","14  day ahead inc hosp",2022-06-04,"quantile",0.65,25.9892925690752
2022-05-21,"30","14  day ahead inc hosp",2022-06-04,"quantile",0.7,28.0296755581731
2022-05-21,"30","14  day ahead inc hosp",2022-06-04,"quantile",0.75,30.2315696124479
2022-05-21,"30","14  day ahead inc hosp",2022-06-04,"quantile",0.8,32.6834830586662
2022-05-21,"30","14  day ahead inc hosp",2022-06-04,"quantile",0.85,35.5414876364881
2022-05-21,"30","14  day ahead inc hosp",2022-06-04,"quantile",0.9,39.1375099994105
2022-05-21,"30","14  day ahead inc hosp",2022-06-04,"quantile",0.95,44.467356844567
2022-05-21,"30","14  day ahead inc hosp",2022-06-04,"quantile",0.975,49.0902041214744
2022-05-21,"30","14  day ahead inc hosp",2022-06-04,"quantile",0.99,54.4652631288742
2022-05-21,"30","15  day ahead inc hosp",2022-06-05,"quantile",0.01,0
2022-05-21,"30","15  day ahead inc hosp",2022-06-05,"quantile",0.025,0
2022-05-21,"30","15  day ahead inc hosp",2022-06-05,"quantile",0.05,0
2022-05-21,"30","15  day ahead inc hosp",2022-06-05,"quantile",0.1,3.15714447572562
2022-05-21,"30","15  day ahead inc hosp",2022-06-05,"quantile",0.15,6.87112174805212
2022-05-21,"30","15  day ahead inc hosp",2022-06-05,"quantile",0.2,9.82287314862175
2022-05-21,"30","15  day ahead inc hosp",2022-06-05,"quantile",0.25,12.3552130213821
2022-05-21,"30","15  day ahead inc hosp",2022-06-05,"quantile",0.3,14.629332492375
2022-05-21,"30","15  day ahead inc hosp",2022-06-05,"quantile",0.35,16.736643093801
2022-05-21,"30","15  day ahead inc hosp",2022-06-05,"quantile",0.4,18.7362747802012
2022-05-21,"30","15  day ahead inc hosp",2022-06-05,"quantile",0.45,20.6709415783424
2022-05-21,"30","15  day ahead inc hosp",2022-06-05,"quantile",0.5,22.5749349653238
2022-05-21,"30","15  day ahead inc hosp",2022-06-05,"quantile",0.55,24.4789283523052
2022-05-21,"30","15  day ahead inc hosp",2022-06-05,"quantile",0.6,26.4135951504464
2022-05-21,"30","15  day ahead inc hosp",2022-06-05,"quantile",0.65,28.4132268368466
2022-05-21,"30","15  day ahead inc hosp",2022-06-05,"quantile",0.7,30.5205374382726
2022-05-21,"30","15  day ahead inc hosp",2022-06-05,"quantile",0.75,32.7946569092654
2022-05-21,"30","15  day ahead inc hosp",2022-06-05,"quantile",0.8,35.3269967820258
2022-05-21,"30","15  day ahead inc hosp",2022-06-05,"quantile",0.85,38.2787481825955
2022-05-21,"30","15  day ahead inc hosp",2022-06-05,"quantile",0.9,41.992725454922
2022-05-21,"30","15  day ahead inc hosp",2022-06-05,"quantile",0.95,47.4973992444935
2022-05-21,"30","15  day ahead inc hosp",2022-06-05,"quantile",0.975,52.2718828230433
2022-05-21,"30","15  day ahead inc hosp",2022-06-05,"quantile",0.99,57.82325180137
2022-05-21,"30","16  day ahead inc hosp",2022-06-06,"quantile",0.01,0
2022-05-21,"30","16  day ahead inc hosp",2022-06-06,"quantile",0.025,0
2022-05-21,"30","16  day ahead inc hosp",2022-06-06,"quantile",0.05,0
2022-05-21,"30","16  day ahead inc hosp",2022-06-06,"quantile",0.1,2.2153528150514
2022-05-21,"30","16  day ahead inc hosp",2022-06-06,"quantile",0.15,6.03401671652689
2022-05-21,"30","16  day ahead inc hosp",2022-06-06,"quantile",0.2,9.06896973131046
2022-05-21,"30","16  day ahead inc hosp",2022-06-06,"quantile",0.25,11.6726891806542
2022-05-21,"30","16  day ahead inc hosp",2022-06-06,"quantile",0.3,14.0109097174975
2022-05-21,"30","16  day ahead inc hosp",2022-06-06,"quantile",0.35,16.1776195094023
2022-05-21,"30","16  day ahead inc hosp",2022-06-06,"quantile",0.4,18.2336152189075
2022-05-21,"30","16  day ahead inc hosp",2022-06-06,"quantile",0.45,20.2228148616983
2022-05-21,"30","16  day ahead inc hosp",2022-06-06,"quantile",0.5,22.1804764956801
2022-05-21,"30","16  day ahead inc hosp",2022-06-06,"quantile",0.55,24.1381381296619
2022-05-21,"30","16  day ahead inc hosp",2022-06-06,"quantile",0.6,26.1273377724527
2022-05-21,"30","16  day ahead inc hosp",2022-06-06,"quantile",0.65,28.1833334819579
2022-05-21,"30","16  day ahead inc hosp",2022-06-06,"quantile",0.7,30.3500432738627
2022-05-21,"30","16  day ahead inc hosp",2022-06-06,"quantile",0.75,32.688263810706
2022-05-21,"30","16  day ahead inc hosp",2022-06-06,"quantile",0.8,35.2919832600497
2022-05-21,"30","16  day ahead inc hosp",2022-06-06,"quantile",0.85,38.3269362748333
2022-05-21,"30","16  day ahead inc hosp",2022-06-06,"quantile",0.9,42.1456001763088
2022-05-21,"30","16  day ahead inc hosp",2022-06-06,"quantile",0.95,47.8054353202292
2022-05-21,"30","16  day ahead inc hosp",2022-06-06,"quantile",0.975,52.7144982338465
2022-05-21,"30","16  day ahead inc hosp",2022-06-06,"quantile",0.99,58.4223447732594
2022-05-21,"30","17  day ahead inc hosp",2022-06-07,"quantile",0.01,0
2022-05-21,"30","17  day ahead inc hosp",2022-06-07,"quantile",0.025,0
2022-05-21,"30","17  day ahead inc hosp",2022-06-07,"quantile",0.05,0
2022-05-21,"30","17  day ahead inc hosp",2022-06-07,"quantile",0.1,2.41439536403884
2022-05-21,"30","17  day ahead inc hosp",2022-06-07,"quantile",0.15,6.31678193936026
2022-05-21,"30","17  day ahead inc hosp",2022-06-07,"quantile",0.2,9.4182750812538
2022-05-21,"30","17  day ahead inc hosp",2022-06-07,"quantile",0.25,12.0790800348126
2022-05-21,"30","17  day ahead inc hosp",2022-06-07,"quantile",0.3,14.4685651187427
2022-05-21,"30","17  day ahead inc hosp",2022-06-07,"quantile",0.35,16.6827791534683
2022-05-21,"30","17  day ahead inc hosp",2022-06-07,"quantile",0.4,18.7838517439604
2022-05-21,"30","17  day ahead inc hosp",2022-06-07,"quantile",0.45,20.8166637907764
2022-05-21,"30","17  day ahead inc hosp",2022-06-07,"quantile",0.5,22.8172463705946
2022-05-21,"30","17  day ahead inc hosp",2022-06-07,"quantile",0.55,24.8178289504127
2022-05-21,"30","17  day ahead inc hosp",2022-06-07,"quantile",0.6,26.8506409972288
2022-05-21,"30","17  day ahead inc hosp",2022-06-07,"quantile",0.65,28.9517135877208
2022-05-21,"30","17  day ahead inc hosp",2022-06-07,"quantile",0.7,31.1659276224464
2022-05-21,"30","17  day ahead inc hosp",2022-06-07,"quantile",0.75,33.5554127063765
2022-05-21,"30","17  day ahead inc hosp",2022-06-07,"quantile",0.8,36.2162176599353
2022-05-21,"30","17  day ahead inc hosp",2022-06-07,"quantile",0.85,39.3177108018289
2022-05-21,"30","17  day ahead inc hosp",2022-06-07,"quantile",0.9,43.2200973771503
2022-05-21,"30","17  day ahead inc hosp",2022-06-07,"quantile",0.95,49.0040221356589
2022-05-21,"30","17  day ahead inc hosp",2022-06-07,"quantile",0.975,54.0207142839536
2022-05-21,"30","17  day ahead inc hosp",2022-06-07,"quantile",0.99,59.853703068537
2022-05-21,"30","18  day ahead inc hosp",2022-06-08,"quantile",0.01,0
2022-05-21,"30","18  day ahead inc hosp",2022-06-08,"quantile",0.025,0
2022-05-21,"30","18  day ahead inc hosp",2022-06-08,"quantile",0.05,0
2022-05-21,"30","18  day ahead inc hosp",2022-06-08,"quantile",0.1,1.33510732830954
2022-05-21,"30","18  day ahead inc hosp",2022-06-08,"quantile",0.15,5.30842816725088
2022-05-21,"30","18  day ahead inc hosp",2022-06-08,"quantile",0.2,8.46629761320761
2022-05-21,"30","18  day ahead inc hosp",2022-06-08,"quantile",0.25,11.1754684158114
2022-05-21,"30","18  day ahead inc hosp",2022-06-08,"quantile",0.3,13.6083875269932
2022-05-21,"30","18  day ahead inc hosp",2022-06-08,"quantile",0.35,15.8628496609316
2022-05-21,"30","18  day ahead inc hosp",2022-06-08,"quantile",0.4,18.0021137617063
2022-05-21,"30","18  day ahead inc hosp",2022-06-08,"quantile",0.45,20.0718765367077
2022-05-21,"30","18  day ahead inc hosp",2022-06-08,"quantile",0.5,22.1088240048759
2022-05-21,"30","18  day ahead inc hosp",2022-06-08,"quantile",0.55,24.145771473044
2022-05-21,"30","18  day ahead inc hosp",2022-06-08,"quantile",0.6,26.2155342480454
2022-05-21,"30","18  day ahead inc hosp",2022-06-08,"quantile",0.65,28.3547983488201
2022-05-21,"30","18  day ahead inc hosp",2022-06-08,"quantile",0.7,30.6092604827585
2022-05-21,"30","18  day ahead inc hosp",2022-06-08,"quantile",0.75,33.0421795939403
2022-05-21,"30","18  day ahead inc hosp",2022-06-08,"quantile",0.8,35.7513503965441
2022-05-21,"30","18  day ahead inc hosp",2022-06-08,"quantile",0.85,38.9092198425008
2022-05-21,"30","18  day ahead inc hosp",2022-06-08,"quantile",0.9,42.8825406814422
2022-05-21,"30","18  day ahead inc hosp",2022-06-08,"quantile",0.95,48.7716007041434
2022-05-21,"30","18  day ahead inc hosp",2022-06-08,"quantile",0.975,53.8794820148848
2022-05-21,"30","18  day ahead inc hosp",2022-06-08,"quantile",0.99,59.8184979077906
2022-05-21,"30","19  day ahead inc hosp",2022-06-09,"quantile",0.01,0
2022-05-21,"30","19  day ahead inc hosp",2022-06-09,"quantile",0.025,0
2022-05-21,"30","19  day ahead inc hosp",2022-06-09,"quantile",0.05,0
2022-05-21,"30","19  day ahead inc hosp",2022-06-09,"quantile",0.1,1.90805551658438
2022-05-21,"30","19  day ahead inc hosp",2022-06-09,"quantile",0.15,5.95248067073928
2022-05-21,"30","19  day ahead inc hosp",2022-06-09,"quantile",0.2,9.16686157237509
2022-05-21,"30","19  day ahead inc hosp",2022-06-09,"quantile",0.25,11.9245141720761
2022-05-21,"30","19  day ahead inc hosp",2022-06-09,"quantile",0.3,14.4009714354441
2022-05-21,"30","19  day ahead inc hosp",2022-06-09,"quantile",0.35,16.6957781558648
2022-05-21,"30","19  day ahead inc hosp",2022-06-09,"quantile",0.4,18.8733253239056
2022-05-21,"30","19  day ahead inc hosp",2022-06-09,"quantile",0.45,20.9801274095331
2022-05-21,"30","19  day ahead inc hosp",2022-06-09,"quantile",0.5,23.053526944051
2022-05-21,"30","19  day ahead inc hosp",2022-06-09,"quantile",0.55,25.126926478569
2022-05-21,"30","19  day ahead inc hosp",2022-06-09,"quantile",0.6,27.2337285641965
2022-05-21,"30","19  day ahead inc hosp",2022-06-09,"quantile",0.65,29.4112757322372
2022-05-21,"30","19  day ahead inc hosp",2022-06-09,"quantile",0.7,31.7060824526579
2022-05-21,"30","19  day ahead inc hosp",2022-06-09,"quantile",0.75,34.182539716026
2022-05-21,"30","19  day ahead inc hosp",2022-06-09,"quantile",0.8,36.940192315727
2022-05-21,"30","19  day ahead inc hosp",2022-06-09,"quantile",0.85,40.1545732173628
2022-05-21,"30","19  day ahead inc hosp",2022-06-09,"quantile",0.9,44.1989983715177
2022-05-21,"30","19  day ahead inc hosp",2022-06-09,"quantile",0.95,50.1934457004897
2022-05-21,"30","19  day ahead inc hosp",2022-06-09,"quantile",0.975,55.3927347825927
2022-05-21,"30","19  day ahead inc hosp",2022-06-09,"quantile",0.99,61.4380319639283
2022-05-21,"30","20  day ahead inc hosp",2022-06-10,"quantile",0.01,0
2022-05-21,"30","20  day ahead inc hosp",2022-06-10,"quantile",0.025,0
2022-05-21,"30","20  day ahead inc hosp",2022-06-10,"quantile",0.05,0
2022-05-21,"30","20  day ahead inc hosp",2022-06-10,"quantile",0.1,1.24675414752105
2022-05-21,"30","20  day ahead inc hosp",2022-06-10,"quantile",0.15,5.37143218680053
2022-05-21,"30","20  day ahead inc hosp",2022-06-10,"quantile",0.2,8.64959553746513
2022-05-21,"30","20  day ahead inc hosp",2022-06-10,"quantile",0.25,11.4619677991359
2022-05-21,"30","20  day ahead inc hosp",2022-06-10,"quantile",0.3,13.987565010135
2022-05-21,"30","20  day ahead inc hosp",2022-06-10,"quantile",0.35,16.327907215352
2022-05-21,"30","20  day ahead inc hosp",2022-06-10,"quantile",0.4,18.5486631055398
2022-05-21,"30","20  day ahead inc hosp",2022-06-10,"quantile",0.45,20.697270129895
2022-05-21,"30","20  day ahead inc hosp",2022-06-10,"quantile",0.5,22.8118118016311
2022-05-21,"30","20  day ahead inc hosp",2022-06-10,"quantile",0.55,24.9263534733673
2022-05-21,"30","20  day ahead inc hosp",2022-06-10,"quantile",0.6,27.0749604977225
2022-05-21,"30","20  day ahead inc hosp",2022-06-10,"quantile",0.65,29.2957163879102
2022-05-21,"30","20  day ahead inc hosp",2022-06-10,"quantile",0.7,31.6360585931273
2022-05-21,"30","20  day ahead inc hosp",2022-06-10,"quantile",0.75,34.1616558041264
2022-05-21,"30","20  day ahead inc hosp",2022-06-10,"quantile",0.8,36.9740280657971
2022-05-21,"30","20  day ahead inc hosp",2022-06-10,"quantile",0.85,40.2521914164617
2022-05-21,"30","20  day ahead inc hosp",2022-06-10,"quantile",0.9,44.3768694557412
2022-05-21,"30","20  day ahead inc hosp",2022-06-10,"quantile",0.95,50.4902636497289
2022-05-21,"30","20  day ahead inc hosp",2022-06-10,"quantile",0.975,55.7927213982139
2022-05-21,"30","20  day ahead inc hosp",2022-06-10,"quantile",0.99,61.9579744500987
2022-05-21,"30","21  day ahead inc hosp",2022-06-11,"quantile",0.01,0
2022-05-21,"30","21  day ahead inc hosp",2022-06-11,"quantile",0.025,0
2022-05-21,"30","21  day ahead inc hosp",2022-06-11,"quantile",0.05,0
2022-05-21,"30","21  day ahead inc hosp",2022-06-11,"quantile",0.1,0.765133082464747
2022-05-21,"30","21  day ahead inc hosp",2022-06-11,"quantile",0.15,4.97913084743277
2022-05-21,"30","21  day ahead inc hosp",2022-06-11,"quantile",0.2,8.3282826845817
2022-05-21,"30","21  day ahead inc hosp",2022-06-11,"quantile",0.25,11.2015567467213
2022-05-21,"30","21  day ahead inc hosp",2022-06-11,"quantile",0.3,13.7818456567908
2022-05-21,"30","21  day ahead inc hosp",2022-06-11,"quantile",0.35,16.172867871889
2022-05-21,"30","21  day ahead inc hosp",2022-06-11,"quantile",0.4,18.4417141354449
2022-05-21,"30","21  day ahead inc hosp",2022-06-11,"quantile",0.45,20.6368491525793
2022-05-21,"30","21  day ahead inc hosp",2022-06-11,"quantile",0.5,22.7971811333475
2022-05-21,"30","21  day ahead inc hosp",2022-06-11,"quantile",0.55,24.9575131141158
2022-05-21,"30","21  day ahead inc hosp",2022-06-11,"quantile",0.6,27.1526481312501
2022-05-21,"30","21  day ahead inc hosp",2022-06-11,"quantile",0.65,29.4214943948061
2022-05-21,"30","21  day ahead inc hosp",2022-06-11,"quantile",0.7,31.8125166099043
2022-05-21,"30","21  day ahead inc hosp",2022-06-11,"quantile",0.75,34.3928055199738
2022-05-21,"30","21  day ahead inc hosp",2022-06-11,"quantile",0.8,37.2660795821134
2022-05-21,"30","21  day ahead inc hosp",2022-06-11,"quantile",0.85,40.6152314192623
2022-05-21,"30","21  day ahead inc hosp",2022-06-11,"quantile",0.9,44.8292291842303
2022-05-21,"30","21  day ahead inc hosp",2022-06-11,"quantile",0.95,51.0750086667746
2022-05-21,"30","21  day ahead inc hosp",2022-06-11,"quantile",0.975,56.4922909099376
2022-05-21,"30","21  day ahead inc hosp",2022-06-11,"quantile",0.99,62.7910522517181
2022-05-21,"30","22  day ahead inc hosp",2022-06-12,"quantile",0.01,0
2022-05-21,"30","22  day ahead inc hosp",2022-06-12,"quantile",0.025,0
2022-05-21,"30","22  day ahead inc hosp",2022-06-12,"quantile",0.05,0
2022-05-21,"30","22  day ahead inc hosp",2022-06-12,"quantile",0.1,3.96496068069613
2022-05-21,"30","22  day ahead inc hosp",2022-06-12,"quantile",0.15,8.32889253838608
2022-05-21,"30","22  day ahead inc hosp",2022-06-12,"quantile",0.2,11.7972072394229
2022-05-21,"30","22  day ahead inc hosp",2022-06-12,"quantile",0.25,14.7727124283158
2022-05-21,"30","22  day ahead inc hosp",2022-06-12,"quantile",0.3,17.4448080497954
2022-05-21,"30","22  day ahead inc hosp",2022-06-12,"quantile",0.35,19.9209028649503
2022-05-21,"30","22  day ahead inc hosp",2022-06-12,"quantile",0.4,22.2704747066923
2022-05-21,"30","22  day ahead inc hosp",2022-06-12,"quantile",0.45,24.5437126549512
2022-05-21,"30","22  day ahead inc hosp",2022-06-12,"quantile",0.5,26.7809092743786
2022-05-21,"30","22  day ahead inc hosp",2022-06-12,"quantile",0.55,29.018105893806
2022-05-21,"30","22  day ahead inc hosp",2022-06-12,"quantile",0.6,31.2913438420648
2022-05-21,"30","22  day ahead inc hosp",2022-06-12,"quantile",0.65,33.6409156838069
2022-05-21,"30","22  day ahead inc hosp",2022-06-12,"quantile",0.7,36.1170104989617
2022-05-21,"30","22  day ahead inc hosp",2022-06-12,"quantile",0.75,38.7891061204414
2022-05-21,"30","22  day ahead inc hosp",2022-06-12,"quantile",0.8,41.7646113093342
2022-05-21,"30","22  day ahead inc hosp",2022-06-12,"quantile",0.85,45.2329260103711
2022-05-21,"30","22  day ahead inc hosp",2022-06-12,"quantile",0.9,49.596857868061
2022-05-21,"30","22  day ahead inc hosp",2022-06-12,"quantile",0.95,56.0648622620282
2022-05-21,"30","22  day ahead inc hosp",2022-06-12,"quantile",0.975,61.6748914745654
2022-05-21,"30","22  day ahead inc hosp",2022-06-12,"quantile",0.99,68.1977628229774
2022-05-21,"30","23  day ahead inc hosp",2022-06-13,"quantile",0.01,0
2022-05-21,"30","23  day ahead inc hosp",2022-06-13,"quantile",0.025,0
2022-05-21,"30","23  day ahead inc hosp",2022-06-13,"quantile",0.05,0
2022-05-21,"30","23  day ahead inc hosp",2022-06-13,"quantile",0.1,3.41833530165062
2022-05-21,"30","23  day ahead inc hosp",2022-06-13,"quantile",0.15,7.889303639967
2022-05-21,"30","23  day ahead inc hosp",2022-06-13,"quantile",0.2,11.4426875426803
2022-05-21,"30","23  day ahead inc hosp",2022-06-13,"quantile",0.25,14.4911745319061
2022-05-21,"30","23  day ahead inc hosp",2022-06-13,"quantile",0.3,17.2288100656822
2022-05-21,"30","23  day ahead inc hosp",2022-06-13,"quantile",0.35,19.7656373769791
2022-05-21,"30","23  day ahead inc hosp",2022-06-13,"quantile",0.4,22.1728384185163
2022-05-21,"30","23  day ahead inc hosp",2022-06-13,"quantile",0.45,24.5018332845142
2022-05-21,"30","23  day ahead inc hosp",2022-06-13,"quantile",0.5,26.793902816815
2022-05-21,"30","23  day ahead inc hosp",2022-06-13,"quantile",0.55,29.0859723491159
2022-05-21,"30","23  day ahead inc hosp",2022-06-13,"quantile",0.6,31.4149672151138
2022-05-21,"30","23  day ahead inc hosp",2022-06-13,"quantile",0.65,33.822168256651
2022-05-21,"30","23  day ahead inc hosp",2022-06-13,"quantile",0.7,36.3589955679479
2022-05-21,"30","23  day ahead inc hosp",2022-06-13,"quantile",0.75,39.096631101724
2022-05-21,"30","23  day ahead inc hosp",2022-06-13,"quantile",0.8,42.1451180909498
2022-05-21,"30","23  day ahead inc hosp",2022-06-13,"quantile",0.85,45.6985019936631
2022-05-21,"30","23  day ahead inc hosp",2022-06-13,"quantile",0.9,50.1694703319795
2022-05-21,"30","23  day ahead inc hosp",2022-06-13,"quantile",0.95,56.7961189141657
2022-05-21,"30","23  day ahead inc hosp",2022-06-13,"quantile",0.975,62.543748300744
2022-05-21,"30","23  day ahead inc hosp",2022-06-13,"quantile",0.99,69.2266095883853
2022-05-21,"30","24  day ahead inc hosp",2022-06-14,"quantile",0.01,0
2022-05-21,"30","24  day ahead inc hosp",2022-06-14,"quantile",0.025,0
2022-05-21,"30","24  day ahead inc hosp",2022-06-14,"quantile",0.05,0
2022-05-21,"30","24  day ahead inc hosp",2022-06-14,"quantile",0.1,2.87120382256556
2022-05-21,"30","24  day ahead inc hosp",2022-06-14,"quantile",0.15,7.43072438165906
2022-05-21,"30","24  day ahead inc hosp",2022-06-14,"quantile",0.2,11.0544867822834
2022-05-21,"30","24  day ahead inc hosp",2022-06-14,"quantile",0.25,14.1633522560968
2022-05-21,"30","24  day ahead inc hosp",2022-06-14,"quantile",0.3,16.9552095351079
2022-05-21,"30","24  day ahead inc hosp",2022-06-14,"quantile",0.35,19.5422813740205
2022-05-21,"30","24  day ahead inc hosp",2022-06-14,"quantile",0.4,21.9971595588419
2022-05-21,"30","24  day ahead inc hosp",2022-06-14,"quantile",0.45,24.3722826127304
2022-05-21,"30","24  day ahead inc hosp",2022-06-14,"quantile",0.5,26.7097489879302
2022-05-21,"30","24  day ahead inc hosp",2022-06-14,"quantile",0.55,29.0472153631301
2022-05-21,"30","24  day ahead inc hosp",2022-06-14,"quantile",0.6,31.4223384170185
2022-05-21,"30","24  day ahead inc hosp",2022-06-14,"quantile",0.65,33.8772166018399
2022-05-21,"30","24  day ahead inc hosp",2022-06-14,"quantile",0.7,36.4642884407525
2022-05-21,"30","24  day ahead inc hosp",2022-06-14,"quantile",0.75,39.2561457197637
2022-05-21,"30","24  day ahead inc hosp",2022-06-14,"quantile",0.8,42.365011193577
2022-05-21,"30","24  day ahead inc hosp",2022-06-14,"quantile",0.85,45.9887735942014
2022-05-21,"30","24  day ahead inc hosp",2022-06-14,"quantile",0.9,50.5482941532949
2022-05-21,"30","24  day ahead inc hosp",2022-06-14,"quantile",0.95,57.3061904661423
2022-05-21,"30","24  day ahead inc hosp",2022-06-14,"quantile",0.975,63.1676576855729
2022-05-21,"30","24  day ahead inc hosp",2022-06-14,"quantile",0.99,69.9828800555092
2022-05-21,"30","25  day ahead inc hosp",2022-06-15,"quantile",0.01,0
2022-05-21,"30","25  day ahead inc hosp",2022-06-15,"quantile",0.025,0
2022-05-21,"30","25  day ahead inc hosp",2022-06-15,"quantile",0.05,0
2022-05-21,"30","25  day ahead inc hosp",2022-06-15,"quantile",0.1,2.47926756994143
2022-05-21,"30","25  day ahead inc hosp",2022-06-15,"quantile",0.15,7.11904071461013
2022-05-21,"30","25  day ahead inc hosp",2022-06-15,"quantile",0.2,10.8065853261909
2022-05-21,"30","25  day ahead inc hosp",2022-06-15,"quantile",0.25,13.9701702577291
2022-05-21,"30","25  day ahead inc hosp",2022-06-15,"quantile",0.3,16.8111673009531
2022-05-21,"30","25  day ahead inc hosp",2022-06-15,"quantile",0.35,19.4437744546978
2022-05-21,"30","25  day ahead inc hosp",2022-06-15,"quantile",0.4,21.9418612003866
2022-05-21,"30","25  day ahead inc hosp",2022-06-15,"quantile",0.45,24.358789036963
2022-05-21,"30","25  day ahead inc hosp",2022-06-15,"quantile",0.5,26.7373973958152
2022-05-21,"30","25  day ahead inc hosp",2022-06-15,"quantile",0.55,29.1160057546674
2022-05-21,"30","25  day ahead inc hosp",2022-06-15,"quantile",0.6,31.5329335912438
2022-05-21,"30","25  day ahead inc hosp",2022-06-15,"quantile",0.65,34.0310203369326
2022-05-21,"30","25  day ahead inc hosp",2022-06-15,"quantile",0.7,36.6636274906773
2022-05-21,"30","25  day ahead inc hosp",2022-06-15,"quantile",0.75,39.5046245339013
2022-05-21,"30","25  day ahead inc hosp",2022-06-15,"quantile",0.8,42.6682094654395
2022-05-21,"30","25  day ahead inc hosp",2022-06-15,"quantile",0.85,46.3557540770203
2022-05-21,"30","25  day ahead inc hosp",2022-06-15,"quantile",0.9,50.995527221689
2022-05-21,"30","25  day ahead inc hosp",2022-06-15,"quantile",0.95,57.8723699555748
2022-05-21,"30","25  day ahead inc hosp",2022-06-15,"quantile",0.975,63.8370054563032
2022-05-21,"30","25  day ahead inc hosp",2022-06-15,"quantile",0.99,70.7721832490452
2022-05-21,"30","26  day ahead inc hosp",2022-06-16,"quantile",0.01,0
2022-05-21,"30","26  day ahead inc hosp",2022-06-16,"quantile",0.025,0
2022-05-21,"30","26  day ahead inc hosp",2022-06-16,"quantile",0.05,0
2022-05-21,"30","26  day ahead inc hosp",2022-06-16,"quantile",0.1,2.11812146794906
2022-05-21,"30","26  day ahead inc hosp",2022-06-16,"quantile",0.15,6.83947650349207
2022-05-21,"30","26  day ahead inc hosp",2022-06-16,"quantile",0.2,10.5918598157412
2022-05-21,"30","26  day ahead inc hosp",2022-06-16,"quantile",0.25,13.8110705791055
2022-05-21,"30","26  day ahead inc hosp",2022-06-16,"quantile",0.3,16.7020213384979
2022-05-21,"30","26  day ahead inc hosp",2022-06-16,"quantile",0.35,19.3809180548645
2022-05-21,"30","26  day ahead inc hosp",2022-06-16,"quantile",0.4,21.9229290688153
2022-05-21,"30","26  day ahead inc hosp",2022-06-16,"quantile",0.45,24.3823541432666
2022-05-21,"30","26  day ahead inc hosp",2022-06-16,"quantile",0.5,26.8027859623429
2022-05-21,"30","26  day ahead inc hosp",2022-06-16,"quantile",0.55,29.2232177814191
2022-05-21,"30","26  day ahead inc hosp",2022-06-16,"quantile",0.6,31.6826428558704
2022-05-21,"30","26  day ahead inc hosp",2022-06-16,"quantile",0.65,34.2246538698212
2022-05-21,"30","26  day ahead inc hosp",2022-06-16,"quantile",0.7,36.9035505861879
2022-05-21,"30","26  day ahead inc hosp",2022-06-16,"quantile",0.75,39.7945013455803
2022-05-21,"30","26  day ahead inc hosp",2022-06-16,"quantile",0.8,43.0137121089445
2022-05-21,"30","26  day ahead inc hosp",2022-06-16,"quantile",0.85,46.7660954211936
2022-05-21,"30","26  day ahead inc hosp",2022-06-16,"quantile",0.9,51.4874504567367
2022-05-21,"30","26  day ahead inc hosp",2022-06-16,"quantile",0.95,58.4852098423602
2022-05-21,"30","26  day ahead inc hosp",2022-06-16,"quantile",0.975,64.5547225056896
2022-05-21,"30","26  day ahead inc hosp",2022-06-16,"quantile",0.99,71.6118426650604
2022-05-21,"30","27  day ahead inc hosp",2022-06-17,"quantile",0.01,0
2022-05-21,"30","27  day ahead inc hosp",2022-06-17,"quantile",0.025,0
2022-05-21,"30","27  day ahead inc hosp",2022-06-17,"quantile",0.05,0
2022-05-21,"30","27  day ahead inc hosp",2022-06-17,"quantile",0.1,1.71368354171452
2022-05-21,"30","27  day ahead inc hosp",2022-06-17,"quantile",0.15,6.52006543580342
2022-05-21,"30","27  day ahead inc hosp",2022-06-17,"quantile",0.2,10.3400253998186
2022-05-21,"30","27  day ahead inc hosp",2022-06-17,"quantile",0.25,13.6172109132589
2022-05-21,"30","27  day ahead inc hosp",2022-06-17,"quantile",0.3,16.5602247900045
2022-05-21,"30","27  day ahead inc hosp",2022-06-17,"quantile",0.35,19.2873657435545
2022-05-21,"30","27  day ahead inc hosp",2022-06-17,"quantile",0.4,21.8751558207781
2022-05-21,"30","27  day ahead inc hosp",2022-06-17,"quantile",0.45,24.3788726687425
2022-05-21,"30","27  day ahead inc hosp",2022-06-17,"quantile",0.5,26.8428940319965
2022-05-21,"30","27  day ahead inc hosp",2022-06-17,"quantile",0.55,29.3069153952505
2022-05-21,"30","27  day ahead inc hosp",2022-06-17,"quantile",0.6,31.810632243215
2022-05-21,"30","27  day ahead inc hosp",2022-06-17,"quantile",0.65,34.3984223204386
2022-05-21,"30","27  day ahead inc hosp",2022-06-17,"quantile",0.7,37.1255632739885
2022-05-21,"30","27  day ahead inc hosp",2022-06-17,"quantile",0.75,40.0685771507342
2022-05-21,"30","27  day ahead inc hosp",2022-06-17,"quantile",0.8,43.3457626641745
2022-05-21,"30","27  day ahead inc hosp",2022-06-17,"quantile",0.85,47.1657226281897
2022-05-21,"30","27  day ahead inc hosp",2022-06-17,"quantile",0.9,51.9721045222786
2022-05-21,"30","27  day ahead inc hosp",2022-06-17,"quantile",0.95,59.0958865206775
2022-05-21,"30","27  day ahead inc hosp",2022-06-17,"quantile",0.975,65.2747050063359
2022-05-21,"30","27  day ahead inc hosp",2022-06-17,"quantile",0.99,72.4589168063512
2022-05-21,"30","28  day ahead inc hosp",2022-06-18,"quantile",0.01,0
2022-05-21,"30","28  day ahead inc hosp",2022-06-18,"quantile",0.025,0
2022-05-21,"30","28  day ahead inc hosp",2022-06-18,"quantile",0.05,0
2022-05-21,"30","28  day ahead inc hosp",2022-06-18,"quantile",0.1,1.20724754585514
2022-05-21,"30","28  day ahead inc hosp",2022-06-18,"quantile",0.15,6.10751559668589
2022-05-21,"30","28  day ahead inc hosp",2022-06-18,"quantile",0.2,10.0020933018277
2022-05-21,"30","28  day ahead inc hosp",2022-06-18,"quantile",0.25,13.3432941930651
2022-05-21,"30","28  day ahead inc hosp",2022-06-18,"quantile",0.3,16.343795857551
2022-05-21,"30","28  day ahead inc hosp",2022-06-18,"quantile",0.35,19.1242078138352
2022-05-21,"30","28  day ahead inc hosp",2022-06-18,"quantile",0.4,21.762546863271
2022-05-21,"30","28  day ahead inc hosp",2022-06-18,"quantile",0.45,24.3151704268492
2022-05-21,"30","28  day ahead inc hosp",2022-06-18,"quantile",0.5,26.827323108218
2022-05-21,"30","28  day ahead inc hosp",2022-06-18,"quantile",0.55,29.3394757895868
2022-05-21,"30","28  day ahead inc hosp",2022-06-18,"quantile",0.6,31.892099353165
2022-05-21,"30","28  day ahead inc hosp",2022-06-18,"quantile",0.65,34.5304384026007
2022-05-21,"30","28  day ahead inc hosp",2022-06-18,"quantile",0.7,37.310850358885
2022-05-21,"30","28  day ahead inc hosp",2022-06-18,"quantile",0.75,40.3113520233709
2022-05-21,"30","28  day ahead inc hosp",2022-06-18,"quantile",0.8,43.6525529146082
2022-05-21,"30","28  day ahead inc hosp",2022-06-18,"quantile",0.85,47.5471306197501
2022-05-21,"30","28  day ahead inc hosp",2022-06-18,"quantile",0.9,52.4473986705808
2022-05-21,"30","28  day ahead inc hosp",2022-06-18,"quantile",0.95,59.7103340962426
2022-05-21,"30","28  day ahead inc hosp",2022-06-18,"quantile",0.975,66.0098474275473
2022-05-21,"30","28  day ahead inc hosp",2022-06-18,"quantile",0.99,73.3343930691061
2022-05-21,"30","29  day ahead inc hosp",2022-06-19,"quantile",0.01,0
2022-05-21,"30","29  day ahead inc hosp",2022-06-19,"quantile",0.025,0
2022-05-21,"30","29  day ahead inc hosp",2022-06-19,"quantile",0.05,0
2022-05-21,"30","29  day ahead inc hosp",2022-06-19,"quantile",0.1,2.235002999829
2022-05-21,"30","29  day ahead inc hosp",2022-06-19,"quantile",0.15,7.23154765646304
2022-05-21,"30","29  day ahead inc hosp",2022-06-19,"quantile",0.2,11.2026429558668
2022-05-21,"30","29  day ahead inc hosp",2022-06-19,"quantile",0.25,14.6094891297251
2022-05-21,"30","29  day ahead inc hosp",2022-06-19,"quantile",0.3,17.6689422868574
2022-05-21,"30","29  day ahead inc hosp",2022-06-19,"quantile",0.35,20.5039815866072
2022-05-21,"30","29  day ahead inc hosp",2022-06-19,"quantile",0.4,23.1941566429722
2022-05-21,"30","29  day ahead inc hosp",2022-06-19,"quantile",0.45,25.7969321431476
2022-05-21,"30","29  day ahead inc hosp",2022-06-19,"quantile",0.5,28.3584416211065
2022-05-21,"30","29  day ahead inc hosp",2022-06-19,"quantile",0.55,30.9199510990654
2022-05-21,"30","29  day ahead inc hosp",2022-06-19,"quantile",0.6,33.5227265992409
2022-05-21,"30","29  day ahead inc hosp",2022-06-19,"quantile",0.65,36.2129016556058
2022-05-21,"30","29  day ahead inc hosp",2022-06-19,"quantile",0.7,39.0479409553557
2022-05-21,"30","29  day ahead inc hosp",2022-06-19,"quantile",0.75,42.1073941124879
2022-05-21,"30","29  day ahead inc hosp",2022-06-19,"quantile",0.8,45.5142402863462
2022-05-21,"30","29  day ahead inc hosp",2022-06-19,"quantile",0.85,49.48533558575
2022-05-21,"30","29  day ahead inc hosp",2022-06-19,"quantile",0.9,54.481880242384
2022-05-21,"30","29  day ahead inc hosp",2022-06-19,"quantile",0.95,61.887512100914
2022-05-21,"30","29  day ahead inc hosp",2022-06-19,"quantile",0.975,68.310793306845
2022-05-21,"30","29  day ahead inc hosp",2022-06-19,"quantile",0.99,75.7792458502519
2022-05-21,"30","30  day ahead inc hosp",2022-06-20,"quantile",0.01,0
2022-05-21,"30","30  day ahead inc hosp",2022-06-20,"quantile",0.025,0
2022-05-21,"30","30  day ahead inc hosp",2022-06-20,"quantile",0.05,0
2022-05-21,"30","30  day ahead inc hosp",2022-06-20,"quantile",0.1,1.73439427021378
2022-05-21,"30","30  day ahead inc hosp",2022-06-20,"quantile",0.15,6.82059364363398
2022-05-21,"30","30  day ahead inc hosp",2022-06-20,"quantile",0.2,10.862943669827
2022-05-21,"30","30  day ahead inc hosp",2022-06-20,"quantile",0.25,14.3309200546294
2022-05-21,"30","30  day ahead inc hosp",2022-06-20,"quantile",0.3,17.4452700304979
2022-05-21,"30","30  day ahead inc hosp",2022-06-20,"quantile",0.35,20.3311794140684
2022-05-21,"30","30  day ahead inc hosp",2022-06-20,"quantile",0.4,23.0696252053829
2022-05-21,"30","30  day ahead inc hosp",2022-06-20,"quantile",0.45,25.7191032002546
2022-05-21,"30","30  day ahead inc hosp",2022-06-20,"quantile",0.5,28.3265747225007
2022-05-21,"30","30  day ahead inc hosp",2022-06-20,"quantile",0.55,30.9340462447469
2022-05-21,"30","30  day ahead inc hosp",2022-06-20,"quantile",0.6,33.5835242396186
2022-05-21,"30","30  day ahead inc hosp",2022-06-20,"quantile",0.65,36.3219700309331
2022-05-21,"30","30  day ahead inc hosp",2022-06-20,"quantile",0.7,39.2078794145036
2022-05-21,"30","30  day ahead inc hosp",2022-06-20,"quantile",0.75,42.3222293903721
2022-05-21,"30","30  day ahead inc hosp",2022-06-20,"quantile",0.8,45.7902057751745
2022-05-21,"30","30  day ahead inc hosp",2022-06-20,"quantile",0.85,49.8325558013675
2022-05-21,"30","30  day ahead inc hosp",2022-06-20,"quantile",0.9,54.9187551747877
2022-05-21,"30","30  day ahead inc hosp",2022-06-20,"quantile",0.95,62.4572688291438
2022-05-21,"30","30  day ahead inc hosp",2022-06-20,"quantile",0.975,68.9958051757631
2022-05-21,"30","30  day ahead inc hosp",2022-06-20,"quantile",0.99,76.59826672812
2022-05-21,"30","31  day ahead inc hosp",2022-06-21,"quantile",0.01,0
2022-05-21,"30","31  day ahead inc hosp",2022-06-21,"quantile",0.025,0
2022-05-21,"30","31  day ahead inc hosp",2022-06-21,"quantile",0.05,0
2022-05-21,"30","31  day ahead inc hosp",2022-06-21,"quantile",0.1,1.30669070602221
2022-05-21,"30","31  day ahead inc hosp",2022-06-21,"quantile",0.15,6.47328777321475
2022-05-21,"30","31  day ahead inc hosp",2022-06-21,"quantile",0.2,10.5795353377593
2022-05-21,"30","31  day ahead inc hosp",2022-06-21,"quantile",0.25,14.1023301209225
2022-05-21,"30","31  day ahead inc hosp",2022-06-21,"quantile",0.3,17.265908712753
2022-05-21,"30","31  day ahead inc hosp",2022-06-21,"quantile",0.35,20.1974357455426
2022-05-21,"30","31  day ahead inc hosp",2022-06-21,"quantile",0.4,22.9791682250063
2022-05-21,"30","31  day ahead inc hosp",2022-06-21,"quantile",0.45,25.6705265916152
2022-05-21,"30","31  day ahead inc hosp",2022-06-21,"quantile",0.5,28.3192144881272
2022-05-21,"30","31  day ahead inc hosp",2022-06-21,"quantile",0.55,30.9679023846393
2022-05-21,"30","31  day ahead inc hosp",2022-06-21,"quantile",0.6,33.6592607512481
2022-05-21,"30","31  day ahead inc hosp",2022-06-21,"quantile",0.65,36.4409932307119
2022-05-21,"30","31  day ahead inc hosp",2022-06-21,"quantile",0.7,39.3725202635015
2022-05-21,"30","31  day ahead inc hosp",2022-06-21,"quantile",0.75,42.5360988553319
2022-05-21,"30","31  day ahead inc hosp",2022-06-21,"quantile",0.8,46.0588936384951
2022-05-21,"30","31  day ahead inc hosp",2022-06-21,"quantile",0.85,50.1651412030397
2022-05-21,"30","31  day ahead inc hosp",2022-06-21,"quantile",0.9,55.3317382702323
2022-05-21,"30","31  day ahead inc hosp",2022-06-21,"quantile",0.95,62.9894134178339
2022-05-21,"30","31  day ahead inc hosp",2022-06-21,"quantile",0.975,69.6313045888162
2022-05-21,"30","31  day ahead inc hosp",2022-06-21,"quantile",0.99,77.3539384606061
2022-05-21,"30","32  day ahead inc hosp",2022-06-22,"quantile",0.01,0
2022-05-21,"30","32  day ahead inc hosp",2022-06-22,"quantile",0.025,0
2022-05-21,"30","32  day ahead inc hosp",2022-06-22,"quantile",0.05,0
2022-05-21,"30","32  day ahead inc hosp",2022-06-22,"quantile",0.1,0.932212909840764
2022-05-21,"30","32  day ahead inc hosp",2022-06-22,"quantile",0.15,6.17420859128537
2022-05-21,"30","32  day ahead inc hosp",2022-06-22,"quantile",0.2,10.3403805842528
2022-05-21,"30","32  day ahead inc hosp",2022-06-22,"quantile",0.25,13.9145851912305
2022-05-21,"30","32  day ahead inc hosp",2022-06-22,"quantile",0.3,17.1243313937338
2022-05-21,"30","32  day ahead inc hosp",2022-06-22,"quantile",0.35,20.0986395981611
2022-05-21,"30","32  day ahead inc hosp",2022-06-22,"quantile",0.4,22.9209672259292
2022-05-21,"30","32  day ahead inc hosp",2022-06-22,"quantile",0.45,25.6516018683264
2022-05-21,"30","32  day ahead inc hosp",2022-06-22,"quantile",0.5,28.3389433301128
2022-05-21,"30","32  day ahead inc hosp",2022-06-22,"quantile",0.55,31.0262847918993
2022-05-21,"30","32  day ahead inc hosp",2022-06-22,"quantile",0.6,33.7569194342964
2022-05-21,"30","32  day ahead inc hosp",2022-06-22,"quantile",0.65,36.5792470620645
2022-05-21,"30","32  day ahead inc hosp",2022-06-22,"quantile",0.7,39.5535552664919
2022-05-21,"30","32  day ahead inc hosp",2022-06-22,"quantile",0.75,42.7633014689952
2022-05-21,"30","32  day ahead inc hosp",2022-06-22,"quantile",0.8,46.3375060759729
2022-05-21,"30","32  day ahead inc hosp",2022-06-22,"quantile",0.85,50.5036780689403
2022-05-21,"30","32  day ahead inc hosp",2022-06-22,"quantile",0.9,55.7456737503849
2022-05-21,"30","32  day ahead inc hosp",2022-06-22,"quantile",0.95,63.5151010023238
2022-05-21,"30","32  day ahead inc hosp",2022-06-22,"quantile",0.975,70.2539204577828
2022-05-21,"30","32  day ahead inc hosp",2022-06-22,"quantile",0.99,78.0892544075421
2022-05-21,"30","33  day ahead inc hosp",2022-06-23,"quantile",0.01,0
2022-05-21,"30","33  day ahead inc hosp",2022-06-23,"quantile",0.025,0
2022-05-21,"30","33  day ahead inc hosp",2022-06-23,"quantile",0.05,0
2022-05-21,"30","33  day ahead inc hosp",2022-06-23,"quantile",0.1,0.565004833115747
2022-05-21,"30","33  day ahead inc hosp",2022-06-23,"quantile",0.15,5.88274781983266
2022-05-21,"30","33  day ahead inc hosp",2022-06-23,"quantile",0.2,10.109121369792
2022-05-21,"30","33  day ahead inc hosp",2022-06-23,"quantile",0.25,13.7349735522206
2022-05-21,"30","33  day ahead inc hosp",2022-06-23,"quantile",0.3,16.9911008737142
2022-05-21,"30","33  day ahead inc hosp",2022-06-23,"quantile",0.35,20.0083880970545
2022-05-21,"30","33  day ahead inc hosp",2022-06-23,"quantile",0.4,22.8714986108436
2022-05-21,"30","33  day ahead inc hosp",2022-06-23,"quantile",0.45,25.6415911674426
2022-05-21,"30","33  day ahead inc hosp",2022-06-23,"quantile",0.5,28.3677649531086
2022-05-21,"30","33  day ahead inc hosp",2022-06-23,"quantile",0.55,31.0939387387745
2022-05-21,"30","33  day ahead inc hosp",2022-06-23,"quantile",0.6,33.8640312953735
2022-05-21,"30","33  day ahead inc hosp",2022-06-23,"quantile",0.65,36.7271418091626
2022-05-21,"30","33  day ahead inc hosp",2022-06-23,"quantile",0.7,39.744429032503
2022-05-21,"30","33  day ahead inc hosp",2022-06-23,"quantile",0.75,43.0005563539966
2022-05-21,"30","33  day ahead inc hosp",2022-06-23,"quantile",0.8,46.6264085364251
2022-05-21,"30","33  day ahead inc hosp",2022-06-23,"quantile",0.85,50.8527820863845
2022-05-21,"30","33  day ahead inc hosp",2022-06-23,"quantile",0.9,56.1705250731014
2022-05-21,"30","33  day ahead inc hosp",2022-06-23,"quantile",0.95,64.0522212419963
2022-05-21,"30","33  day ahead inc hosp",2022-06-23,"quantile",0.975,70.8884172398043
2022-05-21,"30","33  day ahead inc hosp",2022-06-23,"quantile",0.99,78.836972464183
2022-05-21,"30","34  day ahead inc hosp",2022-06-24,"quantile",0.01,0
2022-05-21,"30","34  day ahead inc hosp",2022-06-24,"quantile",0.025,0
2022-05-21,"30","34  day ahead inc hosp",2022-06-24,"quantile",0.05,0
2022-05-21,"30","34  day ahead inc hosp",2022-06-24,"quantile",0.1,0.164113146899897
2022-05-21,"30","34  day ahead inc hosp",2022-06-24,"quantile",0.15,5.56114296820614
2022-05-21,"30","34  day ahead inc hosp",2022-06-24,"quantile",0.2,9.85053118085331
2022-05-21,"30","34  day ahead inc hosp",2022-06-24,"quantile",0.25,13.5304443329361
2022-05-21,"30","34  day ahead inc hosp",2022-06-24,"quantile",0.3,16.8351200760036
2022-05-21,"30","34  day ahead inc hosp",2022-06-24,"quantile",0.35,19.8973946470934
2022-05-21,"30","34  day ahead inc hosp",2022-06-24,"quantile",0.4,22.8031937545743
2022-05-21,"30","34  day ahead inc hosp",2022-06-24,"quantile",0.45,25.6145880196013
2022-05-21,"30","34  day ahead inc hosp",2022-06-24,"quantile",0.5,28.381408690712
2022-05-21,"30","34  day ahead inc hosp",2022-06-24,"quantile",0.55,31.1482293618227
2022-05-21,"30","34  day ahead inc hosp",2022-06-24,"quantile",0.6,33.9596236268497
2022-05-21,"30","34  day ahead inc hosp",2022-06-24,"quantile",0.65,36.8654227343307
2022-05-21,"30","34  day ahead inc hosp",2022-06-24,"quantile",0.7,39.9276973054204
2022-05-21,"30","34  day ahead inc hosp",2022-06-24,"quantile",0.75,43.232373048488
2022-05-21,"30","34  day ahead inc hosp",2022-06-24,"quantile",0.8,46.9122862005707
2022-05-21,"30","34  day ahead inc hosp",2022-06-24,"quantile",0.85,51.2016744132179
2022-05-21,"30","34  day ahead inc hosp",2022-06-24,"quantile",0.9,56.5987042345241
2022-05-21,"30","34  day ahead inc hosp",2022-06-24,"quantile",0.95,64.597915436016
2022-05-21,"30","34  day ahead inc hosp",2022-06-24,"quantile",0.975,71.5360381991175
2022-05-21,"30","34  day ahead inc hosp",2022-06-24,"quantile",0.99,79.6031053156418
2022-05-21,"30","35  day ahead inc hosp",2022-06-25,"quantile",0.01,0
2022-05-21,"30","35  day ahead inc hosp",2022-06-25,"quantile",0.025,0
2022-05-21,"30","35  day ahead inc hosp",2022-06-25,"quantile",0.05,0
2022-05-21,"30","35  day ahead inc hosp",2022-06-25,"quantile",0.1,0
2022-05-21,"30","35  day ahead inc hosp",2022-06-25,"quantile",0.15,5.2047709953287
2022-05-21,"30","35  day ahead inc hosp",2022-06-25,"quantile",0.2,9.55944856528795
2022-05-21,"30","35  day ahead inc hosp",2022-06-25,"quantile",0.25,13.2953741724698
2022-05-21,"30","35  day ahead inc hosp",2022-06-25,"quantile",0.3,16.6503508313541
2022-05-21,"30","35  day ahead inc hosp",2022-06-25,"quantile",0.35,19.7592366972831
2022-05-21,"30","35  day ahead inc hosp",2022-06-25,"quantile",0.4,22.709265365438
2022-05-21,"30","35  day ahead inc hosp",2022-06-25,"quantile",0.45,25.5634522422816
2022-05-21,"30","35  day ahead inc hosp",2022-06-25,"quantile",0.5,28.3723870645157
2022-05-21,"30","35  day ahead inc hosp",2022-06-25,"quantile",0.55,31.1813218867499
2022-05-21,"30","35  day ahead inc hosp",2022-06-25,"quantile",0.6,34.0355087635935
2022-05-21,"30","35  day ahead inc hosp",2022-06-25,"quantile",0.65,36.9855374317484
2022-05-21,"30","35  day ahead inc hosp",2022-06-25,"quantile",0.7,40.0944232976774
2022-05-21,"30","35  day ahead inc hosp",2022-06-25,"quantile",0.75,43.4493999565617
2022-05-21,"30","35  day ahead inc hosp",2022-06-25,"quantile",0.8,47.1853255637436
2022-05-21,"30","35  day ahead inc hosp",2022-06-25,"quantile",0.85,51.5400031337028
2022-05-21,"30","35  day ahead inc hosp",2022-06-25,"quantile",0.9,57.0191818748453
2022-05-21,"30","35  day ahead inc hosp",2022-06-25,"quantile",0.95,65.1401501504134
2022-05-21,"30","35  day ahead inc hosp",2022-06-25,"quantile",0.975,72.1838790171591
2022-05-21,"30","35  day ahead inc hosp",2022-06-25,"quantile",0.99,80.373736051807
2022-05-21,"30","36  day ahead inc hosp",2022-06-26,"quantile",0.01,0
2022-05-21,"30","36  day ahead inc hosp",2022-06-26,"quantile",0.025,0
2022-05-21,"30","36  day ahead inc hosp",2022-06-26,"quantile",0.05,0
2022-05-21,"30","36  day ahead inc hosp",2022-06-26,"quantile",0.1,0.523723120944748
2022-05-21,"30","36  day ahead inc hosp",2022-06-26,"quantile",0.15,6.08434809602277
2022-05-21,"30","36  day ahead inc hosp",2022-06-26,"quantile",0.2,10.5037565508158
2022-05-21,"30","36  day ahead inc hosp",2022-06-26,"quantile",0.25,14.2952154934379
2022-05-21,"30","36  day ahead inc hosp",2022-06-26,"quantile",0.3,17.7000628038773
2022-05-21,"30","36  day ahead inc hosp",2022-06-26,"quantile",0.35,20.8551612606849
2022-05-21,"30","36  day ahead inc hosp",2022-06-26,"quantile",0.4,23.8490411584446
2022-05-21,"30","36  day ahead inc hosp",2022-06-26,"quantile",0.45,26.7456546074168
2022-05-21,"30","36  day ahead inc hosp",2022-06-26,"quantile",0.5,29.5963433445075
2022-05-21,"30","36  day ahead inc hosp",2022-06-26,"quantile",0.55,32.4470320815982
2022-05-21,"30","36  day ahead inc hosp",2022-06-26,"quantile",0.6,35.3436455305705
2022-05-21,"30","36  day ahead inc hosp",2022-06-26,"quantile",0.65,38.3375254283301
2022-05-21,"30","36  day ahead inc hosp",2022-06-26,"quantile",0.7,41.4926238851378
2022-05-21,"30","36  day ahead inc hosp",2022-06-26,"quantile",0.75,44.8974711955772
2022-05-21,"30","36  day ahead inc hosp",2022-06-26,"quantile",0.8,48.6889301381992
2022-05-21,"30","36  day ahead inc hosp",2022-06-26,"quantile",0.85,53.1083385929923
2022-05-21,"30","36  day ahead inc hosp",2022-06-26,"quantile",0.9,58.6689635680703
2022-05-21,"30","36  day ahead inc hosp",2022-06-26,"quantile",0.95,66.9106474313575
2022-05-21,"30","36  day ahead inc hosp",2022-06-26,"quantile",0.975,74.0590790676537
2022-05-21,"30","36  day ahead inc hosp",2022-06-26,"quantile",0.99,82.3706756993208
2022-05-21,"30","37  day ahead inc hosp",2022-06-27,"quantile",0.01,0
2022-05-21,"30","37  day ahead inc hosp",2022-06-27,"quantile",0.025,0
2022-05-21,"30","37  day ahead inc hosp",2022-06-27,"quantile",0.05,0
2022-05-21,"30","37  day ahead inc hosp",2022-06-27,"quantile",0.1,0.103579777708315
2022-05-21,"30","37  day ahead inc hosp",2022-06-27,"quantile",0.15,5.74169438501113
2022-05-21,"30","37  day ahead inc hosp",2022-06-27,"quantile",0.2,10.2226891430251
2022-05-21,"30","37  day ahead inc hosp",2022-06-27,"quantile",0.25,14.0669836500623
2022-05-21,"30","37  day ahead inc hosp",2022-06-27,"quantile",0.3,17.5192789302983
2022-05-21,"30","37  day ahead inc hosp",2022-06-27,"quantile",0.35,20.7183450022835
2022-05-21,"30","37  day ahead inc hosp",2022-06-27,"quantile",0.4,23.7539458672442
2022-05-21,"30","37  day ahead inc hosp",2022-06-27,"quantile",0.45,26.6909248348163
2022-05-21,"30","37  day ahead inc hosp",2022-06-27,"quantile",0.5,29.5813391104597
2022-05-21,"30","37  day ahead inc hosp",2022-06-27,"quantile",0.55,32.4717533861031
2022-05-21,"30","37  day ahead inc hosp",2022-06-27,"quantile",0.6,35.4087323536752
2022-05-21,"30","37  day ahead inc hosp",2022-06-27,"quantile",0.65,38.4443332186359
2022-05-21,"30","37  day ahead inc hosp",2022-06-27,"quantile",0.7,41.6433992906211
2022-05-21,"30","37  day ahead inc hosp",2022-06-27,"quantile",0.75,45.0956945708571
2022-05-21,"30","37  day ahead inc hosp",2022-06-27,"quantile",0.8,48.9399890778943
2022-05-21,"30","37  day ahead inc hosp",2022-06-27,"quantile",0.85,53.4209838359082
2022-05-21,"30","37  day ahead inc hosp",2022-06-27,"quantile",0.9,59.0590984432111
2022-05-21,"30","37  day ahead inc hosp",2022-06-27,"quantile",0.95,67.4156336144612
2022-05-21,"30","37  day ahead inc hosp",2022-06-27,"quantile",0.975,74.6636816321828
2022-05-21,"30","37  day ahead inc hosp",2022-06-27,"quantile",0.99,83.0911038354493
2022-05-21,"31","1  day ahead inc hosp",2022-05-22,"quantile",0.01,0
2022-05-21,"31","1  day ahead inc hosp",2022-05-22,"quantile",0.025,0
2022-05-21,"31","1  day ahead inc hosp",2022-05-22,"quantile",0.05,0
2022-05-21,"31","1  day ahead inc hosp",2022-05-22,"quantile",0.1,1.39340603458694
2022-05-21,"31","1  day ahead inc hosp",2022-05-22,"quantile",0.15,3.51852644721602
2022-05-21,"31","1  day ahead inc hosp",2022-05-22,"quantile",0.2,5.20750478348558
2022-05-21,"31","1  day ahead inc hosp",2022-05-22,"quantile",0.25,6.65649780652219
2022-05-21,"31","1  day ahead inc hosp",2022-05-22,"quantile",0.3,7.9577383242211
2022-05-21,"31","1  day ahead inc hosp",2022-05-22,"quantile",0.35,9.16353158747247
2022-05-21,"31","1  day ahead inc hosp",2022-05-22,"quantile",0.4,10.3077114795177
2022-05-21,"31","1  day ahead inc hosp",2022-05-22,"quantile",0.45,11.4147187665575
2022-05-21,"31","1  day ahead inc hosp",2022-05-22,"quantile",0.5,12.504174871293
2022-05-21,"31","1  day ahead inc hosp",2022-05-22,"quantile",0.55,13.5936309760285
2022-05-21,"31","1  day ahead inc hosp",2022-05-22,"quantile",0.6,14.7006382630683
2022-05-21,"31","1  day ahead inc hosp",2022-05-22,"quantile",0.65,15.8448181551135
2022-05-21,"31","1  day ahead inc hosp",2022-05-22,"quantile",0.7,17.0506114183649
2022-05-21,"31","1  day ahead inc hosp",2022-05-22,"quantile",0.75,18.3518519360638
2022-05-21,"31","1  day ahead inc hosp",2022-05-22,"quantile",0.8,19.8008449591004
2022-05-21,"31","1  day ahead inc hosp",2022-05-22,"quantile",0.85,21.48982329537
2022-05-21,"31","1  day ahead inc hosp",2022-05-22,"quantile",0.9,23.614943707999
2022-05-21,"31","1  day ahead inc hosp",2022-05-22,"quantile",0.95,26.7646922867659
2022-05-21,"31","1  day ahead inc hosp",2022-05-22,"quantile",0.975,29.4966294443087
2022-05-21,"31","1  day ahead inc hosp",2022-05-22,"quantile",0.99,32.673096791533
2022-05-21,"31","2  day ahead inc hosp",2022-05-23,"quantile",0.01,0
2022-05-21,"31","2  day ahead inc hosp",2022-05-23,"quantile",0.025,0
2022-05-21,"31","2  day ahead inc hosp",2022-05-23,"quantile",0.05,0
2022-05-21,"31","2  day ahead inc hosp",2022-05-23,"quantile",0.1,1.33754555142116
2022-05-21,"31","2  day ahead inc hosp",2022-05-23,"quantile",0.15,3.70996013301633
2022-05-21,"31","2  day ahead inc hosp",2022-05-23,"quantile",0.2,5.59548003539545
2022-05-21,"31","2  day ahead inc hosp",2022-05-23,"quantile",0.25,7.21308822176118
2022-05-21,"31","2  day ahead inc hosp",2022-05-23,"quantile",0.3,8.66575036740034
2022-05-21,"31","2  day ahead inc hosp",2022-05-23,"quantile",0.35,10.011858335272
2022-05-21,"31","2  day ahead inc hosp",2022-05-23,"quantile",0.4,11.2891831605971
2022-05-21,"31","2  day ahead inc hosp",2022-05-23,"quantile",0.45,12.5250097114588
2022-05-21,"31","2  day ahead inc hosp",2022-05-23,"quantile",0.5,13.7412426992568
2022-05-21,"31","2  day ahead inc hosp",2022-05-23,"quantile",0.55,14.9574756870548
2022-05-21,"31","2  day ahead inc hosp",2022-05-23,"quantile",0.6,16.1933022379165
2022-05-21,"31","2  day ahead inc hosp",2022-05-23,"quantile",0.65,17.4706270632416
2022-05-21,"31","2  day ahead inc hosp",2022-05-23,"quantile",0.7,18.8167350311133
2022-05-21,"31","2  day ahead inc hosp",2022-05-23,"quantile",0.75,20.2693971767524
2022-05-21,"31","2  day ahead inc hosp",2022-05-23,"quantile",0.8,21.8870053631182
2022-05-21,"31","2  day ahead inc hosp",2022-05-23,"quantile",0.85,23.7725252654973
2022-05-21,"31","2  day ahead inc hosp",2022-05-23,"quantile",0.9,26.1449398470924
2022-05-21,"31","2  day ahead inc hosp",2022-05-23,"quantile",0.95,29.6612156365573
2022-05-21,"31","2  day ahead inc hosp",2022-05-23,"quantile",0.975,32.7110604877194
2022-05-21,"31","2  day ahead inc hosp",2022-05-23,"quantile",0.99,36.2571642321151
2022-05-21,"31","3  day ahead inc hosp",2022-05-24,"quantile",0.01,0
2022-05-21,"31","3  day ahead inc hosp",2022-05-24,"quantile",0.025,0
2022-05-21,"31","3  day ahead inc hosp",2022-05-24,"quantile",0.05,0
2022-05-21,"31","3  day ahead inc hosp",2022-05-24,"quantile",0.1,1.95756296484878
2022-05-21,"31","3  day ahead inc hosp",2022-05-24,"quantile",0.15,4.42713450327704
2022-05-21,"31","3  day ahead inc hosp",2022-05-24,"quantile",0.2,6.38987167500891
2022-05-21,"31","3  day ahead inc hosp",2022-05-24,"quantile",0.25,8.07372540292325
2022-05-21,"31","3  day ahead inc hosp",2022-05-24,"quantile",0.3,9.58587809227759
2022-05-21,"31","3  day ahead inc hosp",2022-05-24,"quantile",0.35,10.9871129147647
2022-05-21,"31","3  day ahead inc hosp",2022-05-24,"quantile",0.4,12.316747734253
2022-05-21,"31","3  day ahead inc hosp",2022-05-24,"quantile",0.45,13.6031848098463
2022-05-21,"31","3  day ahead inc hosp",2022-05-24,"quantile",0.5,14.869225911627
2022-05-21,"31","3  day ahead inc hosp",2022-05-24,"quantile",0.55,16.1352670134078
2022-05-21,"31","3  day ahead inc hosp",2022-05-24,"quantile",0.6,17.4217040890011
2022-05-21,"31","3  day ahead inc hosp",2022-05-24,"quantile",0.65,18.7513389084893
2022-05-21,"31","3  day ahead inc hosp",2022-05-24,"quantile",0.7,20.1525737309765
2022-05-21,"31","3  day ahead inc hosp",2022-05-24,"quantile",0.75,21.6647264203308
2022-05-21,"31","3  day ahead inc hosp",2022-05-24,"quantile",0.8,23.3485801482452
2022-05-21,"31","3  day ahead inc hosp",2022-05-24,"quantile",0.85,25.311317319977
2022-05-21,"31","3  day ahead inc hosp",2022-05-24,"quantile",0.9,27.7808888584053
2022-05-21,"31","3  day ahead inc hosp",2022-05-24,"quantile",0.95,31.4411658935801
2022-05-21,"31","3  day ahead inc hosp",2022-05-24,"quantile",0.975,34.615910349917
2022-05-21,"31","3  day ahead inc hosp",2022-05-24,"quantile",0.99,38.3072368775027
2022-05-21,"31","4  day ahead inc hosp",2022-05-25,"quantile",0.01,0
2022-05-21,"31","4  day ahead inc hosp",2022-05-25,"quantile",0.025,0
2022-05-21,"31","4  day ahead inc hosp",2022-05-25,"quantile",0.05,0
2022-05-21,"31","4  day ahead inc hosp",2022-05-25,"quantile",0.1,1.06234795721168
2022-05-21,"31","4  day ahead inc hosp",2022-05-25,"quantile",0.15,3.60910379930725
2022-05-21,"31","4  day ahead inc hosp",2022-05-25,"quantile",0.2,5.63318460880167
2022-05-21,"31","4  day ahead inc hosp",2022-05-25,"quantile",0.25,7.3696657157752
2022-05-21,"31","4  day ahead inc hosp",2022-05-25,"quantile",0.3,8.92907941804224
2022-05-21,"31","4  day ahead inc hosp",2022-05-25,"quantile",0.35,10.3741086122919
2022-05-21,"31","4  day ahead inc hosp",2022-05-25,"quantile",0.4,11.7453000079218
2022-05-21,"31","4  day ahead inc hosp",2022-05-25,"quantile",0.45,13.0719435518625
2022-05-21,"31","4  day ahead inc hosp",2022-05-25,"quantile",0.5,14.3775536636252
2022-05-21,"31","4  day ahead inc hosp",2022-05-25,"quantile",0.55,15.6831637753878
2022-05-21,"31","4  day ahead inc hosp",2022-05-25,"quantile",0.6,17.0098073193285
2022-05-21,"31","4  day ahead inc hosp",2022-05-25,"quantile",0.65,18.3809987149585
2022-05-21,"31","4  day ahead inc hosp",2022-05-25,"quantile",0.7,19.8260279092081
2022-05-21,"31","4  day ahead inc hosp",2022-05-25,"quantile",0.75,21.3854416114752
2022-05-21,"31","4  day ahead inc hosp",2022-05-25,"quantile",0.8,23.1219227184487
2022-05-21,"31","4  day ahead inc hosp",2022-05-25,"quantile",0.85,25.1460035279431
2022-05-21,"31","4  day ahead inc hosp",2022-05-25,"quantile",0.9,27.6927593700387
2022-05-21,"31","4  day ahead inc hosp",2022-05-25,"quantile",0.95,31.4674351702597
2022-05-21,"31","4  day ahead inc hosp",2022-05-25,"quantile",0.975,34.7414034945311
2022-05-21,"31","4  day ahead inc hosp",2022-05-25,"quantile",0.99,38.5480992119568
2022-05-21,"31","5  day ahead inc hosp",2022-05-26,"quantile",0.01,0
2022-05-21,"31","5  day ahead inc hosp",2022-05-26,"quantile",0.025,0
2022-05-21,"31","5  day ahead inc hosp",2022-05-26,"quantile",0.05,0
2022-05-21,"31","5  day ahead inc hosp",2022-05-26,"quantile",0.1,0.475582818392258
2022-05-21,"31","5  day ahead inc hosp",2022-05-26,"quantile",0.15,3.11158873691975
2022-05-21,"31","5  day ahead inc hosp",2022-05-26,"quantile",0.2,5.20660267787727
2022-05-21,"31","5  day ahead inc hosp",2022-05-26,"quantile",0.25,7.00393809564035
2022-05-21,"31","5  day ahead inc hosp",2022-05-26,"quantile",0.3,8.61800084977794
2022-05-21,"31","5  day ahead inc hosp",2022-05-26,"quantile",0.35,10.1136705349225
2022-05-21,"31","5  day ahead inc hosp",2022-05-26,"quantile",0.4,11.5329148042673
2022-05-21,"31","5  day ahead inc hosp",2022-05-26,"quantile",0.45,12.9060500596385
2022-05-21,"31","5  day ahead inc hosp",2022-05-26,"quantile",0.5,14.2574147743116
2022-05-21,"31","5  day ahead inc hosp",2022-05-26,"quantile",0.55,15.6087794889848
2022-05-21,"31","5  day ahead inc hosp",2022-05-26,"quantile",0.6,16.981914744356
2022-05-21,"31","5  day ahead inc hosp",2022-05-26,"quantile",0.65,18.4011590137008
2022-05-21,"31","5  day ahead inc hosp",2022-05-26,"quantile",0.7,19.8968286988453
2022-05-21,"31","5  day ahead inc hosp",2022-05-26,"quantile",0.75,21.5108914529829
2022-05-21,"31","5  day ahead inc hosp",2022-05-26,"quantile",0.8,23.308226870746
2022-05-21,"31","5  day ahead inc hosp",2022-05-26,"quantile",0.85,25.4032408117035
2022-05-21,"31","5  day ahead inc hosp",2022-05-26,"quantile",0.9,28.039246730231
2022-05-21,"31","5  day ahead inc hosp",2022-05-26,"quantile",0.95,31.9462045883184
2022-05-21,"31","5  day ahead inc hosp",2022-05-26,"quantile",0.975,35.3349078700392
2022-05-21,"31","5  day ahead inc hosp",2022-05-26,"quantile",0.99,39.2750077709825
2022-05-21,"31","6  day ahead inc hosp",2022-05-27,"quantile",0.01,0
2022-05-21,"31","6  day ahead inc hosp",2022-05-27,"quantile",0.025,0
2022-05-21,"31","6  day ahead inc hosp",2022-05-27,"quantile",0.05,0
2022-05-21,"31","6  day ahead inc hosp",2022-05-27,"quantile",0.1,0
2022-05-21,"31","6  day ahead inc hosp",2022-05-27,"quantile",0.15,2.74035697478951
2022-05-21,"31","6  day ahead inc hosp",2022-05-27,"quantile",0.2,4.92445080036861
2022-05-21,"31","6  day ahead inc hosp",2022-05-27,"quantile",0.25,6.79820882731369
2022-05-21,"31","6  day ahead inc hosp",2022-05-27,"quantile",0.3,8.48090144643674
2022-05-21,"31","6  day ahead inc hosp",2022-05-27,"quantile",0.35,10.0401669293848
2022-05-21,"31","6  day ahead inc hosp",2022-05-27,"quantile",0.4,11.5197573917985
2022-05-21,"31","6  day ahead inc hosp",2022-05-27,"quantile",0.45,12.9512782873447
2022-05-21,"31","6  day ahead inc hosp",2022-05-27,"quantile",0.5,14.3601029599262
2022-05-21,"31","6  day ahead inc hosp",2022-05-27,"quantile",0.55,15.7689276325077
2022-05-21,"31","6  day ahead inc hosp",2022-05-27,"quantile",0.6,17.2004485280538
2022-05-21,"31","6  day ahead inc hosp",2022-05-27,"quantile",0.65,18.6800389904675
2022-05-21,"31","6  day ahead inc hosp",2022-05-27,"quantile",0.7,20.2393044734156
2022-05-21,"31","6  day ahead inc hosp",2022-05-27,"quantile",0.75,21.9219970925386
2022-05-21,"31","6  day ahead inc hosp",2022-05-27,"quantile",0.8,23.7957551194837
2022-05-21,"31","6  day ahead inc hosp",2022-05-27,"quantile",0.85,25.9798489450628
2022-05-21,"31","6  day ahead inc hosp",2022-05-27,"quantile",0.9,28.7279376991713
2022-05-21,"31","6  day ahead inc hosp",2022-05-27,"quantile",0.95,32.8010192037012
2022-05-21,"31","6  day ahead inc hosp",2022-05-27,"quantile",0.975,36.3338099740306
2022-05-21,"31","6  day ahead inc hosp",2022-05-27,"quantile",0.99,40.4414427193678
2022-05-21,"31","7  day ahead inc hosp",2022-05-28,"quantile",0.01,0
2022-05-21,"31","7  day ahead inc hosp",2022-05-28,"quantile",0.025,0
2022-05-21,"31","7  day ahead inc hosp",2022-05-28,"quantile",0.05,0
2022-05-21,"31","7  day ahead inc hosp",2022-05-28,"quantile",0.1,0
2022-05-21,"31","7  day ahead inc hosp",2022-05-28,"quantile",0.15,1.87812091107093
2022-05-21,"31","7  day ahead inc hosp",2022-05-28,"quantile",0.2,4.17072632670023
2022-05-21,"31","7  day ahead inc hosp",2022-05-28,"quantile",0.25,6.13757763585319
2022-05-21,"31","7  day ahead inc hosp",2022-05-28,"quantile",0.3,7.90387089956777
2022-05-21,"31","7  day ahead inc hosp",2022-05-28,"quantile",0.35,9.54060483871654
2022-05-21,"31","7  day ahead inc hosp",2022-05-28,"quantile",0.4,11.0937052904078
2022-05-21,"31","7  day ahead inc hosp",2022-05-28,"quantile",0.45,12.5963479513043
2022-05-21,"31","7  day ahead inc hosp",2022-05-28,"quantile",0.5,14.0751667805165
2022-05-21,"31","7  day ahead inc hosp",2022-05-28,"quantile",0.55,15.5539856097287
2022-05-21,"31","7  day ahead inc hosp",2022-05-28,"quantile",0.6,17.0566282706251
2022-05-21,"31","7  day ahead inc hosp",2022-05-28,"quantile",0.65,18.6097287223164
2022-05-21,"31","7  day ahead inc hosp",2022-05-28,"quantile",0.7,20.2464626614652
2022-05-21,"31","7  day ahead inc hosp",2022-05-28,"quantile",0.75,22.0127559251798
2022-05-21,"31","7  day ahead inc hosp",2022-05-28,"quantile",0.8,23.9796072343327
2022-05-21,"31","7  day ahead inc hosp",2022-05-28,"quantile",0.85,26.272212649962
2022-05-21,"31","7  day ahead inc hosp",2022-05-28,"quantile",0.9,29.1568337621657
2022-05-21,"31","7  day ahead inc hosp",2022-05-28,"quantile",0.95,33.4322767885699
2022-05-21,"31","7  day ahead inc hosp",2022-05-28,"quantile",0.975,37.1405860001465
2022-05-21,"31","7  day ahead inc hosp",2022-05-28,"quantile",0.99,41.4522968648935
2022-05-21,"31","8  day ahead inc hosp",2022-05-29,"quantile",0.01,0
2022-05-21,"31","8  day ahead inc hosp",2022-05-29,"quantile",0.025,0
2022-05-21,"31","8  day ahead inc hosp",2022-05-29,"quantile",0.05,0
2022-05-21,"31","8  day ahead inc hosp",2022-05-29,"quantile",0.1,0
2022-05-21,"31","8  day ahead inc hosp",2022-05-29,"quantile",0.15,3.03329265017765
2022-05-21,"31","8  day ahead inc hosp",2022-05-29,"quantile",0.2,5.4512460078117
2022-05-21,"31","8  day ahead inc hosp",2022-05-29,"quantile",0.25,7.52563469001236
2022-05-21,"31","8  day ahead inc hosp",2022-05-29,"quantile",0.3,9.388499838306
2022-05-21,"31","8  day ahead inc hosp",2022-05-29,"quantile",0.35,11.1147220206051
2022-05-21,"31","8  day ahead inc hosp",2022-05-29,"quantile",0.4,12.7527380639717
2022-05-21,"31","8  day ahead inc hosp",2022-05-29,"quantile",0.45,14.3375375425341
2022-05-21,"31","8  day ahead inc hosp",2022-05-29,"quantile",0.5,15.8972106241074
2022-05-21,"31","8  day ahead inc hosp",2022-05-29,"quantile",0.55,17.4568837056807
2022-05-21,"31","8  day ahead inc hosp",2022-05-29,"quantile",0.6,19.0416831842431
2022-05-21,"31","8  day ahead inc hosp",2022-05-29,"quantile",0.65,20.6796992276097
2022-05-21,"31","8  day ahead inc hosp",2022-05-29,"quantile",0.7,22.4059214099088
2022-05-21,"31","8  day ahead inc hosp",2022-05-29,"quantile",0.75,24.2687865582025
2022-05-21,"31","8  day ahead inc hosp",2022-05-29,"quantile",0.8,26.3431752404031
2022-05-21,"31","8  day ahead inc hosp",2022-05-29,"quantile",0.85,28.7611285980372
2022-05-21,"31","8  day ahead inc hosp",2022-05-29,"quantile",0.9,31.8034660435502
2022-05-21,"31","8  day ahead inc hosp",2022-05-29,"quantile",0.95,36.3126684342414
2022-05-21,"31","8  day ahead inc hosp",2022-05-29,"quantile",0.975,40.2237290328728
2022-05-21,"31","8  day ahead inc hosp",2022-05-29,"quantile",0.99,44.7711822018695
2022-05-21,"31","9  day ahead inc hosp",2022-05-30,"quantile",0.01,0
2022-05-21,"31","9  day ahead inc hosp",2022-05-30,"quantile",0.025,0
2022-05-21,"31","9  day ahead inc hosp",2022-05-30,"quantile",0.05,0
2022-05-21,"31","9  day ahead inc hosp",2022-05-30,"quantile",0.1,0
2022-05-21,"31","9  day ahead inc hosp",2022-05-30,"quantile",0.15,2.55554458188143
2022-05-21,"31","9  day ahead inc hosp",2022-05-30,"quantile",0.2,5.11152969614599
2022-05-21,"31","9  day ahead inc hosp",2022-05-30,"quantile",0.25,7.30433733495495
2022-05-21,"31","9  day ahead inc hosp",2022-05-30,"quantile",0.3,9.27354636617456
2022-05-21,"31","9  day ahead inc hosp",2022-05-30,"quantile",0.35,11.0983120044113
2022-05-21,"31","9  day ahead inc hosp",2022-05-30,"quantile",0.4,12.8298361508772
2022-05-21,"31","9  day ahead inc hosp",2022-05-30,"quantile",0.45,14.5051058013486
2022-05-21,"31","9  day ahead inc hosp",2022-05-30,"quantile",0.5,16.1538146844352
2022-05-21,"31","9  day ahead inc hosp",2022-05-30,"quantile",0.55,17.8025235675218
2022-05-21,"31","9  day ahead inc hosp",2022-05-30,"quantile",0.6,19.4777932179933
2022-05-21,"31","9  day ahead inc hosp",2022-05-30,"quantile",0.65,21.2093173644591
2022-05-21,"31","9  day ahead inc hosp",2022-05-30,"quantile",0.7,23.0340830026959
2022-05-21,"31","9  day ahead inc hosp",2022-05-30,"quantile",0.75,25.0032920339155
2022-05-21,"31","9  day ahead inc hosp",2022-05-30,"quantile",0.8,27.1960996727245
2022-05-21,"31","9  day ahead inc hosp",2022-05-30,"quantile",0.85,29.752084786989
2022-05-21,"31","9  day ahead inc hosp",2022-05-30,"quantile",0.9,32.968097700865
2022-05-21,"31","9  day ahead inc hosp",2022-05-30,"quantile",0.95,37.73471329807
2022-05-21,"31","9  day ahead inc hosp",2022-05-30,"quantile",0.975,41.8690414642966
2022-05-21,"31","9  day ahead inc hosp",2022-05-30,"quantile",0.99,46.6760914311925
2022-05-21,"31","10  day ahead inc hosp",2022-05-31,"quantile",0.01,0
2022-05-21,"31","10  day ahead inc hosp",2022-05-31,"quantile",0.025,0
2022-05-21,"31","10  day ahead inc hosp",2022-05-31,"quantile",0.05,0
2022-05-21,"31","10  day ahead inc hosp",2022-05-31,"quantile",0.1,0
2022-05-21,"31","10  day ahead inc hosp",2022-05-31,"quantile",0.15,1.79418941351253
2022-05-21,"31","10  day ahead inc hosp",2022-05-31,"quantile",0.2,4.49665040762005
2022-05-21,"31","10  day ahead inc hosp",2022-05-31,"quantile",0.25,6.81512130887464
2022-05-21,"31","10  day ahead inc hosp",2022-05-31,"quantile",0.3,8.89717983355682
2022-05-21,"31","10  day ahead inc hosp",2022-05-31,"quantile",0.35,10.8265173454231
2022-05-21,"31","10  day ahead inc hosp",2022-05-31,"quantile",0.4,12.6572699738577
2022-05-21,"31","10  day ahead inc hosp",2022-05-31,"quantile",0.45,14.4285443289956
2022-05-21,"31","10  day ahead inc hosp",2022-05-31,"quantile",0.5,16.1717357984272
2022-05-21,"31","10  day ahead inc hosp",2022-05-31,"quantile",0.55,17.9149272678589
2022-05-21,"31","10  day ahead inc hosp",2022-05-31,"quantile",0.6,19.6862016229968
2022-05-21,"31","10  day ahead inc hosp",2022-05-31,"quantile",0.65,21.5169542514313
2022-05-21,"31","10  day ahead inc hosp",2022-05-31,"quantile",0.7,23.4462917632976
2022-05-21,"31","10  day ahead inc hosp",2022-05-31,"quantile",0.75,25.5283502879798
2022-05-21,"31","10  day ahead inc hosp",2022-05-31,"quantile",0.8,27.8468211892344
2022-05-21,"31","10  day ahead inc hosp",2022-05-31,"quantile",0.85,30.5492821833419
2022-05-21,"31","10  day ahead inc hosp",2022-05-31,"quantile",0.9,33.9495952007347
2022-05-21,"31","10  day ahead inc hosp",2022-05-31,"quantile",0.95,38.9893713142422
2022-05-21,"31","10  day ahead inc hosp",2022-05-31,"quantile",0.975,43.3606254908465
2022-05-21,"31","10  day ahead inc hosp",2022-05-31,"quantile",0.99,48.4431531471157
2022-05-21,"31","11  day ahead inc hosp",2022-06-01,"quantile",0.01,0
2022-05-21,"31","11  day ahead inc hosp",2022-06-01,"quantile",0.025,0
2022-05-21,"31","11  day ahead inc hosp",2022-06-01,"quantile",0.05,0
2022-05-21,"31","11  day ahead inc hosp",2022-06-01,"quantile",0.1,0
2022-05-21,"31","11  day ahead inc hosp",2022-06-01,"quantile",0.15,1.13405142576121
2022-05-21,"31","11  day ahead inc hosp",2022-06-01,"quantile",0.2,3.98780904073076
2022-05-21,"31","11  day ahead inc hosp",2022-06-01,"quantile",0.25,6.4360789709784
2022-05-21,"31","11  day ahead inc hosp",2022-06-01,"quantile",0.3,8.63470103530398
2022-05-21,"31","11  day ahead inc hosp",2022-06-01,"quantile",0.35,10.67205203809
2022-05-21,"31","11  day ahead inc hosp",2022-06-01,"quantile",0.4,12.6052989067449
2022-05-21,"31","11  day ahead inc hosp",2022-06-01,"quantile",0.45,14.4757376254523
2022-05-21,"31","11  day ahead inc hosp",2022-06-01,"quantile",0.5,16.3165212449337
2022-05-21,"31","11  day ahead inc hosp",2022-06-01,"quantile",0.55,18.157304864415
2022-05-21,"31","11  day ahead inc hosp",2022-06-01,"quantile",0.6,20.0277435831224
2022-05-21,"31","11  day ahead inc hosp",2022-06-01,"quantile",0.65,21.9609904517774
2022-05-21,"31","11  day ahead inc hosp",2022-06-01,"quantile",0.7,23.9983414545634
2022-05-21,"31","11  day ahead inc hosp",2022-06-01,"quantile",0.75,26.1969635188889
2022-05-21,"31","11  day ahead inc hosp",2022-06-01,"quantile",0.8,28.6452334491366
2022-05-21,"31","11  day ahead inc hosp",2022-06-01,"quantile",0.85,31.4989910641061
2022-05-21,"31","11  day ahead inc hosp",2022-06-01,"quantile",0.9,35.0896697779979
2022-05-21,"31","11  day ahead inc hosp",2022-06-01,"quantile",0.95,40.4115965303259
2022-05-21,"31","11  day ahead inc hosp",2022-06-01,"quantile",0.975,45.0275743078596
2022-05-21,"31","11  day ahead inc hosp",2022-06-01,"quantile",0.99,50.3946460376633
2022-05-21,"31","12  day ahead inc hosp",2022-06-02,"quantile",0.01,0
2022-05-21,"31","12  day ahead inc hosp",2022-06-02,"quantile",0.025,0
2022-05-21,"31","12  day ahead inc hosp",2022-06-02,"quantile",0.05,0
2022-05-21,"31","12  day ahead inc hosp",2022-06-02,"quantile",0.1,0
2022-05-21,"31","12  day ahead inc hosp",2022-06-02,"quantile",0.15,0.531845529804341
2022-05-21,"31","12  day ahead inc hosp",2022-06-02,"quantile",0.2,3.53891520365717
2022-05-21,"31","12  day ahead inc hosp",2022-06-02,"quantile",0.25,6.11871322926209
2022-05-21,"31","12  day ahead inc hosp",2022-06-02,"quantile",0.3,8.43545158826519
2022-05-21,"31","12  day ahead inc hosp",2022-06-02,"quantile",0.35,10.5822549409167
2022-05-21,"31","12  day ahead inc hosp",2022-06-02,"quantile",0.4,12.6193613862254
2022-05-21,"31","12  day ahead inc hosp",2022-06-02,"quantile",0.45,14.5902854473024
2022-05-21,"31","12  day ahead inc hosp",2022-06-02,"quantile",0.5,16.5299612520138
2022-05-21,"31","12  day ahead inc hosp",2022-06-02,"quantile",0.55,18.4696370567252
2022-05-21,"31","12  day ahead inc hosp",2022-06-02,"quantile",0.6,20.4405611178022
2022-05-21,"31","12  day ahead inc hosp",2022-06-02,"quantile",0.65,22.4776675631109
2022-05-21,"31","12  day ahead inc hosp",2022-06-02,"quantile",0.7,24.6244709157624
2022-05-21,"31","12  day ahead inc hosp",2022-06-02,"quantile",0.75,26.9412092747655
2022-05-21,"31","12  day ahead inc hosp",2022-06-02,"quantile",0.8,29.5210073003704
2022-05-21,"31","12  day ahead inc hosp",2022-06-02,"quantile",0.85,32.5280769742233
2022-05-21,"31","12  day ahead inc hosp",2022-06-02,"quantile",0.9,36.311657265855
2022-05-21,"31","12  day ahead inc hosp",2022-06-02,"quantile",0.95,41.9194932150067
2022-05-21,"31","12  day ahead inc hosp",2022-06-02,"quantile",0.975,46.7834545820089
2022-05-21,"31","12  day ahead inc hosp",2022-06-02,"quantile",0.99,52.4388608265429
2022-05-21,"31","13  day ahead inc hosp",2022-06-03,"quantile",0.01,0
2022-05-21,"31","13  day ahead inc hosp",2022-06-03,"quantile",0.025,0
2022-05-21,"31","13  day ahead inc hosp",2022-06-03,"quantile",0.05,0
2022-05-21,"31","13  day ahead inc hosp",2022-06-03,"quantile",0.1,0
2022-05-21,"31","13  day ahead inc hosp",2022-06-03,"quantile",0.15,0
2022-05-21,"31","13  day ahead inc hosp",2022-06-03,"quantile",0.2,2.66412137686819
2022-05-21,"31","13  day ahead inc hosp",2022-06-03,"quantile",0.25,5.37543016168599
2022-05-21,"31","13  day ahead inc hosp",2022-06-03,"quantile",0.3,7.81026924697312
2022-05-21,"31","13  day ahead inc hosp",2022-06-03,"quantile",0.35,10.0665105230534
2022-05-21,"31","13  day ahead inc hosp",2022-06-03,"quantile",0.4,12.2074628557382
2022-05-21,"31","13  day ahead inc hosp",2022-06-03,"quantile",0.45,14.2788590146502
2022-05-21,"31","13  day ahead inc hosp",2022-06-03,"quantile",0.5,16.3174139700442
2022-05-21,"31","13  day ahead inc hosp",2022-06-03,"quantile",0.55,18.3559689254382
2022-05-21,"31","13  day ahead inc hosp",2022-06-03,"quantile",0.6,20.4273650843502
2022-05-21,"31","13  day ahead inc hosp",2022-06-03,"quantile",0.65,22.568317417035
2022-05-21,"31","13  day ahead inc hosp",2022-06-03,"quantile",0.7,24.8245586931153
2022-05-21,"31","13  day ahead inc hosp",2022-06-03,"quantile",0.75,27.2593977784024
2022-05-21,"31","13  day ahead inc hosp",2022-06-03,"quantile",0.8,29.9707065632202
2022-05-21,"31","13  day ahead inc hosp",2022-06-03,"quantile",0.85,33.1310680885627
2022-05-21,"31","13  day ahead inc hosp",2022-06-03,"quantile",0.9,37.1075245324191
2022-05-21,"31","13  day ahead inc hosp",2022-06-03,"quantile",0.95,43.0012319939506
2022-05-21,"31","13  day ahead inc hosp",2022-06-03,"quantile",0.975,48.1131442647862
2022-05-21,"31","13  day ahead inc hosp",2022-06-03,"quantile",0.99,54.0568470199363
2022-05-21,"31","14  day ahead inc hosp",2022-06-04,"quantile",0.01,0
2022-05-21,"31","14  day ahead inc hosp",2022-06-04,"quantile",0.025,0
2022-05-21,"31","14  day ahead inc hosp",2022-06-04,"quantile",0.05,0
2022-05-21,"31","14  day ahead inc hosp",2022-06-04,"quantile",0.1,0
2022-05-21,"31","14  day ahead inc hosp",2022-06-04,"quantile",0.15,0
2022-05-21,"31","14  day ahead inc hosp",2022-06-04,"quantile",0.2,2.26150149549435
2022-05-21,"31","14  day ahead inc hosp",2022-06-04,"quantile",0.25,5.10309838019129
2022-05-21,"31","14  day ahead inc hosp",2022-06-04,"quantile",0.3,7.65494020589292
2022-05-21,"31","14  day ahead inc hosp",2022-06-04,"quantile",0.35,10.0196019578613
2022-05-21,"31","14  day ahead inc hosp",2022-06-04,"quantile",0.4,12.2634347197023
2022-05-21,"31","14  day ahead inc hosp",2022-06-04,"quantile",0.45,14.4343688844486
2022-05-21,"31","14  day ahead inc hosp",2022-06-04,"quantile",0.5,16.5708837082002
2022-05-21,"31","14  day ahead inc hosp",2022-06-04,"quantile",0.55,18.7073985319518
2022-05-21,"31","14  day ahead inc hosp",2022-06-04,"quantile",0.6,20.8783326966981
2022-05-21,"31","14  day ahead inc hosp",2022-06-04,"quantile",0.65,23.1221654585391
2022-05-21,"31","14  day ahead inc hosp",2022-06-04,"quantile",0.7,25.4868272105075
2022-05-21,"31","14  day ahead inc hosp",2022-06-04,"quantile",0.75,28.0386690362091
2022-05-21,"31","14  day ahead inc hosp",2022-06-04,"quantile",0.8,30.8802659209061
2022-05-21,"31","14  day ahead inc hosp",2022-06-04,"quantile",0.85,34.1924941389594
2022-05-21,"31","14  day ahead inc hosp",2022-06-04,"quantile",0.9,38.3600335598722
2022-05-21,"31","14  day ahead inc hosp",2022-06-04,"quantile",0.95,44.5369547780611
2022-05-21,"31","14  day ahead inc hosp",2022-06-04,"quantile",0.975,49.8945127460027
2022-05-21,"31","14  day ahead inc hosp",2022-06-04,"quantile",0.99,56.1238317107676
2022-05-21,"31","15  day ahead inc hosp",2022-06-05,"quantile",0.01,0
2022-05-21,"31","15  day ahead inc hosp",2022-06-05,"quantile",0.025,0
2022-05-21,"31","15  day ahead inc hosp",2022-06-05,"quantile",0.05,0
2022-05-21,"31","15  day ahead inc hosp",2022-06-05,"quantile",0.1,0
2022-05-21,"31","15  day ahead inc hosp",2022-06-05,"quantile",0.15,0
2022-05-21,"31","15  day ahead inc hosp",2022-06-05,"quantile",0.2,2.57953809020263
2022-05-21,"31","15  day ahead inc hosp",2022-06-05,"quantile",0.25,5.5494073919591
2022-05-21,"31","15  day ahead inc hosp",2022-06-05,"quantile",0.3,8.21644181260588
2022-05-21,"31","15  day ahead inc hosp",2022-06-05,"quantile",0.35,10.6878466709194
2022-05-21,"31","15  day ahead inc hosp",2022-06-05,"quantile",0.4,13.0329682022508
2022-05-21,"31","15  day ahead inc hosp",2022-06-05,"quantile",0.45,15.3019004236844
2022-05-21,"31","15  day ahead inc hosp",2022-06-05,"quantile",0.5,17.5348595819586
2022-05-21,"31","15  day ahead inc hosp",2022-06-05,"quantile",0.55,19.7678187402329
2022-05-21,"31","15  day ahead inc hosp",2022-06-05,"quantile",0.6,22.0367509616664
2022-05-21,"31","15  day ahead inc hosp",2022-06-05,"quantile",0.65,24.3818724929979
2022-05-21,"31","15  day ahead inc hosp",2022-06-05,"quantile",0.7,26.8532773513114
2022-05-21,"31","15  day ahead inc hosp",2022-06-05,"quantile",0.75,29.5203117719582
2022-05-21,"31","15  day ahead inc hosp",2022-06-05,"quantile",0.8,32.4901810737146
2022-05-21,"31","15  day ahead inc hosp",2022-06-05,"quantile",0.85,35.9519264599738
2022-05-21,"31","15  day ahead inc hosp",2022-06-05,"quantile",0.9,40.3075926196194
2022-05-21,"31","15  day ahead inc hosp",2022-06-05,"quantile",0.95,46.7633460039436
2022-05-21,"31","15  day ahead inc hosp",2022-06-05,"quantile",0.975,52.3627492926573
2022-05-21,"31","15  day ahead inc hosp",2022-06-05,"quantile",0.99,58.8732657082457
2022-05-21,"31","16  day ahead inc hosp",2022-06-06,"quantile",0.01,0
2022-05-21,"31","16  day ahead inc hosp",2022-06-06,"quantile",0.025,0
2022-05-21,"31","16  day ahead inc hosp",2022-06-06,"quantile",0.05,0
2022-05-21,"31","16  day ahead inc hosp",2022-06-06,"quantile",0.1,0
2022-05-21,"31","16  day ahead inc hosp",2022-06-06,"quantile",0.15,0
2022-05-21,"31","16  day ahead inc hosp",2022-06-06,"quantile",0.2,3.57435847411569
2022-05-21,"31","16  day ahead inc hosp",2022-06-06,"quantile",0.25,6.66999222502062
2022-05-21,"31","16  day ahead inc hosp",2022-06-06,"quantile",0.3,9.44996700791644
2022-05-21,"31","16  day ahead inc hosp",2022-06-06,"quantile",0.35,12.0260279433323
2022-05-21,"31","16  day ahead inc hosp",2022-06-06,"quantile",0.4,14.4704578574939
2022-05-21,"31","16  day ahead inc hosp",2022-06-06,"quantile",0.45,16.8354720886021
2022-05-21,"31","16  day ahead inc hosp",2022-06-06,"quantile",0.5,19.1629899125877
2022-05-21,"31","16  day ahead inc hosp",2022-06-06,"quantile",0.55,21.4905077365734
2022-05-21,"31","16  day ahead inc hosp",2022-06-06,"quantile",0.6,23.8555219676816
2022-05-21,"31","16  day ahead inc hosp",2022-06-06,"quantile",0.65,26.2999518818431
2022-05-21,"31","16  day ahead inc hosp",2022-06-06,"quantile",0.7,28.876012817259
2022-05-21,"31","16  day ahead inc hosp",2022-06-06,"quantile",0.75,31.6559876001548
2022-05-21,"31","16  day ahead inc hosp",2022-06-06,"quantile",0.8,34.7516213510598
2022-05-21,"31","16  day ahead inc hosp",2022-06-06,"quantile",0.85,38.3599605626222
2022-05-21,"31","16  day ahead inc hosp",2022-06-06,"quantile",0.9,42.9000752281056
2022-05-21,"31","16  day ahead inc hosp",2022-06-06,"quantile",0.95,49.6292090833272
2022-05-21,"31","16  day ahead inc hosp",2022-06-06,"quantile",0.975,55.465729160227
2022-05-21,"31","16  day ahead inc hosp",2022-06-06,"quantile",0.99,62.2519450856203
2022-05-21,"31","17  day ahead inc hosp",2022-06-07,"quantile",0.01,0
2022-05-21,"31","17  day ahead inc hosp",2022-06-07,"quantile",0.025,0
2022-05-21,"31","17  day ahead inc hosp",2022-06-07,"quantile",0.05,0
2022-05-21,"31","17  day ahead inc hosp",2022-06-07,"quantile",0.1,0
2022-05-21,"31","17  day ahead inc hosp",2022-06-07,"quantile",0.15,0
2022-05-21,"31","17  day ahead inc hosp",2022-06-07,"quantile",0.2,2.16252230501133
2022-05-21,"31","17  day ahead inc hosp",2022-06-07,"quantile",0.25,5.38113323517002
2022-05-21,"31","17  day ahead inc hosp",2022-06-07,"quantile",0.3,8.27154532580522
2022-05-21,"31","17  day ahead inc hosp",2022-06-07,"quantile",0.35,10.9499428852906
2022-05-21,"31","17  day ahead inc hosp",2022-06-07,"quantile",0.4,13.4914802481738
2022-05-21,"31","17  day ahead inc hosp",2022-06-07,"quantile",0.45,15.9504470597356
2022-05-21,"31","17  day ahead inc hosp",2022-06-07,"quantile",0.5,18.3704278815074
2022-05-21,"31","17  day ahead inc hosp",2022-06-07,"quantile",0.55,20.7904087032792
2022-05-21,"31","17  day ahead inc hosp",2022-06-07,"quantile",0.6,23.249375514841
2022-05-21,"31","17  day ahead inc hosp",2022-06-07,"quantile",0.65,25.7909128777242
2022-05-21,"31","17  day ahead inc hosp",2022-06-07,"quantile",0.7,28.4693104372096
2022-05-21,"31","17  day ahead inc hosp",2022-06-07,"quantile",0.75,31.3597225278448
2022-05-21,"31","17  day ahead inc hosp",2022-06-07,"quantile",0.8,34.5783334580035
2022-05-21,"31","17  day ahead inc hosp",2022-06-07,"quantile",0.85,38.3300175913929
2022-05-21,"31","17  day ahead inc hosp",2022-06-07,"quantile",0.9,43.0504929002782
2022-05-21,"31","17  day ahead inc hosp",2022-06-07,"quantile",0.95,50.0469483984733
2022-05-21,"31","17  day ahead inc hosp",2022-06-07,"quantile",0.975,56.1153301339124
2022-05-21,"31","17  day ahead inc hosp",2022-06-07,"quantile",0.99,63.1711353452048
2022-05-21,"31","18  day ahead inc hosp",2022-06-08,"quantile",0.01,0
2022-05-21,"31","18  day ahead inc hosp",2022-06-08,"quantile",0.025,0
2022-05-21,"31","18  day ahead inc hosp",2022-06-08,"quantile",0.05,0
2022-05-21,"31","18  day ahead inc hosp",2022-06-08,"quantile",0.1,0
2022-05-21,"31","18  day ahead inc hosp",2022-06-08,"quantile",0.15,0
2022-05-21,"31","18  day ahead inc hosp",2022-06-08,"quantile",0.2,2.19692560915972
2022-05-21,"31","18  day ahead inc hosp",2022-06-08,"quantile",0.25,5.53559453663656
2022-05-21,"31","18  day ahead inc hosp",2022-06-08,"quantile",0.3,8.53382241941184
2022-05-21,"31","18  day ahead inc hosp",2022-06-08,"quantile",0.35,11.3121273780801
2022-05-21,"31","18  day ahead inc hosp",2022-06-08,"quantile",0.4,13.9484670928219
2022-05-21,"31","18  day ahead inc hosp",2022-06-08,"quantile",0.45,16.4991562769456
2022-05-21,"31","18  day ahead inc hosp",2022-06-08,"quantile",0.5,19.0094052477154
2022-05-21,"31","18  day ahead inc hosp",2022-06-08,"quantile",0.55,21.5196542184852
2022-05-21,"31","18  day ahead inc hosp",2022-06-08,"quantile",0.6,24.0703434026089
2022-05-21,"31","18  day ahead inc hosp",2022-06-08,"quantile",0.65,26.7066831173508
2022-05-21,"31","18  day ahead inc hosp",2022-06-08,"quantile",0.7,29.484988076019
2022-05-21,"31","18  day ahead inc hosp",2022-06-08,"quantile",0.75,32.4832159587943
2022-05-21,"31","18  day ahead inc hosp",2022-06-08,"quantile",0.8,35.8218848862711
2022-05-21,"31","18  day ahead inc hosp",2022-06-08,"quantile",0.85,39.7135112784172
2022-05-21,"31","18  day ahead inc hosp",2022-06-08,"quantile",0.9,44.6100659035889
2022-05-21,"31","18  day ahead inc hosp",2022-06-08,"quantile",0.95,51.8674974730351
2022-05-21,"31","18  day ahead inc hosp",2022-06-08,"quantile",0.975,58.1622370298847
2022-05-21,"31","18  day ahead inc hosp",2022-06-08,"quantile",0.99,65.4812321269745
2022-05-21,"31","19  day ahead inc hosp",2022-06-09,"quantile",0.01,0
2022-05-21,"31","19  day ahead inc hosp",2022-06-09,"quantile",0.025,0
2022-05-21,"31","19  day ahead inc hosp",2022-06-09,"quantile",0.05,0
2022-05-21,"31","19  day ahead inc hosp",2022-06-09,"quantile",0.1,0
2022-05-21,"31","19  day ahead inc hosp",2022-06-09,"quantile",0.15,0
2022-05-21,"31","19  day ahead inc hosp",2022-06-09,"quantile",0.2,0.803759556928114
2022-05-21,"31","19  day ahead inc hosp",2022-06-09,"quantile",0.25,4.2595351902884
2022-05-21,"31","19  day ahead inc hosp",2022-06-09,"quantile",0.3,7.36292851428192
2022-05-21,"31","19  day ahead inc hosp",2022-06-09,"quantile",0.35,10.2386849270226
2022-05-21,"31","19  day ahead inc hosp",2022-06-09,"quantile",0.4,12.9674965418808
2022-05-21,"31","19  day ahead inc hosp",2022-06-09,"quantile",0.45,15.6076533595357
2022-05-21,"31","19  day ahead inc hosp",2022-06-09,"quantile",0.5,18.2059514883082
2022-05-21,"31","19  day ahead inc hosp",2022-06-09,"quantile",0.55,20.8042496170807
2022-05-21,"31","19  day ahead inc hosp",2022-06-09,"quantile",0.6,23.4444064347355
2022-05-21,"31","19  day ahead inc hosp",2022-06-09,"quantile",0.65,26.1732180495937
2022-05-21,"31","19  day ahead inc hosp",2022-06-09,"quantile",0.7,29.0489744623344
2022-05-21,"31","19  day ahead inc hosp",2022-06-09,"quantile",0.75,32.152367786328
2022-05-21,"31","19  day ahead inc hosp",2022-06-09,"quantile",0.8,35.6081434196882
2022-05-21,"31","19  day ahead inc hosp",2022-06-09,"quantile",0.85,39.6362719799776
2022-05-21,"31","19  day ahead inc hosp",2022-06-09,"quantile",0.9,44.7045775019253
2022-05-21,"31","19  day ahead inc hosp",2022-06-09,"quantile",0.95,52.2165697728768
2022-05-21,"31","19  day ahead inc hosp",2022-06-09,"quantile",0.975,58.732102774632
2022-05-21,"31","19  day ahead inc hosp",2022-06-09,"quantile",0.99,66.3078179673095
2022-05-21,"31","20  day ahead inc hosp",2022-06-10,"quantile",0.01,0
2022-05-21,"31","20  day ahead inc hosp",2022-06-10,"quantile",0.025,0
2022-05-21,"31","20  day ahead inc hosp",2022-06-10,"quantile",0.05,0
2022-05-21,"31","20  day ahead inc hosp",2022-06-10,"quantile",0.1,0
2022-05-21,"31","20  day ahead inc hosp",2022-06-10,"quantile",0.15,0
2022-05-21,"31","20  day ahead inc hosp",2022-06-10,"quantile",0.2,0.357269882428859
2022-05-21,"31","20  day ahead inc hosp",2022-06-10,"quantile",0.25,3.92723474609889
2022-05-21,"31","20  day ahead inc hosp",2022-06-10,"quantile",0.3,7.1331735280771
2022-05-21,"31","20  day ahead inc hosp",2022-06-10,"quantile",0.35,10.1039535899689
2022-05-21,"31","20  day ahead inc hosp",2022-06-10,"quantile",0.4,12.9229333554885
2022-05-21,"31","20  day ahead inc hosp",2022-06-10,"quantile",0.45,15.6503289024158
2022-05-21,"31","20  day ahead inc hosp",2022-06-10,"quantile",0.5,18.3344826233673
2022-05-21,"31","20  day ahead inc hosp",2022-06-10,"quantile",0.55,21.0186363443188
2022-05-21,"31","20  day ahead inc hosp",2022-06-10,"quantile",0.6,23.7460318912461
2022-05-21,"31","20  day ahead inc hosp",2022-06-10,"quantile",0.65,26.5650116567657
2022-05-21,"31","20  day ahead inc hosp",2022-06-10,"quantile",0.7,29.5357917186575
2022-05-21,"31","20  day ahead inc hosp",2022-06-10,"quantile",0.75,32.7417305006357
2022-05-21,"31","20  day ahead inc hosp",2022-06-10,"quantile",0.8,36.3116953643057
2022-05-21,"31","20  day ahead inc hosp",2022-06-10,"quantile",0.85,40.4729254186411
2022-05-21,"31","20  day ahead inc hosp",2022-06-10,"quantile",0.9,45.7087030128318
2022-05-21,"31","20  day ahead inc hosp",2022-06-10,"quantile",0.95,53.4689141227705
2022-05-21,"31","20  day ahead inc hosp",2022-06-10,"quantile",0.975,60.199739949484
2022-05-21,"31","20  day ahead inc hosp",2022-06-10,"quantile",0.99,68.0257795783161
2022-05-21,"31","21  day ahead inc hosp",2022-06-11,"quantile",0.01,0
2022-05-21,"31","21  day ahead inc hosp",2022-06-11,"quantile",0.025,0
2022-05-21,"31","21  day ahead inc hosp",2022-06-11,"quantile",0.05,0
2022-05-21,"31","21  day ahead inc hosp",2022-06-11,"quantile",0.1,0
2022-05-21,"31","21  day ahead inc hosp",2022-06-11,"quantile",0.15,0
2022-05-21,"31","21  day ahead inc hosp",2022-06-11,"quantile",0.2,0
2022-05-21,"31","21  day ahead inc hosp",2022-06-11,"quantile",0.25,3.55742211587035
2022-05-21,"31","21  day ahead inc hosp",2022-06-11,"quantile",0.3,6.86335457288911
2022-05-21,"31","21  day ahead inc hosp",2022-06-11,"quantile",0.35,9.92679367674251
2022-05-21,"31","21  day ahead inc hosp",2022-06-11,"quantile",0.4,12.8336978119363
2022-05-21,"31","21  day ahead inc hosp",2022-06-11,"quantile",0.45,15.6461612040637
2022-05-21,"31","21  day ahead inc hosp",2022-06-11,"quantile",0.5,18.4140340516687
2022-05-21,"31","21  day ahead inc hosp",2022-06-11,"quantile",0.55,21.1819068992736
2022-05-21,"31","21  day ahead inc hosp",2022-06-11,"quantile",0.6,23.9943702914011
2022-05-21,"31","21  day ahead inc hosp",2022-06-11,"quantile",0.65,26.9012744265948
2022-05-21,"31","21  day ahead inc hosp",2022-06-11,"quantile",0.7,29.9647135304482
2022-05-21,"31","21  day ahead inc hosp",2022-06-11,"quantile",0.75,33.270645987467
2022-05-21,"31","21  day ahead inc hosp",2022-06-11,"quantile",0.8,36.9519585501295
2022-05-21,"31","21  day ahead inc hosp",2022-06-11,"quantile",0.85,41.2429779467197
2022-05-21,"31","21  day ahead inc hosp",2022-06-11,"quantile",0.9,46.642060169895
2022-05-21,"31","21  day ahead inc hosp",2022-06-11,"quantile",0.95,54.6443133401297
2022-05-21,"31","21  day ahead inc hosp",2022-06-11,"quantile",0.975,61.5850745574547
2022-05-21,"31","21  day ahead inc hosp",2022-06-11,"quantile",0.99,69.6552094472128
2022-05-21,"31","22  day ahead inc hosp",2022-06-12,"quantile",0.01,0
2022-05-21,"31","22  day ahead inc hosp",2022-06-12,"quantile",0.025,0
2022-05-21,"31","22  day ahead inc hosp",2022-06-12,"quantile",0.05,0
2022-05-21,"31","22  day ahead inc hosp",2022-06-12,"quantile",0.1,0
2022-05-21,"31","22  day ahead inc hosp",2022-06-12,"quantile",0.15,0
2022-05-21,"31","22  day ahead inc hosp",2022-06-12,"quantile",0.2,3.06974560986751
2022-05-21,"31","22  day ahead inc hosp",2022-06-12,"quantile",0.25,6.91786739767791
2022-05-21,"31","22  day ahead inc hosp",2022-06-12,"quantile",0.3,10.3735996943353
2022-05-21,"31","22  day ahead inc hosp",2022-06-12,"quantile",0.35,13.5758506742528
2022-05-21,"31","22  day ahead inc hosp",2022-06-12,"quantile",0.4,16.6144737053885
2022-05-21,"31","22  day ahead inc hosp",2022-06-12,"quantile",0.45,19.55437665371
2022-05-21,"31","22  day ahead inc hosp",2022-06-12,"quantile",0.5,22.4476685514928
2022-05-21,"31","22  day ahead inc hosp",2022-06-12,"quantile",0.55,25.3409604492756
2022-05-21,"31","22  day ahead inc hosp",2022-06-12,"quantile",0.6,28.2808633975972
2022-05-21,"31","22  day ahead inc hosp",2022-06-12,"quantile",0.65,31.3194864287328
2022-05-21,"31","22  day ahead inc hosp",2022-06-12,"quantile",0.7,34.5217374086504
2022-05-21,"31","22  day ahead inc hosp",2022-06-12,"quantile",0.75,37.9774697053078
2022-05-21,"31","22  day ahead inc hosp",2022-06-12,"quantile",0.8,41.8255914931182
2022-05-21,"31","22  day ahead inc hosp",2022-06-12,"quantile",0.85,46.3110474143055
2022-05-21,"31","22  day ahead inc hosp",2022-06-12,"quantile",0.9,51.9547751835537
2022-05-21,"31","22  day ahead inc hosp",2022-06-12,"quantile",0.95,60.3196299063713
2022-05-21,"31","22  day ahead inc hosp",2022-06-12,"quantile",0.975,67.5748938943497
2022-05-21,"31","22  day ahead inc hosp",2022-06-12,"quantile",0.99,76.0107062224902
2022-05-21,"31","23  day ahead inc hosp",2022-06-13,"quantile",0.01,0
2022-05-21,"31","23  day ahead inc hosp",2022-06-13,"quantile",0.025,0
2022-05-21,"31","23  day ahead inc hosp",2022-06-13,"quantile",0.05,0
2022-05-21,"31","23  day ahead inc hosp",2022-06-13,"quantile",0.1,0
2022-05-21,"31","23  day ahead inc hosp",2022-06-13,"quantile",0.15,0
2022-05-21,"31","23  day ahead inc hosp",2022-06-13,"quantile",0.2,2.49532960806654
2022-05-21,"31","23  day ahead inc hosp",2022-06-13,"quantile",0.25,6.47421299779013
2022-05-21,"31","23  day ahead inc hosp",2022-06-13,"quantile",0.3,10.0473732543228
2022-05-21,"31","23  day ahead inc hosp",2022-06-13,"quantile",0.35,13.3584387393291
2022-05-21,"31","23  day ahead inc hosp",2022-06-13,"quantile",0.4,16.5003160948004
2022-05-21,"31","23  day ahead inc hosp",2022-06-13,"quantile",0.45,19.5401187968692
2022-05-21,"31","23  day ahead inc hosp",2022-06-13,"quantile",0.5,22.5317265755462
2022-05-21,"31","23  day ahead inc hosp",2022-06-13,"quantile",0.55,25.5233343542231
2022-05-21,"31","23  day ahead inc hosp",2022-06-13,"quantile",0.6,28.563137056292
2022-05-21,"31","23  day ahead inc hosp",2022-06-13,"quantile",0.65,31.7050144117632
2022-05-21,"31","23  day ahead inc hosp",2022-06-13,"quantile",0.7,35.0160798967696
2022-05-21,"31","23  day ahead inc hosp",2022-06-13,"quantile",0.75,38.5892401533022
2022-05-21,"31","23  day ahead inc hosp",2022-06-13,"quantile",0.8,42.5681235430258
2022-05-21,"31","23  day ahead inc hosp",2022-06-13,"quantile",0.85,47.2059980813742
2022-05-21,"31","23  day ahead inc hosp",2022-06-13,"quantile",0.9,53.041503274665
2022-05-21,"31","23  day ahead inc hosp",2022-06-13,"quantile",0.95,61.6906010291849
2022-05-21,"31","23  day ahead inc hosp",2022-06-13,"quantile",0.975,69.1924034568708
2022-05-21,"31","23  day ahead inc hosp",2022-06-13,"quantile",0.99,77.9148700008318
2022-05-21,"31","24  day ahead inc hosp",2022-06-14,"quantile",0.01,0
2022-05-21,"31","24  day ahead inc hosp",2022-06-14,"quantile",0.025,0
2022-05-21,"31","24  day ahead inc hosp",2022-06-14,"quantile",0.05,0
2022-05-21,"31","24  day ahead inc hosp",2022-06-14,"quantile",0.1,0
2022-05-21,"31","24  day ahead inc hosp",2022-06-14,"quantile",0.15,0
2022-05-21,"31","24  day ahead inc hosp",2022-06-14,"quantile",0.2,1.95246801666342
2022-05-21,"31","24  day ahead inc hosp",2022-06-14,"quantile",0.25,6.04903671484703
2022-05-21,"31","24  day ahead inc hosp",2022-06-14,"quantile",0.3,9.72788201559414
2022-05-21,"31","24  day ahead inc hosp",2022-06-14,"quantile",0.35,13.1368804442853
2022-05-21,"31","24  day ahead inc hosp",2022-06-14,"quantile",0.4,16.37168658643
2022-05-21,"31","24  day ahead inc hosp",2022-06-14,"quantile",0.45,19.5013989650616
2022-05-21,"31","24  day ahead inc hosp",2022-06-14,"quantile",0.5,22.5814909363475
2022-05-21,"31","24  day ahead inc hosp",2022-06-14,"quantile",0.55,25.6615829076334
2022-05-21,"31","24  day ahead inc hosp",2022-06-14,"quantile",0.6,28.791295286265
2022-05-21,"31","24  day ahead inc hosp",2022-06-14,"quantile",0.65,32.0261014284097
2022-05-21,"31","24  day ahead inc hosp",2022-06-14,"quantile",0.7,35.4350998571009
2022-05-21,"31","24  day ahead inc hosp",2022-06-14,"quantile",0.75,39.113945157848
2022-05-21,"31","24  day ahead inc hosp",2022-06-14,"quantile",0.8,43.2105138560316
2022-05-21,"31","24  day ahead inc hosp",2022-06-14,"quantile",0.85,47.985564994492
2022-05-21,"31","24  day ahead inc hosp",2022-06-14,"quantile",0.9,53.993669673977
2022-05-21,"31","24  day ahead inc hosp",2022-06-14,"quantile",0.95,62.8985858673509
2022-05-21,"31","24  day ahead inc hosp",2022-06-14,"quantile",0.975,70.6222726395212
2022-05-21,"31","24  day ahead inc hosp",2022-06-14,"quantile",0.99,79.6027276855854
2022-05-21,"31","25  day ahead inc hosp",2022-06-15,"quantile",0.01,0
2022-05-21,"31","25  day ahead inc hosp",2022-06-15,"quantile",0.025,0
2022-05-21,"31","25  day ahead inc hosp",2022-06-15,"quantile",0.05,0
2022-05-21,"31","25  day ahead inc hosp",2022-06-15,"quantile",0.1,0
2022-05-21,"31","25  day ahead inc hosp",2022-06-15,"quantile",0.15,0
2022-05-21,"31","25  day ahead inc hosp",2022-06-15,"quantile",0.2,1.41403336154558
2022-05-21,"31","25  day ahead inc hosp",2022-06-15,"quantile",0.25,5.62372254653973
2022-05-21,"31","25  day ahead inc hosp",2022-06-15,"quantile",0.3,9.40415354057833
2022-05-21,"31","25  day ahead inc hosp",2022-06-15,"quantile",0.35,12.9072862533988
2022-05-21,"31","25  day ahead inc hosp",2022-06-15,"quantile",0.4,16.2314166257705
2022-05-21,"31","25  day ahead inc hosp",2022-06-15,"quantile",0.45,19.4475512308875
2022-05-21,"31","25  day ahead inc hosp",2022-06-15,"quantile",0.5,22.6126952369086
2022-05-21,"31","25  day ahead inc hosp",2022-06-15,"quantile",0.55,25.7778392429298
2022-05-21,"31","25  day ahead inc hosp",2022-06-15,"quantile",0.6,28.9939738480468
2022-05-21,"31","25  day ahead inc hosp",2022-06-15,"quantile",0.65,32.3181042204185
2022-05-21,"31","25  day ahead inc hosp",2022-06-15,"quantile",0.7,35.8212369332389
2022-05-21,"31","25  day ahead inc hosp",2022-06-15,"quantile",0.75,39.6016679272775
2022-05-21,"31","25  day ahead inc hosp",2022-06-15,"quantile",0.8,43.8113571122717
2022-05-21,"31","25  day ahead inc hosp",2022-06-15,"quantile",0.85,48.7182639937024
2022-05-21,"31","25  day ahead inc hosp",2022-06-15,"quantile",0.9,54.8922733061192
2022-05-21,"31","25  day ahead inc hosp",2022-06-15,"quantile",0.95,64.0430851573026
2022-05-21,"31","25  day ahead inc hosp",2022-06-15,"quantile",0.975,71.9800497412247
2022-05-21,"31","25  day ahead inc hosp",2022-06-15,"quantile",0.99,81.2084863351248
2022-05-21,"31","26  day ahead inc hosp",2022-06-16,"quantile",0.01,0
2022-05-21,"31","26  day ahead inc hosp",2022-06-16,"quantile",0.025,0
2022-05-21,"31","26  day ahead inc hosp",2022-06-16,"quantile",0.05,0
2022-05-21,"31","26  day ahead inc hosp",2022-06-16,"quantile",0.1,0
2022-05-21,"31","26  day ahead inc hosp",2022-06-16,"quantile",0.15,0
2022-05-21,"31","26  day ahead inc hosp",2022-06-16,"quantile",0.2,0.872253275211243
2022-05-21,"31","26  day ahead inc hosp",2022-06-16,"quantile",0.25,5.19363499955858
2022-05-21,"31","26  day ahead inc hosp",2022-06-16,"quantile",0.3,9.0743693459394
2022-05-21,"31","26  day ahead inc hosp",2022-06-16,"quantile",0.35,12.6704480628926
2022-05-21,"31","26  day ahead inc hosp",2022-06-16,"quantile",0.4,16.0827751039767
2022-05-21,"31","26  day ahead inc hosp",2022-06-16,"quantile",0.45,19.3842410067648
2022-05-21,"31","26  day ahead inc hosp",2022-06-16,"quantile",0.5,22.6333634149708
2022-05-21,"31","26  day ahead inc hosp",2022-06-16,"quantile",0.55,25.8824858231769
2022-05-21,"31","26  day ahead inc hosp",2022-06-16,"quantile",0.6,29.183951725965
2022-05-21,"31","26  day ahead inc hosp",2022-06-16,"quantile",0.65,32.5962787670491
2022-05-21,"31","26  day ahead inc hosp",2022-06-16,"quantile",0.7,36.1923574840023
2022-05-21,"31","26  day ahead inc hosp",2022-06-16,"quantile",0.75,40.0730918303831
2022-05-21,"31","26  day ahead inc hosp",2022-06-16,"quantile",0.8,44.3944735547304
2022-05-21,"31","26  day ahead inc hosp",2022-06-16,"quantile",0.85,49.4315717319723
2022-05-21,"31","26  day ahead inc hosp",2022-06-16,"quantile",0.9,55.7693914227306
2022-05-21,"31","26  day ahead inc hosp",2022-06-16,"quantile",0.95,65.1629949309431
2022-05-21,"31","26  day ahead inc hosp",2022-06-16,"quantile",0.975,73.3105450688521
2022-05-21,"31","26  day ahead inc hosp",2022-06-16,"quantile",0.99,82.7838328791096
2022-05-21,"31","27  day ahead inc hosp",2022-06-17,"quantile",0.01,0
2022-05-21,"31","27  day ahead inc hosp",2022-06-17,"quantile",0.025,0
2022-05-21,"31","27  day ahead inc hosp",2022-06-17,"quantile",0.05,0
2022-05-21,"31","27  day ahead inc hosp",2022-06-17,"quantile",0.1,0
2022-05-21,"31","27  day ahead inc hosp",2022-06-17,"quantile",0.15,0
2022-05-21,"31","27  day ahead inc hosp",2022-06-17,"quantile",0.2,0.326453731645035
2022-05-21,"31","27  day ahead inc hosp",2022-06-17,"quantile",0.25,4.75907097362606
2022-05-21,"31","27  day ahead inc hosp",2022-06-17,"quantile",0.3,8.73969825272013
2022-05-21,"31","27  day ahead inc hosp",2022-06-17,"quantile",0.35,12.4283426588551
2022-05-21,"31","27  day ahead inc hosp",2022-06-17,"quantile",0.4,15.9285054869543
2022-05-21,"31","27  day ahead inc hosp",2022-06-17,"quantile",0.45,19.3149535301946
2022-05-21,"31","27  day ahead inc hosp",2022-06-17,"quantile",0.5,22.6477107191228
2022-05-21,"31","27  day ahead inc hosp",2022-06-17,"quantile",0.55,25.9804679080509
2022-05-21,"31","27  day ahead inc hosp",2022-06-17,"quantile",0.6,29.3669159512912
2022-05-21,"31","27  day ahead inc hosp",2022-06-17,"quantile",0.65,32.8670787793904
2022-05-21,"31","27  day ahead inc hosp",2022-06-17,"quantile",0.7,36.5557231855254
2022-05-21,"31","27  day ahead inc hosp",2022-06-17,"quantile",0.75,40.5363504646195
2022-05-21,"31","27  day ahead inc hosp",2022-06-17,"quantile",0.8,44.9689677066005
2022-05-21,"31","27  day ahead inc hosp",2022-06-17,"quantile",0.85,50.1357244650226
2022-05-21,"31","27  day ahead inc hosp",2022-06-17,"quantile",0.9,56.6366842574753
2022-05-21,"31","27  day ahead inc hosp",2022-06-17,"quantile",0.95,66.2720859717556
2022-05-21,"31","27  day ahead inc hosp",2022-06-17,"quantile",0.975,74.6293599931001
2022-05-21,"31","27  day ahead inc hosp",2022-06-17,"quantile",0.99,84.3464971414824
2022-05-21,"31","28  day ahead inc hosp",2022-06-18,"quantile",0.01,0
2022-05-21,"31","28  day ahead inc hosp",2022-06-18,"quantile",0.025,0
2022-05-21,"31","28  day ahead inc hosp",2022-06-18,"quantile",0.05,0
2022-05-21,"31","28  day ahead inc hosp",2022-06-18,"quantile",0.1,0
2022-05-21,"31","28  day ahead inc hosp",2022-06-18,"quantile",0.15,0
2022-05-21,"31","28  day ahead inc hosp",2022-06-18,"quantile",0.2,0
2022-05-21,"31","28  day ahead inc hosp",2022-06-18,"quantile",0.25,4.32191161764715
2022-05-21,"31","28  day ahead inc hosp",2022-06-18,"quantile",0.3,8.40211568124697
2022-05-21,"31","28  day ahead inc hosp",2022-06-18,"quantile",0.35,12.183032818134
2022-05-21,"31","28  day ahead inc hosp",2022-06-18,"quantile",0.4,15.7707534443469
2022-05-21,"31","28  day ahead inc hosp",2022-06-18,"quantile",0.45,19.2419146705603
2022-05-21,"31","28  day ahead inc hosp",2022-06-18,"quantile",0.5,22.6580419469505
2022-05-21,"31","28  day ahead inc hosp",2022-06-18,"quantile",0.55,26.0741692233407
2022-05-21,"31","28  day ahead inc hosp",2022-06-18,"quantile",0.6,29.5453304495542
2022-05-21,"31","28  day ahead inc hosp",2022-06-18,"quantile",0.65,33.133051075767
2022-05-21,"31","28  day ahead inc hosp",2022-06-18,"quantile",0.7,36.913968212654
2022-05-21,"31","28  day ahead inc hosp",2022-06-18,"quantile",0.75,40.9941722762539
2022-05-21,"31","28  day ahead inc hosp",2022-06-18,"quantile",0.8,45.5376729898474
2022-05-21,"31","28  day ahead inc hosp",2022-06-18,"quantile",0.85,50.8336779768161
2022-05-21,"31","28  day ahead inc hosp",2022-06-18,"quantile",0.9,57.4972615536491
2022-05-21,"31","28  day ahead inc hosp",2022-06-18,"quantile",0.95,67.3736962139599
2022-05-21,"31","28  day ahead inc hosp",2022-06-18,"quantile",0.975,75.9400303697835
2022-05-21,"31","28  day ahead inc hosp",2022-06-18,"quantile",0.99,85.9002451046857
2022-05-21,"31","29  day ahead inc hosp",2022-06-19,"quantile",0.01,0
2022-05-21,"31","29  day ahead inc hosp",2022-06-19,"quantile",0.025,0
2022-05-21,"31","29  day ahead inc hosp",2022-06-19,"quantile",0.05,0
2022-05-21,"31","29  day ahead inc hosp",2022-06-19,"quantile",0.1,0
2022-05-21,"31","29  day ahead inc hosp",2022-06-19,"quantile",0.15,0
2022-05-21,"31","29  day ahead inc hosp",2022-06-19,"quantile",0.2,0.412988124574529
2022-05-21,"31","29  day ahead inc hosp",2022-06-19,"quantile",0.25,5.06681746081002
2022-05-21,"31","29  day ahead inc hosp",2022-06-19,"quantile",0.3,9.24610003739178
2022-05-21,"31","29  day ahead inc hosp",2022-06-19,"quantile",0.35,13.1188281822067
2022-05-21,"31","29  day ahead inc hosp",2022-06-19,"quantile",0.4,16.7936684767251
2022-05-21,"31","29  day ahead inc hosp",2022-06-19,"quantile",0.45,20.3491189902519
2022-05-21,"31","29  day ahead inc hosp",2022-06-19,"quantile",0.5,23.8481991791499
2022-05-21,"31","29  day ahead inc hosp",2022-06-19,"quantile",0.55,27.3472793680479
2022-05-21,"31","29  day ahead inc hosp",2022-06-19,"quantile",0.6,30.9027298815747
2022-05-21,"31","29  day ahead inc hosp",2022-06-19,"quantile",0.65,34.5775701760931
2022-05-21,"31","29  day ahead inc hosp",2022-06-19,"quantile",0.7,38.450298320908
2022-05-21,"31","29  day ahead inc hosp",2022-06-19,"quantile",0.75,42.6295808974898
2022-05-21,"31","29  day ahead inc hosp",2022-06-19,"quantile",0.8,47.2834102337253
2022-05-21,"31","29  day ahead inc hosp",2022-06-19,"quantile",0.85,52.7080167050008
2022-05-21,"31","29  day ahead inc hosp",2022-06-19,"quantile",0.9,59.5334103142813
2022-05-21,"31","29  day ahead inc hosp",2022-06-19,"quantile",0.95,69.6496718176749
2022-05-21,"31","29  day ahead inc hosp",2022-06-19,"quantile",0.975,78.4240199935416
2022-05-21,"31","29  day ahead inc hosp",2022-06-19,"quantile",0.99,88.6260959808548
2022-05-21,"31","30  day ahead inc hosp",2022-06-20,"quantile",0.01,0
2022-05-21,"31","30  day ahead inc hosp",2022-06-20,"quantile",0.025,0
2022-05-21,"31","30  day ahead inc hosp",2022-06-20,"quantile",0.05,0
2022-05-21,"31","30  day ahead inc hosp",2022-06-20,"quantile",0.1,0
2022-05-21,"31","30  day ahead inc hosp",2022-06-20,"quantile",0.15,0
2022-05-21,"31","30  day ahead inc hosp",2022-06-20,"quantile",0.2,0
2022-05-21,"31","30  day ahead inc hosp",2022-06-20,"quantile",0.25,4.63066011451058
2022-05-21,"31","30  day ahead inc hosp",2022-06-20,"quantile",0.3,8.90827789358887
2022-05-21,"31","30  day ahead inc hosp",2022-06-20,"quantile",0.35,12.8721282583916
2022-05-21,"31","30  day ahead inc hosp",2022-06-20,"quantile",0.4,16.6334346288171
2022-05-21,"31","30  day ahead inc hosp",2022-06-20,"quantile",0.45,20.2725420714477
2022-05-21,"31","30  day ahead inc hosp",2022-06-20,"quantile",0.5,23.8539528404445
2022-05-21,"31","30  day ahead inc hosp",2022-06-20,"quantile",0.55,27.4353636094413
2022-05-21,"31","30  day ahead inc hosp",2022-06-20,"quantile",0.6,31.074471052072
2022-05-21,"31","30  day ahead inc hosp",2022-06-20,"quantile",0.65,34.8357774224975
2022-05-21,"31","30  day ahead inc hosp",2022-06-20,"quantile",0.7,38.7996277873002
2022-05-21,"31","30  day ahead inc hosp",2022-06-20,"quantile",0.75,43.0772455663785
2022-05-21,"31","30  day ahead inc hosp",2022-06-20,"quantile",0.8,47.8405758137817
2022-05-21,"31","30  day ahead inc hosp",2022-06-20,"quantile",0.85,53.392818970551
2022-05-21,"31","30  day ahead inc hosp",2022-06-20,"quantile",0.9,60.3788086750676
2022-05-21,"31","30  day ahead inc hosp",2022-06-20,"quantile",0.95,70.7330977837297
2022-05-21,"31","30  day ahead inc hosp",2022-06-20,"quantile",0.975,79.7138994091629
2022-05-21,"31","30  day ahead inc hosp",2022-06-20,"quantile",0.99,90.1560221484519
2022-05-21,"31","31  day ahead inc hosp",2022-06-21,"quantile",0.01,0
2022-05-21,"31","31  day ahead inc hosp",2022-06-21,"quantile",0.025,0
2022-05-21,"31","31  day ahead inc hosp",2022-06-21,"quantile",0.05,0
2022-05-21,"31","31  day ahead inc hosp",2022-06-21,"quantile",0.1,0
2022-05-21,"31","31  day ahead inc hosp",2022-06-21,"quantile",0.15,0
2022-05-21,"31","31  day ahead inc hosp",2022-06-21,"quantile",0.2,0
2022-05-21,"31","31  day ahead inc hosp",2022-06-21,"quantile",0.25,4.19748047670749
2022-05-21,"31","31  day ahead inc hosp",2022-06-21,"quantile",0.3,8.57246650214719
2022-05-21,"31","31  day ahead inc hosp",2022-06-21,"quantile",0.35,12.6265430579732
2022-05-21,"31","31  day ahead inc hosp",2022-06-21,"quantile",0.4,16.4734652604414
2022-05-21,"31","31  day ahead inc hosp",2022-06-21,"quantile",0.45,20.1954070113973
2022-05-21,"31","31  day ahead inc hosp",2022-06-21,"quantile",0.5,23.858338782056
2022-05-21,"31","31  day ahead inc hosp",2022-06-21,"quantile",0.55,27.5212705527146
2022-05-21,"31","31  day ahead inc hosp",2022-06-21,"quantile",0.6,31.2432123036705
2022-05-21,"31","31  day ahead inc hosp",2022-06-21,"quantile",0.65,35.0901345061387
2022-05-21,"31","31  day ahead inc hosp",2022-06-21,"quantile",0.7,39.1442110619648
2022-05-21,"31","31  day ahead inc hosp",2022-06-21,"quantile",0.75,43.5191970874045
2022-05-21,"31","31  day ahead inc hosp",2022-06-21,"quantile",0.8,48.3909514944645
2022-05-21,"31","31  day ahead inc hosp",2022-06-21,"quantile",0.85,54.0695762513364
2022-05-21,"31","31  day ahead inc hosp",2022-06-21,"quantile",0.9,61.2145828670773
2022-05-21,"31","31  day ahead inc hosp",2022-06-21,"quantile",0.95,71.804558992415
2022-05-21,"31","31  day ahead inc hosp",2022-06-21,"quantile",0.975,80.9897839558719
2022-05-21,"31","31  day ahead inc hosp",2022-06-21,"quantile",0.99,91.6695930037385
2022-05-21,"31","32  day ahead inc hosp",2022-06-22,"quantile",0.01,0
2022-05-21,"31","32  day ahead inc hosp",2022-06-22,"quantile",0.025,0
2022-05-21,"31","32  day ahead inc hosp",2022-06-22,"quantile",0.05,0
2022-05-21,"31","32  day ahead inc hosp",2022-06-22,"quantile",0.1,0
2022-05-21,"31","32  day ahead inc hosp",2022-06-22,"quantile",0.15,0
2022-05-21,"31","32  day ahead inc hosp",2022-06-22,"quantile",0.2,0
2022-05-21,"31","32  day ahead inc hosp",2022-06-22,"quantile",0.25,3.76841797433821
2022-05-21,"31","32  day ahead inc hosp",2022-06-22,"quantile",0.3,8.23962992241802
2022-05-21,"31","32  day ahead inc hosp",2022-06-22,"quantile",0.35,12.3828741360993
2022-05-21,"31","32  day ahead inc hosp",2022-06-22,"quantile",0.4,16.3144077261479
2022-05-21,"31","32  day ahead inc hosp",2022-06-22,"quantile",0.45,20.1182119737874
2022-05-21,"31","32  day ahead inc hosp",2022-06-22,"quantile",0.5,23.8617083421728
2022-05-21,"31","32  day ahead inc hosp",2022-06-22,"quantile",0.55,27.6052047105581
2022-05-21,"31","32  day ahead inc hosp",2022-06-22,"quantile",0.6,31.4090089581976
2022-05-21,"31","32  day ahead inc hosp",2022-06-22,"quantile",0.65,35.3405425482462
2022-05-21,"31","32  day ahead inc hosp",2022-06-22,"quantile",0.7,39.4837867619275
2022-05-21,"31","32  day ahead inc hosp",2022-06-22,"quantile",0.75,43.9549987100073
2022-05-21,"31","32  day ahead inc hosp",2022-06-22,"quantile",0.8,48.9339052450901
2022-05-21,"31","32  day ahead inc hosp",2022-06-22,"quantile",0.85,54.7374288938394
2022-05-21,"31","32  day ahead inc hosp",2022-06-22,"quantile",0.9,62.0395868352924
2022-05-21,"31","32  day ahead inc hosp",2022-06-22,"quantile",0.95,72.8624848985453
2022-05-21,"31","32  day ahead inc hosp",2022-06-22,"quantile",0.975,82.2497349065682
2022-05-21,"31","32  day ahead inc hosp",2022-06-22,"quantile",0.99,93.1644417285707
2022-05-21,"31","33  day ahead inc hosp",2022-06-23,"quantile",0.01,0
2022-05-21,"31","33  day ahead inc hosp",2022-06-23,"quantile",0.025,0
2022-05-21,"31","33  day ahead inc hosp",2022-06-23,"quantile",0.05,0
2022-05-21,"31","33  day ahead inc hosp",2022-06-23,"quantile",0.1,0
2022-05-21,"31","33  day ahead inc hosp",2022-06-23,"quantile",0.15,0
2022-05-21,"31","33  day ahead inc hosp",2022-06-23,"quantile",0.2,0
2022-05-21,"31","33  day ahead inc hosp",2022-06-23,"quantile",0.25,3.34428025534537
2022-05-21,"31","33  day ahead inc hosp",2022-06-23,"quantile",0.3,7.9104513580128
2022-05-21,"31","33  day ahead inc hosp",2022-06-23,"quantile",0.35,12.1416893801626
2022-05-21,"31","33  day ahead inc hosp",2022-06-23,"quantile",0.4,16.1567204895144
2022-05-21,"31","33  day ahead inc hosp",2022-06-23,"quantile",0.45,20.0413095533888
2022-05-21,"31","33  day ahead inc hosp",2022-06-23,"quantile",0.5,23.8643099252684
2022-05-21,"31","33  day ahead inc hosp",2022-06-23,"quantile",0.55,27.687310297148
2022-05-21,"31","33  day ahead inc hosp",2022-06-23,"quantile",0.6,31.5718993610223
2022-05-21,"31","33  day ahead inc hosp",2022-06-23,"quantile",0.65,35.5869304703741
2022-05-21,"31","33  day ahead inc hosp",2022-06-23,"quantile",0.7,39.8181684925239
2022-05-21,"31","33  day ahead inc hosp",2022-06-23,"quantile",0.75,44.3843395951914
2022-05-21,"31","33  day ahead inc hosp",2022-06-23,"quantile",0.8,49.4689876519985
2022-05-21,"31","33  day ahead inc hosp",2022-06-23,"quantile",0.85,55.395765958705
2022-05-21,"31","33  day ahead inc hosp",2022-06-23,"quantile",0.9,62.8530064041496
2022-05-21,"31","33  day ahead inc hosp",2022-06-23,"quantile",0.95,73.9057600998817
2022-05-21,"31","33  day ahead inc hosp",2022-06-23,"quantile",0.975,83.4923755897954
2022-05-21,"31","33  day ahead inc hosp",2022-06-23,"quantile",0.99,94.6388878695629
2022-05-21,"31","34  day ahead inc hosp",2022-06-24,"quantile",0.01,0
2022-05-21,"31","34  day ahead inc hosp",2022-06-24,"quantile",0.025,0
2022-05-21,"31","34  day ahead inc hosp",2022-06-24,"quantile",0.05,0
2022-05-21,"31","34  day ahead inc hosp",2022-06-24,"quantile",0.1,0
2022-05-21,"31","34  day ahead inc hosp",2022-06-24,"quantile",0.15,0
2022-05-21,"31","34  day ahead inc hosp",2022-06-24,"quantile",0.2,0
2022-05-21,"31","34  day ahead inc hosp",2022-06-24,"quantile",0.25,2.92560786098634
2022-05-21,"31","34  day ahead inc hosp",2022-06-24,"quantile",0.3,7.58539141220184
2022-05-21,"31","34  day ahead inc hosp",2022-06-24,"quantile",0.35,11.9033753189751
2022-05-21,"31","34  day ahead inc hosp",2022-06-24,"quantile",0.4,16.0007197899361
2022-05-21,"31","34  day ahead inc hosp",2022-06-24,"quantile",0.45,19.9649479837721
2022-05-21,"31","34  day ahead inc hosp",2022-06-24,"quantile",0.5,23.8663248372957
2022-05-21,"31","34  day ahead inc hosp",2022-06-24,"quantile",0.55,27.7677016908194
2022-05-21,"31","34  day ahead inc hosp",2022-06-24,"quantile",0.6,31.7319298846554
2022-05-21,"31","34  day ahead inc hosp",2022-06-24,"quantile",0.65,35.8292743556163
2022-05-21,"31","34  day ahead inc hosp",2022-06-24,"quantile",0.7,40.1472582623896
2022-05-21,"31","34  day ahead inc hosp",2022-06-24,"quantile",0.75,44.8070418136051
2022-05-21,"31","34  day ahead inc hosp",2022-06-24,"quantile",0.8,49.995931771099
2022-05-21,"31","34  day ahead inc hosp",2022-06-24,"quantile",0.85,56.044216744292
2022-05-21,"31","34  day ahead inc hosp",2022-06-24,"quantile",0.9,63.6543403213175
2022-05-21,"31","34  day ahead inc hosp",2022-06-24,"quantile",0.95,74.9336898483034
2022-05-21,"31","34  day ahead inc hosp",2022-06-24,"quantile",0.975,84.7168434286919
2022-05-21,"31","34  day ahead inc hosp",2022-06-24,"quantile",0.99,96.0918737126732
2022-05-21,"31","35  day ahead inc hosp",2022-06-25,"quantile",0.01,0
2022-05-21,"31","35  day ahead inc hosp",2022-06-25,"quantile",0.025,0
2022-05-21,"31","35  day ahead inc hosp",2022-06-25,"quantile",0.05,0
2022-05-21,"31","35  day ahead inc hosp",2022-06-25,"quantile",0.1,0
2022-05-21,"31","35  day ahead inc hosp",2022-06-25,"quantile",0.15,0
2022-05-21,"31","35  day ahead inc hosp",2022-06-25,"quantile",0.2,0
2022-05-21,"31","35  day ahead inc hosp",2022-06-25,"quantile",0.25,2.51273488535745
2022-05-21,"31","35  day ahead inc hosp",2022-06-25,"quantile",0.3,7.26473995136956
2022-05-21,"31","35  day ahead inc hosp",2022-06-25,"quantile",0.35,11.668180835355
2022-05-21,"31","35  day ahead inc hosp",2022-06-25,"quantile",0.4,15.8466156208344
2022-05-21,"31","35  day ahead inc hosp",2022-06-25,"quantile",0.45,19.8892996324174
2022-05-21,"31","35  day ahead inc hosp",2022-06-25,"quantile",0.5,23.8678884163387
2022-05-21,"31","35  day ahead inc hosp",2022-06-25,"quantile",0.55,27.84647720026
2022-05-21,"31","35  day ahead inc hosp",2022-06-25,"quantile",0.6,31.889161211843
2022-05-21,"31","35  day ahead inc hosp",2022-06-25,"quantile",0.65,36.0675959973224
2022-05-21,"31","35  day ahead inc hosp",2022-06-25,"quantile",0.7,40.4710368813078
2022-05-21,"31","35  day ahead inc hosp",2022-06-25,"quantile",0.75,45.22304194732
2022-05-21,"31","35  day ahead inc hosp",2022-06-25,"quantile",0.8,50.5146249348084
2022-05-21,"31","35  day ahead inc hosp",2022-06-25,"quantile",0.85,56.6826111765301
2022-05-21,"31","35  day ahead inc hosp",2022-06-25,"quantile",0.9,64.4433462822562
2022-05-21,"31","35  day ahead inc hosp",2022-06-25,"quantile",0.95,75.9459247828343
2022-05-21,"31","35  day ahead inc hosp",2022-06-25,"quantile",0.975,85.9226962067889
2022-05-21,"31","35  day ahead inc hosp",2022-06-25,"quantile",0.99,97.5228490768552
2022-05-21,"31","36  day ahead inc hosp",2022-06-26,"quantile",0.01,0
2022-05-21,"31","36  day ahead inc hosp",2022-06-26,"quantile",0.025,0
2022-05-21,"31","36  day ahead inc hosp",2022-06-26,"quantile",0.05,0
2022-05-21,"31","36  day ahead inc hosp",2022-06-26,"quantile",0.1,0
2022-05-21,"31","36  day ahead inc hosp",2022-06-26,"quantile",0.15,0
2022-05-21,"31","36  day ahead inc hosp",2022-06-26,"quantile",0.2,0
2022-05-21,"31","36  day ahead inc hosp",2022-06-26,"quantile",0.25,2.90601819307141
2022-05-21,"31","36  day ahead inc hosp",2022-06-26,"quantile",0.3,7.74883687225892
2022-05-21,"31","36  day ahead inc hosp",2022-06-26,"quantile",0.35,12.2364301027853
2022-05-21,"31","36  day ahead inc hosp",2022-06-26,"quantile",0.4,16.494717235856
2022-05-21,"31","36  day ahead inc hosp",2022-06-26,"quantile",0.45,20.6146593178574
2022-05-21,"31","36  day ahead inc hosp",2022-06-26,"quantile",0.5,24.6692812746789
2022-05-21,"31","36  day ahead inc hosp",2022-06-26,"quantile",0.55,28.7239032315005
2022-05-21,"31","36  day ahead inc hosp",2022-06-26,"quantile",0.6,32.8438453135019
2022-05-21,"31","36  day ahead inc hosp",2022-06-26,"quantile",0.65,37.1021324465726
2022-05-21,"31","36  day ahead inc hosp",2022-06-26,"quantile",0.7,41.5897256770989
2022-05-21,"31","36  day ahead inc hosp",2022-06-26,"quantile",0.75,46.4325443562865
2022-05-21,"31","36  day ahead inc hosp",2022-06-26,"quantile",0.8,51.8252526085496
2022-05-21,"31","36  day ahead inc hosp",2022-06-26,"quantile",0.85,58.1111126969625
2022-05-21,"31","36  day ahead inc hosp",2022-06-26,"quantile",0.9,66.0201600174397
2022-05-21,"31","36  day ahead inc hosp",2022-06-26,"quantile",0.95,77.7425595619687
2022-05-21,"31","36  day ahead inc hosp",2022-06-26,"quantile",0.975,87.909992958764
2022-05-21,"31","36  day ahead inc hosp",2022-06-26,"quantile",0.99,99.7318315764008
2022-05-21,"31","37  day ahead inc hosp",2022-06-27,"quantile",0.01,0
2022-05-21,"31","37  day ahead inc hosp",2022-06-27,"quantile",0.025,0
2022-05-21,"31","37  day ahead inc hosp",2022-06-27,"quantile",0.05,0
2022-05-21,"31","37  day ahead inc hosp",2022-06-27,"quantile",0.1,0
2022-05-21,"31","37  day ahead inc hosp",2022-06-27,"quantile",0.15,0
2022-05-21,"31","37  day ahead inc hosp",2022-06-27,"quantile",0.2,0
2022-05-21,"31","37  day ahead inc hosp",2022-06-27,"quantile",0.25,2.50516617198471
2022-05-21,"31","37  day ahead inc hosp",2022-06-27,"quantile",0.3,7.4373936833949
2022-05-21,"31","37  day ahead inc hosp",2022-06-27,"quantile",0.35,12.0078375215552
2022-05-21,"31","37  day ahead inc hosp",2022-06-27,"quantile",0.4,16.344741779292
2022-05-21,"31","37  day ahead inc hosp",2022-06-27,"quantile",0.45,20.5407468392363
2022-05-21,"31","37  day ahead inc hosp",2022-06-27,"quantile",0.5,24.6702258242224
2022-05-21,"31","37  day ahead inc hosp",2022-06-27,"quantile",0.55,28.7997048092085
2022-05-21,"31","37  day ahead inc hosp",2022-06-27,"quantile",0.6,32.9957098691529
2022-05-21,"31","37  day ahead inc hosp",2022-06-27,"quantile",0.65,37.3326141268897
2022-05-21,"31","37  day ahead inc hosp",2022-06-27,"quantile",0.7,41.90305796505
2022-05-21,"31","37  day ahead inc hosp",2022-06-27,"quantile",0.75,46.8352854764602
2022-05-21,"31","37  day ahead inc hosp",2022-06-27,"quantile",0.8,52.3275547032906
2022-05-21,"31","37  day ahead inc hosp",2022-06-27,"quantile",0.85,58.7294652671085
2022-05-21,"31","37  day ahead inc hosp",2022-06-27,"quantile",0.9,66.7845305849054
2022-05-21,"31","37  day ahead inc hosp",2022-06-27,"quantile",0.95,78.7233507975525
2022-05-21,"31","37  day ahead inc hosp",2022-06-27,"quantile",0.975,89.0784968482648
2022-05-21,"31","37  day ahead inc hosp",2022-06-27,"quantile",0.99,101.118591992843
2022-05-21,"32","1  day ahead inc hosp",2022-05-22,"quantile",0.01,2.23436970900302
2022-05-21,"32","1  day ahead inc hosp",2022-05-22,"quantile",0.025,7.84620934289768
2022-05-21,"32","1  day ahead inc hosp",2022-05-22,"quantile",0.05,12.672701021273
2022-05-21,"32","1  day ahead inc hosp",2022-05-22,"quantile",0.1,18.2373368191424
2022-05-21,"32","1  day ahead inc hosp",2022-05-22,"quantile",0.15,21.9917701737972
2022-05-21,"32","1  day ahead inc hosp",2022-05-22,"quantile",0.2,24.9756747861174
2022-05-21,"32","1  day ahead inc hosp",2022-05-22,"quantile",0.25,27.5355992515836
2022-05-21,"32","1  day ahead inc hosp",2022-05-22,"quantile",0.3,29.8344905393639
2022-05-21,"32","1  day ahead inc hosp",2022-05-22,"quantile",0.35,31.9647559207821
2022-05-21,"32","1  day ahead inc hosp",2022-05-22,"quantile",0.4,33.9861694486422
2022-05-21,"32","1  day ahead inc hosp",2022-05-22,"quantile",0.45,35.941910430475
2022-05-21,"32","1  day ahead inc hosp",2022-05-22,"quantile",0.5,37.8666438779275
2022-05-21,"32","1  day ahead inc hosp",2022-05-22,"quantile",0.55,39.7913773253799
2022-05-21,"32","1  day ahead inc hosp",2022-05-22,"quantile",0.6,41.7471183072127
2022-05-21,"32","1  day ahead inc hosp",2022-05-22,"quantile",0.65,43.7685318350728
2022-05-21,"32","1  day ahead inc hosp",2022-05-22,"quantile",0.7,45.8987972164911
2022-05-21,"32","1  day ahead inc hosp",2022-05-22,"quantile",0.75,48.1976885042714
2022-05-21,"32","1  day ahead inc hosp",2022-05-22,"quantile",0.8,50.7576129697375
2022-05-21,"32","1  day ahead inc hosp",2022-05-22,"quantile",0.85,53.7415175820578
2022-05-21,"32","1  day ahead inc hosp",2022-05-22,"quantile",0.9,57.4959509367126
2022-05-21,"32","1  day ahead inc hosp",2022-05-22,"quantile",0.95,63.060586734582
2022-05-21,"32","1  day ahead inc hosp",2022-05-22,"quantile",0.975,67.8870784129573
2022-05-21,"32","1  day ahead inc hosp",2022-05-22,"quantile",0.99,73.4989180468519
2022-05-21,"32","2  day ahead inc hosp",2022-05-23,"quantile",0.01,0
2022-05-21,"32","2  day ahead inc hosp",2022-05-23,"quantile",0.025,5.39813594544143
2022-05-21,"32","2  day ahead inc hosp",2022-05-23,"quantile",0.05,10.7887731067918
2022-05-21,"32","2  day ahead inc hosp",2022-05-23,"quantile",0.1,17.0038325164607
2022-05-21,"32","2  day ahead inc hosp",2022-05-23,"quantile",0.15,21.1971035941037
2022-05-21,"32","2  day ahead inc hosp",2022-05-23,"quantile",0.2,24.5297825172159
2022-05-21,"32","2  day ahead inc hosp",2022-05-23,"quantile",0.25,27.3889242858882
2022-05-21,"32","2  day ahead inc hosp",2022-05-23,"quantile",0.3,29.9565219596471
2022-05-21,"32","2  day ahead inc hosp",2022-05-23,"quantile",0.35,32.3357838529312
2022-05-21,"32","2  day ahead inc hosp",2022-05-23,"quantile",0.4,34.5934707211301
2022-05-21,"32","2  day ahead inc hosp",2022-05-23,"quantile",0.45,36.7778088941097
2022-05-21,"32","2  day ahead inc hosp",2022-05-23,"quantile",0.5,38.9275152106083
2022-05-21,"32","2  day ahead inc hosp",2022-05-23,"quantile",0.55,41.0772215271069
2022-05-21,"32","2  day ahead inc hosp",2022-05-23,"quantile",0.6,43.2615597000865
2022-05-21,"32","2  day ahead inc hosp",2022-05-23,"quantile",0.65,45.5192465682853
2022-05-21,"32","2  day ahead inc hosp",2022-05-23,"quantile",0.7,47.8985084615695
2022-05-21,"32","2  day ahead inc hosp",2022-05-23,"quantile",0.75,50.4661061353284
2022-05-21,"32","2  day ahead inc hosp",2022-05-23,"quantile",0.8,53.3252479040006
2022-05-21,"32","2  day ahead inc hosp",2022-05-23,"quantile",0.85,56.6579268271129
2022-05-21,"32","2  day ahead inc hosp",2022-05-23,"quantile",0.9,60.8511979047558
2022-05-21,"32","2  day ahead inc hosp",2022-05-23,"quantile",0.95,67.0662573144248
2022-05-21,"32","2  day ahead inc hosp",2022-05-23,"quantile",0.975,72.4568944757751
2022-05-21,"32","2  day ahead inc hosp",2022-05-23,"quantile",0.99,78.7246751516541
2022-05-21,"32","3  day ahead inc hosp",2022-05-24,"quantile",0.01,0
2022-05-21,"32","3  day ahead inc hosp",2022-05-24,"quantile",0.025,3.0031833361828
2022-05-21,"32","3  day ahead inc hosp",2022-05-24,"quantile",0.05,8.56248910186975
2022-05-21,"32","3  day ahead inc hosp",2022-05-24,"quantile",0.1,14.9720126101454
2022-05-21,"32","3  day ahead inc hosp",2022-05-24,"quantile",0.15,19.2964876918979
2022-05-21,"32","3  day ahead inc hosp",2022-05-24,"quantile",0.2,22.733443398225
2022-05-21,"32","3  day ahead inc hosp",2022-05-24,"quantile",0.25,25.6820453619146
2022-05-21,"32","3  day ahead inc hosp",2022-05-24,"quantile",0.3,28.3299810556827
2022-05-21,"32","3  day ahead inc hosp",2022-05-24,"quantile",0.35,30.7836880972637
2022-05-21,"32","3  day ahead inc hosp",2022-05-24,"quantile",0.4,33.1120161311894
2022-05-21,"32","3  day ahead inc hosp",2022-05-24,"quantile",0.45,35.3647004495333
2022-05-21,"32","3  day ahead inc hosp",2022-05-24,"quantile",0.5,37.5816693090828
2022-05-21,"32","3  day ahead inc hosp",2022-05-24,"quantile",0.55,39.7986381686323
2022-05-21,"32","3  day ahead inc hosp",2022-05-24,"quantile",0.6,42.0513224869762
2022-05-21,"32","3  day ahead inc hosp",2022-05-24,"quantile",0.65,44.3796505209019
2022-05-21,"32","3  day ahead inc hosp",2022-05-24,"quantile",0.7,46.833357562483
2022-05-21,"32","3  day ahead inc hosp",2022-05-24,"quantile",0.75,49.481293256251
2022-05-21,"32","3  day ahead inc hosp",2022-05-24,"quantile",0.8,52.4298952199407
2022-05-21,"32","3  day ahead inc hosp",2022-05-24,"quantile",0.85,55.8668509262677
2022-05-21,"32","3  day ahead inc hosp",2022-05-24,"quantile",0.9,60.1913260080202
2022-05-21,"32","3  day ahead inc hosp",2022-05-24,"quantile",0.95,66.6008495162959
2022-05-21,"32","3  day ahead inc hosp",2022-05-24,"quantile",0.975,72.1601552819828
2022-05-21,"32","3  day ahead inc hosp",2022-05-24,"quantile",0.99,78.6240496615383
2022-05-21,"32","4  day ahead inc hosp",2022-05-25,"quantile",0.01,0
2022-05-21,"32","4  day ahead inc hosp",2022-05-25,"quantile",0.025,1.99444287396538
2022-05-21,"32","4  day ahead inc hosp",2022-05-25,"quantile",0.05,8.05967162521273
2022-05-21,"32","4  day ahead inc hosp",2022-05-25,"quantile",0.1,15.052491934564
2022-05-21,"32","4  day ahead inc hosp",2022-05-25,"quantile",0.15,19.7705145987945
2022-05-21,"32","4  day ahead inc hosp",2022-05-25,"quantile",0.2,23.5202494479627
2022-05-21,"32","4  day ahead inc hosp",2022-05-25,"quantile",0.25,26.7371880658271
2022-05-21,"32","4  day ahead inc hosp",2022-05-25,"quantile",0.3,29.6260983683371
2022-05-21,"32","4  day ahead inc hosp",2022-05-25,"quantile",0.35,32.3031042973133
2022-05-21,"32","4  day ahead inc hosp",2022-05-25,"quantile",0.4,34.8433211389312
2022-05-21,"32","4  day ahead inc hosp",2022-05-25,"quantile",0.45,37.3010103308864
2022-05-21,"32","4  day ahead inc hosp",2022-05-25,"quantile",0.5,39.7197337892279
2022-05-21,"32","4  day ahead inc hosp",2022-05-25,"quantile",0.55,42.1384572475693
2022-05-21,"32","4  day ahead inc hosp",2022-05-25,"quantile",0.6,44.5961464395246
2022-05-21,"32","4  day ahead inc hosp",2022-05-25,"quantile",0.65,47.1363632811424
2022-05-21,"32","4  day ahead inc hosp",2022-05-25,"quantile",0.7,49.8133692101186
2022-05-21,"32","4  day ahead inc hosp",2022-05-25,"quantile",0.75,52.7022795126286
2022-05-21,"32","4  day ahead inc hosp",2022-05-25,"quantile",0.8,55.919218130493
2022-05-21,"32","4  day ahead inc hosp",2022-05-25,"quantile",0.85,59.6689529796613
2022-05-21,"32","4  day ahead inc hosp",2022-05-25,"quantile",0.9,64.3869756438917
2022-05-21,"32","4  day ahead inc hosp",2022-05-25,"quantile",0.95,71.379795953243
2022-05-21,"32","4  day ahead inc hosp",2022-05-25,"quantile",0.975,77.4450247044904
2022-05-21,"32","4  day ahead inc hosp",2022-05-25,"quantile",0.99,84.4971638902653
2022-05-21,"32","5  day ahead inc hosp",2022-05-26,"quantile",0.01,0
2022-05-21,"32","5  day ahead inc hosp",2022-05-26,"quantile",0.025,0
2022-05-21,"32","5  day ahead inc hosp",2022-05-26,"quantile",0.05,5.0760806229874
2022-05-21,"32","5  day ahead inc hosp",2022-05-26,"quantile",0.1,12.6103414262498
2022-05-21,"32","5  day ahead inc hosp",2022-05-26,"quantile",0.15,17.6936714212275
2022-05-21,"32","5  day ahead inc hosp",2022-05-26,"quantile",0.2,21.7337409563957
2022-05-21,"32","5  day ahead inc hosp",2022-05-26,"quantile",0.25,25.1997608829574
2022-05-21,"32","5  day ahead inc hosp",2022-05-26,"quantile",0.3,28.3123538988591
2022-05-21,"32","5  day ahead inc hosp",2022-05-26,"quantile",0.35,31.1966351971808
2022-05-21,"32","5  day ahead inc hosp",2022-05-26,"quantile",0.4,33.933536094805
2022-05-21,"32","5  day ahead inc hosp",2022-05-26,"quantile",0.45,36.5815193871524
2022-05-21,"32","5  day ahead inc hosp",2022-05-26,"quantile",0.5,39.1875199048182
2022-05-21,"32","5  day ahead inc hosp",2022-05-26,"quantile",0.55,41.793520422484
2022-05-21,"32","5  day ahead inc hosp",2022-05-26,"quantile",0.6,44.4415037148314
2022-05-21,"32","5  day ahead inc hosp",2022-05-26,"quantile",0.65,47.1784046124556
2022-05-21,"32","5  day ahead inc hosp",2022-05-26,"quantile",0.7,50.0626859107774
2022-05-21,"32","5  day ahead inc hosp",2022-05-26,"quantile",0.75,53.175278926679
2022-05-21,"32","5  day ahead inc hosp",2022-05-26,"quantile",0.8,56.6412988532407
2022-05-21,"32","5  day ahead inc hosp",2022-05-26,"quantile",0.85,60.6813683884089
2022-05-21,"32","5  day ahead inc hosp",2022-05-26,"quantile",0.9,65.7646983833866
2022-05-21,"32","5  day ahead inc hosp",2022-05-26,"quantile",0.95,73.298959186649
2022-05-21,"32","5  day ahead inc hosp",2022-05-26,"quantile",0.975,79.8338068191892
2022-05-21,"32","5  day ahead inc hosp",2022-05-26,"quantile",0.99,87.4319794442576
2022-05-21,"32","6  day ahead inc hosp",2022-05-27,"quantile",0.01,0
2022-05-21,"32","6  day ahead inc hosp",2022-05-27,"quantile",0.025,0
2022-05-21,"32","6  day ahead inc hosp",2022-05-27,"quantile",0.05,4.30457586767815
2022-05-21,"32","6  day ahead inc hosp",2022-05-27,"quantile",0.1,12.2060920714004
2022-05-21,"32","6  day ahead inc hosp",2022-05-27,"quantile",0.15,17.5372075415195
2022-05-21,"32","6  day ahead inc hosp",2022-05-27,"quantile",0.2,21.7742091173706
2022-05-21,"32","6  day ahead inc hosp",2022-05-27,"quantile",0.25,25.4091791996769
2022-05-21,"32","6  day ahead inc hosp",2022-05-27,"quantile",0.3,28.6734946770612
2022-05-21,"32","6  day ahead inc hosp",2022-05-27,"quantile",0.35,31.6983694471135
2022-05-21,"32","6  day ahead inc hosp",2022-05-27,"quantile",0.4,34.5686798007445
2022-05-21,"32","6  day ahead inc hosp",2022-05-27,"quantile",0.45,37.3457382857135
2022-05-21,"32","6  day ahead inc hosp",2022-05-27,"quantile",0.5,40.0787675575869
2022-05-21,"32","6  day ahead inc hosp",2022-05-27,"quantile",0.55,42.8117968294603
2022-05-21,"32","6  day ahead inc hosp",2022-05-27,"quantile",0.6,45.5888553144293
2022-05-21,"32","6  day ahead inc hosp",2022-05-27,"quantile",0.65,48.4591656680603
2022-05-21,"32","6  day ahead inc hosp",2022-05-27,"quantile",0.7,51.4840404381126
2022-05-21,"32","6  day ahead inc hosp",2022-05-27,"quantile",0.75,54.7483559154969
2022-05-21,"32","6  day ahead inc hosp",2022-05-27,"quantile",0.8,58.3833259978032
2022-05-21,"32","6  day ahead inc hosp",2022-05-27,"quantile",0.85,62.6203275736543
2022-05-21,"32","6  day ahead inc hosp",2022-05-27,"quantile",0.9,67.9514430437734
2022-05-21,"32","6  day ahead inc hosp",2022-05-27,"quantile",0.95,75.8529592474957
2022-05-21,"32","6  day ahead inc hosp",2022-05-27,"quantile",0.975,82.7063461696757
2022-05-21,"32","6  day ahead inc hosp",2022-05-27,"quantile",0.99,90.6748895587843
2022-05-21,"32","7  day ahead inc hosp",2022-05-28,"quantile",0.01,0
2022-05-21,"32","7  day ahead inc hosp",2022-05-28,"quantile",0.025,0
2022-05-21,"32","7  day ahead inc hosp",2022-05-28,"quantile",0.05,2.13734002049515
2022-05-21,"32","7  day ahead inc hosp",2022-05-28,"quantile",0.1,10.4050616143481
2022-05-21,"32","7  day ahead inc hosp",2022-05-28,"quantile",0.15,15.9832541226245
2022-05-21,"32","7  day ahead inc hosp",2022-05-28,"quantile",0.2,20.4166246959014
2022-05-21,"32","7  day ahead inc hosp",2022-05-28,"quantile",0.25,24.220061892972
2022-05-21,"32","7  day ahead inc hosp",2022-05-28,"quantile",0.3,27.6356660461097
2022-05-21,"32","7  day ahead inc hosp",2022-05-28,"quantile",0.35,30.8007323207674
2022-05-21,"32","7  day ahead inc hosp",2022-05-28,"quantile",0.4,33.8040707029117
2022-05-21,"32","7  day ahead inc hosp",2022-05-28,"quantile",0.45,36.7098353449882
2022-05-21,"32","7  day ahead inc hosp",2022-05-28,"quantile",0.5,39.5695301864739
2022-05-21,"32","7  day ahead inc hosp",2022-05-28,"quantile",0.55,42.4292250279596
2022-05-21,"32","7  day ahead inc hosp",2022-05-28,"quantile",0.6,45.3349896700362
2022-05-21,"32","7  day ahead inc hosp",2022-05-28,"quantile",0.65,48.3383280521805
2022-05-21,"32","7  day ahead inc hosp",2022-05-28,"quantile",0.7,51.5033943268381
2022-05-21,"32","7  day ahead inc hosp",2022-05-28,"quantile",0.75,54.9189984799759
2022-05-21,"32","7  day ahead inc hosp",2022-05-28,"quantile",0.8,58.7224356770465
2022-05-21,"32","7  day ahead inc hosp",2022-05-28,"quantile",0.85,63.1558062503234
2022-05-21,"32","7  day ahead inc hosp",2022-05-28,"quantile",0.9,68.7339987585997
2022-05-21,"32","7  day ahead inc hosp",2022-05-28,"quantile",0.95,77.0017203524527
2022-05-21,"32","7  day ahead inc hosp",2022-05-28,"quantile",0.975,84.1727358369043
2022-05-21,"32","7  day ahead inc hosp",2022-05-28,"quantile",0.99,92.5105910726694
2022-05-21,"32","8  day ahead inc hosp",2022-05-29,"quantile",0.01,0
2022-05-21,"32","8  day ahead inc hosp",2022-05-29,"quantile",0.025,0
2022-05-21,"32","8  day ahead inc hosp",2022-05-29,"quantile",0.05,2.39335879366413
2022-05-21,"32","8  day ahead inc hosp",2022-05-29,"quantile",0.1,11.0323059204181
2022-05-21,"32","8  day ahead inc hosp",2022-05-29,"quantile",0.15,16.8609625333455
2022-05-21,"32","8  day ahead inc hosp",2022-05-29,"quantile",0.2,21.4933940371255
2022-05-21,"32","8  day ahead inc hosp",2022-05-29,"quantile",0.25,25.4676077878463
2022-05-21,"32","8  day ahead inc hosp",2022-05-29,"quantile",0.3,29.0365745642333
2022-05-21,"32","8  day ahead inc hosp",2022-05-29,"quantile",0.35,32.3437541649311
2022-05-21,"32","8  day ahead inc hosp",2022-05-29,"quantile",0.4,35.4819441961951
2022-05-21,"32","8  day ahead inc hosp",2022-05-29,"quantile",0.45,38.5181793694204
2022-05-21,"32","8  day ahead inc hosp",2022-05-29,"quantile",0.5,41.5062761810757
2022-05-21,"32","8  day ahead inc hosp",2022-05-29,"quantile",0.55,44.494372992731
2022-05-21,"32","8  day ahead inc hosp",2022-05-29,"quantile",0.6,47.5306081659563
2022-05-21,"32","8  day ahead inc hosp",2022-05-29,"quantile",0.65,50.6687981972202
2022-05-21,"32","8  day ahead inc hosp",2022-05-29,"quantile",0.7,53.9759777979181
2022-05-21,"32","8  day ahead inc hosp",2022-05-29,"quantile",0.75,57.544944574305
2022-05-21,"32","8  day ahead inc hosp",2022-05-29,"quantile",0.8,61.5191583250259
2022-05-21,"32","8  day ahead inc hosp",2022-05-29,"quantile",0.85,66.1515898288058
2022-05-21,"32","8  day ahead inc hosp",2022-05-29,"quantile",0.9,71.9802464417333
2022-05-21,"32","8  day ahead inc hosp",2022-05-29,"quantile",0.95,80.6191935684872
2022-05-21,"32","8  day ahead inc hosp",2022-05-29,"quantile",0.975,88.1121918403897
2022-05-21,"32","8  day ahead inc hosp",2022-05-29,"quantile",0.99,96.8244216505779
2022-05-21,"32","9  day ahead inc hosp",2022-05-30,"quantile",0.01,0
2022-05-21,"32","9  day ahead inc hosp",2022-05-30,"quantile",0.025,0
2022-05-21,"32","9  day ahead inc hosp",2022-05-30,"quantile",0.05,1.40499484661997
2022-05-21,"32","9  day ahead inc hosp",2022-05-30,"quantile",0.1,10.3791423692225
2022-05-21,"32","9  day ahead inc hosp",2022-05-30,"quantile",0.15,16.4339570978615
2022-05-21,"32","9  day ahead inc hosp",2022-05-30,"quantile",0.2,21.2461319026509
2022-05-21,"32","9  day ahead inc hosp",2022-05-30,"quantile",0.25,25.3745494009908
2022-05-21,"32","9  day ahead inc hosp",2022-05-30,"quantile",0.3,29.0819959086068
2022-05-21,"32","9  day ahead inc hosp",2022-05-30,"quantile",0.35,32.5174976178939
2022-05-21,"32","9  day ahead inc hosp",2022-05-30,"quantile",0.4,35.7774527815627
2022-05-21,"32","9  day ahead inc hosp",2022-05-30,"quantile",0.45,38.9314971295661
2022-05-21,"32","9  day ahead inc hosp",2022-05-30,"quantile",0.5,42.0355352960421
2022-05-21,"32","9  day ahead inc hosp",2022-05-30,"quantile",0.55,45.1395734625182
2022-05-21,"32","9  day ahead inc hosp",2022-05-30,"quantile",0.6,48.2936178105215
2022-05-21,"32","9  day ahead inc hosp",2022-05-30,"quantile",0.65,51.5535729741904
2022-05-21,"32","9  day ahead inc hosp",2022-05-30,"quantile",0.7,54.9890746834775
2022-05-21,"32","9  day ahead inc hosp",2022-05-30,"quantile",0.75,58.6965211910935
2022-05-21,"32","9  day ahead inc hosp",2022-05-30,"quantile",0.8,62.8249386894334
2022-05-21,"32","9  day ahead inc hosp",2022-05-30,"quantile",0.85,67.6371134942227
2022-05-21,"32","9  day ahead inc hosp",2022-05-30,"quantile",0.9,73.6919282228618
2022-05-21,"32","9  day ahead inc hosp",2022-05-30,"quantile",0.95,82.6660757454643
2022-05-21,"32","9  day ahead inc hosp",2022-05-30,"quantile",0.975,90.4498103709967
2022-05-21,"32","9  day ahead inc hosp",2022-05-30,"quantile",0.99,99.5000840235942
2022-05-21,"32","10  day ahead inc hosp",2022-05-31,"quantile",0.01,0
2022-05-21,"32","10  day ahead inc hosp",2022-05-31,"quantile",0.025,0
2022-05-21,"32","10  day ahead inc hosp",2022-05-31,"quantile",0.05,0.484215249520119
2022-05-21,"32","10  day ahead inc hosp",2022-05-31,"quantile",0.1,9.76918480581587
2022-05-21,"32","10  day ahead inc hosp",2022-05-31,"quantile",0.15,16.0337096849568
2022-05-21,"32","10  day ahead inc hosp",2022-05-31,"quantile",0.2,21.012555469418
2022-05-21,"32","10  day ahead inc hosp",2022-05-31,"quantile",0.25,25.2839618276509
2022-05-21,"32","10  day ahead inc hosp",2022-05-31,"quantile",0.3,29.1198167507074
2022-05-21,"32","10  day ahead inc hosp",2022-05-31,"quantile",0.35,32.6743079935795
2022-05-21,"32","10  day ahead inc hosp",2022-05-31,"quantile",0.4,36.0471725886086
2022-05-21,"32","10  day ahead inc hosp",2022-05-31,"quantile",0.45,39.3104581181432
2022-05-21,"32","10  day ahead inc hosp",2022-05-31,"quantile",0.5,42.5220054884891
2022-05-21,"32","10  day ahead inc hosp",2022-05-31,"quantile",0.55,45.733552858835
2022-05-21,"32","10  day ahead inc hosp",2022-05-31,"quantile",0.6,48.9968383883696
2022-05-21,"32","10  day ahead inc hosp",2022-05-31,"quantile",0.65,52.3697029833987
2022-05-21,"32","10  day ahead inc hosp",2022-05-31,"quantile",0.7,55.9241942262708
2022-05-21,"32","10  day ahead inc hosp",2022-05-31,"quantile",0.75,59.7600491493272
2022-05-21,"32","10  day ahead inc hosp",2022-05-31,"quantile",0.8,64.0314555075602
2022-05-21,"32","10  day ahead inc hosp",2022-05-31,"quantile",0.85,69.0103012920214
2022-05-21,"32","10  day ahead inc hosp",2022-05-31,"quantile",0.9,75.2748261711623
2022-05-21,"32","10  day ahead inc hosp",2022-05-31,"quantile",0.95,84.5597957274581
2022-05-21,"32","10  day ahead inc hosp",2022-05-31,"quantile",0.975,92.6131221130928
2022-05-21,"32","10  day ahead inc hosp",2022-05-31,"quantile",0.99,101.976854448545
2022-05-21,"32","11  day ahead inc hosp",2022-06-01,"quantile",0.01,0
2022-05-21,"32","11  day ahead inc hosp",2022-06-01,"quantile",0.025,0
2022-05-21,"32","11  day ahead inc hosp",2022-06-01,"quantile",0.05,0
2022-05-21,"32","11  day ahead inc hosp",2022-06-01,"quantile",0.1,8.8844413354136
2022-05-21,"32","11  day ahead inc hosp",2022-06-01,"quantile",0.15,15.350398329056
2022-05-21,"32","11  day ahead inc hosp",2022-06-01,"quantile",0.2,20.4893359725949
2022-05-21,"32","11  day ahead inc hosp",2022-06-01,"quantile",0.25,24.8980868910672
2022-05-21,"32","11  day ahead inc hosp",2022-06-01,"quantile",0.3,28.8572814740306
2022-05-21,"32","11  day ahead inc hosp",2022-06-01,"quantile",0.35,32.5260652930903
2022-05-21,"32","11  day ahead inc hosp",2022-06-01,"quantile",0.4,36.0073823662261
2022-05-21,"32","11  day ahead inc hosp",2022-06-01,"quantile",0.45,39.3755969234392
2022-05-21,"32","11  day ahead inc hosp",2022-06-01,"quantile",0.5,42.6904097113724
2022-05-21,"32","11  day ahead inc hosp",2022-06-01,"quantile",0.55,46.0052224993056
2022-05-21,"32","11  day ahead inc hosp",2022-06-01,"quantile",0.6,49.3734370565187
2022-05-21,"32","11  day ahead inc hosp",2022-06-01,"quantile",0.65,52.8547541296545
2022-05-21,"32","11  day ahead inc hosp",2022-06-01,"quantile",0.7,56.5235379487142
2022-05-21,"32","11  day ahead inc hosp",2022-06-01,"quantile",0.75,60.4827325316777
2022-05-21,"32","11  day ahead inc hosp",2022-06-01,"quantile",0.8,64.8914834501499
2022-05-21,"32","11  day ahead inc hosp",2022-06-01,"quantile",0.85,70.0304210936889
2022-05-21,"32","11  day ahead inc hosp",2022-06-01,"quantile",0.9,76.4963780873313
2022-05-21,"32","11  day ahead inc hosp",2022-06-01,"quantile",0.95,86.0799003809677
2022-05-21,"32","11  day ahead inc hosp",2022-06-01,"quantile",0.975,94.3921767418879
2022-05-21,"32","11  day ahead inc hosp",2022-06-01,"quantile",0.99,104.056994385539
2022-05-21,"32","12  day ahead inc hosp",2022-06-02,"quantile",0.01,0
2022-05-21,"32","12  day ahead inc hosp",2022-06-02,"quantile",0.025,0
2022-05-21,"32","12  day ahead inc hosp",2022-06-02,"quantile",0.05,0
2022-05-21,"32","12  day ahead inc hosp",2022-06-02,"quantile",0.1,8.72817058909968
2022-05-21,"32","12  day ahead inc hosp",2022-06-02,"quantile",0.15,15.3853619696326
2022-05-21,"32","12  day ahead inc hosp",2022-06-02,"quantile",0.2,20.6762866416187
2022-05-21,"32","12  day ahead inc hosp",2022-06-02,"quantile",0.25,25.2154288973169
2022-05-21,"32","12  day ahead inc hosp",2022-06-02,"quantile",0.3,29.291718931023
2022-05-21,"32","12  day ahead inc hosp",2022-06-02,"quantile",0.35,33.0690091359065
2022-05-21,"32","12  day ahead inc hosp",2022-06-02,"quantile",0.4,36.6532881583264
2022-05-21,"32","12  day ahead inc hosp",2022-06-02,"quantile",0.45,40.1211195930408
2022-05-21,"32","12  day ahead inc hosp",2022-06-02,"quantile",0.5,43.5339698705181
2022-05-21,"32","12  day ahead inc hosp",2022-06-02,"quantile",0.55,46.9468201479955
2022-05-21,"32","12  day ahead inc hosp",2022-06-02,"quantile",0.6,50.4146515827099
2022-05-21,"32","12  day ahead inc hosp",2022-06-02,"quantile",0.65,53.9989306051298
2022-05-21,"32","12  day ahead inc hosp",2022-06-02,"quantile",0.7,57.7762208100132
2022-05-21,"32","12  day ahead inc hosp",2022-06-02,"quantile",0.75,61.8525108437193
2022-05-21,"32","12  day ahead inc hosp",2022-06-02,"quantile",0.8,66.3916530994176
2022-05-21,"32","12  day ahead inc hosp",2022-06-02,"quantile",0.85,71.6825777714037
2022-05-21,"32","12  day ahead inc hosp",2022-06-02,"quantile",0.9,78.3397691519366
2022-05-21,"32","12  day ahead inc hosp",2022-06-02,"quantile",0.95,88.2067296144128
2022-05-21,"32","12  day ahead inc hosp",2022-06-02,"quantile",0.975,96.7648463165398
2022-05-21,"32","12  day ahead inc hosp",2022-06-02,"quantile",0.99,106.715506485638
2022-05-21,"32","13  day ahead inc hosp",2022-06-03,"quantile",0.01,0
2022-05-21,"32","13  day ahead inc hosp",2022-06-03,"quantile",0.025,0
2022-05-21,"32","13  day ahead inc hosp",2022-06-03,"quantile",0.05,0
2022-05-21,"32","13  day ahead inc hosp",2022-06-03,"quantile",0.1,7.93537745862412
2022-05-21,"32","13  day ahead inc hosp",2022-06-03,"quantile",0.15,14.7733500688236
2022-05-21,"32","13  day ahead inc hosp",2022-06-03,"quantile",0.2,20.207953931267
2022-05-21,"32","13  day ahead inc hosp",2022-06-03,"quantile",0.25,24.87036013894
2022-05-21,"32","13  day ahead inc hosp",2022-06-03,"quantile",0.3,29.057345011152
2022-05-21,"32","13  day ahead inc hosp",2022-06-03,"quantile",0.35,32.9372104807399
2022-05-21,"32","13  day ahead inc hosp",2022-06-03,"quantile",0.4,36.6188233985073
2022-05-21,"32","13  day ahead inc hosp",2022-06-03,"quantile",0.45,40.1808265034064
2022-05-21,"32","13  day ahead inc hosp",2022-06-03,"quantile",0.5,43.6863553948161
2022-05-21,"32","13  day ahead inc hosp",2022-06-03,"quantile",0.55,47.1918842862258
2022-05-21,"32","13  day ahead inc hosp",2022-06-03,"quantile",0.6,50.7538873911249
2022-05-21,"32","13  day ahead inc hosp",2022-06-03,"quantile",0.65,54.4355003088923
2022-05-21,"32","13  day ahead inc hosp",2022-06-03,"quantile",0.7,58.3153657784802
2022-05-21,"32","13  day ahead inc hosp",2022-06-03,"quantile",0.75,62.5023506506922
2022-05-21,"32","13  day ahead inc hosp",2022-06-03,"quantile",0.8,67.1647568583652
2022-05-21,"32","13  day ahead inc hosp",2022-06-03,"quantile",0.85,72.5993607208086
2022-05-21,"32","13  day ahead inc hosp",2022-06-03,"quantile",0.9,79.4373333310081
2022-05-21,"32","13  day ahead inc hosp",2022-06-03,"quantile",0.95,89.572238808659
2022-05-21,"32","13  day ahead inc hosp",2022-06-03,"quantile",0.975,98.3627578517438
2022-05-21,"32","13  day ahead inc hosp",2022-06-03,"quantile",0.99,108.5836359669
2022-05-21,"32","14  day ahead inc hosp",2022-06-04,"quantile",0.01,0
2022-05-21,"32","14  day ahead inc hosp",2022-06-04,"quantile",0.025,0
2022-05-21,"32","14  day ahead inc hosp",2022-06-04,"quantile",0.05,0
2022-05-21,"32","14  day ahead inc hosp",2022-06-04,"quantile",0.1,7.21102406766317
2022-05-21,"32","14  day ahead inc hosp",2022-06-04,"quantile",0.15,14.2212684119213
2022-05-21,"32","14  day ahead inc hosp",2022-06-04,"quantile",0.2,19.7927883874696
2022-05-21,"32","14  day ahead inc hosp",2022-06-04,"quantile",0.25,24.5726564289446
2022-05-21,"32","14  day ahead inc hosp",2022-06-04,"quantile",0.3,28.8651256582214
2022-05-21,"32","14  day ahead inc hosp",2022-06-04,"quantile",0.35,32.8427381049416
2022-05-21,"32","14  day ahead inc hosp",2022-06-04,"quantile",0.4,36.6171033453098
2022-05-21,"32","14  day ahead inc hosp",2022-06-04,"quantile",0.45,40.2688453957391
2022-05-21,"32","14  day ahead inc hosp",2022-06-04,"quantile",0.5,43.8626904556013
2022-05-21,"32","14  day ahead inc hosp",2022-06-04,"quantile",0.55,47.4565355154635
2022-05-21,"32","14  day ahead inc hosp",2022-06-04,"quantile",0.6,51.1082775658929
2022-05-21,"32","14  day ahead inc hosp",2022-06-04,"quantile",0.65,54.8826428062611
2022-05-21,"32","14  day ahead inc hosp",2022-06-04,"quantile",0.7,58.8602552529812
2022-05-21,"32","14  day ahead inc hosp",2022-06-04,"quantile",0.75,63.152724482258
2022-05-21,"32","14  day ahead inc hosp",2022-06-04,"quantile",0.8,67.932592523733
2022-05-21,"32","14  day ahead inc hosp",2022-06-04,"quantile",0.85,73.5041124992813
2022-05-21,"32","14  day ahead inc hosp",2022-06-04,"quantile",0.9,80.5143568435395
2022-05-21,"32","14  day ahead inc hosp",2022-06-04,"quantile",0.95,90.9045949820074
2022-05-21,"32","14  day ahead inc hosp",2022-06-04,"quantile",0.975,99.9165770295754
2022-05-21,"32","14  day ahead inc hosp",2022-06-04,"quantile",0.99,110.394953748027
2022-05-21,"32","15  day ahead inc hosp",2022-06-05,"quantile",0.01,0
2022-05-21,"32","15  day ahead inc hosp",2022-06-05,"quantile",0.025,0
2022-05-21,"32","15  day ahead inc hosp",2022-06-05,"quantile",0.05,0
2022-05-21,"32","15  day ahead inc hosp",2022-06-05,"quantile",0.1,9.43214567680671
2022-05-21,"32","15  day ahead inc hosp",2022-06-05,"quantile",0.15,16.6069688465302
2022-05-21,"32","15  day ahead inc hosp",2022-06-05,"quantile",0.2,22.3092908553034
2022-05-21,"32","15  day ahead inc hosp",2022-06-05,"quantile",0.25,27.2013753944516
2022-05-21,"32","15  day ahead inc hosp",2022-06-05,"quantile",0.3,31.5946185068355
2022-05-21,"32","15  day ahead inc hosp",2022-06-05,"quantile",0.35,35.6656129745652
2022-05-21,"32","15  day ahead inc hosp",2022-06-05,"quantile",0.4,39.5285886210237
2022-05-21,"32","15  day ahead inc hosp",2022-06-05,"quantile",0.45,43.2660622648253
2022-05-21,"32","15  day ahead inc hosp",2022-06-05,"quantile",0.5,46.9442796760366
2022-05-21,"32","15  day ahead inc hosp",2022-06-05,"quantile",0.55,50.6224970872479
2022-05-21,"32","15  day ahead inc hosp",2022-06-05,"quantile",0.6,54.3599707310495
2022-05-21,"32","15  day ahead inc hosp",2022-06-05,"quantile",0.65,58.222946377508
2022-05-21,"32","15  day ahead inc hosp",2022-06-05,"quantile",0.7,62.2939408452377
2022-05-21,"32","15  day ahead inc hosp",2022-06-05,"quantile",0.75,66.6871839576216
2022-05-21,"32","15  day ahead inc hosp",2022-06-05,"quantile",0.8,71.5792684967697
2022-05-21,"32","15  day ahead inc hosp",2022-06-05,"quantile",0.85,77.281590505543
2022-05-21,"32","15  day ahead inc hosp",2022-06-05,"quantile",0.9,84.4564136752665
2022-05-21,"32","15  day ahead inc hosp",2022-06-05,"quantile",0.95,95.0905824251596
2022-05-21,"32","15  day ahead inc hosp",2022-06-05,"quantile",0.975,104.314137899796
2022-05-21,"32","15  day ahead inc hosp",2022-06-05,"quantile",0.99,115.038514450553
2022-05-21,"32","16  day ahead inc hosp",2022-06-06,"quantile",0.01,0
2022-05-21,"32","16  day ahead inc hosp",2022-06-06,"quantile",0.025,0
2022-05-21,"32","16  day ahead inc hosp",2022-06-06,"quantile",0.05,0
2022-05-21,"32","16  day ahead inc hosp",2022-06-06,"quantile",0.1,8.49797914890759
2022-05-21,"32","16  day ahead inc hosp",2022-06-06,"quantile",0.15,15.8299720488677
2022-05-21,"32","16  day ahead inc hosp",2022-06-06,"quantile",0.2,21.6572075768511
2022-05-21,"32","16  day ahead inc hosp",2022-06-06,"quantile",0.25,26.6564567929709
2022-05-21,"32","16  day ahead inc hosp",2022-06-06,"quantile",0.3,31.145937097339
2022-05-21,"32","16  day ahead inc hosp",2022-06-06,"quantile",0.35,35.3061096656508
2022-05-21,"32","16  day ahead inc hosp",2022-06-06,"quantile",0.4,39.2537066088162
2022-05-21,"32","16  day ahead inc hosp",2022-06-06,"quantile",0.45,43.0730523364959
2022-05-21,"32","16  day ahead inc hosp",2022-06-06,"quantile",0.5,46.8318437806271
2022-05-21,"32","16  day ahead inc hosp",2022-06-06,"quantile",0.55,50.5906352247583
2022-05-21,"32","16  day ahead inc hosp",2022-06-06,"quantile",0.6,54.409980952438
2022-05-21,"32","16  day ahead inc hosp",2022-06-06,"quantile",0.65,58.3575778956034
2022-05-21,"32","16  day ahead inc hosp",2022-06-06,"quantile",0.7,62.5177504639151
2022-05-21,"32","16  day ahead inc hosp",2022-06-06,"quantile",0.75,67.0072307682832
2022-05-21,"32","16  day ahead inc hosp",2022-06-06,"quantile",0.8,72.006479984403
2022-05-21,"32","16  day ahead inc hosp",2022-06-06,"quantile",0.85,77.8337155123864
2022-05-21,"32","16  day ahead inc hosp",2022-06-06,"quantile",0.9,85.1657084123466
2022-05-21,"32","16  day ahead inc hosp",2022-06-06,"quantile",0.95,96.0328263784328
2022-05-21,"32","16  day ahead inc hosp",2022-06-06,"quantile",0.975,105.458430557474
2022-05-21,"32","16  day ahead inc hosp",2022-06-06,"quantile",0.99,116.417732392041
2022-05-21,"32","17  day ahead inc hosp",2022-06-07,"quantile",0.01,0
2022-05-21,"32","17  day ahead inc hosp",2022-06-07,"quantile",0.025,0
2022-05-21,"32","17  day ahead inc hosp",2022-06-07,"quantile",0.05,0
2022-05-21,"32","17  day ahead inc hosp",2022-06-07,"quantile",0.1,8.47361394177261
2022-05-21,"32","17  day ahead inc hosp",2022-06-07,"quantile",0.15,15.955952334264
2022-05-21,"32","17  day ahead inc hosp",2022-06-07,"quantile",0.2,21.9026776936622
2022-05-21,"32","17  day ahead inc hosp",2022-06-07,"quantile",0.25,27.0044385455596
2022-05-21,"32","17  day ahead inc hosp",2022-06-07,"quantile",0.3,31.5859774671112
2022-05-21,"32","17  day ahead inc hosp",2022-06-07,"quantile",0.35,35.83145606372
2022-05-21,"32","17  day ahead inc hosp",2022-06-07,"quantile",0.4,39.8600000856446
2022-05-21,"32","17  day ahead inc hosp",2022-06-07,"quantile",0.45,43.7576630488169
2022-05-21,"32","17  day ahead inc hosp",2022-06-07,"quantile",0.5,47.5935300382603
2022-05-21,"32","17  day ahead inc hosp",2022-06-07,"quantile",0.55,51.4293970277038
2022-05-21,"32","17  day ahead inc hosp",2022-06-07,"quantile",0.6,55.327059990876
2022-05-21,"32","17  day ahead inc hosp",2022-06-07,"quantile",0.65,59.3556040128007
2022-05-21,"32","17  day ahead inc hosp",2022-06-07,"quantile",0.7,63.6010826094095
2022-05-21,"32","17  day ahead inc hosp",2022-06-07,"quantile",0.75,68.1826215309611
2022-05-21,"32","17  day ahead inc hosp",2022-06-07,"quantile",0.8,73.2843823828585
2022-05-21,"32","17  day ahead inc hosp",2022-06-07,"quantile",0.85,79.2311077422567
2022-05-21,"32","17  day ahead inc hosp",2022-06-07,"quantile",0.9,86.7134461347481
2022-05-21,"32","17  day ahead inc hosp",2022-06-07,"quantile",0.95,97.8033987687478
2022-05-21,"32","17  day ahead inc hosp",2022-06-07,"quantile",0.975,107.422278789983
2022-05-21,"32","17  day ahead inc hosp",2022-06-07,"quantile",0.99,118.606305560131
2022-05-21,"32","18  day ahead inc hosp",2022-06-08,"quantile",0.01,0
2022-05-21,"32","18  day ahead inc hosp",2022-06-08,"quantile",0.025,0
2022-05-21,"32","18  day ahead inc hosp",2022-06-08,"quantile",0.05,0
2022-05-21,"32","18  day ahead inc hosp",2022-06-08,"quantile",0.1,8.18020388915307
2022-05-21,"32","18  day ahead inc hosp",2022-06-08,"quantile",0.15,15.8066277050231
2022-05-21,"32","18  day ahead inc hosp",2022-06-08,"quantile",0.2,21.8678675913218
2022-05-21,"32","18  day ahead inc hosp",2022-06-08,"quantile",0.25,27.067871710733
2022-05-21,"32","18  day ahead inc hosp",2022-06-08,"quantile",0.3,31.7376361228478
2022-05-21,"32","18  day ahead inc hosp",2022-06-08,"quantile",0.35,36.0648687846899
2022-05-21,"32","18  day ahead inc hosp",2022-06-08,"quantile",0.4,40.1709894197735
2022-05-21,"32","18  day ahead inc hosp",2022-06-08,"quantile",0.45,44.1437086539638
2022-05-21,"32","18  day ahead inc hosp",2022-06-08,"quantile",0.5,48.053441925605
2022-05-21,"32","18  day ahead inc hosp",2022-06-08,"quantile",0.55,51.9631751972461
2022-05-21,"32","18  day ahead inc hosp",2022-06-08,"quantile",0.6,55.9358944314364
2022-05-21,"32","18  day ahead inc hosp",2022-06-08,"quantile",0.65,60.04201506652
2022-05-21,"32","18  day ahead inc hosp",2022-06-08,"quantile",0.7,64.3692477283622
2022-05-21,"32","18  day ahead inc hosp",2022-06-08,"quantile",0.75,69.039012140477
2022-05-21,"32","18  day ahead inc hosp",2022-06-08,"quantile",0.8,74.2390162598881
2022-05-21,"32","18  day ahead inc hosp",2022-06-08,"quantile",0.85,80.3002561461868
2022-05-21,"32","18  day ahead inc hosp",2022-06-08,"quantile",0.9,87.9266799620569
2022-05-21,"32","18  day ahead inc hosp",2022-06-08,"quantile",0.95,99.2301888984717
2022-05-21,"32","18  day ahead inc hosp",2022-06-08,"quantile",0.975,109.034297163551
2022-05-21,"32","18  day ahead inc hosp",2022-06-08,"quantile",0.99,120.433691797022
2022-05-21,"32","19  day ahead inc hosp",2022-06-09,"quantile",0.01,0
2022-05-21,"32","19  day ahead inc hosp",2022-06-09,"quantile",0.025,0
2022-05-21,"32","19  day ahead inc hosp",2022-06-09,"quantile",0.05,0
2022-05-21,"32","19  day ahead inc hosp",2022-06-09,"quantile",0.1,7.68669460162921
2022-05-21,"32","19  day ahead inc hosp",2022-06-09,"quantile",0.15,15.4513385996663
2022-05-21,"32","19  day ahead inc hosp",2022-06-09,"quantile",0.2,21.6224315050823
2022-05-21,"32","19  day ahead inc hosp",2022-06-09,"quantile",0.25,26.9166797333979
2022-05-21,"32","19  day ahead inc hosp",2022-06-09,"quantile",0.3,31.6710782680455
2022-05-21,"32","19  day ahead inc hosp",2022-06-09,"quantile",0.35,36.0767370574199
2022-05-21,"32","19  day ahead inc hosp",2022-06-09,"quantile",0.4,40.2572764182239
2022-05-21,"32","19  day ahead inc hosp",2022-06-09,"quantile",0.45,44.3019966307896
2022-05-21,"32","19  day ahead inc hosp",2022-06-09,"quantile",0.5,48.2825893324963
2022-05-21,"32","19  day ahead inc hosp",2022-06-09,"quantile",0.55,52.2631820342029
2022-05-21,"32","19  day ahead inc hosp",2022-06-09,"quantile",0.6,56.3079022467686
2022-05-21,"32","19  day ahead inc hosp",2022-06-09,"quantile",0.65,60.4884416075726
2022-05-21,"32","19  day ahead inc hosp",2022-06-09,"quantile",0.7,64.894100396947
2022-05-21,"32","19  day ahead inc hosp",2022-06-09,"quantile",0.75,69.6484989315946
2022-05-21,"32","19  day ahead inc hosp",2022-06-09,"quantile",0.8,74.9427471599102
2022-05-21,"32","19  day ahead inc hosp",2022-06-09,"quantile",0.85,81.1138400653262
2022-05-21,"32","19  day ahead inc hosp",2022-06-09,"quantile",0.9,88.8784840633633
2022-05-21,"32","19  day ahead inc hosp",2022-06-09,"quantile",0.95,100.38685613118
2022-05-21,"32","19  day ahead inc hosp",2022-06-09,"quantile",0.975,110.368652610697
2022-05-21,"32","19  day ahead inc hosp",2022-06-09,"quantile",0.99,121.974648193823
2022-05-21,"32","20  day ahead inc hosp",2022-06-10,"quantile",0.01,0
2022-05-21,"32","20  day ahead inc hosp",2022-06-10,"quantile",0.025,0
2022-05-21,"32","20  day ahead inc hosp",2022-06-10,"quantile",0.05,0
2022-05-21,"32","20  day ahead inc hosp",2022-06-10,"quantile",0.1,7.27940098906166
2022-05-21,"32","20  day ahead inc hosp",2022-06-10,"quantile",0.15,15.1767623071017
2022-05-21,"32","20  day ahead inc hosp",2022-06-10,"quantile",0.2,21.4533347312315
2022-05-21,"32","20  day ahead inc hosp",2022-06-10,"quantile",0.25,26.838074994529
2022-05-21,"32","20  day ahead inc hosp",2022-06-10,"quantile",0.3,31.6737381733644
2022-05-21,"32","20  day ahead inc hosp",2022-06-10,"quantile",0.35,36.1547007664317
2022-05-21,"32","20  day ahead inc hosp",2022-06-10,"quantile",0.4,40.4066960729652
2022-05-21,"32","20  day ahead inc hosp",2022-06-10,"quantile",0.45,44.5205507399772
2022-05-21,"32","20  day ahead inc hosp",2022-06-10,"quantile",0.5,48.5691817954741
2022-05-21,"32","20  day ahead inc hosp",2022-06-10,"quantile",0.55,52.617812850971
2022-05-21,"32","20  day ahead inc hosp",2022-06-10,"quantile",0.6,56.731667517983
2022-05-21,"32","20  day ahead inc hosp",2022-06-10,"quantile",0.65,60.9836628245165
2022-05-21,"32","20  day ahead inc hosp",2022-06-10,"quantile",0.7,65.4646254175839
2022-05-21,"32","20  day ahead inc hosp",2022-06-10,"quantile",0.75,70.3002885964192
2022-05-21,"32","20  day ahead inc hosp",2022-06-10,"quantile",0.8,75.6850288597167
2022-05-21,"32","20  day ahead inc hosp",2022-06-10,"quantile",0.85,81.9616012838465
2022-05-21,"32","20  day ahead inc hosp",2022-06-10,"quantile",0.9,89.8589626018866
2022-05-21,"32","20  day ahead inc hosp",2022-06-10,"quantile",0.95,101.564041730429
2022-05-21,"32","20  day ahead inc hosp",2022-06-10,"quantile",0.975,111.716452249419
2022-05-21,"32","20  day ahead inc hosp",2022-06-10,"quantile",0.99,123.520823524998
2022-05-21,"32","21  day ahead inc hosp",2022-06-11,"quantile",0.01,0
2022-05-21,"32","21  day ahead inc hosp",2022-06-11,"quantile",0.025,0
2022-05-21,"32","21  day ahead inc hosp",2022-06-11,"quantile",0.05,0
2022-05-21,"32","21  day ahead inc hosp",2022-06-11,"quantile",0.1,6.82041099712141
2022-05-21,"32","21  day ahead inc hosp",2022-06-11,"quantile",0.15,14.8453407828784
2022-05-21,"32","21  day ahead inc hosp",2022-06-11,"quantile",0.2,21.2233005811468
2022-05-21,"32","21  day ahead inc hosp",2022-06-11,"quantile",0.25,26.6950221837523
2022-05-21,"32","21  day ahead inc hosp",2022-06-11,"quantile",0.3,31.6087972935575
2022-05-21,"32","21  day ahead inc hosp",2022-06-11,"quantile",0.35,36.1621422316732
2022-05-21,"32","21  day ahead inc hosp",2022-06-11,"quantile",0.4,40.4828213053727
2022-05-21,"32","21  day ahead inc hosp",2022-06-11,"quantile",0.45,44.6631283119886
2022-05-21,"32","21  day ahead inc hosp",2022-06-11,"quantile",0.5,48.7771581303509
2022-05-21,"32","21  day ahead inc hosp",2022-06-11,"quantile",0.55,52.8911879487132
2022-05-21,"32","21  day ahead inc hosp",2022-06-11,"quantile",0.6,57.071494955329
2022-05-21,"32","21  day ahead inc hosp",2022-06-11,"quantile",0.65,61.3921740290285
2022-05-21,"32","21  day ahead inc hosp",2022-06-11,"quantile",0.7,65.9455189671442
2022-05-21,"32","21  day ahead inc hosp",2022-06-11,"quantile",0.75,70.8592940769495
2022-05-21,"32","21  day ahead inc hosp",2022-06-11,"quantile",0.8,76.331015679555
2022-05-21,"32","21  day ahead inc hosp",2022-06-11,"quantile",0.85,82.7089754778234
2022-05-21,"32","21  day ahead inc hosp",2022-06-11,"quantile",0.9,90.7339052635803
2022-05-21,"32","21  day ahead inc hosp",2022-06-11,"quantile",0.95,102.62806007814
2022-05-21,"32","21  day ahead inc hosp",2022-06-11,"quantile",0.975,112.94446555714
2022-05-21,"32","21  day ahead inc hosp",2022-06-11,"quantile",0.99,124.939516414841
2022-05-21,"32","22  day ahead inc hosp",2022-06-12,"quantile",0.01,0
2022-05-21,"32","22  day ahead inc hosp",2022-06-12,"quantile",0.025,0
2022-05-21,"32","22  day ahead inc hosp",2022-06-12,"quantile",0.05,1.88203427429101
2022-05-21,"32","22  day ahead inc hosp",2022-06-12,"quantile",0.1,14.0658410328588
2022-05-21,"32","22  day ahead inc hosp",2022-06-12,"quantile",0.15,22.2861976101122
2022-05-21,"32","22  day ahead inc hosp",2022-06-12,"quantile",0.2,28.8194764271067
2022-05-21,"32","22  day ahead inc hosp",2022-06-12,"quantile",0.25,34.4244479179115
2022-05-21,"32","22  day ahead inc hosp",2022-06-12,"quantile",0.3,39.4578855455805
2022-05-21,"32","22  day ahead inc hosp",2022-06-12,"quantile",0.35,44.1221156397773
2022-05-21,"32","22  day ahead inc hosp",2022-06-12,"quantile",0.4,48.5480138831146
2022-05-21,"32","22  day ahead inc hosp",2022-06-12,"quantile",0.45,52.8301216540465
2022-05-21,"32","22  day ahead inc hosp",2022-06-12,"quantile",0.5,57.0443382240674
2022-05-21,"32","22  day ahead inc hosp",2022-06-12,"quantile",0.55,61.2585547940883
2022-05-21,"32","22  day ahead inc hosp",2022-06-12,"quantile",0.6,65.5406625650202
2022-05-21,"32","22  day ahead inc hosp",2022-06-12,"quantile",0.65,69.9665608083575
2022-05-21,"32","22  day ahead inc hosp",2022-06-12,"quantile",0.7,74.6307909025542
2022-05-21,"32","22  day ahead inc hosp",2022-06-12,"quantile",0.75,79.6642285302233
2022-05-21,"32","22  day ahead inc hosp",2022-06-12,"quantile",0.8,85.2692000210281
2022-05-21,"32","22  day ahead inc hosp",2022-06-12,"quantile",0.85,91.8024788380226
2022-05-21,"32","22  day ahead inc hosp",2022-06-12,"quantile",0.9,100.022835415276
2022-05-21,"32","22  day ahead inc hosp",2022-06-12,"quantile",0.95,112.206642173844
2022-05-21,"32","22  day ahead inc hosp",2022-06-12,"quantile",0.975,122.774277517324
2022-05-21,"32","22  day ahead inc hosp",2022-06-12,"quantile",0.99,135.061437386012
2022-05-21,"32","23  day ahead inc hosp",2022-06-13,"quantile",0.01,0
2022-05-21,"32","23  day ahead inc hosp",2022-06-13,"quantile",0.025,0
2022-05-21,"32","23  day ahead inc hosp",2022-06-13,"quantile",0.05,1.24193529557694
2022-05-21,"32","23  day ahead inc hosp",2022-06-13,"quantile",0.1,13.6482464003858
2022-05-21,"32","23  day ahead inc hosp",2022-06-13,"quantile",0.15,22.0187256037063
2022-05-21,"32","23  day ahead inc hosp",2022-06-13,"quantile",0.2,28.6713171249148
2022-05-21,"32","23  day ahead inc hosp",2022-06-13,"quantile",0.25,34.3786482921306
2022-05-21,"32","23  day ahead inc hosp",2022-06-13,"quantile",0.3,39.5040080727755
2022-05-21,"32","23  day ahead inc hosp",2022-06-13,"quantile",0.35,44.2534177408437
2022-05-21,"32","23  day ahead inc hosp",2022-06-13,"quantile",0.4,48.7601430700563
2022-05-21,"32","23  day ahead inc hosp",2022-06-13,"quantile",0.45,53.1204519819769
2022-05-21,"32","23  day ahead inc hosp",2022-06-13,"quantile",0.5,57.4116298434407
2022-05-21,"32","23  day ahead inc hosp",2022-06-13,"quantile",0.55,61.7028077049046
2022-05-21,"32","23  day ahead inc hosp",2022-06-13,"quantile",0.6,66.0631166168251
2022-05-21,"32","23  day ahead inc hosp",2022-06-13,"quantile",0.65,70.5698419460377
2022-05-21,"32","23  day ahead inc hosp",2022-06-13,"quantile",0.7,75.3192516141059
2022-05-21,"32","23  day ahead inc hosp",2022-06-13,"quantile",0.75,80.4446113947509
2022-05-21,"32","23  day ahead inc hosp",2022-06-13,"quantile",0.8,86.1519425619667
2022-05-21,"32","23  day ahead inc hosp",2022-06-13,"quantile",0.85,92.8045340831751
2022-05-21,"32","23  day ahead inc hosp",2022-06-13,"quantile",0.9,101.175013286496
2022-05-21,"32","23  day ahead inc hosp",2022-06-13,"quantile",0.95,113.581324391304
2022-05-21,"32","23  day ahead inc hosp",2022-06-13,"quantile",0.975,124.34194907219
2022-05-21,"32","23  day ahead inc hosp",2022-06-13,"quantile",0.99,136.853500752725
2022-05-21,"32","24  day ahead inc hosp",2022-06-14,"quantile",0.01,0
2022-05-21,"32","24  day ahead inc hosp",2022-06-14,"quantile",0.025,0
2022-05-21,"32","24  day ahead inc hosp",2022-06-14,"quantile",0.05,0.66611225433774
2022-05-21,"32","24  day ahead inc hosp",2022-06-14,"quantile",0.1,13.2652937658067
2022-05-21,"32","24  day ahead inc hosp",2022-06-14,"quantile",0.15,21.7659017168465
2022-05-21,"32","24  day ahead inc hosp",2022-06-14,"quantile",0.2,28.521915441577
2022-05-21,"32","24  day ahead inc hosp",2022-06-14,"quantile",0.25,34.3179736505271
2022-05-21,"32","24  day ahead inc hosp",2022-06-14,"quantile",0.3,39.5230130568739
2022-05-21,"32","24  day ahead inc hosp",2022-06-14,"quantile",0.35,44.3462577727929
2022-05-21,"32","24  day ahead inc hosp",2022-06-14,"quantile",0.4,48.9230453420709
2022-05-21,"32","24  day ahead inc hosp",2022-06-14,"quantile",0.45,53.3511402820784
2022-05-21,"32","24  day ahead inc hosp",2022-06-14,"quantile",0.5,57.7090294497637
2022-05-21,"32","24  day ahead inc hosp",2022-06-14,"quantile",0.55,62.066918617449
2022-05-21,"32","24  day ahead inc hosp",2022-06-14,"quantile",0.6,66.4950135574565
2022-05-21,"32","24  day ahead inc hosp",2022-06-14,"quantile",0.65,71.0718011267345
2022-05-21,"32","24  day ahead inc hosp",2022-06-14,"quantile",0.7,75.8950458426535
2022-05-21,"32","24  day ahead inc hosp",2022-06-14,"quantile",0.75,81.1000852490004
2022-05-21,"32","24  day ahead inc hosp",2022-06-14,"quantile",0.8,86.8961434579504
2022-05-21,"32","24  day ahead inc hosp",2022-06-14,"quantile",0.85,93.6521571826809
2022-05-21,"32","24  day ahead inc hosp",2022-06-14,"quantile",0.9,102.152765133721
2022-05-21,"32","24  day ahead inc hosp",2022-06-14,"quantile",0.95,114.75194664519
2022-05-21,"32","24  day ahead inc hosp",2022-06-14,"quantile",0.975,125.679857640322
2022-05-21,"32","24  day ahead inc hosp",2022-06-14,"quantile",0.99,138.385915813575
2022-05-21,"32","25  day ahead inc hosp",2022-06-15,"quantile",0.01,0
2022-05-21,"32","25  day ahead inc hosp",2022-06-15,"quantile",0.025,0
2022-05-21,"32","25  day ahead inc hosp",2022-06-15,"quantile",0.05,0.0722002201731584
2022-05-21,"32","25  day ahead inc hosp",2022-06-15,"quantile",0.1,12.8786563834731
2022-05-21,"32","25  day ahead inc hosp",2022-06-15,"quantile",0.15,21.5191115580647
2022-05-21,"32","25  day ahead inc hosp",2022-06-15,"quantile",0.2,28.3862714228269
2022-05-21,"32","25  day ahead inc hosp",2022-06-15,"quantile",0.25,34.2776831232842
2022-05-21,"32","25  day ahead inc hosp",2022-06-15,"quantile",0.3,39.5683529120282
2022-05-21,"32","25  day ahead inc hosp",2022-06-15,"quantile",0.35,44.4709469387161
2022-05-21,"32","25  day ahead inc hosp",2022-06-15,"quantile",0.4,49.1230292443278
2022-05-21,"32","25  day ahead inc hosp",2022-06-15,"quantile",0.45,53.623972713117
2022-05-21,"32","25  day ahead inc hosp",2022-06-15,"quantile",0.5,58.0535554236827
2022-05-21,"32","25  day ahead inc hosp",2022-06-15,"quantile",0.55,62.4831381342484
2022-05-21,"32","25  day ahead inc hosp",2022-06-15,"quantile",0.6,66.9840816030376
2022-05-21,"32","25  day ahead inc hosp",2022-06-15,"quantile",0.65,71.6361639086493
2022-05-21,"32","25  day ahead inc hosp",2022-06-15,"quantile",0.7,76.5387579353372
2022-05-21,"32","25  day ahead inc hosp",2022-06-15,"quantile",0.75,81.8294277240812
2022-05-21,"32","25  day ahead inc hosp",2022-06-15,"quantile",0.8,87.7208394245385
2022-05-21,"32","25  day ahead inc hosp",2022-06-15,"quantile",0.85,94.5879992893007
2022-05-21,"32","25  day ahead inc hosp",2022-06-15,"quantile",0.9,103.228454463892
2022-05-21,"32","25  day ahead inc hosp",2022-06-15,"quantile",0.95,116.034910627192
2022-05-21,"32","25  day ahead inc hosp",2022-06-15,"quantile",0.975,127.142601471095
2022-05-21,"32","25  day ahead inc hosp",2022-06-15,"quantile",0.99,140.057692570939
2022-05-21,"32","26  day ahead inc hosp",2022-06-16,"quantile",0.01,0
2022-05-21,"32","26  day ahead inc hosp",2022-06-16,"quantile",0.025,0
2022-05-21,"32","26  day ahead inc hosp",2022-06-16,"quantile",0.05,0
2022-05-21,"32","26  day ahead inc hosp",2022-06-16,"quantile",0.1,12.5208051600178
2022-05-21,"32","26  day ahead inc hosp",2022-06-16,"quantile",0.15,21.2962384626676
2022-05-21,"32","26  day ahead inc hosp",2022-06-16,"quantile",0.2,28.2706746647168
2022-05-21,"32","26  day ahead inc hosp",2022-06-16,"quantile",0.25,34.2541199105001
2022-05-21,"32","26  day ahead inc hosp",2022-06-16,"quantile",0.3,39.6274386673631
2022-05-21,"32","26  day ahead inc hosp",2022-06-16,"quantile",0.35,44.6066192801718
2022-05-21,"32","26  day ahead inc hosp",2022-06-16,"quantile",0.4,49.3313747665936
2022-05-21,"32","26  day ahead inc hosp",2022-06-16,"quantile",0.45,53.9026303788564
2022-05-21,"32","26  day ahead inc hosp",2022-06-16,"quantile",0.5,58.4014104604251
2022-05-21,"32","26  day ahead inc hosp",2022-06-16,"quantile",0.55,62.9001905419938
2022-05-21,"32","26  day ahead inc hosp",2022-06-16,"quantile",0.6,67.4714461542567
2022-05-21,"32","26  day ahead inc hosp",2022-06-16,"quantile",0.65,72.1962016406785
2022-05-21,"32","26  day ahead inc hosp",2022-06-16,"quantile",0.7,77.1753822534872
2022-05-21,"32","26  day ahead inc hosp",2022-06-16,"quantile",0.75,82.5487010103502
2022-05-21,"32","26  day ahead inc hosp",2022-06-16,"quantile",0.8,88.5321462561335
2022-05-21,"32","26  day ahead inc hosp",2022-06-16,"quantile",0.85,95.5065824581827
2022-05-21,"32","26  day ahead inc hosp",2022-06-16,"quantile",0.9,104.282015760832
2022-05-21,"32","26  day ahead inc hosp",2022-06-16,"quantile",0.95,117.288529842964
2022-05-21,"32","26  day ahead inc hosp",2022-06-16,"quantile",0.975,128.569741096019
2022-05-21,"32","26  day ahead inc hosp",2022-06-16,"quantile",0.99,141.686587171167
2022-05-21,"32","27  day ahead inc hosp",2022-06-17,"quantile",0.01,0
2022-05-21,"32","27  day ahead inc hosp",2022-06-17,"quantile",0.025,0
2022-05-21,"32","27  day ahead inc hosp",2022-06-17,"quantile",0.05,0
2022-05-21,"32","27  day ahead inc hosp",2022-06-17,"quantile",0.1,12.1913185969933
2022-05-21,"32","27  day ahead inc hosp",2022-06-17,"quantile",0.15,21.0922455969204
2022-05-21,"32","27  day ahead inc hosp",2022-06-17,"quantile",0.2,28.1664202113343
2022-05-21,"32","27  day ahead inc hosp",2022-06-17,"quantile",0.25,34.2354321340501
2022-05-21,"32","27  day ahead inc hosp",2022-06-17,"quantile",0.3,39.6855924113476
2022-05-21,"32","27  day ahead inc hosp",2022-06-17,"quantile",0.35,44.7359781445148
2022-05-21,"32","27  day ahead inc hosp",2022-06-17,"quantile",0.4,49.5283003269928
2022-05-21,"32","27  day ahead inc hosp",2022-06-17,"quantile",0.45,54.1649274996331
2022-05-21,"32","27  day ahead inc hosp",2022-06-17,"quantile",0.5,58.7280427001871
2022-05-21,"32","27  day ahead inc hosp",2022-06-17,"quantile",0.55,63.291157900741
2022-05-21,"32","27  day ahead inc hosp",2022-06-17,"quantile",0.6,67.9277850733813
2022-05-21,"32","27  day ahead inc hosp",2022-06-17,"quantile",0.65,72.7201072558593
2022-05-21,"32","27  day ahead inc hosp",2022-06-17,"quantile",0.7,77.7704929890265
2022-05-21,"32","27  day ahead inc hosp",2022-06-17,"quantile",0.75,83.2206532663241
2022-05-21,"32","27  day ahead inc hosp",2022-06-17,"quantile",0.8,89.2896651890398
2022-05-21,"32","27  day ahead inc hosp",2022-06-17,"quantile",0.85,96.3638398034538
2022-05-21,"32","27  day ahead inc hosp",2022-06-17,"quantile",0.9,105.264766803381
2022-05-21,"32","27  day ahead inc hosp",2022-06-17,"quantile",0.95,118.457281449195
2022-05-21,"32","27  day ahead inc hosp",2022-06-17,"quantile",0.975,129.899820452241
2022-05-21,"32","27  day ahead inc hosp",2022-06-17,"quantile",0.99,143.204244901449
2022-05-21,"32","28  day ahead inc hosp",2022-06-18,"quantile",0.01,0
2022-05-21,"32","28  day ahead inc hosp",2022-06-18,"quantile",0.025,0
2022-05-21,"32","28  day ahead inc hosp",2022-06-18,"quantile",0.05,0
2022-05-21,"32","28  day ahead inc hosp",2022-06-18,"quantile",0.1,11.8791590376429
2022-05-21,"32","28  day ahead inc hosp",2022-06-18,"quantile",0.15,20.9019028237706
2022-05-21,"32","28  day ahead inc hosp",2022-06-18,"quantile",0.2,28.0728935581862
2022-05-21,"32","28  day ahead inc hosp",2022-06-18,"quantile",0.25,34.2249650911925
2022-05-21,"32","28  day ahead inc hosp",2022-06-18,"quantile",0.3,39.7497154655962
2022-05-21,"32","28  day ahead inc hosp",2022-06-18,"quantile",0.35,44.8692200398788
2022-05-21,"32","28  day ahead inc hosp",2022-06-18,"quantile",0.4,49.7271292434292
2022-05-21,"32","28  day ahead inc hosp",2022-06-18,"quantile",0.45,54.4272126179894
2022-05-21,"32","28  day ahead inc hosp",2022-06-18,"quantile",0.5,59.0527779463558
2022-05-21,"32","28  day ahead inc hosp",2022-06-18,"quantile",0.55,63.6783432747223
2022-05-21,"32","28  day ahead inc hosp",2022-06-18,"quantile",0.6,68.3784266492825
2022-05-21,"32","28  day ahead inc hosp",2022-06-18,"quantile",0.65,73.2363358528329
2022-05-21,"32","28  day ahead inc hosp",2022-06-18,"quantile",0.7,78.3558404271155
2022-05-21,"32","28  day ahead inc hosp",2022-06-18,"quantile",0.75,83.8805908015192
2022-05-21,"32","28  day ahead inc hosp",2022-06-18,"quantile",0.8,90.0326623345255
2022-05-21,"32","28  day ahead inc hosp",2022-06-18,"quantile",0.85,97.2036530689411
2022-05-21,"32","28  day ahead inc hosp",2022-06-18,"quantile",0.9,106.226396855069
2022-05-21,"32","28  day ahead inc hosp",2022-06-18,"quantile",0.95,119.599462328462
2022-05-21,"32","28  day ahead inc hosp",2022-06-18,"quantile",0.975,131.19860224817
2022-05-21,"32","28  day ahead inc hosp",2022-06-18,"quantile",0.99,144.685109106173
2022-05-21,"32","29  day ahead inc hosp",2022-06-19,"quantile",0.01,0
2022-05-21,"32","29  day ahead inc hosp",2022-06-19,"quantile",0.025,0
2022-05-21,"32","29  day ahead inc hosp",2022-06-19,"quantile",0.05,0
2022-05-21,"32","29  day ahead inc hosp",2022-06-19,"quantile",0.1,13.1132241425368
2022-05-21,"32","29  day ahead inc hosp",2022-06-19,"quantile",0.15,22.254507132293
2022-05-21,"32","29  day ahead inc hosp",2022-06-19,"quantile",0.2,29.5197090679834
2022-05-21,"32","29  day ahead inc hosp",2022-06-19,"quantile",0.25,35.752605422959
2022-05-21,"32","29  day ahead inc hosp",2022-06-19,"quantile",0.3,41.3499389854872
2022-05-21,"32","29  day ahead inc hosp",2022-06-19,"quantile",0.35,46.5367027006247
2022-05-21,"32","29  day ahead inc hosp",2022-06-19,"quantile",0.4,51.4584342515606
2022-05-21,"32","29  day ahead inc hosp",2022-06-19,"quantile",0.45,56.2202664858263
2022-05-21,"32","29  day ahead inc hosp",2022-06-19,"quantile",0.5,60.9066016690565
2022-05-21,"32","29  day ahead inc hosp",2022-06-19,"quantile",0.55,65.5929368522868
2022-05-21,"32","29  day ahead inc hosp",2022-06-19,"quantile",0.6,70.3547690865525
2022-05-21,"32","29  day ahead inc hosp",2022-06-19,"quantile",0.65,75.2765006374883
2022-05-21,"32","29  day ahead inc hosp",2022-06-19,"quantile",0.7,80.4632643526258
2022-05-21,"32","29  day ahead inc hosp",2022-06-19,"quantile",0.75,86.0605979151541
2022-05-21,"32","29  day ahead inc hosp",2022-06-19,"quantile",0.8,92.2934942701297
2022-05-21,"32","29  day ahead inc hosp",2022-06-19,"quantile",0.85,99.55869620582
2022-05-21,"32","29  day ahead inc hosp",2022-06-19,"quantile",0.9,108.699979195576
2022-05-21,"32","29  day ahead inc hosp",2022-06-19,"quantile",0.95,122.248737625443
2022-05-21,"32","29  day ahead inc hosp",2022-06-19,"quantile",0.975,134.000264983102
2022-05-21,"32","29  day ahead inc hosp",2022-06-19,"quantile",0.99,147.66395517032
2022-05-21,"32","30  day ahead inc hosp",2022-06-20,"quantile",0.01,0
2022-05-21,"32","30  day ahead inc hosp",2022-06-20,"quantile",0.025,0
2022-05-21,"32","30  day ahead inc hosp",2022-06-20,"quantile",0.05,0
2022-05-21,"32","30  day ahead inc hosp",2022-06-20,"quantile",0.1,12.8382392513236
2022-05-21,"32","30  day ahead inc hosp",2022-06-20,"quantile",0.15,22.0933994115094
2022-05-21,"32","30  day ahead inc hosp",2022-06-20,"quantile",0.2,29.4491073122773
2022-05-21,"32","30  day ahead inc hosp",2022-06-20,"quantile",0.25,35.7596497264856
2022-05-21,"32","30  day ahead inc hosp",2022-06-20,"quantile",0.3,41.4267118499571
2022-05-21,"32","30  day ahead inc hosp",2022-06-20,"quantile",0.35,46.6780894684415
2022-05-21,"32","30  day ahead inc hosp",2022-06-20,"quantile",0.4,51.6611332950462
2022-05-21,"32","30  day ahead inc hosp",2022-06-20,"quantile",0.45,56.4822858655826
2022-05-21,"32","30  day ahead inc hosp",2022-06-20,"quantile",0.5,61.2270008835635
2022-05-21,"32","30  day ahead inc hosp",2022-06-20,"quantile",0.55,65.9717159015444
2022-05-21,"32","30  day ahead inc hosp",2022-06-20,"quantile",0.6,70.7928684720808
2022-05-21,"32","30  day ahead inc hosp",2022-06-20,"quantile",0.65,75.7759122986855
2022-05-21,"32","30  day ahead inc hosp",2022-06-20,"quantile",0.7,81.0272899171698
2022-05-21,"32","30  day ahead inc hosp",2022-06-20,"quantile",0.75,86.6943520406413
2022-05-21,"32","30  day ahead inc hosp",2022-06-20,"quantile",0.8,93.0048944548496
2022-05-21,"32","30  day ahead inc hosp",2022-06-20,"quantile",0.85,100.360602355618
2022-05-21,"32","30  day ahead inc hosp",2022-06-20,"quantile",0.9,109.615762515803
2022-05-21,"32","30  day ahead inc hosp",2022-06-20,"quantile",0.95,123.333304066656
2022-05-21,"32","30  day ahead inc hosp",2022-06-20,"quantile",0.975,135.231225610472
2022-05-21,"32","30  day ahead inc hosp",2022-06-20,"quantile",0.99,149.065130676487
2022-05-21,"32","31  day ahead inc hosp",2022-06-21,"quantile",0.01,0
2022-05-21,"32","31  day ahead inc hosp",2022-06-21,"quantile",0.025,0
2022-05-21,"32","31  day ahead inc hosp",2022-06-21,"quantile",0.05,0
2022-05-21,"32","31  day ahead inc hosp",2022-06-21,"quantile",0.1,12.5801390625736
2022-05-21,"32","31  day ahead inc hosp",2022-06-21,"quantile",0.15,21.9450387005338
2022-05-21,"32","31  day ahead inc hosp",2022-06-21,"quantile",0.2,29.3879640594246
2022-05-21,"32","31  day ahead inc hosp",2022-06-21,"quantile",0.25,35.7733312867126
2022-05-21,"32","31  day ahead inc hosp",2022-06-21,"quantile",0.3,41.5075884048877
2022-05-21,"32","31  day ahead inc hosp",2022-06-21,"quantile",0.35,46.8212322000211
2022-05-21,"32","31  day ahead inc hosp",2022-06-21,"quantile",0.4,51.8633605392429
2022-05-21,"32","31  day ahead inc hosp",2022-06-21,"quantile",0.45,56.7416780595159
2022-05-21,"32","31  day ahead inc hosp",2022-06-21,"quantile",0.5,61.5426516985525
2022-05-21,"32","31  day ahead inc hosp",2022-06-21,"quantile",0.55,66.3436253375891
2022-05-21,"32","31  day ahead inc hosp",2022-06-21,"quantile",0.6,71.2219428578621
2022-05-21,"32","31  day ahead inc hosp",2022-06-21,"quantile",0.65,76.264071197084
2022-05-21,"32","31  day ahead inc hosp",2022-06-21,"quantile",0.7,81.5777149922173
2022-05-21,"32","31  day ahead inc hosp",2022-06-21,"quantile",0.75,87.3119721103925
2022-05-21,"32","31  day ahead inc hosp",2022-06-21,"quantile",0.8,93.6973393376804
2022-05-21,"32","31  day ahead inc hosp",2022-06-21,"quantile",0.85,101.140264696571
2022-05-21,"32","31  day ahead inc hosp",2022-06-21,"quantile",0.9,110.505164334531
2022-05-21,"32","31  day ahead inc hosp",2022-06-21,"quantile",0.95,124.385356322555
2022-05-21,"32","31  day ahead inc hosp",2022-06-21,"quantile",0.975,136.424352863909
2022-05-21,"32","31  day ahead inc hosp",2022-06-21,"quantile",0.99,150.422288102417
2022-05-21,"32","32  day ahead inc hosp",2022-06-22,"quantile",0.01,0
2022-05-21,"32","32  day ahead inc hosp",2022-06-22,"quantile",0.025,0
2022-05-21,"32","32  day ahead inc hosp",2022-06-22,"quantile",0.05,0
2022-05-21,"32","32  day ahead inc hosp",2022-06-22,"quantile",0.1,12.3377020145399
2022-05-21,"32","32  day ahead inc hosp",2022-06-22,"quantile",0.15,21.8087929067425
2022-05-21,"32","32  day ahead inc hosp",2022-06-22,"quantile",0.2,29.3361157081738
2022-05-21,"32","32  day ahead inc hosp",2022-06-22,"quantile",0.25,35.7938884262708
2022-05-21,"32","32  day ahead inc hosp",2022-06-22,"quantile",0.3,41.5931679129782
2022-05-21,"32","32  day ahead inc hosp",2022-06-22,"quantile",0.35,46.9670646228267
2022-05-21,"32","32  day ahead inc hosp",2022-06-22,"quantile",0.4,52.0663670859679
2022-05-21,"32","32  day ahead inc hosp",2022-06-22,"quantile",0.45,57.0000012328036
2022-05-21,"32","32  day ahead inc hosp",2022-06-22,"quantile",0.5,61.8554144741876
2022-05-21,"32","32  day ahead inc hosp",2022-06-22,"quantile",0.55,66.7108277155716
2022-05-21,"32","32  day ahead inc hosp",2022-06-22,"quantile",0.6,71.6444618624073
2022-05-21,"32","32  day ahead inc hosp",2022-06-22,"quantile",0.65,76.7437643255485
2022-05-21,"32","32  day ahead inc hosp",2022-06-22,"quantile",0.7,82.117661035397
2022-05-21,"32","32  day ahead inc hosp",2022-06-22,"quantile",0.75,87.9169405221044
2022-05-21,"32","32  day ahead inc hosp",2022-06-22,"quantile",0.8,94.3747132402014
2022-05-21,"32","32  day ahead inc hosp",2022-06-22,"quantile",0.85,101.902036041633
2022-05-21,"32","32  day ahead inc hosp",2022-06-22,"quantile",0.9,111.373126933835
2022-05-21,"32","32  day ahead inc hosp",2022-06-22,"quantile",0.95,125.410710357252
2022-05-21,"32","32  day ahead inc hosp",2022-06-22,"quantile",0.975,137.586220496399
2022-05-21,"32","32  day ahead inc hosp",2022-06-22,"quantile",0.99,151.742882294427
2022-05-21,"32","33  day ahead inc hosp",2022-06-23,"quantile",0.01,0
2022-05-21,"32","33  day ahead inc hosp",2022-06-23,"quantile",0.025,0
2022-05-21,"32","33  day ahead inc hosp",2022-06-23,"quantile",0.05,0
2022-05-21,"32","33  day ahead inc hosp",2022-06-23,"quantile",0.1,12.1103642103222
2022-05-21,"32","33  day ahead inc hosp",2022-06-23,"quantile",0.15,21.6841020219987
2022-05-21,"32","33  day ahead inc hosp",2022-06-23,"quantile",0.2,29.2930053410544
2022-05-21,"32","33  day ahead inc hosp",2022-06-23,"quantile",0.25,35.8207668792061
2022-05-21,"32","33  day ahead inc hosp",2022-06-23,"quantile",0.3,41.682898489418
2022-05-21,"32","33  day ahead inc hosp",2022-06-23,"quantile",0.35,47.1150370585323
2022-05-21,"32","33  day ahead inc hosp",2022-06-23,"quantile",0.4,52.2696053506329
2022-05-21,"32","33  day ahead inc hosp",2022-06-23,"quantile",0.45,57.2567098265731
2022-05-21,"32","33  day ahead inc hosp",2022-06-23,"quantile",0.5,62.1647456451949
2022-05-21,"32","33  day ahead inc hosp",2022-06-23,"quantile",0.55,67.0727814638166
2022-05-21,"32","33  day ahead inc hosp",2022-06-23,"quantile",0.6,72.0598859397568
2022-05-21,"32","33  day ahead inc hosp",2022-06-23,"quantile",0.65,77.2144542318574
2022-05-21,"32","33  day ahead inc hosp",2022-06-23,"quantile",0.7,82.6465928009717
2022-05-21,"32","33  day ahead inc hosp",2022-06-23,"quantile",0.75,88.5087244111836
2022-05-21,"32","33  day ahead inc hosp",2022-06-23,"quantile",0.8,95.0364859493353
2022-05-21,"32","33  day ahead inc hosp",2022-06-23,"quantile",0.85,102.645389268391
2022-05-21,"32","33  day ahead inc hosp",2022-06-23,"quantile",0.9,112.219127080067
2022-05-21,"32","33  day ahead inc hosp",2022-06-23,"quantile",0.95,126.408848700834
2022-05-21,"32","33  day ahead inc hosp",2022-06-23,"quantile",0.975,138.716316037207
2022-05-21,"32","33  day ahead inc hosp",2022-06-23,"quantile",0.99,153.026406594407
2022-05-21,"32","34  day ahead inc hosp",2022-06-24,"quantile",0.01,0
2022-05-21,"32","34  day ahead inc hosp",2022-06-24,"quantile",0.025,0
2022-05-21,"32","34  day ahead inc hosp",2022-06-24,"quantile",0.05,0
2022-05-21,"32","34  day ahead inc hosp",2022-06-24,"quantile",0.1,11.897269032433
2022-05-21,"32","34  day ahead inc hosp",2022-06-24,"quantile",0.15,21.5702011512843
2022-05-21,"32","34  day ahead inc hosp",2022-06-24,"quantile",0.2,29.2579409611591
2022-05-21,"32","34  day ahead inc hosp",2022-06-24,"quantile",0.25,35.8533371886992
2022-05-21,"32","34  day ahead inc hosp",2022-06-24,"quantile",0.3,41.77620684032
2022-05-21,"32","34  day ahead inc hosp",2022-06-24,"quantile",0.35,47.2646282565772
2022-05-21,"32","34  day ahead inc hosp",2022-06-24,"quantile",0.4,52.4726034667048
2022-05-21,"32","34  day ahead inc hosp",2022-06-24,"quantile",0.45,57.5113797539094
2022-05-21,"32","34  day ahead inc hosp",2022-06-24,"quantile",0.5,62.4702681467497
2022-05-21,"32","34  day ahead inc hosp",2022-06-24,"quantile",0.55,67.4291565395901
2022-05-21,"32","34  day ahead inc hosp",2022-06-24,"quantile",0.6,72.4679328267947
2022-05-21,"32","34  day ahead inc hosp",2022-06-24,"quantile",0.65,77.6759080369223
2022-05-21,"32","34  day ahead inc hosp",2022-06-24,"quantile",0.7,83.1643294531795
2022-05-21,"32","34  day ahead inc hosp",2022-06-24,"quantile",0.75,89.0871991048002
2022-05-21,"32","34  day ahead inc hosp",2022-06-24,"quantile",0.8,95.6825953323404
2022-05-21,"32","34  day ahead inc hosp",2022-06-24,"quantile",0.85,103.370335142215
2022-05-21,"32","34  day ahead inc hosp",2022-06-24,"quantile",0.9,113.043267261067
2022-05-21,"32","34  day ahead inc hosp",2022-06-24,"quantile",0.95,127.380009787655
2022-05-21,"32","34  day ahead inc hosp",2022-06-24,"quantile",0.975,139.814995834016
2022-05-21,"32","34  day ahead inc hosp",2022-06-24,"quantile",0.99,154.273354449769
2022-05-21,"32","35  day ahead inc hosp",2022-06-25,"quantile",0.01,0
2022-05-21,"32","35  day ahead inc hosp",2022-06-25,"quantile",0.025,0
2022-05-21,"32","35  day ahead inc hosp",2022-06-25,"quantile",0.05,0
2022-05-21,"32","35  day ahead inc hosp",2022-06-25,"quantile",0.1,11.697562307254
2022-05-21,"32","35  day ahead inc hosp",2022-06-25,"quantile",0.15,21.4664590354435
2022-05-21,"32","35  day ahead inc hosp",2022-06-25,"quantile",0.2,29.2304684746802
2022-05-21,"32","35  day ahead inc hosp",2022-06-25,"quantile",0.25,35.8912972530363
2022-05-21,"32","35  day ahead inc hosp",2022-06-25,"quantile",0.3,41.8729273575678
2022-05-21,"32","35  day ahead inc hosp",2022-06-25,"quantile",0.35,47.4157990905049
2022-05-21,"32","35  day ahead inc hosp",2022-06-25,"quantile",0.4,52.6754423264536
2022-05-21,"32","35  day ahead inc hosp",2022-06-25,"quantile",0.45,57.7642080265893
2022-05-21,"32","35  day ahead inc hosp",2022-06-25,"quantile",0.5,62.772293269105
2022-05-21,"32","35  day ahead inc hosp",2022-06-25,"quantile",0.55,67.7803785116207
2022-05-21,"32","35  day ahead inc hosp",2022-06-25,"quantile",0.6,72.8691442117563
2022-05-21,"32","35  day ahead inc hosp",2022-06-25,"quantile",0.65,78.1287874477051
2022-05-21,"32","35  day ahead inc hosp",2022-06-25,"quantile",0.7,83.6716591806422
2022-05-21,"32","35  day ahead inc hosp",2022-06-25,"quantile",0.75,89.6532892851737
2022-05-21,"32","35  day ahead inc hosp",2022-06-25,"quantile",0.8,96.3141180635298
2022-05-21,"32","35  day ahead inc hosp",2022-06-25,"quantile",0.85,104.078127502766
2022-05-21,"32","35  day ahead inc hosp",2022-06-25,"quantile",0.9,113.847024230956
2022-05-21,"32","35  day ahead inc hosp",2022-06-25,"quantile",0.95,128.326000764652
2022-05-21,"32","35  day ahead inc hosp",2022-06-25,"quantile",0.975,140.884353600256
2022-05-21,"32","35  day ahead inc hosp",2022-06-25,"quantile",0.99,155.486152769419
2022-05-21,"32","36  day ahead inc hosp",2022-06-26,"quantile",0.01,0
2022-05-21,"32","36  day ahead inc hosp",2022-06-26,"quantile",0.025,0
2022-05-21,"32","36  day ahead inc hosp",2022-06-26,"quantile",0.05,0
2022-05-21,"32","36  day ahead inc hosp",2022-06-26,"quantile",0.1,13.3080179160152
2022-05-21,"32","36  day ahead inc hosp",2022-06-26,"quantile",0.15,23.1698016210888
2022-05-21,"32","36  day ahead inc hosp",2022-06-26,"quantile",0.2,31.0076346849758
2022-05-21,"32","36  day ahead inc hosp",2022-06-26,"quantile",0.25,37.7317975599017
2022-05-21,"32","36  day ahead inc hosp",2022-06-26,"quantile",0.3,43.7703036405755
2022-05-21,"32","36  day ahead inc hosp",2022-06-26,"quantile",0.35,49.3658794416232
2022-05-21,"32","36  day ahead inc hosp",2022-06-26,"quantile",0.4,54.6755336842669
2022-05-21,"32","36  day ahead inc hosp",2022-06-26,"quantile",0.45,59.8126856121526
2022-05-21,"32","36  day ahead inc hosp",2022-06-26,"quantile",0.5,64.8683899370579
2022-05-21,"32","36  day ahead inc hosp",2022-06-26,"quantile",0.55,69.9240942619631
2022-05-21,"32","36  day ahead inc hosp",2022-06-26,"quantile",0.6,75.0612461898488
2022-05-21,"32","36  day ahead inc hosp",2022-06-26,"quantile",0.65,80.3709004324925
2022-05-21,"32","36  day ahead inc hosp",2022-06-26,"quantile",0.7,85.9664762335402
2022-05-21,"32","36  day ahead inc hosp",2022-06-26,"quantile",0.75,92.004982314214
2022-05-21,"32","36  day ahead inc hosp",2022-06-26,"quantile",0.8,98.7291451891399
2022-05-21,"32","36  day ahead inc hosp",2022-06-26,"quantile",0.85,106.566978253027
2022-05-21,"32","36  day ahead inc hosp",2022-06-26,"quantile",0.9,116.428761958101
2022-05-21,"32","36  day ahead inc hosp",2022-06-26,"quantile",0.95,131.045410983994
2022-05-21,"32","36  day ahead inc hosp",2022-06-26,"quantile",0.975,143.723174174933
2022-05-21,"32","36  day ahead inc hosp",2022-06-26,"quantile",0.99,158.46381368806
2022-05-21,"32","37  day ahead inc hosp",2022-06-27,"quantile",0.01,0
2022-05-21,"32","37  day ahead inc hosp",2022-06-27,"quantile",0.025,0
2022-05-21,"32","37  day ahead inc hosp",2022-06-27,"quantile",0.05,0
2022-05-21,"32","37  day ahead inc hosp",2022-06-27,"quantile",0.1,13.1330555120698
2022-05-21,"32","37  day ahead inc hosp",2022-06-27,"quantile",0.15,23.0847629445324
2022-05-21,"32","37  day ahead inc hosp",2022-06-27,"quantile",0.2,30.994064536308
2022-05-21,"32","37  day ahead inc hosp",2022-06-27,"quantile",0.25,37.779541044484
2022-05-21,"32","37  day ahead inc hosp",2022-06-27,"quantile",0.3,43.8731086627937
2022-05-21,"32","37  day ahead inc hosp",2022-06-27,"quantile",0.35,49.5197071842707
2022-05-21,"32","37  day ahead inc hosp",2022-06-27,"quantile",0.4,54.8777769990791
2022-05-21,"32","37  day ahead inc hosp",2022-06-27,"quantile",0.45,60.0617715533429
2022-05-21,"32","37  day ahead inc hosp",2022-06-27,"quantile",0.5,65.1635758324824
2022-05-21,"32","37  day ahead inc hosp",2022-06-27,"quantile",0.55,70.2653801116219
2022-05-21,"32","37  day ahead inc hosp",2022-06-27,"quantile",0.6,75.4493746658858
2022-05-21,"32","37  day ahead inc hosp",2022-06-27,"quantile",0.65,80.8074444806941
2022-05-21,"32","37  day ahead inc hosp",2022-06-27,"quantile",0.7,86.4540430021711
2022-05-21,"32","37  day ahead inc hosp",2022-06-27,"quantile",0.75,92.5476106204809
2022-05-21,"32","37  day ahead inc hosp",2022-06-27,"quantile",0.8,99.3330871286568
2022-05-21,"32","37  day ahead inc hosp",2022-06-27,"quantile",0.85,107.242388720432
2022-05-21,"32","37  day ahead inc hosp",2022-06-27,"quantile",0.9,117.194096152895
2022-05-21,"32","37  day ahead inc hosp",2022-06-27,"quantile",0.95,131.944025688852
2022-05-21,"32","37  day ahead inc hosp",2022-06-27,"quantile",0.975,144.737389845617
2022-05-21,"32","37  day ahead inc hosp",2022-06-27,"quantile",0.99,159.612440464155
2022-05-21,"33","1  day ahead inc hosp",2022-05-22,"quantile",0.01,9.07638376557868
2022-05-21,"33","1  day ahead inc hosp",2022-05-22,"quantile",0.025,11.3987317058053
2022-05-21,"33","1  day ahead inc hosp",2022-05-22,"quantile",0.05,13.3960790533838
2022-05-21,"33","1  day ahead inc hosp",2022-05-22,"quantile",0.1,15.69889262725
2022-05-21,"33","1  day ahead inc hosp",2022-05-22,"quantile",0.15,17.2525900129056
2022-05-21,"33","1  day ahead inc hosp",2022-05-22,"quantile",0.2,18.4874194418152
2022-05-21,"33","1  day ahead inc hosp",2022-05-22,"quantile",0.25,19.5467931405225
2022-05-21,"33","1  day ahead inc hosp",2022-05-22,"quantile",0.3,20.4981434632822
2022-05-21,"33","1  day ahead inc hosp",2022-05-22,"quantile",0.35,21.3797113168595
2022-05-21,"33","1  day ahead inc hosp",2022-05-22,"quantile",0.4,22.216233001196
2022-05-21,"33","1  day ahead inc hosp",2022-05-22,"quantile",0.45,23.0255774117782
2022-05-21,"33","1  day ahead inc hosp",2022-05-22,"quantile",0.5,23.8220899725041
2022-05-21,"33","1  day ahead inc hosp",2022-05-22,"quantile",0.55,24.6186025332299
2022-05-21,"33","1  day ahead inc hosp",2022-05-22,"quantile",0.6,25.4279469438121
2022-05-21,"33","1  day ahead inc hosp",2022-05-22,"quantile",0.65,26.2644686281486
2022-05-21,"33","1  day ahead inc hosp",2022-05-22,"quantile",0.7,27.146036481726
2022-05-21,"33","1  day ahead inc hosp",2022-05-22,"quantile",0.75,28.0973868044857
2022-05-21,"33","1  day ahead inc hosp",2022-05-22,"quantile",0.8,29.1567605031929
2022-05-21,"33","1  day ahead inc hosp",2022-05-22,"quantile",0.85,30.3915899321025
2022-05-21,"33","1  day ahead inc hosp",2022-05-22,"quantile",0.9,31.9452873177581
2022-05-21,"33","1  day ahead inc hosp",2022-05-22,"quantile",0.95,34.2481008916243
2022-05-21,"33","1  day ahead inc hosp",2022-05-22,"quantile",0.975,36.2454482392029
2022-05-21,"33","1  day ahead inc hosp",2022-05-22,"quantile",0.99,38.5677961794295
2022-05-21,"33","2  day ahead inc hosp",2022-05-23,"quantile",0.01,8.69028369939794
2022-05-21,"33","2  day ahead inc hosp",2022-05-23,"quantile",0.025,11.1816664730527
2022-05-21,"33","2  day ahead inc hosp",2022-05-23,"quantile",0.05,13.3243931026708
2022-05-21,"33","2  day ahead inc hosp",2022-05-23,"quantile",0.1,15.794819678074
2022-05-21,"33","2  day ahead inc hosp",2022-05-23,"quantile",0.15,17.4616047601221
2022-05-21,"33","2  day ahead inc hosp",2022-05-23,"quantile",0.2,18.7863127051716
2022-05-21,"33","2  day ahead inc hosp",2022-05-23,"quantile",0.25,19.922794167792
2022-05-21,"33","2  day ahead inc hosp",2022-05-23,"quantile",0.3,20.9433896456614
2022-05-21,"33","2  day ahead inc hosp",2022-05-23,"quantile",0.35,21.8891234550388
2022-05-21,"33","2  day ahead inc hosp",2022-05-23,"quantile",0.4,22.7865323566272
2022-05-21,"33","2  day ahead inc hosp",2022-05-23,"quantile",0.45,23.6547858545425
2022-05-21,"33","2  day ahead inc hosp",2022-05-23,"quantile",0.5,24.5092735212779
2022-05-21,"33","2  day ahead inc hosp",2022-05-23,"quantile",0.55,25.3637611880134
2022-05-21,"33","2  day ahead inc hosp",2022-05-23,"quantile",0.6,26.2320146859287
2022-05-21,"33","2  day ahead inc hosp",2022-05-23,"quantile",0.65,27.1294235875171
2022-05-21,"33","2  day ahead inc hosp",2022-05-23,"quantile",0.7,28.0751573968945
2022-05-21,"33","2  day ahead inc hosp",2022-05-23,"quantile",0.75,29.0957528747639
2022-05-21,"33","2  day ahead inc hosp",2022-05-23,"quantile",0.8,30.2322343373843
2022-05-21,"33","2  day ahead inc hosp",2022-05-23,"quantile",0.85,31.5569422824338
2022-05-21,"33","2  day ahead inc hosp",2022-05-23,"quantile",0.9,33.2237273644818
2022-05-21,"33","2  day ahead inc hosp",2022-05-23,"quantile",0.95,35.6941539398851
2022-05-21,"33","2  day ahead inc hosp",2022-05-23,"quantile",0.975,37.8368805695032
2022-05-21,"33","2  day ahead inc hosp",2022-05-23,"quantile",0.99,40.328263343158
2022-05-21,"33","3  day ahead inc hosp",2022-05-24,"quantile",0.01,7.33643081365582
2022-05-21,"33","3  day ahead inc hosp",2022-05-24,"quantile",0.025,9.92841976496924
2022-05-21,"33","3  day ahead inc hosp",2022-05-24,"quantile",0.05,12.1576732576021
2022-05-21,"33","3  day ahead inc hosp",2022-05-24,"quantile",0.1,14.7278597645445
2022-05-21,"33","3  day ahead inc hosp",2022-05-24,"quantile",0.15,16.4619523987907
2022-05-21,"33","3  day ahead inc hosp",2022-05-24,"quantile",0.2,17.8401542526344
2022-05-21,"33","3  day ahead inc hosp",2022-05-24,"quantile",0.25,19.0225287258123
2022-05-21,"33","3  day ahead inc hosp",2022-05-24,"quantile",0.3,20.0843375455455
2022-05-21,"33","3  day ahead inc hosp",2022-05-24,"quantile",0.35,21.0682616581754
2022-05-21,"33","3  day ahead inc hosp",2022-05-24,"quantile",0.4,22.0019094229125
2022-05-21,"33","3  day ahead inc hosp",2022-05-24,"quantile",0.45,22.9052244403132
2022-05-21,"33","3  day ahead inc hosp",2022-05-24,"quantile",0.5,23.794217739389
2022-05-21,"33","3  day ahead inc hosp",2022-05-24,"quantile",0.55,24.6832110384648
2022-05-21,"33","3  day ahead inc hosp",2022-05-24,"quantile",0.6,25.5865260558655
2022-05-21,"33","3  day ahead inc hosp",2022-05-24,"quantile",0.65,26.5201738206026
2022-05-21,"33","3  day ahead inc hosp",2022-05-24,"quantile",0.7,27.5040979332326
2022-05-21,"33","3  day ahead inc hosp",2022-05-24,"quantile",0.75,28.5659067529657
2022-05-21,"33","3  day ahead inc hosp",2022-05-24,"quantile",0.8,29.7482812261436
2022-05-21,"33","3  day ahead inc hosp",2022-05-24,"quantile",0.85,31.1264830799873
2022-05-21,"33","3  day ahead inc hosp",2022-05-24,"quantile",0.9,32.8605757142335
2022-05-21,"33","3  day ahead inc hosp",2022-05-24,"quantile",0.95,35.430762221176
2022-05-21,"33","3  day ahead inc hosp",2022-05-24,"quantile",0.975,37.6600157138088
2022-05-21,"33","3  day ahead inc hosp",2022-05-24,"quantile",0.99,40.2520046651222
2022-05-21,"33","4  day ahead inc hosp",2022-05-25,"quantile",0.01,5.93830977922868
2022-05-21,"33","4  day ahead inc hosp",2022-05-25,"quantile",0.025,8.66716510205203
2022-05-21,"33","4  day ahead inc hosp",2022-05-25,"quantile",0.05,11.0141312248092
2022-05-21,"33","4  day ahead inc hosp",2022-05-25,"quantile",0.1,13.7200328555105
2022-05-21,"33","4  day ahead inc hosp",2022-05-25,"quantile",0.15,15.5456918394478
2022-05-21,"33","4  day ahead inc hosp",2022-05-25,"quantile",0.2,16.9966677253136
2022-05-21,"33","4  day ahead inc hosp",2022-05-25,"quantile",0.25,18.2414758380438
2022-05-21,"33","4  day ahead inc hosp",2022-05-25,"quantile",0.3,19.3593519956876
2022-05-21,"33","4  day ahead inc hosp",2022-05-25,"quantile",0.35,20.3952308525956
2022-05-21,"33","4  day ahead inc hosp",2022-05-25,"quantile",0.4,21.378178588987
2022-05-21,"33","4  day ahead inc hosp",2022-05-25,"quantile",0.45,22.3291918995071
2022-05-21,"33","4  day ahead inc hosp",2022-05-25,"quantile",0.5,23.2651272532855
2022-05-21,"33","4  day ahead inc hosp",2022-05-25,"quantile",0.55,24.2010626070639
2022-05-21,"33","4  day ahead inc hosp",2022-05-25,"quantile",0.6,25.152075917584
2022-05-21,"33","4  day ahead inc hosp",2022-05-25,"quantile",0.65,26.1350236539754
2022-05-21,"33","4  day ahead inc hosp",2022-05-25,"quantile",0.7,27.1709025108833
2022-05-21,"33","4  day ahead inc hosp",2022-05-25,"quantile",0.75,28.2887786685271
2022-05-21,"33","4  day ahead inc hosp",2022-05-25,"quantile",0.8,29.5335867812573
2022-05-21,"33","4  day ahead inc hosp",2022-05-25,"quantile",0.85,30.9845626671232
2022-05-21,"33","4  day ahead inc hosp",2022-05-25,"quantile",0.9,32.8102216510605
2022-05-21,"33","4  day ahead inc hosp",2022-05-25,"quantile",0.95,35.5161232817617
2022-05-21,"33","4  day ahead inc hosp",2022-05-25,"quantile",0.975,37.8630894045189
2022-05-21,"33","4  day ahead inc hosp",2022-05-25,"quantile",0.99,40.5919447273423
2022-05-21,"33","5  day ahead inc hosp",2022-05-26,"quantile",0.01,4.12094811240542
2022-05-21,"33","5  day ahead inc hosp",2022-05-26,"quantile",0.025,7.01191590434547
2022-05-21,"33","5  day ahead inc hosp",2022-05-26,"quantile",0.05,9.49830769394228
2022-05-21,"33","5  day ahead inc hosp",2022-05-26,"quantile",0.1,12.3649581891476
2022-05-21,"33","5  day ahead inc hosp",2022-05-26,"quantile",0.15,14.2990736688089
2022-05-21,"33","5  day ahead inc hosp",2022-05-26,"quantile",0.2,15.8362473393353
2022-05-21,"33","5  day ahead inc hosp",2022-05-26,"quantile",0.25,17.155005476108
2022-05-21,"33","5  day ahead inc hosp",2022-05-26,"quantile",0.3,18.3392910408635
2022-05-21,"33","5  day ahead inc hosp",2022-05-26,"quantile",0.35,19.4367081104405
2022-05-21,"33","5  day ahead inc hosp",2022-05-26,"quantile",0.4,20.47804959282
2022-05-21,"33","5  day ahead inc hosp",2022-05-26,"quantile",0.45,21.4855595283688
2022-05-21,"33","5  day ahead inc hosp",2022-05-26,"quantile",0.5,22.4770957745308
2022-05-21,"33","5  day ahead inc hosp",2022-05-26,"quantile",0.55,23.4686320206927
2022-05-21,"33","5  day ahead inc hosp",2022-05-26,"quantile",0.6,24.4761419562416
2022-05-21,"33","5  day ahead inc hosp",2022-05-26,"quantile",0.65,25.517483438621
2022-05-21,"33","5  day ahead inc hosp",2022-05-26,"quantile",0.7,26.6149005081981
2022-05-21,"33","5  day ahead inc hosp",2022-05-26,"quantile",0.75,27.7991860729536
2022-05-21,"33","5  day ahead inc hosp",2022-05-26,"quantile",0.8,29.1179442097263
2022-05-21,"33","5  day ahead inc hosp",2022-05-26,"quantile",0.85,30.6551178802527
2022-05-21,"33","5  day ahead inc hosp",2022-05-26,"quantile",0.9,32.589233359914
2022-05-21,"33","5  day ahead inc hosp",2022-05-26,"quantile",0.95,35.4558838551193
2022-05-21,"33","5  day ahead inc hosp",2022-05-26,"quantile",0.975,37.9422756447161
2022-05-21,"33","5  day ahead inc hosp",2022-05-26,"quantile",0.99,40.8332434366561
2022-05-21,"33","6  day ahead inc hosp",2022-05-27,"quantile",0.01,2.6505249663897
2022-05-21,"33","6  day ahead inc hosp",2022-05-27,"quantile",0.025,5.71897643218438
2022-05-21,"33","6  day ahead inc hosp",2022-05-27,"quantile",0.05,8.358013972692
2022-05-21,"33","6  day ahead inc hosp",2022-05-27,"quantile",0.1,11.40065524267
2022-05-21,"33","6  day ahead inc hosp",2022-05-27,"quantile",0.15,13.4535108625523
2022-05-21,"33","6  day ahead inc hosp",2022-05-27,"quantile",0.2,15.0850554323873
2022-05-21,"33","6  day ahead inc hosp",2022-05-27,"quantile",0.25,16.4847753978225
2022-05-21,"33","6  day ahead inc hosp",2022-05-27,"quantile",0.3,17.7417671869476
2022-05-21,"33","6  day ahead inc hosp",2022-05-27,"quantile",0.35,18.9065574087965
2022-05-21,"33","6  day ahead inc hosp",2022-05-27,"quantile",0.4,20.0118294242469
2022-05-21,"33","6  day ahead inc hosp",2022-05-27,"quantile",0.45,21.081192890404
2022-05-21,"33","6  day ahead inc hosp",2022-05-27,"quantile",0.5,22.133602002815
2022-05-21,"33","6  day ahead inc hosp",2022-05-27,"quantile",0.55,23.1860111152259
2022-05-21,"33","6  day ahead inc hosp",2022-05-27,"quantile",0.6,24.255374581383
2022-05-21,"33","6  day ahead inc hosp",2022-05-27,"quantile",0.65,25.3606465968335
2022-05-21,"33","6  day ahead inc hosp",2022-05-27,"quantile",0.7,26.5254368186824
2022-05-21,"33","6  day ahead inc hosp",2022-05-27,"quantile",0.75,27.7824286078074
2022-05-21,"33","6  day ahead inc hosp",2022-05-27,"quantile",0.8,29.1821485732427
2022-05-21,"33","6  day ahead inc hosp",2022-05-27,"quantile",0.85,30.8136931430777
2022-05-21,"33","6  day ahead inc hosp",2022-05-27,"quantile",0.9,32.86654876296
2022-05-21,"33","6  day ahead inc hosp",2022-05-27,"quantile",0.95,35.9091900329379
2022-05-21,"33","6  day ahead inc hosp",2022-05-27,"quantile",0.975,38.5482275734456
2022-05-21,"33","6  day ahead inc hosp",2022-05-27,"quantile",0.99,41.6166790392402
2022-05-21,"33","7  day ahead inc hosp",2022-05-28,"quantile",0.01,1.03300056838286
2022-05-21,"33","7  day ahead inc hosp",2022-05-28,"quantile",0.025,4.28681265822355
2022-05-21,"33","7  day ahead inc hosp",2022-05-28,"quantile",0.05,7.08527056136109
2022-05-21,"33","7  day ahead inc hosp",2022-05-28,"quantile",0.1,10.3117132995514
2022-05-21,"33","7  day ahead inc hosp",2022-05-28,"quantile",0.15,12.4885788974371
2022-05-21,"33","7  day ahead inc hosp",2022-05-28,"quantile",0.2,14.2186826665929
2022-05-21,"33","7  day ahead inc hosp",2022-05-28,"quantile",0.25,15.7029576491679
2022-05-21,"33","7  day ahead inc hosp",2022-05-28,"quantile",0.3,17.0358824569671
2022-05-21,"33","7  day ahead inc hosp",2022-05-28,"quantile",0.35,18.2710359368995
2022-05-21,"33","7  day ahead inc hosp",2022-05-28,"quantile",0.4,19.4430758034333
2022-05-21,"33","7  day ahead inc hosp",2022-05-28,"quantile",0.45,20.5770379382115
2022-05-21,"33","7  day ahead inc hosp",2022-05-28,"quantile",0.5,21.6930215317582
2022-05-21,"33","7  day ahead inc hosp",2022-05-28,"quantile",0.55,22.8090051253049
2022-05-21,"33","7  day ahead inc hosp",2022-05-28,"quantile",0.6,23.9429672600832
2022-05-21,"33","7  day ahead inc hosp",2022-05-28,"quantile",0.65,25.1150071266169
2022-05-21,"33","7  day ahead inc hosp",2022-05-28,"quantile",0.7,26.3501606065494
2022-05-21,"33","7  day ahead inc hosp",2022-05-28,"quantile",0.75,27.6830854143486
2022-05-21,"33","7  day ahead inc hosp",2022-05-28,"quantile",0.8,29.1673603969236
2022-05-21,"33","7  day ahead inc hosp",2022-05-28,"quantile",0.85,30.8974641660794
2022-05-21,"33","7  day ahead inc hosp",2022-05-28,"quantile",0.9,33.0743297639651
2022-05-21,"33","7  day ahead inc hosp",2022-05-28,"quantile",0.95,36.3007725021554
2022-05-21,"33","7  day ahead inc hosp",2022-05-28,"quantile",0.975,39.0992304052929
2022-05-21,"33","7  day ahead inc hosp",2022-05-28,"quantile",0.99,42.3530424951336
2022-05-21,"33","8  day ahead inc hosp",2022-05-29,"quantile",0.01,0.0815792307240173
2022-05-21,"33","8  day ahead inc hosp",2022-05-29,"quantile",0.025,3.52344340685436
2022-05-21,"33","8  day ahead inc hosp",2022-05-29,"quantile",0.05,6.48363647863361
2022-05-21,"33","8  day ahead inc hosp",2022-05-29,"quantile",0.1,9.89654950811857
2022-05-21,"33","8  day ahead inc hosp",2022-05-29,"quantile",0.15,12.1992257262711
2022-05-21,"33","8  day ahead inc hosp",2022-05-29,"quantile",0.2,14.0293197881372
2022-05-21,"33","8  day ahead inc hosp",2022-05-29,"quantile",0.25,15.5993775385531
2022-05-21,"33","8  day ahead inc hosp",2022-05-29,"quantile",0.3,17.0093379231013
2022-05-21,"33","8  day ahead inc hosp",2022-05-29,"quantile",0.35,18.3158763454877
2022-05-21,"33","8  day ahead inc hosp",2022-05-29,"quantile",0.4,19.5556535416615
2022-05-21,"33","8  day ahead inc hosp",2022-05-29,"quantile",0.45,20.7551523267843
2022-05-21,"33","8  day ahead inc hosp",2022-05-29,"quantile",0.5,21.9356335118442
2022-05-21,"33","8  day ahead inc hosp",2022-05-29,"quantile",0.55,23.1161146969042
2022-05-21,"33","8  day ahead inc hosp",2022-05-29,"quantile",0.6,24.3156134820269
2022-05-21,"33","8  day ahead inc hosp",2022-05-29,"quantile",0.65,25.5553906782007
2022-05-21,"33","8  day ahead inc hosp",2022-05-29,"quantile",0.7,26.8619291005871
2022-05-21,"33","8  day ahead inc hosp",2022-05-29,"quantile",0.75,28.2718894851354
2022-05-21,"33","8  day ahead inc hosp",2022-05-29,"quantile",0.8,29.8419472355513
2022-05-21,"33","8  day ahead inc hosp",2022-05-29,"quantile",0.85,31.6720412974173
2022-05-21,"33","8  day ahead inc hosp",2022-05-29,"quantile",0.9,33.9747175155699
2022-05-21,"33","8  day ahead inc hosp",2022-05-29,"quantile",0.95,37.3876305450549
2022-05-21,"33","8  day ahead inc hosp",2022-05-29,"quantile",0.975,40.3478236168341
2022-05-21,"33","8  day ahead inc hosp",2022-05-29,"quantile",0.99,43.7896877929645
2022-05-21,"33","9  day ahead inc hosp",2022-05-30,"quantile",0.01,0
2022-05-21,"33","9  day ahead inc hosp",2022-05-30,"quantile",0.025,3.05255726978447
2022-05-21,"33","9  day ahead inc hosp",2022-05-30,"quantile",0.05,6.17390085754272
2022-05-21,"33","9  day ahead inc hosp",2022-05-30,"quantile",0.1,9.77261011124571
2022-05-21,"33","9  day ahead inc hosp",2022-05-30,"quantile",0.15,12.2006421598086
2022-05-21,"33","9  day ahead inc hosp",2022-05-30,"quantile",0.2,14.1303650618241
2022-05-21,"33","9  day ahead inc hosp",2022-05-30,"quantile",0.25,15.7858954859682
2022-05-21,"33","9  day ahead inc hosp",2022-05-30,"quantile",0.3,17.2726129731683
2022-05-21,"33","9  day ahead inc hosp",2022-05-30,"quantile",0.35,18.6502782902566
2022-05-21,"33","9  day ahead inc hosp",2022-05-30,"quantile",0.4,19.9575479539884
2022-05-21,"33","9  day ahead inc hosp",2022-05-30,"quantile",0.45,21.2223464825574
2022-05-21,"33","9  day ahead inc hosp",2022-05-30,"quantile",0.5,22.4670921083019
2022-05-21,"33","9  day ahead inc hosp",2022-05-30,"quantile",0.55,23.7118377340463
2022-05-21,"33","9  day ahead inc hosp",2022-05-30,"quantile",0.6,24.9766362626153
2022-05-21,"33","9  day ahead inc hosp",2022-05-30,"quantile",0.65,26.2839059263471
2022-05-21,"33","9  day ahead inc hosp",2022-05-30,"quantile",0.7,27.6615712434355
2022-05-21,"33","9  day ahead inc hosp",2022-05-30,"quantile",0.75,29.1482887306356
2022-05-21,"33","9  day ahead inc hosp",2022-05-30,"quantile",0.8,30.8038191547796
2022-05-21,"33","9  day ahead inc hosp",2022-05-30,"quantile",0.85,32.7335420567951
2022-05-21,"33","9  day ahead inc hosp",2022-05-30,"quantile",0.9,35.161574105358
2022-05-21,"33","9  day ahead inc hosp",2022-05-30,"quantile",0.95,38.760283359061
2022-05-21,"33","9  day ahead inc hosp",2022-05-30,"quantile",0.975,41.8816269468193
2022-05-21,"33","9  day ahead inc hosp",2022-05-30,"quantile",0.99,45.510863424169
2022-05-21,"33","10  day ahead inc hosp",2022-05-31,"quantile",0.01,0
2022-05-21,"33","10  day ahead inc hosp",2022-05-31,"quantile",0.025,1.96727473684109
2022-05-21,"33","10  day ahead inc hosp",2022-05-31,"quantile",0.05,5.24739825594139
2022-05-21,"33","10  day ahead inc hosp",2022-05-31,"quantile",0.1,9.02917060159746
2022-05-21,"33","10  day ahead inc hosp",2022-05-31,"quantile",0.15,11.5807144492071
2022-05-21,"33","10  day ahead inc hosp",2022-05-31,"quantile",0.2,13.6086006137013
2022-05-21,"33","10  day ahead inc hosp",2022-05-31,"quantile",0.25,15.3483463764294
2022-05-21,"33","10  day ahead inc hosp",2022-05-31,"quantile",0.3,16.9106918404624
2022-05-21,"33","10  day ahead inc hosp",2022-05-31,"quantile",0.35,18.3584377489082
2022-05-21,"33","10  day ahead inc hosp",2022-05-31,"quantile",0.4,19.7322070406421
2022-05-21,"33","10  day ahead inc hosp",2022-05-31,"quantile",0.45,21.0613447288972
2022-05-21,"33","10  day ahead inc hosp",2022-05-31,"quantile",0.5,22.3694094412584
2022-05-21,"33","10  day ahead inc hosp",2022-05-31,"quantile",0.55,23.6774741536196
2022-05-21,"33","10  day ahead inc hosp",2022-05-31,"quantile",0.6,25.0066118418747
2022-05-21,"33","10  day ahead inc hosp",2022-05-31,"quantile",0.65,26.3803811336086
2022-05-21,"33","10  day ahead inc hosp",2022-05-31,"quantile",0.7,27.8281270420543
2022-05-21,"33","10  day ahead inc hosp",2022-05-31,"quantile",0.75,29.3904725060874
2022-05-21,"33","10  day ahead inc hosp",2022-05-31,"quantile",0.8,31.1302182688154
2022-05-21,"33","10  day ahead inc hosp",2022-05-31,"quantile",0.85,33.1581044333096
2022-05-21,"33","10  day ahead inc hosp",2022-05-31,"quantile",0.9,35.7096482809193
2022-05-21,"33","10  day ahead inc hosp",2022-05-31,"quantile",0.95,39.4914206265753
2022-05-21,"33","10  day ahead inc hosp",2022-05-31,"quantile",0.975,42.7715441456756
2022-05-21,"33","10  day ahead inc hosp",2022-05-31,"quantile",0.99,46.585396607295
2022-05-21,"33","11  day ahead inc hosp",2022-06-01,"quantile",0.01,0
2022-05-21,"33","11  day ahead inc hosp",2022-06-01,"quantile",0.025,1.04720627210115
2022-05-21,"33","11  day ahead inc hosp",2022-06-01,"quantile",0.05,4.48270711673207
2022-05-21,"33","11  day ahead inc hosp",2022-06-01,"quantile",0.1,8.44361956775676
2022-05-21,"33","11  day ahead inc hosp",2022-06-01,"quantile",0.15,11.1160283939891
2022-05-21,"33","11  day ahead inc hosp",2022-06-01,"quantile",0.2,13.2399742119948
2022-05-21,"33","11  day ahead inc hosp",2022-06-01,"quantile",0.25,15.062130604122
2022-05-21,"33","11  day ahead inc hosp",2022-06-01,"quantile",0.3,16.698483360363
2022-05-21,"33","11  day ahead inc hosp",2022-06-01,"quantile",0.35,18.2148080543308
2022-05-21,"33","11  day ahead inc hosp",2022-06-01,"quantile",0.4,19.6536519071911
2022-05-21,"33","11  day ahead inc hosp",2022-06-01,"quantile",0.45,21.0457499864377
2022-05-21,"33","11  day ahead inc hosp",2022-06-01,"quantile",0.5,22.4157768765779
2022-05-21,"33","11  day ahead inc hosp",2022-06-01,"quantile",0.55,23.7858037667182
2022-05-21,"33","11  day ahead inc hosp",2022-06-01,"quantile",0.6,25.1779018459647
2022-05-21,"33","11  day ahead inc hosp",2022-06-01,"quantile",0.65,26.616745698825
2022-05-21,"33","11  day ahead inc hosp",2022-06-01,"quantile",0.7,28.1330703927928
2022-05-21,"33","11  day ahead inc hosp",2022-06-01,"quantile",0.75,29.7694231490339
2022-05-21,"33","11  day ahead inc hosp",2022-06-01,"quantile",0.8,31.5915795411611
2022-05-21,"33","11  day ahead inc hosp",2022-06-01,"quantile",0.85,33.7155253591667
2022-05-21,"33","11  day ahead inc hosp",2022-06-01,"quantile",0.9,36.3879341853991
2022-05-21,"33","11  day ahead inc hosp",2022-06-01,"quantile",0.95,40.3488466364237
2022-05-21,"33","11  day ahead inc hosp",2022-06-01,"quantile",0.975,43.7843474810547
2022-05-21,"33","11  day ahead inc hosp",2022-06-01,"quantile",0.99,47.7788596623474
2022-05-21,"33","12  day ahead inc hosp",2022-06-02,"quantile",0.01,0
2022-05-21,"33","12  day ahead inc hosp",2022-06-02,"quantile",0.025,0
2022-05-21,"33","12  day ahead inc hosp",2022-06-02,"quantile",0.05,3.30532071713283
2022-05-21,"33","12  day ahead inc hosp",2022-06-02,"quantile",0.1,7.44082957758222
2022-05-21,"33","12  day ahead inc hosp",2022-06-02,"quantile",0.15,10.2310377723551
2022-05-21,"33","12  day ahead inc hosp",2022-06-02,"quantile",0.2,12.4486067941608
2022-05-21,"33","12  day ahead inc hosp",2022-06-02,"quantile",0.25,14.3510835587803
2022-05-21,"33","12  day ahead inc hosp",2022-06-02,"quantile",0.3,16.0595664919249
2022-05-21,"33","12  day ahead inc hosp",2022-06-02,"quantile",0.35,17.642730544339
2022-05-21,"33","12  day ahead inc hosp",2022-06-02,"quantile",0.4,19.1449984121298
2022-05-21,"33","12  day ahead inc hosp",2022-06-02,"quantile",0.45,20.5984599598218
2022-05-21,"33","12  day ahead inc hosp",2022-06-02,"quantile",0.5,22.0288774237987
2022-05-21,"33","12  day ahead inc hosp",2022-06-02,"quantile",0.55,23.4592948877755
2022-05-21,"33","12  day ahead inc hosp",2022-06-02,"quantile",0.6,24.9127564354675
2022-05-21,"33","12  day ahead inc hosp",2022-06-02,"quantile",0.65,26.4150243032583
2022-05-21,"33","12  day ahead inc hosp",2022-06-02,"quantile",0.7,27.9981883556724
2022-05-21,"33","12  day ahead inc hosp",2022-06-02,"quantile",0.75,29.706671288817
2022-05-21,"33","12  day ahead inc hosp",2022-06-02,"quantile",0.8,31.6091480534365
2022-05-21,"33","12  day ahead inc hosp",2022-06-02,"quantile",0.85,33.8267170752422
2022-05-21,"33","12  day ahead inc hosp",2022-06-02,"quantile",0.9,36.6169252700151
2022-05-21,"33","12  day ahead inc hosp",2022-06-02,"quantile",0.95,40.7524341304645
2022-05-21,"33","12  day ahead inc hosp",2022-06-02,"quantile",0.975,44.3393713220141
2022-05-21,"33","12  day ahead inc hosp",2022-06-02,"quantile",0.99,48.5099609836553
2022-05-21,"33","13  day ahead inc hosp",2022-06-03,"quantile",0.01,0
2022-05-21,"33","13  day ahead inc hosp",2022-06-03,"quantile",0.025,0
2022-05-21,"33","13  day ahead inc hosp",2022-06-03,"quantile",0.05,3.43621270566195
2022-05-21,"33","13  day ahead inc hosp",2022-06-03,"quantile",0.1,7.74151662289401
2022-05-21,"33","13  day ahead inc hosp",2022-06-03,"quantile",0.15,10.6462847363743
2022-05-21,"33","13  day ahead inc hosp",2022-06-03,"quantile",0.2,12.9549023499453
2022-05-21,"33","13  day ahead inc hosp",2022-06-03,"quantile",0.25,14.9354906991791
2022-05-21,"33","13  day ahead inc hosp",2022-06-03,"quantile",0.3,16.7141202494474
2022-05-21,"33","13  day ahead inc hosp",2022-06-03,"quantile",0.35,18.3622855965624
2022-05-21,"33","13  day ahead inc hosp",2022-06-03,"quantile",0.4,19.9262333365338
2022-05-21,"33","13  day ahead inc hosp",2022-06-03,"quantile",0.45,21.4393708743759
2022-05-21,"33","13  day ahead inc hosp",2022-06-03,"quantile",0.5,22.9285181882248
2022-05-21,"33","13  day ahead inc hosp",2022-06-03,"quantile",0.55,24.4176655020737
2022-05-21,"33","13  day ahead inc hosp",2022-06-03,"quantile",0.6,25.9308030399157
2022-05-21,"33","13  day ahead inc hosp",2022-06-03,"quantile",0.65,27.4947507798871
2022-05-21,"33","13  day ahead inc hosp",2022-06-03,"quantile",0.7,29.1429161270021
2022-05-21,"33","13  day ahead inc hosp",2022-06-03,"quantile",0.75,30.9215456772704
2022-05-21,"33","13  day ahead inc hosp",2022-06-03,"quantile",0.8,32.9021340265042
2022-05-21,"33","13  day ahead inc hosp",2022-06-03,"quantile",0.85,35.2107516400752
2022-05-21,"33","13  day ahead inc hosp",2022-06-03,"quantile",0.9,38.1155197535555
2022-05-21,"33","13  day ahead inc hosp",2022-06-03,"quantile",0.95,42.4208236707876
2022-05-21,"33","13  day ahead inc hosp",2022-06-03,"quantile",0.975,46.1550327518838
2022-05-21,"33","13  day ahead inc hosp",2022-06-03,"quantile",0.99,50.4968578121933
2022-05-21,"33","14  day ahead inc hosp",2022-06-04,"quantile",0.01,0
2022-05-21,"33","14  day ahead inc hosp",2022-06-04,"quantile",0.025,0
2022-05-21,"33","14  day ahead inc hosp",2022-06-04,"quantile",0.05,1.32377362437529
2022-05-21,"33","14  day ahead inc hosp",2022-06-04,"quantile",0.1,5.79403911776577
2022-05-21,"33","14  day ahead inc hosp",2022-06-04,"quantile",0.15,8.81010602352331
2022-05-21,"33","14  day ahead inc hosp",2022-06-04,"quantile",0.2,11.2071803889528
2022-05-21,"33","14  day ahead inc hosp",2022-06-04,"quantile",0.25,13.2636567549426
2022-05-21,"33","14  day ahead inc hosp",2022-06-04,"quantile",0.3,15.1104360896755
2022-05-21,"33","14  day ahead inc hosp",2022-06-04,"quantile",0.35,16.8217523684452
2022-05-21,"33","14  day ahead inc hosp",2022-06-04,"quantile",0.4,18.4456241670138
2022-05-21,"33","14  day ahead inc hosp",2022-06-04,"quantile",0.45,20.0167389250442
2022-05-21,"33","14  day ahead inc hosp",2022-06-04,"quantile",0.5,21.5629442521594
2022-05-21,"33","14  day ahead inc hosp",2022-06-04,"quantile",0.55,23.1091495792745
2022-05-21,"33","14  day ahead inc hosp",2022-06-04,"quantile",0.6,24.6802643373049
2022-05-21,"33","14  day ahead inc hosp",2022-06-04,"quantile",0.65,26.3041361358735
2022-05-21,"33","14  day ahead inc hosp",2022-06-04,"quantile",0.7,28.0154524146432
2022-05-21,"33","14  day ahead inc hosp",2022-06-04,"quantile",0.75,29.8622317493761
2022-05-21,"33","14  day ahead inc hosp",2022-06-04,"quantile",0.8,31.9187081153659
2022-05-21,"33","14  day ahead inc hosp",2022-06-04,"quantile",0.85,34.3157824807954
2022-05-21,"33","14  day ahead inc hosp",2022-06-04,"quantile",0.9,37.3318493865529
2022-05-21,"33","14  day ahead inc hosp",2022-06-04,"quantile",0.95,41.8021148799434
2022-05-21,"33","14  day ahead inc hosp",2022-06-04,"quantile",0.975,45.6794035269809
2022-05-21,"33","14  day ahead inc hosp",2022-06-04,"quantile",0.99,50.1875895037604
2022-05-21,"33","15  day ahead inc hosp",2022-06-05,"quantile",0.01,0
2022-05-21,"33","15  day ahead inc hosp",2022-06-05,"quantile",0.025,0
2022-05-21,"33","15  day ahead inc hosp",2022-06-05,"quantile",0.05,1.16846555627059
2022-05-21,"33","15  day ahead inc hosp",2022-06-05,"quantile",0.1,5.79896240966152
2022-05-21,"33","15  day ahead inc hosp",2022-06-05,"quantile",0.15,8.92313665331128
2022-05-21,"33","15  day ahead inc hosp",2022-06-05,"quantile",0.2,11.4061313038251
2022-05-21,"33","15  day ahead inc hosp",2022-06-05,"quantile",0.25,13.5363196239301
2022-05-21,"33","15  day ahead inc hosp",2022-06-05,"quantile",0.3,15.4492945716222
2022-05-21,"33","15  day ahead inc hosp",2022-06-05,"quantile",0.35,17.2219509509169
2022-05-21,"33","15  day ahead inc hosp",2022-06-05,"quantile",0.4,18.9040285064223
2022-05-21,"33","15  day ahead inc hosp",2022-06-05,"quantile",0.45,20.5314580078987
2022-05-21,"33","15  day ahead inc hosp",2022-06-05,"quantile",0.5,22.1330852294785
2022-05-21,"33","15  day ahead inc hosp",2022-06-05,"quantile",0.55,23.7347124510582
2022-05-21,"33","15  day ahead inc hosp",2022-06-05,"quantile",0.6,25.3621419525347
2022-05-21,"33","15  day ahead inc hosp",2022-06-05,"quantile",0.65,27.0442195080401
2022-05-21,"33","15  day ahead inc hosp",2022-06-05,"quantile",0.7,28.8168758873348
2022-05-21,"33","15  day ahead inc hosp",2022-06-05,"quantile",0.75,30.7298508350268
2022-05-21,"33","15  day ahead inc hosp",2022-06-05,"quantile",0.8,32.8600391551318
2022-05-21,"33","15  day ahead inc hosp",2022-06-05,"quantile",0.85,35.3430338056457
2022-05-21,"33","15  day ahead inc hosp",2022-06-05,"quantile",0.9,38.4672080492954
2022-05-21,"33","15  day ahead inc hosp",2022-06-05,"quantile",0.95,43.0977049026864
2022-05-21,"33","15  day ahead inc hosp",2022-06-05,"quantile",0.975,47.113970358584
2022-05-21,"33","15  day ahead inc hosp",2022-06-05,"quantile",0.99,51.7837469100761
2022-05-21,"33","16  day ahead inc hosp",2022-06-06,"quantile",0.01,0
2022-05-21,"33","16  day ahead inc hosp",2022-06-06,"quantile",0.025,0
2022-05-21,"33","16  day ahead inc hosp",2022-06-06,"quantile",0.05,0.297508928765048
2022-05-21,"33","16  day ahead inc hosp",2022-06-06,"quantile",0.1,5.08368729624069
2022-05-21,"33","16  day ahead inc hosp",2022-06-06,"quantile",0.15,8.31289911834375
2022-05-21,"33","16  day ahead inc hosp",2022-06-06,"quantile",0.2,10.8793743064533
2022-05-21,"33","16  day ahead inc hosp",2022-06-06,"quantile",0.25,13.0811814945674
2022-05-21,"33","16  day ahead inc hosp",2022-06-06,"quantile",0.3,15.0584723992057
2022-05-21,"33","16  day ahead inc hosp",2022-06-06,"quantile",0.35,16.8907270976049
2022-05-21,"33","16  day ahead inc hosp",2022-06-06,"quantile",0.4,18.6293576298081
2022-05-21,"33","16  day ahead inc hosp",2022-06-06,"quantile",0.45,20.3115027907219
2022-05-21,"33","16  day ahead inc hosp",2022-06-06,"quantile",0.5,21.9669781756304
2022-05-21,"33","16  day ahead inc hosp",2022-06-06,"quantile",0.55,23.622453560539
2022-05-21,"33","16  day ahead inc hosp",2022-06-06,"quantile",0.6,25.3045987214528
2022-05-21,"33","16  day ahead inc hosp",2022-06-06,"quantile",0.65,27.0432292536559
2022-05-21,"33","16  day ahead inc hosp",2022-06-06,"quantile",0.7,28.8754839520551
2022-05-21,"33","16  day ahead inc hosp",2022-06-06,"quantile",0.75,30.8527748566935
2022-05-21,"33","16  day ahead inc hosp",2022-06-06,"quantile",0.8,33.0545820448075
2022-05-21,"33","16  day ahead inc hosp",2022-06-06,"quantile",0.85,35.6210572329171
2022-05-21,"33","16  day ahead inc hosp",2022-06-06,"quantile",0.9,38.8502690550201
2022-05-21,"33","16  day ahead inc hosp",2022-06-06,"quantile",0.95,43.6364474224958
2022-05-21,"33","16  day ahead inc hosp",2022-06-06,"quantile",0.975,47.7877433744583
2022-05-21,"33","16  day ahead inc hosp",2022-06-06,"quantile",0.99,52.6145220591968
2022-05-21,"33","17  day ahead inc hosp",2022-06-07,"quantile",0.01,0
2022-05-21,"33","17  day ahead inc hosp",2022-06-07,"quantile",0.025,0
2022-05-21,"33","17  day ahead inc hosp",2022-06-07,"quantile",0.05,0.154880817150033
2022-05-21,"33","17  day ahead inc hosp",2022-06-07,"quantile",0.1,5.09241112368703
2022-05-21,"33","17  day ahead inc hosp",2022-06-07,"quantile",0.15,8.42373938052985
2022-05-21,"33","17  day ahead inc hosp",2022-06-07,"quantile",0.2,11.0713734738137
2022-05-21,"33","17  day ahead inc hosp",2022-06-07,"quantile",0.25,13.3428077760414
2022-05-21,"33","17  day ahead inc hosp",2022-06-07,"quantile",0.3,15.3826259810702
2022-05-21,"33","17  day ahead inc hosp",2022-06-07,"quantile",0.35,17.2728215417116
2022-05-21,"33","17  day ahead inc hosp",2022-06-07,"quantile",0.4,19.0664322861335
2022-05-21,"33","17  day ahead inc hosp",2022-06-07,"quantile",0.45,20.8017714386497
2022-05-21,"33","17  day ahead inc hosp",2022-06-07,"quantile",0.5,22.5095974445206
2022-05-21,"33","17  day ahead inc hosp",2022-06-07,"quantile",0.55,24.2174234503916
2022-05-21,"33","17  day ahead inc hosp",2022-06-07,"quantile",0.6,25.9527626029078
2022-05-21,"33","17  day ahead inc hosp",2022-06-07,"quantile",0.65,27.7463733473296
2022-05-21,"33","17  day ahead inc hosp",2022-06-07,"quantile",0.7,29.6365689079711
2022-05-21,"33","17  day ahead inc hosp",2022-06-07,"quantile",0.75,31.6763871129999
2022-05-21,"33","17  day ahead inc hosp",2022-06-07,"quantile",0.8,33.9478214152276
2022-05-21,"33","17  day ahead inc hosp",2022-06-07,"quantile",0.85,36.5954555085114
2022-05-21,"33","17  day ahead inc hosp",2022-06-07,"quantile",0.9,39.9267837653543
2022-05-21,"33","17  day ahead inc hosp",2022-06-07,"quantile",0.95,44.8643140718913
2022-05-21,"33","17  day ahead inc hosp",2022-06-07,"quantile",0.975,49.1468852592727
2022-05-21,"33","17  day ahead inc hosp",2022-06-07,"quantile",0.99,54.1262997752037
2022-05-21,"33","18  day ahead inc hosp",2022-06-08,"quantile",0.01,0
2022-05-21,"33","18  day ahead inc hosp",2022-06-08,"quantile",0.025,0
2022-05-21,"33","18  day ahead inc hosp",2022-06-08,"quantile",0.05,0
2022-05-21,"33","18  day ahead inc hosp",2022-06-08,"quantile",0.1,4.4637947746955
2022-05-21,"33","18  day ahead inc hosp",2022-06-08,"quantile",0.15,7.89447808540589
2022-05-21,"33","18  day ahead inc hosp",2022-06-08,"quantile",0.2,10.6210764258844
2022-05-21,"33","18  day ahead inc hosp",2022-06-08,"quantile",0.25,12.9602550210952
2022-05-21,"33","18  day ahead inc hosp",2022-06-08,"quantile",0.3,15.0609096949482
2022-05-21,"33","18  day ahead inc hosp",2022-06-08,"quantile",0.35,17.0074793104016
2022-05-21,"33","18  day ahead inc hosp",2022-06-08,"quantile",0.4,18.8545835200092
2022-05-21,"33","18  day ahead inc hosp",2022-06-08,"quantile",0.45,20.6416782191673
2022-05-21,"33","18  day ahead inc hosp",2022-06-08,"quantile",0.5,22.4004392070417
2022-05-21,"33","18  day ahead inc hosp",2022-06-08,"quantile",0.55,24.1592001949161
2022-05-21,"33","18  day ahead inc hosp",2022-06-08,"quantile",0.6,25.9462948940742
2022-05-21,"33","18  day ahead inc hosp",2022-06-08,"quantile",0.65,27.7933991036818
2022-05-21,"33","18  day ahead inc hosp",2022-06-08,"quantile",0.7,29.7399687191351
2022-05-21,"33","18  day ahead inc hosp",2022-06-08,"quantile",0.75,31.8406233929882
2022-05-21,"33","18  day ahead inc hosp",2022-06-08,"quantile",0.8,34.179801988199
2022-05-21,"33","18  day ahead inc hosp",2022-06-08,"quantile",0.85,36.9064003286775
2022-05-21,"33","18  day ahead inc hosp",2022-06-08,"quantile",0.9,40.3370836393879
2022-05-21,"33","18  day ahead inc hosp",2022-06-08,"quantile",0.95,45.4218731025604
2022-05-21,"33","18  day ahead inc hosp",2022-06-08,"quantile",0.975,49.8321696469792
2022-05-21,"33","18  day ahead inc hosp",2022-06-08,"quantile",0.99,54.9600924933166
2022-05-21,"33","19  day ahead inc hosp",2022-06-09,"quantile",0.01,0
2022-05-21,"33","19  day ahead inc hosp",2022-06-09,"quantile",0.025,0
2022-05-21,"33","19  day ahead inc hosp",2022-06-09,"quantile",0.05,0
2022-05-21,"33","19  day ahead inc hosp",2022-06-09,"quantile",0.1,3.84955319427651
2022-05-21,"33","19  day ahead inc hosp",2022-06-09,"quantile",0.15,7.37699139167795
2022-05-21,"33","19  day ahead inc hosp",2022-06-09,"quantile",0.2,10.1804874489062
2022-05-21,"33","19  day ahead inc hosp",2022-06-09,"quantile",0.25,12.5856374379857
2022-05-21,"33","19  day ahead inc hosp",2022-06-09,"quantile",0.3,14.7455364624645
2022-05-21,"33","19  day ahead inc hosp",2022-06-09,"quantile",0.35,16.7470047979459
2022-05-21,"33","19  day ahead inc hosp",2022-06-09,"quantile",0.4,18.6462025243024
2022-05-21,"33","19  day ahead inc hosp",2022-06-09,"quantile",0.45,20.4836983037886
2022-05-21,"33","19  day ahead inc hosp",2022-06-09,"quantile",0.5,22.2920612819042
2022-05-21,"33","19  day ahead inc hosp",2022-06-09,"quantile",0.55,24.1004242600197
2022-05-21,"33","19  day ahead inc hosp",2022-06-09,"quantile",0.6,25.9379200395059
2022-05-21,"33","19  day ahead inc hosp",2022-06-09,"quantile",0.65,27.8371177658625
2022-05-21,"33","19  day ahead inc hosp",2022-06-09,"quantile",0.7,29.8385861013439
2022-05-21,"33","19  day ahead inc hosp",2022-06-09,"quantile",0.75,31.9984851258227
2022-05-21,"33","19  day ahead inc hosp",2022-06-09,"quantile",0.8,34.4036351149022
2022-05-21,"33","19  day ahead inc hosp",2022-06-09,"quantile",0.85,37.2071311721304
2022-05-21,"33","19  day ahead inc hosp",2022-06-09,"quantile",0.9,40.7345693695319
2022-05-21,"33","19  day ahead inc hosp",2022-06-09,"quantile",0.95,45.9627641498962
2022-05-21,"33","19  day ahead inc hosp",2022-06-09,"quantile",0.975,50.4974434203734
2022-05-21,"33","19  day ahead inc hosp",2022-06-09,"quantile",0.99,55.7699880662248
2022-05-21,"33","20  day ahead inc hosp",2022-06-10,"quantile",0.01,0
2022-05-21,"33","20  day ahead inc hosp",2022-06-10,"quantile",0.025,0
2022-05-21,"33","20  day ahead inc hosp",2022-06-10,"quantile",0.05,0
2022-05-21,"33","20  day ahead inc hosp",2022-06-10,"quantile",0.1,2.09518445636088
2022-05-21,"33","20  day ahead inc hosp",2022-06-10,"quantile",0.15,5.71693427594794
2022-05-21,"33","20  day ahead inc hosp",2022-06-10,"quantile",0.2,8.59538622075002
2022-05-21,"33","20  day ahead inc hosp",2022-06-10,"quantile",0.25,11.0648416871691
2022-05-21,"33","20  day ahead inc hosp",2022-06-10,"quantile",0.3,13.2824890177432
2022-05-21,"33","20  day ahead inc hosp",2022-06-10,"quantile",0.35,15.3374697650399
2022-05-21,"33","20  day ahead inc hosp",2022-06-10,"quantile",0.4,17.2874455372191
2022-05-21,"33","20  day ahead inc hosp",2022-06-10,"quantile",0.45,19.1740696636881
2022-05-21,"33","20  day ahead inc hosp",2022-06-10,"quantile",0.5,21.0307820774061
2022-05-21,"33","20  day ahead inc hosp",2022-06-10,"quantile",0.55,22.887494491124
2022-05-21,"33","20  day ahead inc hosp",2022-06-10,"quantile",0.6,24.774118617593
2022-05-21,"33","20  day ahead inc hosp",2022-06-10,"quantile",0.65,26.7240943897722
2022-05-21,"33","20  day ahead inc hosp",2022-06-10,"quantile",0.7,28.7790751370689
2022-05-21,"33","20  day ahead inc hosp",2022-06-10,"quantile",0.75,30.996722467643
2022-05-21,"33","20  day ahead inc hosp",2022-06-10,"quantile",0.8,33.4661779340621
2022-05-21,"33","20  day ahead inc hosp",2022-06-10,"quantile",0.85,36.3446298788642
2022-05-21,"33","20  day ahead inc hosp",2022-06-10,"quantile",0.9,39.9663796984512
2022-05-21,"33","20  day ahead inc hosp",2022-06-10,"quantile",0.95,45.334358509958
2022-05-21,"33","20  day ahead inc hosp",2022-06-10,"quantile",0.975,49.9902795809025
2022-05-21,"33","20  day ahead inc hosp",2022-06-10,"quantile",0.99,55.40379402148
2022-05-21,"33","21  day ahead inc hosp",2022-06-11,"quantile",0.01,0
2022-05-21,"33","21  day ahead inc hosp",2022-06-11,"quantile",0.025,0
2022-05-21,"33","21  day ahead inc hosp",2022-06-11,"quantile",0.05,0
2022-05-21,"33","21  day ahead inc hosp",2022-06-11,"quantile",0.1,2.04279678353153
2022-05-21,"33","21  day ahead inc hosp",2022-06-11,"quantile",0.15,5.75656431807013
2022-05-21,"33","21  day ahead inc hosp",2022-06-11,"quantile",0.2,8.70814902569477
2022-05-21,"33","21  day ahead inc hosp",2022-06-11,"quantile",0.25,11.240345890751
2022-05-21,"33","21  day ahead inc hosp",2022-06-11,"quantile",0.3,13.5143369364056
2022-05-21,"33","21  day ahead inc hosp",2022-06-11,"quantile",0.35,15.6215285326165
2022-05-21,"33","21  day ahead inc hosp",2022-06-11,"quantile",0.4,17.6210472947052
2022-05-21,"33","21  day ahead inc hosp",2022-06-11,"quantile",0.45,19.5556048372682
2022-05-21,"33","21  day ahead inc hosp",2022-06-11,"quantile",0.5,21.4594907008772
2022-05-21,"33","21  day ahead inc hosp",2022-06-11,"quantile",0.55,23.3633765644862
2022-05-21,"33","21  day ahead inc hosp",2022-06-11,"quantile",0.6,25.2979341070492
2022-05-21,"33","21  day ahead inc hosp",2022-06-11,"quantile",0.65,27.2974528691379
2022-05-21,"33","21  day ahead inc hosp",2022-06-11,"quantile",0.7,29.4046444653488
2022-05-21,"33","21  day ahead inc hosp",2022-06-11,"quantile",0.75,31.6786355110035
2022-05-21,"33","21  day ahead inc hosp",2022-06-11,"quantile",0.8,34.2108323760597
2022-05-21,"33","21  day ahead inc hosp",2022-06-11,"quantile",0.85,37.1624170836843
2022-05-21,"33","21  day ahead inc hosp",2022-06-11,"quantile",0.9,40.8761846182229
2022-05-21,"33","21  day ahead inc hosp",2022-06-11,"quantile",0.95,46.380547544798
2022-05-21,"33","21  day ahead inc hosp",2022-06-11,"quantile",0.975,51.1547614960585
2022-05-21,"33","21  day ahead inc hosp",2022-06-11,"quantile",0.99,56.7058169743922
2022-05-21,"33","22  day ahead inc hosp",2022-06-12,"quantile",0.01,0
2022-05-21,"33","22  day ahead inc hosp",2022-06-12,"quantile",0.025,0
2022-05-21,"33","22  day ahead inc hosp",2022-06-12,"quantile",0.05,0
2022-05-21,"33","22  day ahead inc hosp",2022-06-12,"quantile",0.1,2.21159639926617
2022-05-21,"33","22  day ahead inc hosp",2022-06-12,"quantile",0.15,6.03975187583488
2022-05-21,"33","22  day ahead inc hosp",2022-06-12,"quantile",0.2,9.0822484936135
2022-05-21,"33","22  day ahead inc hosp",2022-06-12,"quantile",0.25,11.6924396826318
2022-05-21,"33","22  day ahead inc hosp",2022-06-12,"quantile",0.3,14.0364720417204
2022-05-21,"33","22  day ahead inc hosp",2022-06-12,"quantile",0.35,16.2085673530702
2022-05-21,"33","22  day ahead inc hosp",2022-06-12,"quantile",0.4,18.2696733938776
2022-05-21,"33","22  day ahead inc hosp",2022-06-12,"quantile",0.45,20.2638173413446
2022-05-21,"33","22  day ahead inc hosp",2022-06-12,"quantile",0.5,22.2263448899199
2022-05-21,"33","22  day ahead inc hosp",2022-06-12,"quantile",0.55,24.1888724384952
2022-05-21,"33","22  day ahead inc hosp",2022-06-12,"quantile",0.6,26.1830163859623
2022-05-21,"33","22  day ahead inc hosp",2022-06-12,"quantile",0.65,28.2441224267696
2022-05-21,"33","22  day ahead inc hosp",2022-06-12,"quantile",0.7,30.4162177381194
2022-05-21,"33","22  day ahead inc hosp",2022-06-12,"quantile",0.75,32.760250097208
2022-05-21,"33","22  day ahead inc hosp",2022-06-12,"quantile",0.8,35.3704412862263
2022-05-21,"33","22  day ahead inc hosp",2022-06-12,"quantile",0.85,38.412937904005
2022-05-21,"33","22  day ahead inc hosp",2022-06-12,"quantile",0.9,42.2410933805737
2022-05-21,"33","22  day ahead inc hosp",2022-06-12,"quantile",0.95,47.9149964685891
2022-05-21,"33","22  day ahead inc hosp",2022-06-12,"quantile",0.975,52.8362612257004
2022-05-21,"33","22  day ahead inc hosp",2022-06-12,"quantile",0.99,58.5582950451273
2022-05-21,"33","23  day ahead inc hosp",2022-06-13,"quantile",0.01,0
2022-05-21,"33","23  day ahead inc hosp",2022-06-13,"quantile",0.025,0
2022-05-21,"33","23  day ahead inc hosp",2022-06-13,"quantile",0.05,0
2022-05-21,"33","23  day ahead inc hosp",2022-06-13,"quantile",0.1,2.96188891192051
2022-05-21,"33","23  day ahead inc hosp",2022-06-13,"quantile",0.15,6.88626401354368
2022-05-21,"33","23  day ahead inc hosp",2022-06-13,"quantile",0.2,10.0052329390914
2022-05-21,"33","23  day ahead inc hosp",2022-06-13,"quantile",0.25,12.6810305589522
2022-05-21,"33","23  day ahead inc hosp",2022-06-13,"quantile",0.3,15.0839795205893
2022-05-21,"33","23  day ahead inc hosp",2022-06-13,"quantile",0.35,17.3106698445294
2022-05-21,"33","23  day ahead inc hosp",2022-06-13,"quantile",0.4,19.4235812134269
2022-05-21,"33","23  day ahead inc hosp",2022-06-13,"quantile",0.45,21.4678474153594
2022-05-21,"33","23  day ahead inc hosp",2022-06-13,"quantile",0.5,23.479702548992
2022-05-21,"33","23  day ahead inc hosp",2022-06-13,"quantile",0.55,25.4915576826246
2022-05-21,"33","23  day ahead inc hosp",2022-06-13,"quantile",0.6,27.5358238845571
2022-05-21,"33","23  day ahead inc hosp",2022-06-13,"quantile",0.65,29.6487352534546
2022-05-21,"33","23  day ahead inc hosp",2022-06-13,"quantile",0.7,31.8754255773947
2022-05-21,"33","23  day ahead inc hosp",2022-06-13,"quantile",0.75,34.2783745390318
2022-05-21,"33","23  day ahead inc hosp",2022-06-13,"quantile",0.8,36.9541721588926
2022-05-21,"33","23  day ahead inc hosp",2022-06-13,"quantile",0.85,40.0731410844403
2022-05-21,"33","23  day ahead inc hosp",2022-06-13,"quantile",0.9,43.9975161860635
2022-05-21,"33","23  day ahead inc hosp",2022-06-13,"quantile",0.95,49.8140312528937
2022-05-21,"33","23  day ahead inc hosp",2022-06-13,"quantile",0.975,54.858990633335
2022-05-21,"33","23  day ahead inc hosp",2022-06-13,"quantile",0.99,60.7248461841478
2022-05-21,"33","24  day ahead inc hosp",2022-06-14,"quantile",0.01,0
2022-05-21,"33","24  day ahead inc hosp",2022-06-14,"quantile",0.025,0
2022-05-21,"33","24  day ahead inc hosp",2022-06-14,"quantile",0.05,0
2022-05-21,"33","24  day ahead inc hosp",2022-06-14,"quantile",0.1,1.65390972905155
2022-05-21,"33","24  day ahead inc hosp",2022-06-14,"quantile",0.15,5.67039838700456
2022-05-21,"33","24  day ahead inc hosp",2022-06-14,"quantile",0.2,8.86257624706406
2022-05-21,"33","24  day ahead inc hosp",2022-06-14,"quantile",0.25,11.6011806140889
2022-05-21,"33","24  day ahead inc hosp",2022-06-14,"quantile",0.3,14.0605319758034
2022-05-21,"33","24  day ahead inc hosp",2022-06-14,"quantile",0.35,16.339487529053
2022-05-21,"33","24  day ahead inc hosp",2022-06-14,"quantile",0.4,18.5019934895375
2022-05-21,"33","24  day ahead inc hosp",2022-06-14,"quantile",0.45,20.5942430327839
2022-05-21,"33","24  day ahead inc hosp",2022-06-14,"quantile",0.5,22.6533207499821
2022-05-21,"33","24  day ahead inc hosp",2022-06-14,"quantile",0.55,24.7123984671804
2022-05-21,"33","24  day ahead inc hosp",2022-06-14,"quantile",0.6,26.8046480104267
2022-05-21,"33","24  day ahead inc hosp",2022-06-14,"quantile",0.65,28.9671539709112
2022-05-21,"33","24  day ahead inc hosp",2022-06-14,"quantile",0.7,31.2461095241609
2022-05-21,"33","24  day ahead inc hosp",2022-06-14,"quantile",0.75,33.7054608858754
2022-05-21,"33","24  day ahead inc hosp",2022-06-14,"quantile",0.8,36.4440652529002
2022-05-21,"33","24  day ahead inc hosp",2022-06-14,"quantile",0.85,39.6362431129597
2022-05-21,"33","24  day ahead inc hosp",2022-06-14,"quantile",0.9,43.6527317709127
2022-05-21,"33","24  day ahead inc hosp",2022-06-14,"quantile",0.95,49.6057730041714
2022-05-21,"33","24  day ahead inc hosp",2022-06-14,"quantile",0.975,54.769148473299
2022-05-21,"33","24  day ahead inc hosp",2022-06-14,"quantile",0.99,60.7726883182249
2022-05-21,"33","25  day ahead inc hosp",2022-06-15,"quantile",0.01,0
2022-05-21,"33","25  day ahead inc hosp",2022-06-15,"quantile",0.025,0
2022-05-21,"33","25  day ahead inc hosp",2022-06-15,"quantile",0.05,0
2022-05-21,"33","25  day ahead inc hosp",2022-06-15,"quantile",0.1,1.22513615422614
2022-05-21,"33","25  day ahead inc hosp",2022-06-15,"quantile",0.15,5.33302997534213
2022-05-21,"33","25  day ahead inc hosp",2022-06-15,"quantile",0.2,8.59785376148093
2022-05-21,"33","25  day ahead inc hosp",2022-06-15,"quantile",0.25,11.3987818645659
2022-05-21,"33","25  day ahead inc hosp",2022-06-15,"quantile",0.3,13.9141018674584
2022-05-21,"33","25  day ahead inc hosp",2022-06-15,"quantile",0.35,16.2449207077544
2022-05-21,"33","25  day ahead inc hosp",2022-06-15,"quantile",0.4,18.4566398559241
2022-05-21,"33","25  day ahead inc hosp",2022-06-15,"quantile",0.45,20.5965037277953
2022-05-21,"33","25  day ahead inc hosp",2022-06-15,"quantile",0.5,22.7024408664271
2022-05-21,"33","25  day ahead inc hosp",2022-06-15,"quantile",0.55,24.8083780050588
2022-05-21,"33","25  day ahead inc hosp",2022-06-15,"quantile",0.6,26.9482418769301
2022-05-21,"33","25  day ahead inc hosp",2022-06-15,"quantile",0.65,29.1599610250997
2022-05-21,"33","25  day ahead inc hosp",2022-06-15,"quantile",0.7,31.4907798653957
2022-05-21,"33","25  day ahead inc hosp",2022-06-15,"quantile",0.75,34.0060998682883
2022-05-21,"33","25  day ahead inc hosp",2022-06-15,"quantile",0.8,36.8070279713732
2022-05-21,"33","25  day ahead inc hosp",2022-06-15,"quantile",0.85,40.071851757512
2022-05-21,"33","25  day ahead inc hosp",2022-06-15,"quantile",0.9,44.179745578628
2022-05-21,"33","25  day ahead inc hosp",2022-06-15,"quantile",0.95,50.2682630329298
2022-05-21,"33","25  day ahead inc hosp",2022-06-15,"quantile",0.975,55.5491439197044
2022-05-21,"33","25  day ahead inc hosp",2022-06-15,"quantile",0.99,61.6893092068545
2022-05-21,"33","26  day ahead inc hosp",2022-06-16,"quantile",0.01,0
2022-05-21,"33","26  day ahead inc hosp",2022-06-16,"quantile",0.025,0
2022-05-21,"33","26  day ahead inc hosp",2022-06-16,"quantile",0.05,0
2022-05-21,"33","26  day ahead inc hosp",2022-06-16,"quantile",0.1,0.61154326821654
2022-05-21,"33","26  day ahead inc hosp",2022-06-16,"quantile",0.15,4.80982990686551
2022-05-21,"33","26  day ahead inc hosp",2022-06-16,"quantile",0.2,8.14649503886889
2022-05-21,"33","26  day ahead inc hosp",2022-06-16,"quantile",0.25,11.0090566198309
2022-05-21,"33","26  day ahead inc hosp",2022-06-16,"quantile",0.3,13.5797253907198
2022-05-21,"33","26  day ahead inc hosp",2022-06-16,"quantile",0.35,15.9618331131798
2022-05-21,"33","26  day ahead inc hosp",2022-06-16,"quantile",0.4,18.2222203949723
2022-05-21,"33","26  day ahead inc hosp",2022-06-16,"quantile",0.45,20.4091712493554
2022-05-21,"33","26  day ahead inc hosp",2022-06-16,"quantile",0.5,22.5614488241809
2022-05-21,"33","26  day ahead inc hosp",2022-06-16,"quantile",0.55,24.7137263990064
2022-05-21,"33","26  day ahead inc hosp",2022-06-16,"quantile",0.6,26.9006772533896
2022-05-21,"33","26  day ahead inc hosp",2022-06-16,"quantile",0.65,29.1610645351821
2022-05-21,"33","26  day ahead inc hosp",2022-06-16,"quantile",0.7,31.5431722576421
2022-05-21,"33","26  day ahead inc hosp",2022-06-16,"quantile",0.75,34.113841028531
2022-05-21,"33","26  day ahead inc hosp",2022-06-16,"quantile",0.8,36.976402609493
2022-05-21,"33","26  day ahead inc hosp",2022-06-16,"quantile",0.85,40.3130677414964
2022-05-21,"33","26  day ahead inc hosp",2022-06-16,"quantile",0.9,44.5113543801453
2022-05-21,"33","26  day ahead inc hosp",2022-06-16,"quantile",0.95,50.7338476067672
2022-05-21,"33","26  day ahead inc hosp",2022-06-16,"quantile",0.975,56.1309324956896
2022-05-21,"33","26  day ahead inc hosp",2022-06-16,"quantile",0.99,62.4062100482956
2022-05-21,"33","27  day ahead inc hosp",2022-06-17,"quantile",0.01,0
2022-05-21,"33","27  day ahead inc hosp",2022-06-17,"quantile",0.025,0
2022-05-21,"33","27  day ahead inc hosp",2022-06-17,"quantile",0.05,0
2022-05-21,"33","27  day ahead inc hosp",2022-06-17,"quantile",0.1,0.466184605898135
2022-05-21,"33","27  day ahead inc hosp",2022-06-17,"quantile",0.15,4.75366200641379
2022-05-21,"33","27  day ahead inc hosp",2022-06-17,"quantile",0.2,8.16121312854413
2022-05-21,"33","27  day ahead inc hosp",2022-06-17,"quantile",0.25,11.0845885772268
2022-05-21,"33","27  day ahead inc hosp",2022-06-17,"quantile",0.3,13.7098700808605
2022-05-21,"33","27  day ahead inc hosp",2022-06-17,"quantile",0.35,16.1425846391327
2022-05-21,"33","27  day ahead inc hosp",2022-06-17,"quantile",0.4,18.4509928592577
2022-05-21,"33","27  day ahead inc hosp",2022-06-17,"quantile",0.45,20.6844045272194
2022-05-21,"33","27  day ahead inc hosp",2022-06-17,"quantile",0.5,22.8824062969772
2022-05-21,"33","27  day ahead inc hosp",2022-06-17,"quantile",0.55,25.080408066735
2022-05-21,"33","27  day ahead inc hosp",2022-06-17,"quantile",0.6,27.3138197346967
2022-05-21,"33","27  day ahead inc hosp",2022-06-17,"quantile",0.65,29.6222279548217
2022-05-21,"33","27  day ahead inc hosp",2022-06-17,"quantile",0.7,32.0549425130939
2022-05-21,"33","27  day ahead inc hosp",2022-06-17,"quantile",0.75,34.6802240167276
2022-05-21,"33","27  day ahead inc hosp",2022-06-17,"quantile",0.8,37.6035994654103
2022-05-21,"33","27  day ahead inc hosp",2022-06-17,"quantile",0.85,41.0111505875406
2022-05-21,"33","27  day ahead inc hosp",2022-06-17,"quantile",0.9,45.2986279880563
2022-05-21,"33","27  day ahead inc hosp",2022-06-17,"quantile",0.95,51.6533153594237
2022-05-21,"33","27  day ahead inc hosp",2022-06-17,"quantile",0.975,57.165058954274
2022-05-21,"33","27  day ahead inc hosp",2022-06-17,"quantile",0.99,63.5736520315251
2022-05-21,"33","28  day ahead inc hosp",2022-06-18,"quantile",0.01,0
2022-05-21,"33","28  day ahead inc hosp",2022-06-18,"quantile",0.025,0
2022-05-21,"33","28  day ahead inc hosp",2022-06-18,"quantile",0.05,0
2022-05-21,"33","28  day ahead inc hosp",2022-06-18,"quantile",0.1,0
2022-05-21,"33","28  day ahead inc hosp",2022-06-18,"quantile",0.15,3.83402225908467
2022-05-21,"33","28  day ahead inc hosp",2022-06-18,"quantile",0.2,7.31141668742542
2022-05-21,"33","28  day ahead inc hosp",2022-06-18,"quantile",0.25,10.2947114738707
2022-05-21,"33","28  day ahead inc hosp",2022-06-18,"quantile",0.3,12.9738023947002
2022-05-21,"33","28  day ahead inc hosp",2022-06-18,"quantile",0.35,15.4563793972106
2022-05-21,"33","28  day ahead inc hosp",2022-06-18,"quantile",0.4,17.8121022008586
2022-05-21,"33","28  day ahead inc hosp",2022-06-18,"quantile",0.45,20.0912912759459
2022-05-21,"33","28  day ahead inc hosp",2022-06-18,"quantile",0.5,22.3343446693343
2022-05-21,"33","28  day ahead inc hosp",2022-06-18,"quantile",0.55,24.5773980627227
2022-05-21,"33","28  day ahead inc hosp",2022-06-18,"quantile",0.6,26.8565871378101
2022-05-21,"33","28  day ahead inc hosp",2022-06-18,"quantile",0.65,29.2123099414581
2022-05-21,"33","28  day ahead inc hosp",2022-06-18,"quantile",0.7,31.6948869439685
2022-05-21,"33","28  day ahead inc hosp",2022-06-18,"quantile",0.75,34.3739778647979
2022-05-21,"33","28  day ahead inc hosp",2022-06-18,"quantile",0.8,37.3572726512432
2022-05-21,"33","28  day ahead inc hosp",2022-06-18,"quantile",0.85,40.834667079584
2022-05-21,"33","28  day ahead inc hosp",2022-06-18,"quantile",0.9,45.2100233075102
2022-05-21,"33","28  day ahead inc hosp",2022-06-18,"quantile",0.95,51.69496033913
2022-05-21,"33","28  day ahead inc hosp",2022-06-18,"quantile",0.975,57.3196760895991
2022-05-21,"33","28  day ahead inc hosp",2022-06-18,"quantile",0.99,63.8596237122789
2022-05-21,"33","29  day ahead inc hosp",2022-06-19,"quantile",0.01,0
2022-05-21,"33","29  day ahead inc hosp",2022-06-19,"quantile",0.025,0
2022-05-21,"33","29  day ahead inc hosp",2022-06-19,"quantile",0.05,0
2022-05-21,"33","29  day ahead inc hosp",2022-06-19,"quantile",0.1,0
2022-05-21,"33","29  day ahead inc hosp",2022-06-19,"quantile",0.15,3.27819353558424
2022-05-21,"33","29  day ahead inc hosp",2022-06-19,"quantile",0.2,6.82434501795388
2022-05-21,"33","29  day ahead inc hosp",2022-06-19,"quantile",0.25,9.86662723451182
2022-05-21,"33","29  day ahead inc hosp",2022-06-19,"quantile",0.3,12.5986906906655
2022-05-21,"33","29  day ahead inc hosp",2022-06-19,"quantile",0.35,15.1303546416398
2022-05-21,"33","29  day ahead inc hosp",2022-06-19,"quantile",0.4,17.5326561591569
2022-05-21,"33","29  day ahead inc hosp",2022-06-19,"quantile",0.45,19.8569106789636
2022-05-21,"33","29  day ahead inc hosp",2022-06-19,"quantile",0.5,22.1443150214712
2022-05-21,"33","29  day ahead inc hosp",2022-06-19,"quantile",0.55,24.4317193639789
2022-05-21,"33","29  day ahead inc hosp",2022-06-19,"quantile",0.6,26.7559738837856
2022-05-21,"33","29  day ahead inc hosp",2022-06-19,"quantile",0.65,29.1582754013026
2022-05-21,"33","29  day ahead inc hosp",2022-06-19,"quantile",0.7,31.6899393522769
2022-05-21,"33","29  day ahead inc hosp",2022-06-19,"quantile",0.75,34.4220028084306
2022-05-21,"33","29  day ahead inc hosp",2022-06-19,"quantile",0.8,37.4642850249886
2022-05-21,"33","29  day ahead inc hosp",2022-06-19,"quantile",0.85,41.0104365073582
2022-05-21,"33","29  day ahead inc hosp",2022-06-19,"quantile",0.9,45.4723048094131
2022-05-21,"33","29  day ahead inc hosp",2022-06-19,"quantile",0.95,52.0854657670342
2022-05-21,"33","29  day ahead inc hosp",2022-06-19,"quantile",0.975,57.8213966507652
2022-05-21,"33","29  day ahead inc hosp",2022-06-19,"quantile",0.99,64.490655900672
2022-05-21,"33","30  day ahead inc hosp",2022-06-20,"quantile",0.01,0
2022-05-21,"33","30  day ahead inc hosp",2022-06-20,"quantile",0.025,0
2022-05-21,"33","30  day ahead inc hosp",2022-06-20,"quantile",0.05,0
2022-05-21,"33","30  day ahead inc hosp",2022-06-20,"quantile",0.1,0
2022-05-21,"33","30  day ahead inc hosp",2022-06-20,"quantile",0.15,2.78217587924868
2022-05-21,"33","30  day ahead inc hosp",2022-06-20,"quantile",0.2,6.39598434150456
2022-05-21,"33","30  day ahead inc hosp",2022-06-20,"quantile",0.25,9.49631022251318
2022-05-21,"33","30  day ahead inc hosp",2022-06-20,"quantile",0.3,12.2804986832585
2022-05-21,"33","30  day ahead inc hosp",2022-06-20,"quantile",0.35,14.8604642191654
2022-05-21,"33","30  day ahead inc hosp",2022-06-20,"quantile",0.4,17.3085992173613
2022-05-21,"33","30  day ahead inc hosp",2022-06-20,"quantile",0.45,19.6771981601513
2022-05-21,"33","30  day ahead inc hosp",2022-06-20,"quantile",0.5,22.0082438615693
2022-05-21,"33","30  day ahead inc hosp",2022-06-20,"quantile",0.55,24.3392895629874
2022-05-21,"33","30  day ahead inc hosp",2022-06-20,"quantile",0.6,26.7078885057774
2022-05-21,"33","30  day ahead inc hosp",2022-06-20,"quantile",0.65,29.1560235039733
2022-05-21,"33","30  day ahead inc hosp",2022-06-20,"quantile",0.7,31.7359890398802
2022-05-21,"33","30  day ahead inc hosp",2022-06-20,"quantile",0.75,34.5201775006255
2022-05-21,"33","30  day ahead inc hosp",2022-06-20,"quantile",0.8,37.6205033816341
2022-05-21,"33","30  day ahead inc hosp",2022-06-20,"quantile",0.85,41.23431184389
2022-05-21,"33","30  day ahead inc hosp",2022-06-20,"quantile",0.9,45.7813080756084
2022-05-21,"33","30  day ahead inc hosp",2022-06-20,"quantile",0.95,52.5206414486264
2022-05-21,"33","30  day ahead inc hosp",2022-06-20,"quantile",0.975,58.3660080861201
2022-05-21,"33","30  day ahead inc hosp",2022-06-20,"quantile",0.99,65.1625100500424
2022-05-21,"33","31  day ahead inc hosp",2022-06-21,"quantile",0.01,0
2022-05-21,"33","31  day ahead inc hosp",2022-06-21,"quantile",0.025,0
2022-05-21,"33","31  day ahead inc hosp",2022-06-21,"quantile",0.05,0
2022-05-21,"33","31  day ahead inc hosp",2022-06-21,"quantile",0.1,0
2022-05-21,"33","31  day ahead inc hosp",2022-06-21,"quantile",0.15,3.36990494589732
2022-05-21,"33","31  day ahead inc hosp",2022-06-21,"quantile",0.2,7.05027634980128
2022-05-21,"33","31  day ahead inc hosp",2022-06-21,"quantile",0.25,10.2077073078672
2022-05-21,"33","31  day ahead inc hosp",2022-06-21,"quantile",0.3,13.0431778927166
2022-05-21,"33","31  day ahead inc hosp",2022-06-21,"quantile",0.35,15.6706639591703
2022-05-21,"33","31  day ahead inc hosp",2022-06-21,"quantile",0.4,18.1638912938122
2022-05-21,"33","31  day ahead inc hosp",2022-06-21,"quantile",0.45,20.5761175939631
2022-05-21,"33","31  day ahead inc hosp",2022-06-21,"quantile",0.5,22.9500989574737
2022-05-21,"33","31  day ahead inc hosp",2022-06-21,"quantile",0.55,25.3240803209842
2022-05-21,"33","31  day ahead inc hosp",2022-06-21,"quantile",0.6,27.7363066211351
2022-05-21,"33","31  day ahead inc hosp",2022-06-21,"quantile",0.65,30.229533955777
2022-05-21,"33","31  day ahead inc hosp",2022-06-21,"quantile",0.7,32.8570200222307
2022-05-21,"33","31  day ahead inc hosp",2022-06-21,"quantile",0.75,35.6924906070801
2022-05-21,"33","31  day ahead inc hosp",2022-06-21,"quantile",0.8,38.8499215651461
2022-05-21,"33","31  day ahead inc hosp",2022-06-21,"quantile",0.85,42.53029296905
2022-05-21,"33","31  day ahead inc hosp",2022-06-21,"quantile",0.9,47.1610405805128
2022-05-21,"33","31  day ahead inc hosp",2022-06-21,"quantile",0.95,54.0245061145849
2022-05-21,"33","31  day ahead inc hosp",2022-06-21,"quantile",0.975,59.9775388894698
2022-05-21,"33","31  day ahead inc hosp",2022-06-21,"quantile",0.99,66.8992260059426
2022-05-21,"33","32  day ahead inc hosp",2022-06-22,"quantile",0.01,0
2022-05-21,"33","32  day ahead inc hosp",2022-06-22,"quantile",0.025,0
2022-05-21,"33","32  day ahead inc hosp",2022-06-22,"quantile",0.05,0
2022-05-21,"33","32  day ahead inc hosp",2022-06-22,"quantile",0.1,0
2022-05-21,"33","32  day ahead inc hosp",2022-06-22,"quantile",0.15,2.93836407154337
2022-05-21,"33","32  day ahead inc hosp",2022-06-22,"quantile",0.2,6.68422334702653
2022-05-21,"33","32  day ahead inc hosp",2022-06-22,"quantile",0.25,9.8978370677568
2022-05-21,"33","32  day ahead inc hosp",2022-06-22,"quantile",0.3,12.78376150988
2022-05-21,"33","32  day ahead inc hosp",2022-06-22,"quantile",0.35,15.4580005942257
2022-05-21,"33","32  day ahead inc hosp",2022-06-22,"quantile",0.4,17.9955919708596
2022-05-21,"33","32  day ahead inc hosp",2022-06-22,"quantile",0.45,20.4507409950586
2022-05-21,"33","32  day ahead inc hosp",2022-06-22,"quantile",0.5,22.8669645590438
2022-05-21,"33","32  day ahead inc hosp",2022-06-22,"quantile",0.55,25.2831881230291
2022-05-21,"33","32  day ahead inc hosp",2022-06-22,"quantile",0.6,27.7383371472281
2022-05-21,"33","32  day ahead inc hosp",2022-06-22,"quantile",0.65,30.2759285238619
2022-05-21,"33","32  day ahead inc hosp",2022-06-22,"quantile",0.7,32.9501676082076
2022-05-21,"33","32  day ahead inc hosp",2022-06-22,"quantile",0.75,35.8360920503308
2022-05-21,"33","32  day ahead inc hosp",2022-06-22,"quantile",0.8,39.0497057710611
2022-05-21,"33","32  day ahead inc hosp",2022-06-22,"quantile",0.85,42.7955650465443
2022-05-21,"33","32  day ahead inc hosp",2022-06-22,"quantile",0.9,47.5087113541206
2022-05-21,"33","32  day ahead inc hosp",2022-06-22,"quantile",0.95,54.494304168338
2022-05-21,"33","32  day ahead inc hosp",2022-06-22,"quantile",0.975,60.5532641454219
2022-05-21,"33","32  day ahead inc hosp",2022-06-22,"quantile",0.99,67.598114526481
2022-05-21,"33","33  day ahead inc hosp",2022-06-23,"quantile",0.01,0
2022-05-21,"33","33  day ahead inc hosp",2022-06-23,"quantile",0.025,0
2022-05-21,"33","33  day ahead inc hosp",2022-06-23,"quantile",0.05,0
2022-05-21,"33","33  day ahead inc hosp",2022-06-23,"quantile",0.1,0
2022-05-21,"33","33  day ahead inc hosp",2022-06-23,"quantile",0.15,2.56885288679236
2022-05-21,"33","33  day ahead inc hosp",2022-06-23,"quantile",0.2,6.37915204875122
2022-05-21,"33","33  day ahead inc hosp",2022-06-23,"quantile",0.25,9.64804945424135
2022-05-21,"33","33  day ahead inc hosp",2022-06-23,"quantile",0.3,12.583620353893
2022-05-21,"33","33  day ahead inc hosp",2022-06-23,"quantile",0.35,15.3038642799401
2022-05-21,"33","33  day ahead inc hosp",2022-06-23,"quantile",0.4,17.8851097525252
2022-05-21,"33","33  day ahead inc hosp",2022-06-23,"quantile",0.45,20.3824946197618
2022-05-21,"33","33  day ahead inc hosp",2022-06-23,"quantile",0.5,22.8402843934502
2022-05-21,"33","33  day ahead inc hosp",2022-06-23,"quantile",0.55,25.2980741671386
2022-05-21,"33","33  day ahead inc hosp",2022-06-23,"quantile",0.6,27.7954590343752
2022-05-21,"33","33  day ahead inc hosp",2022-06-23,"quantile",0.65,30.3767045069603
2022-05-21,"33","33  day ahead inc hosp",2022-06-23,"quantile",0.7,33.0969484330074
2022-05-21,"33","33  day ahead inc hosp",2022-06-23,"quantile",0.75,36.0325193326591
2022-05-21,"33","33  day ahead inc hosp",2022-06-23,"quantile",0.8,39.3014167381492
2022-05-21,"33","33  day ahead inc hosp",2022-06-23,"quantile",0.85,43.1117159001081
2022-05-21,"33","33  day ahead inc hosp",2022-06-23,"quantile",0.9,47.9059422992381
2022-05-21,"33","33  day ahead inc hosp",2022-06-23,"quantile",0.95,55.0117080230093
2022-05-21,"33","33  day ahead inc hosp",2022-06-23,"quantile",0.975,61.1749000772669
2022-05-21,"33","33  day ahead inc hosp",2022-06-23,"quantile",0.99,68.3409427737354
2022-05-21,"33","34  day ahead inc hosp",2022-06-24,"quantile",0.01,0
2022-05-21,"33","34  day ahead inc hosp",2022-06-24,"quantile",0.025,0
2022-05-21,"33","34  day ahead inc hosp",2022-06-24,"quantile",0.05,0
2022-05-21,"33","34  day ahead inc hosp",2022-06-24,"quantile",0.1,0
2022-05-21,"33","34  day ahead inc hosp",2022-06-24,"quantile",0.15,2.81075118067313
2022-05-21,"33","34  day ahead inc hosp",2022-06-24,"quantile",0.2,6.68447412390699
2022-05-21,"33","34  day ahead inc hosp",2022-06-24,"quantile",0.25,10.0077834863705
2022-05-21,"33","34  day ahead inc hosp",2022-06-24,"quantile",0.3,12.9922180050565
2022-05-21,"33","34  day ahead inc hosp",2022-06-24,"quantile",0.35,15.7577413562738
2022-05-21,"33","34  day ahead inc hosp",2022-06-24,"quantile",0.4,18.3819525754609
2022-05-21,"33","34  day ahead inc hosp",2022-06-24,"quantile",0.45,20.9209072997735
2022-05-21,"33","34  day ahead inc hosp",2022-06-24,"quantile",0.5,23.4196078561591
2022-05-21,"33","34  day ahead inc hosp",2022-06-24,"quantile",0.55,25.9183084125447
2022-05-21,"33","34  day ahead inc hosp",2022-06-24,"quantile",0.6,28.4572631368572
2022-05-21,"33","34  day ahead inc hosp",2022-06-24,"quantile",0.65,31.0814743560443
2022-05-21,"33","34  day ahead inc hosp",2022-06-24,"quantile",0.7,33.8469977072616
2022-05-21,"33","34  day ahead inc hosp",2022-06-24,"quantile",0.75,36.8314322259476
2022-05-21,"33","34  day ahead inc hosp",2022-06-24,"quantile",0.8,40.1547415884111
2022-05-21,"33","34  day ahead inc hosp",2022-06-24,"quantile",0.85,44.028464531645
2022-05-21,"33","34  day ahead inc hosp",2022-06-24,"quantile",0.9,48.9024925299662
2022-05-21,"33","34  day ahead inc hosp",2022-06-24,"quantile",0.95,56.1265362450184
2022-05-21,"33","34  day ahead inc hosp",2022-06-24,"quantile",0.975,62.3923168174447
2022-05-21,"33","34  day ahead inc hosp",2022-06-24,"quantile",0.99,69.6776408367883
2022-05-21,"33","35  day ahead inc hosp",2022-06-25,"quantile",0.01,0
2022-05-21,"33","35  day ahead inc hosp",2022-06-25,"quantile",0.025,0
2022-05-21,"33","35  day ahead inc hosp",2022-06-25,"quantile",0.05,0
2022-05-21,"33","35  day ahead inc hosp",2022-06-25,"quantile",0.1,0
2022-05-21,"33","35  day ahead inc hosp",2022-06-25,"quantile",0.15,1.34962611332325
2022-05-21,"33","35  day ahead inc hosp",2022-06-25,"quantile",0.2,5.28579113770325
2022-05-21,"33","35  day ahead inc hosp",2022-06-25,"quantile",0.25,8.66267024584181
2022-05-21,"33","35  day ahead inc hosp",2022-06-25,"quantile",0.3,11.6952120517866
2022-05-21,"33","35  day ahead inc hosp",2022-06-25,"quantile",0.35,14.5053139740682
2022-05-21,"33","35  day ahead inc hosp",2022-06-25,"quantile",0.4,17.1718258978473
2022-05-21,"33","35  day ahead inc hosp",2022-06-25,"quantile",0.45,19.7517070433947
2022-05-21,"33","35  day ahead inc hosp",2022-06-25,"quantile",0.5,22.2906851480686
2022-05-21,"33","35  day ahead inc hosp",2022-06-25,"quantile",0.55,24.8296632527425
2022-05-21,"33","35  day ahead inc hosp",2022-06-25,"quantile",0.6,27.4095443982899
2022-05-21,"33","35  day ahead inc hosp",2022-06-25,"quantile",0.65,30.076056322069
2022-05-21,"33","35  day ahead inc hosp",2022-06-25,"quantile",0.7,32.8861582443506
2022-05-21,"33","35  day ahead inc hosp",2022-06-25,"quantile",0.75,35.9187000502954
2022-05-21,"33","35  day ahead inc hosp",2022-06-25,"quantile",0.8,39.295579158434
2022-05-21,"33","35  day ahead inc hosp",2022-06-25,"quantile",0.85,43.231744182814
2022-05-21,"33","35  day ahead inc hosp",2022-06-25,"quantile",0.9,48.1843385774004
2022-05-21,"33","35  day ahead inc hosp",2022-06-25,"quantile",0.95,55.5248295269266
2022-05-21,"33","35  day ahead inc hosp",2022-06-25,"quantile",0.975,61.8916107090199
2022-05-21,"33","35  day ahead inc hosp",2022-06-25,"quantile",0.99,69.2943697644407
2022-05-21,"33","36  day ahead inc hosp",2022-06-26,"quantile",0.01,0
2022-05-21,"33","36  day ahead inc hosp",2022-06-26,"quantile",0.025,0
2022-05-21,"33","36  day ahead inc hosp",2022-06-26,"quantile",0.05,0
2022-05-21,"33","36  day ahead inc hosp",2022-06-26,"quantile",0.1,0
2022-05-21,"33","36  day ahead inc hosp",2022-06-26,"quantile",0.15,1.91786685214808
2022-05-21,"33","36  day ahead inc hosp",2022-06-26,"quantile",0.2,5.91552765594541
2022-05-21,"33","36  day ahead inc hosp",2022-06-26,"quantile",0.25,9.34516466713602
2022-05-21,"33","36  day ahead inc hosp",2022-06-26,"quantile",0.3,12.4250847005731
2022-05-21,"33","36  day ahead inc hosp",2022-06-26,"quantile",0.35,15.2790896113937
2022-05-21,"33","36  day ahead inc hosp",2022-06-26,"quantile",0.4,17.9872611780136
2022-05-21,"33","36  day ahead inc hosp",2022-06-26,"quantile",0.45,20.6074485101327
2022-05-21,"33","36  day ahead inc hosp",2022-06-26,"quantile",0.5,23.186093762018
2022-05-21,"33","36  day ahead inc hosp",2022-06-26,"quantile",0.55,25.7647390139033
2022-05-21,"33","36  day ahead inc hosp",2022-06-26,"quantile",0.6,28.3849263460224
2022-05-21,"33","36  day ahead inc hosp",2022-06-26,"quantile",0.65,31.0930979126424
2022-05-21,"33","36  day ahead inc hosp",2022-06-26,"quantile",0.7,33.9471028234629
2022-05-21,"33","36  day ahead inc hosp",2022-06-26,"quantile",0.75,37.0270228569
2022-05-21,"33","36  day ahead inc hosp",2022-06-26,"quantile",0.8,40.4566598680906
2022-05-21,"33","36  day ahead inc hosp",2022-06-26,"quantile",0.85,44.4543206718879
2022-05-21,"33","36  day ahead inc hosp",2022-06-26,"quantile",0.9,49.4842907990838
2022-05-21,"33","36  day ahead inc hosp",2022-06-26,"quantile",0.95,56.9394642401852
2022-05-21,"33","36  day ahead inc hosp",2022-06-26,"quantile",0.975,63.4057153806637
2022-05-21,"33","36  day ahead inc hosp",2022-06-26,"quantile",0.99,70.9241297592562
2022-05-21,"33","37  day ahead inc hosp",2022-06-27,"quantile",0.01,0
2022-05-21,"33","37  day ahead inc hosp",2022-06-27,"quantile",0.025,0
2022-05-21,"33","37  day ahead inc hosp",2022-06-27,"quantile",0.05,0
2022-05-21,"33","37  day ahead inc hosp",2022-06-27,"quantile",0.1,0
2022-05-21,"33","37  day ahead inc hosp",2022-06-27,"quantile",0.15,1.06663379276365
2022-05-21,"33","37  day ahead inc hosp",2022-06-27,"quantile",0.2,5.1248794495261
2022-05-21,"33","37  day ahead inc hosp",2022-06-27,"quantile",0.25,8.60649286998318
2022-05-21,"33","37  day ahead inc hosp",2022-06-27,"quantile",0.3,11.73308932534
2022-05-21,"33","37  day ahead inc hosp",2022-06-27,"quantile",0.35,14.6303468972467
2022-05-21,"33","37  day ahead inc hosp",2022-06-27,"quantile",0.4,17.3795610095504
2022-05-21,"33","37  day ahead inc hosp",2022-06-27,"quantile",0.45,20.0394574796
2022-05-21,"33","37  day ahead inc hosp",2022-06-27,"quantile",0.5,22.6571822960362
2022-05-21,"33","37  day ahead inc hosp",2022-06-27,"quantile",0.55,25.2749071124725
2022-05-21,"33","37  day ahead inc hosp",2022-06-27,"quantile",0.6,27.9348035825221
2022-05-21,"33","37  day ahead inc hosp",2022-06-27,"quantile",0.65,30.6840176948258
2022-05-21,"33","37  day ahead inc hosp",2022-06-27,"quantile",0.7,33.5812752667324
2022-05-21,"33","37  day ahead inc hosp",2022-06-27,"quantile",0.75,36.7078717220893
2022-05-21,"33","37  day ahead inc hosp",2022-06-27,"quantile",0.8,40.1894851425463
2022-05-21,"33","37  day ahead inc hosp",2022-06-27,"quantile",0.85,44.2477307993088
2022-05-21,"33","37  day ahead inc hosp",2022-06-27,"quantile",0.9,49.3539305056339
2022-05-21,"33","37  day ahead inc hosp",2022-06-27,"quantile",0.95,56.9220876661969
2022-05-21,"33","37  day ahead inc hosp",2022-06-27,"quantile",0.975,63.4863353335966
2022-05-21,"33","37  day ahead inc hosp",2022-06-27,"quantile",0.99,71.1186918528593
2022-05-21,"34","1  day ahead inc hosp",2022-05-22,"quantile",0.01,80.2539503192799
2022-05-21,"34","1  day ahead inc hosp",2022-05-22,"quantile",0.025,90.9552286318781
2022-05-21,"34","1  day ahead inc hosp",2022-05-22,"quantile",0.05,100.158918347418
2022-05-21,"34","1  day ahead inc hosp",2022-05-22,"quantile",0.1,110.770183149352
2022-05-21,"34","1  day ahead inc hosp",2022-05-22,"quantile",0.15,117.929553134125
2022-05-21,"34","1  day ahead inc hosp",2022-05-22,"quantile",0.2,123.619593441375
2022-05-21,"34","1  day ahead inc hosp",2022-05-22,"quantile",0.25,128.501141374199
2022-05-21,"34","1  day ahead inc hosp",2022-05-22,"quantile",0.3,132.884922288457
2022-05-21,"34","1  day ahead inc hosp",2022-05-22,"quantile",0.35,136.947148619474
2022-05-21,"34","1  day ahead inc hosp",2022-05-22,"quantile",0.4,140.80180416163
2022-05-21,"34","1  day ahead inc hosp",2022-05-22,"quantile",0.45,144.531228008231
2022-05-21,"34","1  day ahead inc hosp",2022-05-22,"quantile",0.5,148.201523248735
2022-05-21,"34","1  day ahead inc hosp",2022-05-22,"quantile",0.55,151.871818489239
2022-05-21,"34","1  day ahead inc hosp",2022-05-22,"quantile",0.6,155.60124233584
2022-05-21,"34","1  day ahead inc hosp",2022-05-22,"quantile",0.65,159.455897877995
2022-05-21,"34","1  day ahead inc hosp",2022-05-22,"quantile",0.7,163.518124209012
2022-05-21,"34","1  day ahead inc hosp",2022-05-22,"quantile",0.75,167.90190512327
2022-05-21,"34","1  day ahead inc hosp",2022-05-22,"quantile",0.8,172.783453056095
2022-05-21,"34","1  day ahead inc hosp",2022-05-22,"quantile",0.85,178.473493363345
2022-05-21,"34","1  day ahead inc hosp",2022-05-22,"quantile",0.9,185.632863348118
2022-05-21,"34","1  day ahead inc hosp",2022-05-22,"quantile",0.95,196.244128150052
2022-05-21,"34","1  day ahead inc hosp",2022-05-22,"quantile",0.975,205.447817865592
2022-05-21,"34","1  day ahead inc hosp",2022-05-22,"quantile",0.99,216.14909617819
2022-05-21,"34","2  day ahead inc hosp",2022-05-23,"quantile",0.01,71.4723219243925
2022-05-21,"34","2  day ahead inc hosp",2022-05-23,"quantile",0.025,84.8715025855546
2022-05-21,"34","2  day ahead inc hosp",2022-05-23,"quantile",0.05,96.3955371583786
2022-05-21,"34","2  day ahead inc hosp",2022-05-23,"quantile",0.1,109.682010976854
2022-05-21,"34","2  day ahead inc hosp",2022-05-23,"quantile",0.15,118.646331784503
2022-05-21,"34","2  day ahead inc hosp",2022-05-23,"quantile",0.2,125.77088978767
2022-05-21,"34","2  day ahead inc hosp",2022-05-23,"quantile",0.25,131.883126171714
2022-05-21,"34","2  day ahead inc hosp",2022-05-23,"quantile",0.3,137.372103351192
2022-05-21,"34","2  day ahead inc hosp",2022-05-23,"quantile",0.35,142.458458729104
2022-05-21,"34","2  day ahead inc hosp",2022-05-23,"quantile",0.4,147.284912586967
2022-05-21,"34","2  day ahead inc hosp",2022-05-23,"quantile",0.45,151.954562550544
2022-05-21,"34","2  day ahead inc hosp",2022-05-23,"quantile",0.5,156.55017697816
2022-05-21,"34","2  day ahead inc hosp",2022-05-23,"quantile",0.55,161.145791405777
2022-05-21,"34","2  day ahead inc hosp",2022-05-23,"quantile",0.6,165.815441369354
2022-05-21,"34","2  day ahead inc hosp",2022-05-23,"quantile",0.65,170.641895227216
2022-05-21,"34","2  day ahead inc hosp",2022-05-23,"quantile",0.7,175.728250605128
2022-05-21,"34","2  day ahead inc hosp",2022-05-23,"quantile",0.75,181.217227784607
2022-05-21,"34","2  day ahead inc hosp",2022-05-23,"quantile",0.8,187.32946416865
2022-05-21,"34","2  day ahead inc hosp",2022-05-23,"quantile",0.85,194.454022171817
2022-05-21,"34","2  day ahead inc hosp",2022-05-23,"quantile",0.9,203.418342979467
2022-05-21,"34","2  day ahead inc hosp",2022-05-23,"quantile",0.95,216.704816797942
2022-05-21,"34","2  day ahead inc hosp",2022-05-23,"quantile",0.975,228.228851370766
2022-05-21,"34","2  day ahead inc hosp",2022-05-23,"quantile",0.99,241.628032031928
2022-05-21,"34","3  day ahead inc hosp",2022-05-24,"quantile",0.01,66.5924953300285
2022-05-21,"34","3  day ahead inc hosp",2022-05-24,"quantile",0.025,81.5973172655734
2022-05-21,"34","3  day ahead inc hosp",2022-05-24,"quantile",0.05,94.5022919141718
2022-05-21,"34","3  day ahead inc hosp",2022-05-24,"quantile",0.1,109.380901199242
2022-05-21,"34","3  day ahead inc hosp",2022-05-24,"quantile",0.15,119.419428247523
2022-05-21,"34","3  day ahead inc hosp",2022-05-24,"quantile",0.2,127.397731317713
2022-05-21,"34","3  day ahead inc hosp",2022-05-24,"quantile",0.25,134.24240495036
2022-05-21,"34","3  day ahead inc hosp",2022-05-24,"quantile",0.3,140.389133416009
2022-05-21,"34","3  day ahead inc hosp",2022-05-24,"quantile",0.35,146.084993385097
2022-05-21,"34","3  day ahead inc hosp",2022-05-24,"quantile",0.4,151.489807496399
2022-05-21,"34","3  day ahead inc hosp",2022-05-24,"quantile",0.45,156.719027698489
2022-05-21,"34","3  day ahead inc hosp",2022-05-24,"quantile",0.5,161.865340589894
2022-05-21,"34","3  day ahead inc hosp",2022-05-24,"quantile",0.55,167.0116534813
2022-05-21,"34","3  day ahead inc hosp",2022-05-24,"quantile",0.6,172.240873683389
2022-05-21,"34","3  day ahead inc hosp",2022-05-24,"quantile",0.65,177.645687794692
2022-05-21,"34","3  day ahead inc hosp",2022-05-24,"quantile",0.7,183.341547763779
2022-05-21,"34","3  day ahead inc hosp",2022-05-24,"quantile",0.75,189.488276229428
2022-05-21,"34","3  day ahead inc hosp",2022-05-24,"quantile",0.8,196.332949862076
2022-05-21,"34","3  day ahead inc hosp",2022-05-24,"quantile",0.85,204.311252932266
2022-05-21,"34","3  day ahead inc hosp",2022-05-24,"quantile",0.9,214.349779980547
2022-05-21,"34","3  day ahead inc hosp",2022-05-24,"quantile",0.95,229.228389265617
2022-05-21,"34","3  day ahead inc hosp",2022-05-24,"quantile",0.975,242.133363914215
2022-05-21,"34","3  day ahead inc hosp",2022-05-24,"quantile",0.99,257.13818584976
2022-05-21,"34","4  day ahead inc hosp",2022-05-25,"quantile",0.01,56.1114573824439
2022-05-21,"34","4  day ahead inc hosp",2022-05-25,"quantile",0.025,73.1058691918231
2022-05-21,"34","4  day ahead inc hosp",2022-05-25,"quantile",0.05,87.7220008933498
2022-05-21,"34","4  day ahead inc hosp",2022-05-25,"quantile",0.1,104.573464671294
2022-05-21,"34","4  day ahead inc hosp",2022-05-25,"quantile",0.15,115.943067279769
2022-05-21,"34","4  day ahead inc hosp",2022-05-25,"quantile",0.2,124.979267009247
2022-05-21,"34","4  day ahead inc hosp",2022-05-25,"quantile",0.25,132.73152177866
2022-05-21,"34","4  day ahead inc hosp",2022-05-25,"quantile",0.3,139.693286155098
2022-05-21,"34","4  day ahead inc hosp",2022-05-25,"quantile",0.35,146.144398360163
2022-05-21,"34","4  day ahead inc hosp",2022-05-25,"quantile",0.4,152.265872987132
2022-05-21,"34","4  day ahead inc hosp",2022-05-25,"quantile",0.45,158.188470531973
2022-05-21,"34","4  day ahead inc hosp",2022-05-25,"quantile",0.5,164.017167530321
2022-05-21,"34","4  day ahead inc hosp",2022-05-25,"quantile",0.55,169.845864528669
2022-05-21,"34","4  day ahead inc hosp",2022-05-25,"quantile",0.6,175.768462073511
2022-05-21,"34","4  day ahead inc hosp",2022-05-25,"quantile",0.65,181.889936700479
2022-05-21,"34","4  day ahead inc hosp",2022-05-25,"quantile",0.7,188.341048905545
2022-05-21,"34","4  day ahead inc hosp",2022-05-25,"quantile",0.75,195.302813281983
2022-05-21,"34","4  day ahead inc hosp",2022-05-25,"quantile",0.8,203.055068051395
2022-05-21,"34","4  day ahead inc hosp",2022-05-25,"quantile",0.85,212.091267780874
2022-05-21,"34","4  day ahead inc hosp",2022-05-25,"quantile",0.9,223.460870389349
2022-05-21,"34","4  day ahead inc hosp",2022-05-25,"quantile",0.95,240.312334167293
2022-05-21,"34","4  day ahead inc hosp",2022-05-25,"quantile",0.975,254.92846586882
2022-05-21,"34","4  day ahead inc hosp",2022-05-25,"quantile",0.99,271.922877678199
2022-05-21,"34","5  day ahead inc hosp",2022-05-26,"quantile",0.01,36.6833434072931
2022-05-21,"34","5  day ahead inc hosp",2022-05-26,"quantile",0.025,55.9530347881386
2022-05-21,"34","5  day ahead inc hosp",2022-05-26,"quantile",0.05,72.5260324434484
2022-05-21,"34","5  day ahead inc hosp",2022-05-26,"quantile",0.1,91.6336373407983
2022-05-21,"34","5  day ahead inc hosp",2022-05-26,"quantile",0.15,104.525447651483
2022-05-21,"34","5  day ahead inc hosp",2022-05-26,"quantile",0.2,114.771449807711
2022-05-21,"34","5  day ahead inc hosp",2022-05-26,"quantile",0.25,123.561607336424
2022-05-21,"34","5  day ahead inc hosp",2022-05-26,"quantile",0.3,131.455440468448
2022-05-21,"34","5  day ahead inc hosp",2022-05-26,"quantile",0.35,138.770253281575
2022-05-21,"34","5  day ahead inc hosp",2022-05-26,"quantile",0.4,145.711295324128
2022-05-21,"34","5  day ahead inc hosp",2022-05-26,"quantile",0.45,152.426833828324
2022-05-21,"34","5  day ahead inc hosp",2022-05-26,"quantile",0.5,159.035900006692
2022-05-21,"34","5  day ahead inc hosp",2022-05-26,"quantile",0.55,165.64496618506
2022-05-21,"34","5  day ahead inc hosp",2022-05-26,"quantile",0.6,172.360504689256
2022-05-21,"34","5  day ahead inc hosp",2022-05-26,"quantile",0.65,179.301546731809
2022-05-21,"34","5  day ahead inc hosp",2022-05-26,"quantile",0.7,186.616359544936
2022-05-21,"34","5  day ahead inc hosp",2022-05-26,"quantile",0.75,194.51019267696
2022-05-21,"34","5  day ahead inc hosp",2022-05-26,"quantile",0.8,203.300350205673
2022-05-21,"34","5  day ahead inc hosp",2022-05-26,"quantile",0.85,213.546352361901
2022-05-21,"34","5  day ahead inc hosp",2022-05-26,"quantile",0.9,226.438162672586
2022-05-21,"34","5  day ahead inc hosp",2022-05-26,"quantile",0.95,245.545767569936
2022-05-21,"34","5  day ahead inc hosp",2022-05-26,"quantile",0.975,262.118765225245
2022-05-21,"34","5  day ahead inc hosp",2022-05-26,"quantile",0.99,281.388456606091
2022-05-21,"34","6  day ahead inc hosp",2022-05-27,"quantile",0.01,24.2310917843874
2022-05-21,"34","6  day ahead inc hosp",2022-05-27,"quantile",0.025,45.5805518620444
2022-05-21,"34","6  day ahead inc hosp",2022-05-27,"quantile",0.05,63.9422653330162
2022-05-21,"34","6  day ahead inc hosp",2022-05-27,"quantile",0.1,85.1121450095074
2022-05-21,"34","6  day ahead inc hosp",2022-05-27,"quantile",0.15,99.3953623230068
2022-05-21,"34","6  day ahead inc hosp",2022-05-27,"quantile",0.2,110.747210656573
2022-05-21,"34","6  day ahead inc hosp",2022-05-27,"quantile",0.25,120.486085739031
2022-05-21,"34","6  day ahead inc hosp",2022-05-27,"quantile",0.3,129.231896555666
2022-05-21,"34","6  day ahead inc hosp",2022-05-27,"quantile",0.35,137.336193663644
2022-05-21,"34","6  day ahead inc hosp",2022-05-27,"quantile",0.4,145.026379098172
2022-05-21,"34","6  day ahead inc hosp",2022-05-27,"quantile",0.45,152.466722503869
2022-05-21,"34","6  day ahead inc hosp",2022-05-27,"quantile",0.5,159.789102075859
2022-05-21,"34","6  day ahead inc hosp",2022-05-27,"quantile",0.55,167.11148164785
2022-05-21,"34","6  day ahead inc hosp",2022-05-27,"quantile",0.6,174.551825053547
2022-05-21,"34","6  day ahead inc hosp",2022-05-27,"quantile",0.65,182.242010488075
2022-05-21,"34","6  day ahead inc hosp",2022-05-27,"quantile",0.7,190.346307596052
2022-05-21,"34","6  day ahead inc hosp",2022-05-27,"quantile",0.75,199.092118412688
2022-05-21,"34","6  day ahead inc hosp",2022-05-27,"quantile",0.8,208.830993495146
2022-05-21,"34","6  day ahead inc hosp",2022-05-27,"quantile",0.85,220.182841828712
2022-05-21,"34","6  day ahead inc hosp",2022-05-27,"quantile",0.9,234.466059142211
2022-05-21,"34","6  day ahead inc hosp",2022-05-27,"quantile",0.95,255.635938818702
2022-05-21,"34","6  day ahead inc hosp",2022-05-27,"quantile",0.975,273.997652289674
2022-05-21,"34","6  day ahead inc hosp",2022-05-27,"quantile",0.99,295.347112367331
2022-05-21,"34","7  day ahead inc hosp",2022-05-28,"quantile",0.01,5.088123783116
2022-05-21,"34","7  day ahead inc hosp",2022-05-28,"quantile",0.025,28.3894425621029
2022-05-21,"34","7  day ahead inc hosp",2022-05-28,"quantile",0.05,48.4298621961009
2022-05-21,"34","7  day ahead inc hosp",2022-05-28,"quantile",0.1,71.53518256769
2022-05-21,"34","7  day ahead inc hosp",2022-05-28,"quantile",0.15,87.1242325296467
2022-05-21,"34","7  day ahead inc hosp",2022-05-28,"quantile",0.2,99.5139152564694
2022-05-21,"34","7  day ahead inc hosp",2022-05-28,"quantile",0.25,110.143159837815
2022-05-21,"34","7  day ahead inc hosp",2022-05-28,"quantile",0.3,119.688549982477
2022-05-21,"34","7  day ahead inc hosp",2022-05-28,"quantile",0.35,128.533776499012
2022-05-21,"34","7  day ahead inc hosp",2022-05-28,"quantile",0.4,136.927031486617
2022-05-21,"34","7  day ahead inc hosp",2022-05-28,"quantile",0.45,145.047602821473
2022-05-21,"34","7  day ahead inc hosp",2022-05-28,"quantile",0.5,153.039425565799
2022-05-21,"34","7  day ahead inc hosp",2022-05-28,"quantile",0.55,161.031248310125
2022-05-21,"34","7  day ahead inc hosp",2022-05-28,"quantile",0.6,169.151819644981
2022-05-21,"34","7  day ahead inc hosp",2022-05-28,"quantile",0.65,177.545074632586
2022-05-21,"34","7  day ahead inc hosp",2022-05-28,"quantile",0.7,186.390301149121
2022-05-21,"34","7  day ahead inc hosp",2022-05-28,"quantile",0.75,195.935691293783
2022-05-21,"34","7  day ahead inc hosp",2022-05-28,"quantile",0.8,206.564935875129
2022-05-21,"34","7  day ahead inc hosp",2022-05-28,"quantile",0.85,218.954618601951
2022-05-21,"34","7  day ahead inc hosp",2022-05-28,"quantile",0.9,234.543668563908
2022-05-21,"34","7  day ahead inc hosp",2022-05-28,"quantile",0.95,257.648988935497
2022-05-21,"34","7  day ahead inc hosp",2022-05-28,"quantile",0.975,277.689408569495
2022-05-21,"34","7  day ahead inc hosp",2022-05-28,"quantile",0.99,300.990727348482
2022-05-21,"34","8  day ahead inc hosp",2022-05-29,"quantile",0.01,0
2022-05-21,"34","8  day ahead inc hosp",2022-05-29,"quantile",0.025,14.9930285768053
2022-05-21,"34","8  day ahead inc hosp",2022-05-29,"quantile",0.05,36.6958793949241
2022-05-21,"34","8  day ahead inc hosp",2022-05-29,"quantile",0.1,61.7178764532464
2022-05-21,"34","8  day ahead inc hosp",2022-05-29,"quantile",0.15,78.600099076299
2022-05-21,"34","8  day ahead inc hosp",2022-05-29,"quantile",0.2,92.017554439753
2022-05-21,"34","8  day ahead inc hosp",2022-05-29,"quantile",0.25,103.528536428717
2022-05-21,"34","8  day ahead inc hosp",2022-05-29,"quantile",0.3,113.865754016662
2022-05-21,"34","8  day ahead inc hosp",2022-05-29,"quantile",0.35,123.444726665277
2022-05-21,"34","8  day ahead inc hosp",2022-05-29,"quantile",0.4,132.534234979034
2022-05-21,"34","8  day ahead inc hosp",2022-05-29,"quantile",0.45,141.328439464618
2022-05-21,"34","8  day ahead inc hosp",2022-05-29,"quantile",0.5,149.983215160567
2022-05-21,"34","8  day ahead inc hosp",2022-05-29,"quantile",0.55,158.637990856516
2022-05-21,"34","8  day ahead inc hosp",2022-05-29,"quantile",0.6,167.4321953421
2022-05-21,"34","8  day ahead inc hosp",2022-05-29,"quantile",0.65,176.521703655857
2022-05-21,"34","8  day ahead inc hosp",2022-05-29,"quantile",0.7,186.100676304472
2022-05-21,"34","8  day ahead inc hosp",2022-05-29,"quantile",0.75,196.437893892417
2022-05-21,"34","8  day ahead inc hosp",2022-05-29,"quantile",0.8,207.948875881381
2022-05-21,"34","8  day ahead inc hosp",2022-05-29,"quantile",0.85,221.366331244835
2022-05-21,"34","8  day ahead inc hosp",2022-05-29,"quantile",0.9,238.248553867888
2022-05-21,"34","8  day ahead inc hosp",2022-05-29,"quantile",0.95,263.27055092621
2022-05-21,"34","8  day ahead inc hosp",2022-05-29,"quantile",0.975,284.973401744329
2022-05-21,"34","8  day ahead inc hosp",2022-05-29,"quantile",0.99,310.207656044467
2022-05-21,"34","9  day ahead inc hosp",2022-05-30,"quantile",0.01,0
2022-05-21,"34","9  day ahead inc hosp",2022-05-30,"quantile",0.025,25.8149379777406
2022-05-21,"34","9  day ahead inc hosp",2022-05-30,"quantile",0.05,49.1429148716683
2022-05-21,"34","9  day ahead inc hosp",2022-05-30,"quantile",0.1,76.0385782160042
2022-05-21,"34","9  day ahead inc hosp",2022-05-30,"quantile",0.15,94.1849545869795
2022-05-21,"34","9  day ahead inc hosp",2022-05-30,"quantile",0.2,108.607119274793
2022-05-21,"34","9  day ahead inc hosp",2022-05-30,"quantile",0.25,120.980052403044
2022-05-21,"34","9  day ahead inc hosp",2022-05-30,"quantile",0.3,132.091328753787
2022-05-21,"34","9  day ahead inc hosp",2022-05-30,"quantile",0.35,142.387582203951
2022-05-21,"34","9  day ahead inc hosp",2022-05-30,"quantile",0.4,152.157719855336
2022-05-21,"34","9  day ahead inc hosp",2022-05-30,"quantile",0.45,161.610441101934
2022-05-21,"34","9  day ahead inc hosp",2022-05-30,"quantile",0.5,170.913293024441
2022-05-21,"34","9  day ahead inc hosp",2022-05-30,"quantile",0.55,180.216144946949
2022-05-21,"34","9  day ahead inc hosp",2022-05-30,"quantile",0.6,189.668866193546
2022-05-21,"34","9  day ahead inc hosp",2022-05-30,"quantile",0.65,199.439003844931
2022-05-21,"34","9  day ahead inc hosp",2022-05-30,"quantile",0.7,209.735257295095
2022-05-21,"34","9  day ahead inc hosp",2022-05-30,"quantile",0.75,220.846533645839
2022-05-21,"34","9  day ahead inc hosp",2022-05-30,"quantile",0.8,233.219466774089
2022-05-21,"34","9  day ahead inc hosp",2022-05-30,"quantile",0.85,247.641631461903
2022-05-21,"34","9  day ahead inc hosp",2022-05-30,"quantile",0.9,265.788007832878
2022-05-21,"34","9  day ahead inc hosp",2022-05-30,"quantile",0.95,292.683671177214
2022-05-21,"34","9  day ahead inc hosp",2022-05-30,"quantile",0.975,316.011648071142
2022-05-21,"34","9  day ahead inc hosp",2022-05-30,"quantile",0.99,343.135462641975
2022-05-21,"34","10  day ahead inc hosp",2022-05-31,"quantile",0.01,0
2022-05-21,"34","10  day ahead inc hosp",2022-05-31,"quantile",0.025,15.0153147597196
2022-05-21,"34","10  day ahead inc hosp",2022-05-31,"quantile",0.05,39.8996619586904
2022-05-21,"34","10  day ahead inc hosp",2022-05-31,"quantile",0.1,68.5897205887338
2022-05-21,"34","10  day ahead inc hosp",2022-05-31,"quantile",0.15,87.9467669400653
2022-05-21,"34","10  day ahead inc hosp",2022-05-31,"quantile",0.2,103.331133749247
2022-05-21,"34","10  day ahead inc hosp",2022-05-31,"quantile",0.25,116.529550621529
2022-05-21,"34","10  day ahead inc hosp",2022-05-31,"quantile",0.3,128.382136887061
2022-05-21,"34","10  day ahead inc hosp",2022-05-31,"quantile",0.35,139.365324450538
2022-05-21,"34","10  day ahead inc hosp",2022-05-31,"quantile",0.4,149.787295400025
2022-05-21,"34","10  day ahead inc hosp",2022-05-31,"quantile",0.45,159.870672906141
2022-05-21,"34","10  day ahead inc hosp",2022-05-31,"quantile",0.5,169.794182271436
2022-05-21,"34","10  day ahead inc hosp",2022-05-31,"quantile",0.55,179.717691636732
2022-05-21,"34","10  day ahead inc hosp",2022-05-31,"quantile",0.6,189.801069142848
2022-05-21,"34","10  day ahead inc hosp",2022-05-31,"quantile",0.65,200.223040092334
2022-05-21,"34","10  day ahead inc hosp",2022-05-31,"quantile",0.7,211.206227655812
2022-05-21,"34","10  day ahead inc hosp",2022-05-31,"quantile",0.75,223.058813921343
2022-05-21,"34","10  day ahead inc hosp",2022-05-31,"quantile",0.8,236.257230793626
2022-05-21,"34","10  day ahead inc hosp",2022-05-31,"quantile",0.85,251.641597602807
2022-05-21,"34","10  day ahead inc hosp",2022-05-31,"quantile",0.9,270.998643954139
2022-05-21,"34","10  day ahead inc hosp",2022-05-31,"quantile",0.95,299.688702584182
2022-05-21,"34","10  day ahead inc hosp",2022-05-31,"quantile",0.975,324.573049783153
2022-05-21,"34","10  day ahead inc hosp",2022-05-31,"quantile",0.99,353.506481182291
2022-05-21,"34","11  day ahead inc hosp",2022-06-01,"quantile",0.01,0
2022-05-21,"34","11  day ahead inc hosp",2022-06-01,"quantile",0.025,9.23081440633976
2022-05-21,"34","11  day ahead inc hosp",2022-06-01,"quantile",0.05,35.6042635114342
2022-05-21,"34","11  day ahead inc hosp",2022-06-01,"quantile",0.1,66.011161271361
2022-05-21,"34","11  day ahead inc hosp",2022-06-01,"quantile",0.15,86.5265508329128
2022-05-21,"34","11  day ahead inc hosp",2022-06-01,"quantile",0.2,102.83153210535
2022-05-21,"34","11  day ahead inc hosp",2022-06-01,"quantile",0.25,116.81975421404
2022-05-21,"34","11  day ahead inc hosp",2022-06-01,"quantile",0.3,129.381609991823
2022-05-21,"34","11  day ahead inc hosp",2022-06-01,"quantile",0.35,141.022041460689
2022-05-21,"34","11  day ahead inc hosp",2022-06-01,"quantile",0.4,152.067672604367
2022-05-21,"34","11  day ahead inc hosp",2022-06-01,"quantile",0.45,162.754448565924
2022-05-21,"34","11  day ahead inc hosp",2022-06-01,"quantile",0.5,173.271789732116
2022-05-21,"34","11  day ahead inc hosp",2022-06-01,"quantile",0.55,183.789130898308
2022-05-21,"34","11  day ahead inc hosp",2022-06-01,"quantile",0.6,194.475906859865
2022-05-21,"34","11  day ahead inc hosp",2022-06-01,"quantile",0.65,205.521538003544
2022-05-21,"34","11  day ahead inc hosp",2022-06-01,"quantile",0.7,217.16196947241
2022-05-21,"34","11  day ahead inc hosp",2022-06-01,"quantile",0.75,229.723825250192
2022-05-21,"34","11  day ahead inc hosp",2022-06-01,"quantile",0.8,243.712047358882
2022-05-21,"34","11  day ahead inc hosp",2022-06-01,"quantile",0.85,260.01702863132
2022-05-21,"34","11  day ahead inc hosp",2022-06-01,"quantile",0.9,280.532418192871
2022-05-21,"34","11  day ahead inc hosp",2022-06-01,"quantile",0.95,310.939315952798
2022-05-21,"34","11  day ahead inc hosp",2022-06-01,"quantile",0.975,337.312765057893
2022-05-21,"34","11  day ahead inc hosp",2022-06-01,"quantile",0.99,367.977599234152
2022-05-21,"34","12  day ahead inc hosp",2022-06-02,"quantile",0.01,0
2022-05-21,"34","12  day ahead inc hosp",2022-06-02,"quantile",0.025,0
2022-05-21,"34","12  day ahead inc hosp",2022-06-02,"quantile",0.05,25.75989702184
2022-05-21,"34","12  day ahead inc hosp",2022-06-02,"quantile",0.1,57.8106085409326
2022-05-21,"34","12  day ahead inc hosp",2022-06-02,"quantile",0.15,79.4350714417702
2022-05-21,"34","12  day ahead inc hosp",2022-06-02,"quantile",0.2,96.6215090459318
2022-05-21,"34","12  day ahead inc hosp",2022-06-02,"quantile",0.25,111.365942200881
2022-05-21,"34","12  day ahead inc hosp",2022-06-02,"quantile",0.3,124.606898869889
2022-05-21,"34","12  day ahead inc hosp",2022-06-02,"quantile",0.35,136.87661852074
2022-05-21,"34","12  day ahead inc hosp",2022-06-02,"quantile",0.4,148.519382610897
2022-05-21,"34","12  day ahead inc hosp",2022-06-02,"quantile",0.45,159.783891608735
2022-05-21,"34","12  day ahead inc hosp",2022-06-02,"quantile",0.5,170.869806072188
2022-05-21,"34","12  day ahead inc hosp",2022-06-02,"quantile",0.55,181.95572053564
2022-05-21,"34","12  day ahead inc hosp",2022-06-02,"quantile",0.6,193.220229533478
2022-05-21,"34","12  day ahead inc hosp",2022-06-02,"quantile",0.65,204.862993623635
2022-05-21,"34","12  day ahead inc hosp",2022-06-02,"quantile",0.7,217.132713274486
2022-05-21,"34","12  day ahead inc hosp",2022-06-02,"quantile",0.75,230.373669943494
2022-05-21,"34","12  day ahead inc hosp",2022-06-02,"quantile",0.8,245.118103098443
2022-05-21,"34","12  day ahead inc hosp",2022-06-02,"quantile",0.85,262.304540702605
2022-05-21,"34","12  day ahead inc hosp",2022-06-02,"quantile",0.9,283.929003603443
2022-05-21,"34","12  day ahead inc hosp",2022-06-02,"quantile",0.95,315.979715122535
2022-05-21,"34","12  day ahead inc hosp",2022-06-02,"quantile",0.975,343.77892751522
2022-05-21,"34","12  day ahead inc hosp",2022-06-02,"quantile",0.99,376.101519636385
2022-05-21,"34","13  day ahead inc hosp",2022-06-03,"quantile",0.01,0
2022-05-21,"34","13  day ahead inc hosp",2022-06-03,"quantile",0.025,0
2022-05-21,"34","13  day ahead inc hosp",2022-06-03,"quantile",0.05,28.4904776718854
2022-05-21,"34","13  day ahead inc hosp",2022-06-03,"quantile",0.1,62.1071291301782
2022-05-21,"34","13  day ahead inc hosp",2022-06-03,"quantile",0.15,84.7881242736777
2022-05-21,"34","13  day ahead inc hosp",2022-06-03,"quantile",0.2,102.814260211553
2022-05-21,"34","13  day ahead inc hosp",2022-06-03,"quantile",0.25,118.279079768672
2022-05-21,"34","13  day ahead inc hosp",2022-06-03,"quantile",0.3,132.166965691306
2022-05-21,"34","13  day ahead inc hosp",2022-06-03,"quantile",0.35,145.036161707373
2022-05-21,"34","13  day ahead inc hosp",2022-06-03,"quantile",0.4,157.247770245198
2022-05-21,"34","13  day ahead inc hosp",2022-06-03,"quantile",0.45,169.062642829338
2022-05-21,"34","13  day ahead inc hosp",2022-06-03,"quantile",0.5,180.690195072362
2022-05-21,"34","13  day ahead inc hosp",2022-06-03,"quantile",0.55,192.317747315386
2022-05-21,"34","13  day ahead inc hosp",2022-06-03,"quantile",0.6,204.132619899527
2022-05-21,"34","13  day ahead inc hosp",2022-06-03,"quantile",0.65,216.344228437352
2022-05-21,"34","13  day ahead inc hosp",2022-06-03,"quantile",0.7,229.213424453419
2022-05-21,"34","13  day ahead inc hosp",2022-06-03,"quantile",0.75,243.101310376053
2022-05-21,"34","13  day ahead inc hosp",2022-06-03,"quantile",0.8,258.566129933171
2022-05-21,"34","13  day ahead inc hosp",2022-06-03,"quantile",0.85,276.592265871047
2022-05-21,"34","13  day ahead inc hosp",2022-06-03,"quantile",0.9,299.273261014546
2022-05-21,"34","13  day ahead inc hosp",2022-06-03,"quantile",0.95,332.889912472839
2022-05-21,"34","13  day ahead inc hosp",2022-06-03,"quantile",0.975,362.047344227927
2022-05-21,"34","13  day ahead inc hosp",2022-06-03,"quantile",0.99,395.949159883985
2022-05-21,"34","14  day ahead inc hosp",2022-06-04,"quantile",0.01,0
2022-05-21,"34","14  day ahead inc hosp",2022-06-04,"quantile",0.025,0
2022-05-21,"34","14  day ahead inc hosp",2022-06-04,"quantile",0.05,15.1140519578579
2022-05-21,"34","14  day ahead inc hosp",2022-06-04,"quantile",0.1,50.2143007447527
2022-05-21,"34","14  day ahead inc hosp",2022-06-04,"quantile",0.15,73.8962719624659
2022-05-21,"34","14  day ahead inc hosp",2022-06-04,"quantile",0.2,92.7179519525391
2022-05-21,"34","14  day ahead inc hosp",2022-06-04,"quantile",0.25,108.865277469858
2022-05-21,"34","14  day ahead inc hosp",2022-06-04,"quantile",0.3,123.366074838485
2022-05-21,"34","14  day ahead inc hosp",2022-06-04,"quantile",0.35,136.80322465133
2022-05-21,"34","14  day ahead inc hosp",2022-06-04,"quantile",0.4,149.553765801974
2022-05-21,"34","14  day ahead inc hosp",2022-06-04,"quantile",0.45,161.890061926033
2022-05-21,"34","14  day ahead inc hosp",2022-06-04,"quantile",0.5,174.030770735747
2022-05-21,"34","14  day ahead inc hosp",2022-06-04,"quantile",0.55,186.17147954546
2022-05-21,"34","14  day ahead inc hosp",2022-06-04,"quantile",0.6,198.507775669519
2022-05-21,"34","14  day ahead inc hosp",2022-06-04,"quantile",0.65,211.258316820164
2022-05-21,"34","14  day ahead inc hosp",2022-06-04,"quantile",0.7,224.695466633008
2022-05-21,"34","14  day ahead inc hosp",2022-06-04,"quantile",0.75,239.196264001636
2022-05-21,"34","14  day ahead inc hosp",2022-06-04,"quantile",0.8,255.343589518954
2022-05-21,"34","14  day ahead inc hosp",2022-06-04,"quantile",0.85,274.165269509027
2022-05-21,"34","14  day ahead inc hosp",2022-06-04,"quantile",0.9,297.847240726741
2022-05-21,"34","14  day ahead inc hosp",2022-06-04,"quantile",0.95,332.947489513635
2022-05-21,"34","14  day ahead inc hosp",2022-06-04,"quantile",0.975,363.391720696513
2022-05-21,"34","14  day ahead inc hosp",2022-06-04,"quantile",0.99,398.789718778845
2022-05-21,"34","15  day ahead inc hosp",2022-06-05,"quantile",0.01,0
2022-05-21,"34","15  day ahead inc hosp",2022-06-05,"quantile",0.025,0
2022-05-21,"34","15  day ahead inc hosp",2022-06-05,"quantile",0.05,0
2022-05-21,"34","15  day ahead inc hosp",2022-06-05,"quantile",0.1,33.5556812342699
2022-05-21,"34","15  day ahead inc hosp",2022-06-05,"quantile",0.15,58.1823978585827
2022-05-21,"34","15  day ahead inc hosp",2022-06-05,"quantile",0.2,77.7549315487826
2022-05-21,"34","15  day ahead inc hosp",2022-06-05,"quantile",0.25,94.5464226835286
2022-05-21,"34","15  day ahead inc hosp",2022-06-05,"quantile",0.3,109.625700685381
2022-05-21,"34","15  day ahead inc hosp",2022-06-05,"quantile",0.35,123.598899015757
2022-05-21,"34","15  day ahead inc hosp",2022-06-05,"quantile",0.4,136.85809778924
2022-05-21,"34","15  day ahead inc hosp",2022-06-05,"quantile",0.45,149.686526050043
2022-05-21,"34","15  day ahead inc hosp",2022-06-05,"quantile",0.5,162.3115644274
2022-05-21,"34","15  day ahead inc hosp",2022-06-05,"quantile",0.55,174.936602804758
2022-05-21,"34","15  day ahead inc hosp",2022-06-05,"quantile",0.6,187.76503106556
2022-05-21,"34","15  day ahead inc hosp",2022-06-05,"quantile",0.65,201.024229839043
2022-05-21,"34","15  day ahead inc hosp",2022-06-05,"quantile",0.7,214.997428169419
2022-05-21,"34","15  day ahead inc hosp",2022-06-05,"quantile",0.75,230.076706171272
2022-05-21,"34","15  day ahead inc hosp",2022-06-05,"quantile",0.8,246.868197306018
2022-05-21,"34","15  day ahead inc hosp",2022-06-05,"quantile",0.85,266.440730996218
2022-05-21,"34","15  day ahead inc hosp",2022-06-05,"quantile",0.9,291.067447620531
2022-05-21,"34","15  day ahead inc hosp",2022-06-05,"quantile",0.95,327.567951416059
2022-05-21,"34","15  day ahead inc hosp",2022-06-05,"quantile",0.975,359.226694993326
2022-05-21,"34","15  day ahead inc hosp",2022-06-05,"quantile",0.99,396.036826203584
2022-05-21,"34","16  day ahead inc hosp",2022-06-06,"quantile",0.01,0
2022-05-21,"34","16  day ahead inc hosp",2022-06-06,"quantile",0.025,0
2022-05-21,"34","16  day ahead inc hosp",2022-06-06,"quantile",0.05,7.23481783163399
2022-05-21,"34","16  day ahead inc hosp",2022-06-06,"quantile",0.1,45.0518922991119
2022-05-21,"34","16  day ahead inc hosp",2022-06-06,"quantile",0.15,70.5668929053555
2022-05-21,"34","16  day ahead inc hosp",2022-06-06,"quantile",0.2,90.8454065452187
2022-05-21,"34","16  day ahead inc hosp",2022-06-06,"quantile",0.25,108.242565615129
2022-05-21,"34","16  day ahead inc hosp",2022-06-06,"quantile",0.3,123.865752141714
2022-05-21,"34","16  day ahead inc hosp",2022-06-06,"quantile",0.35,138.342962778829
2022-05-21,"34","16  day ahead inc hosp",2022-06-06,"quantile",0.4,152.080419943935
2022-05-21,"34","16  day ahead inc hosp",2022-06-06,"quantile",0.45,165.371568733473
2022-05-21,"34","16  day ahead inc hosp",2022-06-06,"quantile",0.5,178.451991380401
2022-05-21,"34","16  day ahead inc hosp",2022-06-06,"quantile",0.55,191.532414027328
2022-05-21,"34","16  day ahead inc hosp",2022-06-06,"quantile",0.6,204.823562816866
2022-05-21,"34","16  day ahead inc hosp",2022-06-06,"quantile",0.65,218.561019981973
2022-05-21,"34","16  day ahead inc hosp",2022-06-06,"quantile",0.7,233.038230619087
2022-05-21,"34","16  day ahead inc hosp",2022-06-06,"quantile",0.75,248.661417145672
2022-05-21,"34","16  day ahead inc hosp",2022-06-06,"quantile",0.8,266.058576215583
2022-05-21,"34","16  day ahead inc hosp",2022-06-06,"quantile",0.85,286.337089855446
2022-05-21,"34","16  day ahead inc hosp",2022-06-06,"quantile",0.9,311.852090461689
2022-05-21,"34","16  day ahead inc hosp",2022-06-06,"quantile",0.95,349.669164929167
2022-05-21,"34","16  day ahead inc hosp",2022-06-06,"quantile",0.975,382.469837218927
2022-05-21,"34","16  day ahead inc hosp",2022-06-06,"quantile",0.99,420.607707340777
2022-05-21,"34","17  day ahead inc hosp",2022-06-07,"quantile",0.01,0
2022-05-21,"34","17  day ahead inc hosp",2022-06-07,"quantile",0.025,0
2022-05-21,"34","17  day ahead inc hosp",2022-06-07,"quantile",0.05,0
2022-05-21,"34","17  day ahead inc hosp",2022-06-07,"quantile",0.1,31.4000152737206
2022-05-21,"34","17  day ahead inc hosp",2022-06-07,"quantile",0.15,57.7465077672103
2022-05-21,"34","17  day ahead inc hosp",2022-06-07,"quantile",0.2,78.6858648002274
2022-05-21,"34","17  day ahead inc hosp",2022-06-07,"quantile",0.25,96.6499686588525
2022-05-21,"34","17  day ahead inc hosp",2022-06-07,"quantile",0.3,112.782289127868
2022-05-21,"34","17  day ahead inc hosp",2022-06-07,"quantile",0.35,127.731288238771
2022-05-21,"34","17  day ahead inc hosp",2022-06-07,"quantile",0.4,141.916426529207
2022-05-21,"34","17  day ahead inc hosp",2022-06-07,"quantile",0.45,155.640711988472
2022-05-21,"34","17  day ahead inc hosp",2022-06-07,"quantile",0.5,169.147404086869
2022-05-21,"34","17  day ahead inc hosp",2022-06-07,"quantile",0.55,182.654096185266
2022-05-21,"34","17  day ahead inc hosp",2022-06-07,"quantile",0.6,196.378381644531
2022-05-21,"34","17  day ahead inc hosp",2022-06-07,"quantile",0.65,210.563519934967
2022-05-21,"34","17  day ahead inc hosp",2022-06-07,"quantile",0.7,225.512519045869
2022-05-21,"34","17  day ahead inc hosp",2022-06-07,"quantile",0.75,241.644839514885
2022-05-21,"34","17  day ahead inc hosp",2022-06-07,"quantile",0.8,259.60894337351
2022-05-21,"34","17  day ahead inc hosp",2022-06-07,"quantile",0.85,280.548300406527
2022-05-21,"34","17  day ahead inc hosp",2022-06-07,"quantile",0.9,306.894792900017
2022-05-21,"34","17  day ahead inc hosp",2022-06-07,"quantile",0.95,345.944263599984
2022-05-21,"34","17  day ahead inc hosp",2022-06-07,"quantile",0.975,379.813855829274
2022-05-21,"34","17  day ahead inc hosp",2022-06-07,"quantile",0.99,419.19457638615
2022-05-21,"34","18  day ahead inc hosp",2022-06-08,"quantile",0.01,0
2022-05-21,"34","18  day ahead inc hosp",2022-06-08,"quantile",0.025,0
2022-05-21,"34","18  day ahead inc hosp",2022-06-08,"quantile",0.05,0
2022-05-21,"34","18  day ahead inc hosp",2022-06-08,"quantile",0.1,23.6133634835662
2022-05-21,"34","18  day ahead inc hosp",2022-06-08,"quantile",0.15,50.734628598932
2022-05-21,"34","18  day ahead inc hosp",2022-06-08,"quantile",0.2,72.2897503510243
2022-05-21,"34","18  day ahead inc hosp",2022-06-08,"quantile",0.25,90.7821255098857
2022-05-21,"34","18  day ahead inc hosp",2022-06-08,"quantile",0.3,107.388849933424
2022-05-21,"34","18  day ahead inc hosp",2022-06-08,"quantile",0.35,122.777455008515
2022-05-21,"34","18  day ahead inc hosp",2022-06-08,"quantile",0.4,137.379736369805
2022-05-21,"34","18  day ahead inc hosp",2022-06-08,"quantile",0.45,151.507612577678
2022-05-21,"34","18  day ahead inc hosp",2022-06-08,"quantile",0.5,165.411496645842
2022-05-21,"34","18  day ahead inc hosp",2022-06-08,"quantile",0.55,179.315380714007
2022-05-21,"34","18  day ahead inc hosp",2022-06-08,"quantile",0.6,193.44325692188
2022-05-21,"34","18  day ahead inc hosp",2022-06-08,"quantile",0.65,208.04553828317
2022-05-21,"34","18  day ahead inc hosp",2022-06-08,"quantile",0.7,223.43414335826
2022-05-21,"34","18  day ahead inc hosp",2022-06-08,"quantile",0.75,240.040867781799
2022-05-21,"34","18  day ahead inc hosp",2022-06-08,"quantile",0.8,258.533242940661
2022-05-21,"34","18  day ahead inc hosp",2022-06-08,"quantile",0.85,280.088364692753
2022-05-21,"34","18  day ahead inc hosp",2022-06-08,"quantile",0.9,307.209629808119
2022-05-21,"34","18  day ahead inc hosp",2022-06-08,"quantile",0.95,347.40743024513
2022-05-21,"34","18  day ahead inc hosp",2022-06-08,"quantile",0.975,382.273027266324
2022-05-21,"34","18  day ahead inc hosp",2022-06-08,"quantile",0.99,422.811818641345
2022-05-21,"34","19  day ahead inc hosp",2022-06-09,"quantile",0.01,0
2022-05-21,"34","19  day ahead inc hosp",2022-06-09,"quantile",0.025,0
2022-05-21,"34","19  day ahead inc hosp",2022-06-09,"quantile",0.05,0
2022-05-21,"34","19  day ahead inc hosp",2022-06-09,"quantile",0.1,35.2240854994307
2022-05-21,"34","19  day ahead inc hosp",2022-06-09,"quantile",0.15,63.0639804585099
2022-05-21,"34","19  day ahead inc hosp",2022-06-09,"quantile",0.2,85.190246429356
2022-05-21,"34","19  day ahead inc hosp",2022-06-09,"quantile",0.25,104.172612472263
2022-05-21,"34","19  day ahead inc hosp",2022-06-09,"quantile",0.3,121.219363853479
2022-05-21,"34","19  day ahead inc hosp",2022-06-09,"quantile",0.35,137.015719481983
2022-05-21,"34","19  day ahead inc hosp",2022-06-09,"quantile",0.4,152.00491624445
2022-05-21,"34","19  day ahead inc hosp",2022-06-09,"quantile",0.45,166.507137580696
2022-05-21,"34","19  day ahead inc hosp",2022-06-09,"quantile",0.5,180.779431676653
2022-05-21,"34","19  day ahead inc hosp",2022-06-09,"quantile",0.55,195.05172577261
2022-05-21,"34","19  day ahead inc hosp",2022-06-09,"quantile",0.6,209.553947108857
2022-05-21,"34","19  day ahead inc hosp",2022-06-09,"quantile",0.65,224.543143871323
2022-05-21,"34","19  day ahead inc hosp",2022-06-09,"quantile",0.7,240.339499499828
2022-05-21,"34","19  day ahead inc hosp",2022-06-09,"quantile",0.75,257.386250881044
2022-05-21,"34","19  day ahead inc hosp",2022-06-09,"quantile",0.8,276.36861692395
2022-05-21,"34","19  day ahead inc hosp",2022-06-09,"quantile",0.85,298.494882894796
2022-05-21,"34","19  day ahead inc hosp",2022-06-09,"quantile",0.9,326.334777853876
2022-05-21,"34","19  day ahead inc hosp",2022-06-09,"quantile",0.95,367.597695973369
2022-05-21,"34","19  day ahead inc hosp",2022-06-09,"quantile",0.975,403.387123738879
2022-05-21,"34","19  day ahead inc hosp",2022-06-09,"quantile",0.99,445.000068004123
2022-05-21,"34","20  day ahead inc hosp",2022-06-10,"quantile",0.01,0
2022-05-21,"34","20  day ahead inc hosp",2022-06-10,"quantile",0.025,0
2022-05-21,"34","20  day ahead inc hosp",2022-06-10,"quantile",0.05,0
2022-05-21,"34","20  day ahead inc hosp",2022-06-10,"quantile",0.1,21.2566812607598
2022-05-21,"34","20  day ahead inc hosp",2022-06-10,"quantile",0.15,49.7599669855281
2022-05-21,"34","20  day ahead inc hosp",2022-06-10,"quantile",0.2,72.4134749070285
2022-05-21,"34","20  day ahead inc hosp",2022-06-10,"quantile",0.25,91.8481675970832
2022-05-21,"34","20  day ahead inc hosp",2022-06-10,"quantile",0.3,109.301122287181
2022-05-21,"34","20  day ahead inc hosp",2022-06-10,"quantile",0.35,125.473885817759
2022-05-21,"34","20  day ahead inc hosp",2022-06-10,"quantile",0.4,140.820256870284
2022-05-21,"34","20  day ahead inc hosp",2022-06-10,"quantile",0.45,155.668048465707
2022-05-21,"34","20  day ahead inc hosp",2022-06-10,"quantile",0.5,170.280433934938
2022-05-21,"34","20  day ahead inc hosp",2022-06-10,"quantile",0.55,184.89281940417
2022-05-21,"34","20  day ahead inc hosp",2022-06-10,"quantile",0.6,199.740610999593
2022-05-21,"34","20  day ahead inc hosp",2022-06-10,"quantile",0.65,215.086982052117
2022-05-21,"34","20  day ahead inc hosp",2022-06-10,"quantile",0.7,231.259745582696
2022-05-21,"34","20  day ahead inc hosp",2022-06-10,"quantile",0.75,248.712700272793
2022-05-21,"34","20  day ahead inc hosp",2022-06-10,"quantile",0.8,268.147392962848
2022-05-21,"34","20  day ahead inc hosp",2022-06-10,"quantile",0.85,290.800900884348
2022-05-21,"34","20  day ahead inc hosp",2022-06-10,"quantile",0.9,319.304186609117
2022-05-21,"34","20  day ahead inc hosp",2022-06-10,"quantile",0.95,361.550349776269
2022-05-21,"34","20  day ahead inc hosp",2022-06-10,"quantile",0.975,398.192595985377
2022-05-21,"34","20  day ahead inc hosp",2022-06-10,"quantile",0.99,440.797125994723
2022-05-21,"34","21  day ahead inc hosp",2022-06-11,"quantile",0.01,0
2022-05-21,"34","21  day ahead inc hosp",2022-06-11,"quantile",0.025,0
2022-05-21,"34","21  day ahead inc hosp",2022-06-11,"quantile",0.05,0
2022-05-21,"34","21  day ahead inc hosp",2022-06-11,"quantile",0.1,18.2018777266204
2022-05-21,"34","21  day ahead inc hosp",2022-06-11,"quantile",0.15,47.3144883493345
2022-05-21,"34","21  day ahead inc hosp",2022-06-11,"quantile",0.2,70.45226838373
2022-05-21,"34","21  day ahead inc hosp",2022-06-11,"quantile",0.25,90.3024234262419
2022-05-21,"34","21  day ahead inc hosp",2022-06-11,"quantile",0.3,108.12847614925
2022-05-21,"34","21  day ahead inc hosp",2022-06-11,"quantile",0.35,124.646970610042
2022-05-21,"34","21  day ahead inc hosp",2022-06-11,"quantile",0.4,140.321406506238
2022-05-21,"34","21  day ahead inc hosp",2022-06-11,"quantile",0.45,155.486604634577
2022-05-21,"34","21  day ahead inc hosp",2022-06-11,"quantile",0.5,170.411364276062
2022-05-21,"34","21  day ahead inc hosp",2022-06-11,"quantile",0.55,185.336123917547
2022-05-21,"34","21  day ahead inc hosp",2022-06-11,"quantile",0.6,200.501322045886
2022-05-21,"34","21  day ahead inc hosp",2022-06-11,"quantile",0.65,216.175757942082
2022-05-21,"34","21  day ahead inc hosp",2022-06-11,"quantile",0.7,232.694252402874
2022-05-21,"34","21  day ahead inc hosp",2022-06-11,"quantile",0.75,250.520305125882
2022-05-21,"34","21  day ahead inc hosp",2022-06-11,"quantile",0.8,270.370460168394
2022-05-21,"34","21  day ahead inc hosp",2022-06-11,"quantile",0.85,293.508240202789
2022-05-21,"34","21  day ahead inc hosp",2022-06-11,"quantile",0.9,322.620850825503
2022-05-21,"34","21  day ahead inc hosp",2022-06-11,"quantile",0.95,365.770125279859
2022-05-21,"34","21  day ahead inc hosp",2022-06-11,"quantile",0.975,403.195685846037
2022-05-21,"34","21  day ahead inc hosp",2022-06-11,"quantile",0.99,446.710988078299
2022-05-21,"34","22  day ahead inc hosp",2022-06-12,"quantile",0.01,0
2022-05-21,"34","22  day ahead inc hosp",2022-06-12,"quantile",0.025,0
2022-05-21,"34","22  day ahead inc hosp",2022-06-12,"quantile",0.05,0
2022-05-21,"34","22  day ahead inc hosp",2022-06-12,"quantile",0.1,13.2103814582556
2022-05-21,"34","22  day ahead inc hosp",2022-06-12,"quantile",0.15,43.4867135910721
2022-05-21,"34","22  day ahead inc hosp",2022-06-12,"quantile",0.2,67.5493825909744
2022-05-21,"34","22  day ahead inc hosp",2022-06-12,"quantile",0.25,88.1930100122162
2022-05-21,"34","22  day ahead inc hosp",2022-06-12,"quantile",0.3,106.731625454619
2022-05-21,"34","22  day ahead inc hosp",2022-06-12,"quantile",0.35,123.910415468003
2022-05-21,"34","22  day ahead inc hosp",2022-06-12,"quantile",0.4,140.211407273166
2022-05-21,"34","22  day ahead inc hosp",2022-06-12,"quantile",0.45,155.982805494503
2022-05-21,"34","22  day ahead inc hosp",2022-06-12,"quantile",0.5,171.504154155537
2022-05-21,"34","22  day ahead inc hosp",2022-06-12,"quantile",0.55,187.025502816571
2022-05-21,"34","22  day ahead inc hosp",2022-06-12,"quantile",0.6,202.796901037908
2022-05-21,"34","22  day ahead inc hosp",2022-06-12,"quantile",0.65,219.097892843071
2022-05-21,"34","22  day ahead inc hosp",2022-06-12,"quantile",0.7,236.276682856455
2022-05-21,"34","22  day ahead inc hosp",2022-06-12,"quantile",0.75,254.815298298858
2022-05-21,"34","22  day ahead inc hosp",2022-06-12,"quantile",0.8,275.458925720099
2022-05-21,"34","22  day ahead inc hosp",2022-06-12,"quantile",0.85,299.521594720002
2022-05-21,"34","22  day ahead inc hosp",2022-06-12,"quantile",0.9,329.797926852818
2022-05-21,"34","22  day ahead inc hosp",2022-06-12,"quantile",0.95,374.672011887668
2022-05-21,"34","22  day ahead inc hosp",2022-06-12,"quantile",0.975,413.593588404559
2022-05-21,"34","22  day ahead inc hosp",2022-06-12,"quantile",0.99,458.84833248498
2022-05-21,"34","23  day ahead inc hosp",2022-06-13,"quantile",0.01,0
2022-05-21,"34","23  day ahead inc hosp",2022-06-13,"quantile",0.025,0
2022-05-21,"34","23  day ahead inc hosp",2022-06-13,"quantile",0.05,0
2022-05-21,"34","23  day ahead inc hosp",2022-06-13,"quantile",0.1,15.8505814682363
2022-05-21,"34","23  day ahead inc hosp",2022-06-13,"quantile",0.15,47.0313842001595
2022-05-21,"34","23  day ahead inc hosp",2022-06-13,"quantile",0.2,71.8128977599302
2022-05-21,"34","23  day ahead inc hosp",2022-06-13,"quantile",0.25,93.0732298064058
2022-05-21,"34","23  day ahead inc hosp",2022-06-13,"quantile",0.3,112.165665062326
2022-05-21,"34","23  day ahead inc hosp",2022-06-13,"quantile",0.35,129.857651668586
2022-05-21,"34","23  day ahead inc hosp",2022-06-13,"quantile",0.4,146.645616854784
2022-05-21,"34","23  day ahead inc hosp",2022-06-13,"quantile",0.45,162.888167457969
2022-05-21,"34","23  day ahead inc hosp",2022-06-13,"quantile",0.5,178.87319855784
2022-05-21,"34","23  day ahead inc hosp",2022-06-13,"quantile",0.55,194.858229657711
2022-05-21,"34","23  day ahead inc hosp",2022-06-13,"quantile",0.6,211.100780260896
2022-05-21,"34","23  day ahead inc hosp",2022-06-13,"quantile",0.65,227.888745447094
2022-05-21,"34","23  day ahead inc hosp",2022-06-13,"quantile",0.7,245.580732053354
2022-05-21,"34","23  day ahead inc hosp",2022-06-13,"quantile",0.75,264.673167309274
2022-05-21,"34","23  day ahead inc hosp",2022-06-13,"quantile",0.8,285.93349935575
2022-05-21,"34","23  day ahead inc hosp",2022-06-13,"quantile",0.85,310.715012915521
2022-05-21,"34","23  day ahead inc hosp",2022-06-13,"quantile",0.9,341.895815647444
2022-05-21,"34","23  day ahead inc hosp",2022-06-13,"quantile",0.95,388.110462359242
2022-05-21,"34","23  day ahead inc hosp",2022-06-13,"quantile",0.975,428.19477620759
2022-05-21,"34","23  day ahead inc hosp",2022-06-13,"quantile",0.99,474.801453716118
2022-05-21,"34","24  day ahead inc hosp",2022-06-14,"quantile",0.01,0
2022-05-21,"34","24  day ahead inc hosp",2022-06-14,"quantile",0.025,0
2022-05-21,"34","24  day ahead inc hosp",2022-06-14,"quantile",0.05,0
2022-05-21,"34","24  day ahead inc hosp",2022-06-14,"quantile",0.1,14.1029648064399
2022-05-21,"34","24  day ahead inc hosp",2022-06-14,"quantile",0.15,46.0396209488155
2022-05-21,"34","24  day ahead inc hosp",2022-06-14,"quantile",0.2,71.4218628381731
2022-05-21,"34","24  day ahead inc hosp",2022-06-14,"quantile",0.25,93.1975663015695
2022-05-21,"34","24  day ahead inc hosp",2022-06-14,"quantile",0.3,112.752821018108
2022-05-21,"34","24  day ahead inc hosp",2022-06-14,"quantile",0.35,130.873678828518
2022-05-21,"34","24  day ahead inc hosp",2022-06-14,"quantile",0.4,148.068600848049
2022-05-21,"34","24  day ahead inc hosp",2022-06-14,"quantile",0.45,164.704886897156
2022-05-21,"34","24  day ahead inc hosp",2022-06-14,"quantile",0.5,181.077410916209
2022-05-21,"34","24  day ahead inc hosp",2022-06-14,"quantile",0.55,197.449934935261
2022-05-21,"34","24  day ahead inc hosp",2022-06-14,"quantile",0.6,214.086220984368
2022-05-21,"34","24  day ahead inc hosp",2022-06-14,"quantile",0.65,231.281143003899
2022-05-21,"34","24  day ahead inc hosp",2022-06-14,"quantile",0.7,249.402000814309
2022-05-21,"34","24  day ahead inc hosp",2022-06-14,"quantile",0.75,268.957255530848
2022-05-21,"34","24  day ahead inc hosp",2022-06-14,"quantile",0.8,290.732958994244
2022-05-21,"34","24  day ahead inc hosp",2022-06-14,"quantile",0.85,316.115200883602
2022-05-21,"34","24  day ahead inc hosp",2022-06-14,"quantile",0.9,348.051857025977
2022-05-21,"34","24  day ahead inc hosp",2022-06-14,"quantile",0.95,395.386792353508
2022-05-21,"34","24  day ahead inc hosp",2022-06-14,"quantile",0.975,436.442789502905
2022-05-21,"34","24  day ahead inc hosp",2022-06-14,"quantile",0.99,484.17925884032
2022-05-21,"34","25  day ahead inc hosp",2022-06-15,"quantile",0.01,0
2022-05-21,"34","25  day ahead inc hosp",2022-06-15,"quantile",0.025,0
2022-05-21,"34","25  day ahead inc hosp",2022-06-15,"quantile",0.05,0
2022-05-21,"34","25  day ahead inc hosp",2022-06-15,"quantile",0.1,5.67425972412778
2022-05-21,"34","25  day ahead inc hosp",2022-06-15,"quantile",0.15,38.360992366591
2022-05-21,"34","25  day ahead inc hosp",2022-06-15,"quantile",0.2,64.3393712803093
2022-05-21,"34","25  day ahead inc hosp",2022-06-15,"quantile",0.25,86.6265072295601
2022-05-21,"34","25  day ahead inc hosp",2022-06-15,"quantile",0.3,106.641044124881
2022-05-21,"34","25  day ahead inc hosp",2022-06-15,"quantile",0.35,125.187495320661
2022-05-21,"34","25  day ahead inc hosp",2022-06-15,"quantile",0.4,142.786263844039
2022-05-21,"34","25  day ahead inc hosp",2022-06-15,"quantile",0.45,159.813276059297
2022-05-21,"34","25  day ahead inc hosp",2022-06-15,"quantile",0.5,176.570331428753
2022-05-21,"34","25  day ahead inc hosp",2022-06-15,"quantile",0.55,193.32738679821
2022-05-21,"34","25  day ahead inc hosp",2022-06-15,"quantile",0.6,210.354399013467
2022-05-21,"34","25  day ahead inc hosp",2022-06-15,"quantile",0.65,227.953167536846
2022-05-21,"34","25  day ahead inc hosp",2022-06-15,"quantile",0.7,246.499618732626
2022-05-21,"34","25  day ahead inc hosp",2022-06-15,"quantile",0.75,266.514155627947
2022-05-21,"34","25  day ahead inc hosp",2022-06-15,"quantile",0.8,288.801291577198
2022-05-21,"34","25  day ahead inc hosp",2022-06-15,"quantile",0.85,314.779670490916
2022-05-21,"34","25  day ahead inc hosp",2022-06-15,"quantile",0.9,347.466403133379
2022-05-21,"34","25  day ahead inc hosp",2022-06-15,"quantile",0.95,395.91306482525
2022-05-21,"34","25  day ahead inc hosp",2022-06-15,"quantile",0.975,437.933318799537
2022-05-21,"34","25  day ahead inc hosp",2022-06-15,"quantile",0.99,486.790945082361
2022-05-21,"34","26  day ahead inc hosp",2022-06-16,"quantile",0.01,0
2022-05-21,"34","26  day ahead inc hosp",2022-06-16,"quantile",0.025,0
2022-05-21,"34","26  day ahead inc hosp",2022-06-16,"quantile",0.05,0
2022-05-21,"34","26  day ahead inc hosp",2022-06-16,"quantile",0.1,1.51036363063926
2022-05-21,"34","26  day ahead inc hosp",2022-06-16,"quantile",0.15,34.933812856036
2022-05-21,"34","26  day ahead inc hosp",2022-06-16,"quantile",0.2,61.497710755479
2022-05-21,"34","26  day ahead inc hosp",2022-06-16,"quantile",0.25,84.2871698588824
2022-05-21,"34","26  day ahead inc hosp",2022-06-16,"quantile",0.3,104.752808471582
2022-05-21,"34","26  day ahead inc hosp",2022-06-16,"quantile",0.35,123.717272636109
2022-05-21,"34","26  day ahead inc hosp",2022-06-16,"quantile",0.4,141.71269458925
2022-05-21,"34","26  day ahead inc hosp",2022-06-16,"quantile",0.45,159.123473588236
2022-05-21,"34","26  day ahead inc hosp",2022-06-16,"quantile",0.5,176.258211264054
2022-05-21,"34","26  day ahead inc hosp",2022-06-16,"quantile",0.55,193.392948939872
2022-05-21,"34","26  day ahead inc hosp",2022-06-16,"quantile",0.6,210.803727938858
2022-05-21,"34","26  day ahead inc hosp",2022-06-16,"quantile",0.65,228.799149891999
2022-05-21,"34","26  day ahead inc hosp",2022-06-16,"quantile",0.7,247.763614056525
2022-05-21,"34","26  day ahead inc hosp",2022-06-16,"quantile",0.75,268.229252669225
2022-05-21,"34","26  day ahead inc hosp",2022-06-16,"quantile",0.8,291.018711772629
2022-05-21,"34","26  day ahead inc hosp",2022-06-16,"quantile",0.85,317.582609672072
2022-05-21,"34","26  day ahead inc hosp",2022-06-16,"quantile",0.9,351.006058897469
2022-05-21,"34","26  day ahead inc hosp",2022-06-16,"quantile",0.95,400.544645543925
2022-05-21,"34","26  day ahead inc hosp",2022-06-16,"quantile",0.975,443.511981573202
2022-05-21,"34","26  day ahead inc hosp",2022-06-16,"quantile",0.99,493.47079541977
2022-05-21,"34","27  day ahead inc hosp",2022-06-17,"quantile",0.01,0
2022-05-21,"34","27  day ahead inc hosp",2022-06-17,"quantile",0.025,0
2022-05-21,"34","27  day ahead inc hosp",2022-06-17,"quantile",0.05,0
2022-05-21,"34","27  day ahead inc hosp",2022-06-17,"quantile",0.1,0
2022-05-21,"34","27  day ahead inc hosp",2022-06-17,"quantile",0.15,32.5231863158696
2022-05-21,"34","27  day ahead inc hosp",2022-06-17,"quantile",0.2,59.6228204103691
2022-05-21,"34","27  day ahead inc hosp",2022-06-17,"quantile",0.25,82.8718934662757
2022-05-21,"34","27  day ahead inc hosp",2022-06-17,"quantile",0.3,103.75027961329
2022-05-21,"34","27  day ahead inc hosp",2022-06-17,"quantile",0.35,123.097215880037
2022-05-21,"34","27  day ahead inc hosp",2022-06-17,"quantile",0.4,141.455566456158
2022-05-21,"34","27  day ahead inc hosp",2022-06-17,"quantile",0.45,159.217483098016
2022-05-21,"34","27  day ahead inc hosp",2022-06-17,"quantile",0.5,176.697791262038
2022-05-21,"34","27  day ahead inc hosp",2022-06-17,"quantile",0.55,194.178099426061
2022-05-21,"34","27  day ahead inc hosp",2022-06-17,"quantile",0.6,211.940016067918
2022-05-21,"34","27  day ahead inc hosp",2022-06-17,"quantile",0.65,230.298366644039
2022-05-21,"34","27  day ahead inc hosp",2022-06-17,"quantile",0.7,249.645302910787
2022-05-21,"34","27  day ahead inc hosp",2022-06-17,"quantile",0.75,270.523689057801
2022-05-21,"34","27  day ahead inc hosp",2022-06-17,"quantile",0.8,293.772762113708
2022-05-21,"34","27  day ahead inc hosp",2022-06-17,"quantile",0.85,320.872396208207
2022-05-21,"34","27  day ahead inc hosp",2022-06-17,"quantile",0.9,354.969923898348
2022-05-21,"34","27  day ahead inc hosp",2022-06-17,"quantile",0.95,405.507596372454
2022-05-21,"34","27  day ahead inc hosp",2022-06-17,"quantile",0.975,449.341490359572
2022-05-21,"34","27  day ahead inc hosp",2022-06-17,"quantile",0.99,500.307865104809
2022-05-21,"34","28  day ahead inc hosp",2022-06-18,"quantile",0.01,0
2022-05-21,"34","28  day ahead inc hosp",2022-06-18,"quantile",0.025,0
2022-05-21,"34","28  day ahead inc hosp",2022-06-18,"quantile",0.05,0
2022-05-21,"34","28  day ahead inc hosp",2022-06-18,"quantile",0.1,0
2022-05-21,"34","28  day ahead inc hosp",2022-06-18,"quantile",0.15,25.225880422185
2022-05-21,"34","28  day ahead inc hosp",2022-06-18,"quantile",0.2,52.8160340706475
2022-05-21,"34","28  day ahead inc hosp",2022-06-18,"quantile",0.25,76.4859292271652
2022-05-21,"34","28  day ahead inc hosp",2022-06-18,"quantile",0.3,97.7422266265818
2022-05-21,"34","28  day ahead inc hosp",2022-06-18,"quantile",0.35,117.439353988716
2022-05-21,"34","28  day ahead inc hosp",2022-06-18,"quantile",0.4,136.130001669096
2022-05-21,"34","28  day ahead inc hosp",2022-06-18,"quantile",0.45,154.213419604968
2022-05-21,"34","28  day ahead inc hosp",2022-06-18,"quantile",0.5,172.010131781452
2022-05-21,"34","28  day ahead inc hosp",2022-06-18,"quantile",0.55,189.806843957937
2022-05-21,"34","28  day ahead inc hosp",2022-06-18,"quantile",0.6,207.890261893808
2022-05-21,"34","28  day ahead inc hosp",2022-06-18,"quantile",0.65,226.580909574189
2022-05-21,"34","28  day ahead inc hosp",2022-06-18,"quantile",0.7,246.278036936323
2022-05-21,"34","28  day ahead inc hosp",2022-06-18,"quantile",0.75,267.534334335739
2022-05-21,"34","28  day ahead inc hosp",2022-06-18,"quantile",0.8,291.204229492257
2022-05-21,"34","28  day ahead inc hosp",2022-06-18,"quantile",0.85,318.79438314072
2022-05-21,"34","28  day ahead inc hosp",2022-06-18,"quantile",0.9,353.509096436227
2022-05-21,"34","28  day ahead inc hosp",2022-06-18,"quantile",0.95,404.961530950066
2022-05-21,"34","28  day ahead inc hosp",2022-06-18,"quantile",0.975,449.588844584551
2022-05-21,"34","28  day ahead inc hosp",2022-06-18,"quantile",0.99,501.477741136539
2022-05-21,"34","29  day ahead inc hosp",2022-06-19,"quantile",0.01,0
2022-05-21,"34","29  day ahead inc hosp",2022-06-19,"quantile",0.025,0
2022-05-21,"34","29  day ahead inc hosp",2022-06-19,"quantile",0.05,0
2022-05-21,"34","29  day ahead inc hosp",2022-06-19,"quantile",0.1,0
2022-05-21,"34","29  day ahead inc hosp",2022-06-19,"quantile",0.15,21.8001498144802
2022-05-21,"34","29  day ahead inc hosp",2022-06-19,"quantile",0.2,49.8456188945747
2022-05-21,"34","29  day ahead inc hosp",2022-06-19,"quantile",0.25,73.9061341493777
2022-05-21,"34","29  day ahead inc hosp",2022-06-19,"quantile",0.3,95.5132204696763
2022-05-21,"34","29  day ahead inc hosp",2022-06-19,"quantile",0.35,115.535406045007
2022-05-21,"34","29  day ahead inc hosp",2022-06-19,"quantile",0.4,134.5345021822
2022-05-21,"34","29  day ahead inc hosp",2022-06-19,"quantile",0.45,152.916347569682
2022-05-21,"34","29  day ahead inc hosp",2022-06-19,"quantile",0.5,171.006755743278
2022-05-21,"34","29  day ahead inc hosp",2022-06-19,"quantile",0.55,189.097163916875
2022-05-21,"34","29  day ahead inc hosp",2022-06-19,"quantile",0.6,207.479009304357
2022-05-21,"34","29  day ahead inc hosp",2022-06-19,"quantile",0.65,226.47810544155
2022-05-21,"34","29  day ahead inc hosp",2022-06-19,"quantile",0.7,246.50029101688
2022-05-21,"34","29  day ahead inc hosp",2022-06-19,"quantile",0.75,268.107377337179
2022-05-21,"34","29  day ahead inc hosp",2022-06-19,"quantile",0.8,292.167892591982
2022-05-21,"34","29  day ahead inc hosp",2022-06-19,"quantile",0.85,320.213361672076
2022-05-21,"34","29  day ahead inc hosp",2022-06-19,"quantile",0.9,355.500965748458
2022-05-21,"34","29  day ahead inc hosp",2022-06-19,"quantile",0.95,407.802510699582
2022-05-21,"34","29  day ahead inc hosp",2022-06-19,"quantile",0.975,453.166301007192
2022-05-21,"34","29  day ahead inc hosp",2022-06-19,"quantile",0.99,505.911510852375
2022-05-21,"34","30  day ahead inc hosp",2022-06-20,"quantile",0.01,0
2022-05-21,"34","30  day ahead inc hosp",2022-06-20,"quantile",0.025,0
2022-05-21,"34","30  day ahead inc hosp",2022-06-20,"quantile",0.05,0
2022-05-21,"34","30  day ahead inc hosp",2022-06-20,"quantile",0.1,0
2022-05-21,"34","30  day ahead inc hosp",2022-06-20,"quantile",0.15,29.883402485222
2022-05-21,"34","30  day ahead inc hosp",2022-06-20,"quantile",0.2,58.3480430222625
2022-05-21,"34","30  day ahead inc hosp",2022-06-20,"quantile",0.25,82.768170063391
2022-05-21,"34","30  day ahead inc hosp",2022-06-20,"quantile",0.3,104.698198882079
2022-05-21,"34","30  day ahead inc hosp",2022-06-20,"quantile",0.35,125.019638810221
2022-05-21,"34","30  day ahead inc hosp",2022-06-20,"quantile",0.4,144.302698064085
2022-05-21,"34","30  day ahead inc hosp",2022-06-20,"quantile",0.45,162.959281053225
2022-05-21,"34","30  day ahead inc hosp",2022-06-20,"quantile",0.5,181.320070967602
2022-05-21,"34","30  day ahead inc hosp",2022-06-20,"quantile",0.55,199.680860881979
2022-05-21,"34","30  day ahead inc hosp",2022-06-20,"quantile",0.6,218.337443871118
2022-05-21,"34","30  day ahead inc hosp",2022-06-20,"quantile",0.65,237.620503124982
2022-05-21,"34","30  day ahead inc hosp",2022-06-20,"quantile",0.7,257.941943053124
2022-05-21,"34","30  day ahead inc hosp",2022-06-20,"quantile",0.75,279.871971871812
2022-05-21,"34","30  day ahead inc hosp",2022-06-20,"quantile",0.8,304.292098912941
2022-05-21,"34","30  day ahead inc hosp",2022-06-20,"quantile",0.85,332.756739449981
2022-05-21,"34","30  day ahead inc hosp",2022-06-20,"quantile",0.9,368.571756933876
2022-05-21,"34","30  day ahead inc hosp",2022-06-20,"quantile",0.95,421.655008004269
2022-05-21,"34","30  day ahead inc hosp",2022-06-20,"quantile",0.975,467.696811791402
2022-05-21,"34","30  day ahead inc hosp",2022-06-20,"quantile",0.99,521.230358832679
2022-05-21,"34","31  day ahead inc hosp",2022-06-21,"quantile",0.01,0
2022-05-21,"34","31  day ahead inc hosp",2022-06-21,"quantile",0.025,0
2022-05-21,"34","31  day ahead inc hosp",2022-06-21,"quantile",0.05,0
2022-05-21,"34","31  day ahead inc hosp",2022-06-21,"quantile",0.1,0
2022-05-21,"34","31  day ahead inc hosp",2022-06-21,"quantile",0.15,23.3500917873376
2022-05-21,"34","31  day ahead inc hosp",2022-06-21,"quantile",0.2,52.1958304214168
2022-05-21,"34","31  day ahead inc hosp",2022-06-21,"quantile",0.25,76.9429056961864
2022-05-21,"34","31  day ahead inc hosp",2022-06-21,"quantile",0.3,99.1665441334444
2022-05-21,"34","31  day ahead inc hosp",2022-06-21,"quantile",0.35,119.760057129772
2022-05-21,"34","31  day ahead inc hosp",2022-06-21,"quantile",0.4,139.30128711926
2022-05-21,"34","31  day ahead inc hosp",2022-06-21,"quantile",0.45,158.207653282901
2022-05-21,"34","31  day ahead inc hosp",2022-06-21,"quantile",0.5,176.814266153918
2022-05-21,"34","31  day ahead inc hosp",2022-06-21,"quantile",0.55,195.420879024934
2022-05-21,"34","31  day ahead inc hosp",2022-06-21,"quantile",0.6,214.327245188576
2022-05-21,"34","31  day ahead inc hosp",2022-06-21,"quantile",0.65,233.868475178064
2022-05-21,"34","31  day ahead inc hosp",2022-06-21,"quantile",0.7,254.461988174391
2022-05-21,"34","31  day ahead inc hosp",2022-06-21,"quantile",0.75,276.685626611649
2022-05-21,"34","31  day ahead inc hosp",2022-06-21,"quantile",0.8,301.432701886419
2022-05-21,"34","31  day ahead inc hosp",2022-06-21,"quantile",0.85,330.278440520498
2022-05-21,"34","31  day ahead inc hosp",2022-06-21,"quantile",0.9,366.572966431374
2022-05-21,"34","31  day ahead inc hosp",2022-06-21,"quantile",0.95,420.366921223503
2022-05-21,"34","31  day ahead inc hosp",2022-06-21,"quantile",0.975,467.025154499169
2022-05-21,"34","31  day ahead inc hosp",2022-06-21,"quantile",0.99,521.275434038037
2022-05-21,"34","32  day ahead inc hosp",2022-06-22,"quantile",0.01,0
2022-05-21,"34","32  day ahead inc hosp",2022-06-22,"quantile",0.025,0
2022-05-21,"34","32  day ahead inc hosp",2022-06-22,"quantile",0.05,0
2022-05-21,"34","32  day ahead inc hosp",2022-06-22,"quantile",0.1,0
2022-05-21,"34","32  day ahead inc hosp",2022-06-22,"quantile",0.15,23.9860730068086
2022-05-21,"34","32  day ahead inc hosp",2022-06-22,"quantile",0.2,53.1764044719012
2022-05-21,"34","32  day ahead inc hosp",2022-06-22,"quantile",0.25,78.2191097125529
2022-05-21,"34","32  day ahead inc hosp",2022-06-22,"quantile",0.3,100.708232996001
2022-05-21,"34","32  day ahead inc hosp",2022-06-22,"quantile",0.35,121.547757267475
2022-05-21,"34","32  day ahead inc hosp",2022-06-22,"quantile",0.4,141.322427899582
2022-05-21,"34","32  day ahead inc hosp",2022-06-22,"quantile",0.45,160.454650586544
2022-05-21,"34","32  day ahead inc hosp",2022-06-22,"quantile",0.5,179.283539111034
2022-05-21,"34","32  day ahead inc hosp",2022-06-22,"quantile",0.55,198.112427635523
2022-05-21,"34","32  day ahead inc hosp",2022-06-22,"quantile",0.6,217.244650322485
2022-05-21,"34","32  day ahead inc hosp",2022-06-22,"quantile",0.65,237.019320954592
2022-05-21,"34","32  day ahead inc hosp",2022-06-22,"quantile",0.7,257.858845226066
2022-05-21,"34","32  day ahead inc hosp",2022-06-22,"quantile",0.75,280.347968509515
2022-05-21,"34","32  day ahead inc hosp",2022-06-22,"quantile",0.8,305.390673750166
2022-05-21,"34","32  day ahead inc hosp",2022-06-22,"quantile",0.85,334.581005215259
2022-05-21,"34","32  day ahead inc hosp",2022-06-22,"quantile",0.9,371.309107592752
2022-05-21,"34","32  day ahead inc hosp",2022-06-22,"quantile",0.95,425.745688022186
2022-05-21,"34","32  day ahead inc hosp",2022-06-22,"quantile",0.975,472.961303200894
2022-05-21,"34","32  day ahead inc hosp",2022-06-22,"quantile",0.99,527.859659658392
2022-05-21,"34","33  day ahead inc hosp",2022-06-23,"quantile",0.01,0
2022-05-21,"34","33  day ahead inc hosp",2022-06-23,"quantile",0.025,0
2022-05-21,"34","33  day ahead inc hosp",2022-06-23,"quantile",0.05,0
2022-05-21,"34","33  day ahead inc hosp",2022-06-23,"quantile",0.1,0
2022-05-21,"34","33  day ahead inc hosp",2022-06-23,"quantile",0.15,19.4021148129913
2022-05-21,"34","33  day ahead inc hosp",2022-06-23,"quantile",0.2,48.9025522695737
2022-05-21,"34","33  day ahead inc hosp",2022-06-23,"quantile",0.25,74.2113008385627
2022-05-21,"34","33  day ahead inc hosp",2022-06-23,"quantile",0.3,96.9393392532726
2022-05-21,"34","33  day ahead inc hosp",2022-06-23,"quantile",0.35,118.000253999333
2022-05-21,"34","33  day ahead inc hosp",2022-06-23,"quantile",0.4,137.985002542
2022-05-21,"34","33  day ahead inc hosp",2022-06-23,"quantile",0.45,157.320478038642
2022-05-21,"34","33  day ahead inc hosp",2022-06-23,"quantile",0.5,176.349396876302
2022-05-21,"34","33  day ahead inc hosp",2022-06-23,"quantile",0.55,195.378315713963
2022-05-21,"34","33  day ahead inc hosp",2022-06-23,"quantile",0.6,214.713791210605
2022-05-21,"34","33  day ahead inc hosp",2022-06-23,"quantile",0.65,234.698539753272
2022-05-21,"34","33  day ahead inc hosp",2022-06-23,"quantile",0.7,255.759454499332
2022-05-21,"34","33  day ahead inc hosp",2022-06-23,"quantile",0.75,278.487492914042
2022-05-21,"34","33  day ahead inc hosp",2022-06-23,"quantile",0.8,303.796241483031
2022-05-21,"34","33  day ahead inc hosp",2022-06-23,"quantile",0.85,333.296678939613
2022-05-21,"34","33  day ahead inc hosp",2022-06-23,"quantile",0.9,370.414965464791
2022-05-21,"34","33  day ahead inc hosp",2022-06-23,"quantile",0.95,425.429857578268
2022-05-21,"34","33  day ahead inc hosp",2022-06-23,"quantile",0.975,473.147071896962
2022-05-21,"34","33  day ahead inc hosp",2022-06-23,"quantile",0.99,528.628645755769
2022-05-21,"34","34  day ahead inc hosp",2022-06-24,"quantile",0.01,0
2022-05-21,"34","34  day ahead inc hosp",2022-06-24,"quantile",0.025,0
2022-05-21,"34","34  day ahead inc hosp",2022-06-24,"quantile",0.05,0
2022-05-21,"34","34  day ahead inc hosp",2022-06-24,"quantile",0.1,0
2022-05-21,"34","34  day ahead inc hosp",2022-06-24,"quantile",0.15,22.8691761579077
2022-05-21,"34","34  day ahead inc hosp",2022-06-24,"quantile",0.2,52.6465707692526
2022-05-21,"34","34  day ahead inc hosp",2022-06-24,"quantile",0.25,78.1929239162951
2022-05-21,"34","34  day ahead inc hosp",2022-06-24,"quantile",0.3,101.134338585575
2022-05-21,"34","34  day ahead inc hosp",2022-06-24,"quantile",0.35,122.392978230913
2022-05-21,"34","34  day ahead inc hosp",2022-06-24,"quantile",0.4,142.565348367436
2022-05-21,"34","34  day ahead inc hosp",2022-06-24,"quantile",0.45,162.082349927459
2022-05-21,"34","34  day ahead inc hosp",2022-06-24,"quantile",0.5,181.289916801348
2022-05-21,"34","34  day ahead inc hosp",2022-06-24,"quantile",0.55,200.497483675236
2022-05-21,"34","34  day ahead inc hosp",2022-06-24,"quantile",0.6,220.014485235259
2022-05-21,"34","34  day ahead inc hosp",2022-06-24,"quantile",0.65,240.186855371782
2022-05-21,"34","34  day ahead inc hosp",2022-06-24,"quantile",0.7,261.44549501712
2022-05-21,"34","34  day ahead inc hosp",2022-06-24,"quantile",0.75,284.3869096864
2022-05-21,"34","34  day ahead inc hosp",2022-06-24,"quantile",0.8,309.933262833443
2022-05-21,"34","34  day ahead inc hosp",2022-06-24,"quantile",0.85,339.710657444787
2022-05-21,"34","34  day ahead inc hosp",2022-06-24,"quantile",0.9,377.177419311756
2022-05-21,"34","34  day ahead inc hosp",2022-06-24,"quantile",0.95,432.708804375947
2022-05-21,"34","34  day ahead inc hosp",2022-06-24,"quantile",0.975,480.873999302738
2022-05-21,"34","34  day ahead inc hosp",2022-06-24,"quantile",0.99,536.876447431978
2022-05-21,"34","35  day ahead inc hosp",2022-06-25,"quantile",0.01,0
2022-05-21,"34","35  day ahead inc hosp",2022-06-25,"quantile",0.025,0
2022-05-21,"34","35  day ahead inc hosp",2022-06-25,"quantile",0.05,0
2022-05-21,"34","35  day ahead inc hosp",2022-06-25,"quantile",0.1,0
2022-05-21,"34","35  day ahead inc hosp",2022-06-25,"quantile",0.15,18.6666546069117
2022-05-21,"34","35  day ahead inc hosp",2022-06-25,"quantile",0.2,48.6893303170293
2022-05-21,"34","35  day ahead inc hosp",2022-06-25,"quantile",0.25,74.4461128065755
2022-05-21,"34","35  day ahead inc hosp",2022-06-25,"quantile",0.3,97.5764995290163
2022-05-21,"34","35  day ahead inc hosp",2022-06-25,"quantile",0.35,119.010249944073
2022-05-21,"34","35  day ahead inc hosp",2022-06-25,"quantile",0.4,139.34878307694
2022-05-21,"34","35  day ahead inc hosp",2022-06-25,"quantile",0.45,159.026549258914
2022-05-21,"34","35  day ahead inc hosp",2022-06-25,"quantile",0.5,178.392331892411
2022-05-21,"34","35  day ahead inc hosp",2022-06-25,"quantile",0.55,197.758114525907
2022-05-21,"34","35  day ahead inc hosp",2022-06-25,"quantile",0.6,217.435880707882
2022-05-21,"34","35  day ahead inc hosp",2022-06-25,"quantile",0.65,237.774413840748
2022-05-21,"34","35  day ahead inc hosp",2022-06-25,"quantile",0.7,259.208164255805
2022-05-21,"34","35  day ahead inc hosp",2022-06-25,"quantile",0.75,282.338550978246
2022-05-21,"34","35  day ahead inc hosp",2022-06-25,"quantile",0.8,308.095333467792
2022-05-21,"34","35  day ahead inc hosp",2022-06-25,"quantile",0.85,338.118009177909
2022-05-21,"34","35  day ahead inc hosp",2022-06-25,"quantile",0.9,375.893390675243
2022-05-21,"34","35  day ahead inc hosp",2022-06-25,"quantile",0.95,431.882196521967
2022-05-21,"34","35  day ahead inc hosp",2022-06-25,"quantile",0.975,480.444135760623
2022-05-21,"34","35  day ahead inc hosp",2022-06-25,"quantile",0.99,536.907884893205
2022-05-21,"34","36  day ahead inc hosp",2022-06-26,"quantile",0.01,0
2022-05-21,"34","36  day ahead inc hosp",2022-06-26,"quantile",0.025,0
2022-05-21,"34","36  day ahead inc hosp",2022-06-26,"quantile",0.05,0
2022-05-21,"34","36  day ahead inc hosp",2022-06-26,"quantile",0.1,0
2022-05-21,"34","36  day ahead inc hosp",2022-06-26,"quantile",0.15,15.8526941713558
2022-05-21,"34","36  day ahead inc hosp",2022-06-26,"quantile",0.2,46.0908226186077
2022-05-21,"34","36  day ahead inc hosp",2022-06-26,"quantile",0.25,72.0324443723397
2022-05-21,"34","36  day ahead inc hosp",2022-06-26,"quantile",0.3,95.3288224667169
2022-05-21,"34","36  day ahead inc hosp",2022-06-26,"quantile",0.35,116.916388625533
2022-05-21,"34","36  day ahead inc hosp",2022-06-26,"quantile",0.4,137.400877857552
2022-05-21,"34","36  day ahead inc hosp",2022-06-26,"quantile",0.45,157.219858254592
2022-05-21,"34","36  day ahead inc hosp",2022-06-26,"quantile",0.5,176.724616205127
2022-05-21,"34","36  day ahead inc hosp",2022-06-26,"quantile",0.55,196.229374155661
2022-05-21,"34","36  day ahead inc hosp",2022-06-26,"quantile",0.6,216.048354552702
2022-05-21,"34","36  day ahead inc hosp",2022-06-26,"quantile",0.65,236.532843784721
2022-05-21,"34","36  day ahead inc hosp",2022-06-26,"quantile",0.7,258.120409943536
2022-05-21,"34","36  day ahead inc hosp",2022-06-26,"quantile",0.75,281.416788037914
2022-05-21,"34","36  day ahead inc hosp",2022-06-26,"quantile",0.8,307.358409791646
2022-05-21,"34","36  day ahead inc hosp",2022-06-26,"quantile",0.85,337.596538238898
2022-05-21,"34","36  day ahead inc hosp",2022-06-26,"quantile",0.9,375.643008476571
2022-05-21,"34","36  day ahead inc hosp",2022-06-26,"quantile",0.95,432.033608673174
2022-05-21,"34","36  day ahead inc hosp",2022-06-26,"quantile",0.975,480.94404458916
2022-05-21,"34","36  day ahead inc hosp",2022-06-26,"quantile",0.99,537.812996423091
2022-05-21,"34","37  day ahead inc hosp",2022-06-27,"quantile",0.01,0
2022-05-21,"34","37  day ahead inc hosp",2022-06-27,"quantile",0.025,0
2022-05-21,"34","37  day ahead inc hosp",2022-06-27,"quantile",0.05,0
2022-05-21,"34","37  day ahead inc hosp",2022-06-27,"quantile",0.1,0
2022-05-21,"34","37  day ahead inc hosp",2022-06-27,"quantile",0.15,21.3108536790268
2022-05-21,"34","37  day ahead inc hosp",2022-06-27,"quantile",0.2,51.7365619452668
2022-05-21,"34","37  day ahead inc hosp",2022-06-27,"quantile",0.25,77.8391104812669
2022-05-21,"34","37  day ahead inc hosp",2022-06-27,"quantile",0.3,101.280005799772
2022-05-21,"34","37  day ahead inc hosp",2022-06-27,"quantile",0.35,123.001488704114
2022-05-21,"34","37  day ahead inc hosp",2022-06-27,"quantile",0.4,143.613051831891
2022-05-21,"34","37  day ahead inc hosp",2022-06-27,"quantile",0.45,163.554977693691
2022-05-21,"34","37  day ahead inc hosp",2022-06-27,"quantile",0.5,183.18073185509
2022-05-21,"34","37  day ahead inc hosp",2022-06-27,"quantile",0.55,202.80648601649
2022-05-21,"34","37  day ahead inc hosp",2022-06-27,"quantile",0.6,222.74841187829
2022-05-21,"34","37  day ahead inc hosp",2022-06-27,"quantile",0.65,243.359975006066
2022-05-21,"34","37  day ahead inc hosp",2022-06-27,"quantile",0.7,265.081457910409
2022-05-21,"34","37  day ahead inc hosp",2022-06-27,"quantile",0.75,288.522353228914
2022-05-21,"34","37  day ahead inc hosp",2022-06-27,"quantile",0.8,314.624901764914
2022-05-21,"34","37  day ahead inc hosp",2022-06-27,"quantile",0.85,345.050610031154
2022-05-21,"34","37  day ahead inc hosp",2022-06-27,"quantile",0.9,383.333098513567
2022-05-21,"34","37  day ahead inc hosp",2022-06-27,"quantile",0.95,440.073513302563
2022-05-21,"34","37  day ahead inc hosp",2022-06-27,"quantile",0.975,489.287361208208
2022-05-21,"34","37  day ahead inc hosp",2022-06-27,"quantile",0.99,546.509095050777
2022-05-21,"35","1  day ahead inc hosp",2022-05-22,"quantile",0.01,0
2022-05-21,"35","1  day ahead inc hosp",2022-05-22,"quantile",0.025,0
2022-05-21,"35","1  day ahead inc hosp",2022-05-22,"quantile",0.05,0
2022-05-21,"35","1  day ahead inc hosp",2022-05-22,"quantile",0.1,3.05178019268571
2022-05-21,"35","1  day ahead inc hosp",2022-05-22,"quantile",0.15,6.0006078608396
2022-05-21,"35","1  day ahead inc hosp",2022-05-22,"quantile",0.2,8.3442426117489
2022-05-21,"35","1  day ahead inc hosp",2022-05-22,"quantile",0.25,10.3548725468339
2022-05-21,"35","1  day ahead inc hosp",2022-05-22,"quantile",0.3,12.1604803696708
2022-05-21,"35","1  day ahead inc hosp",2022-05-22,"quantile",0.35,13.833645106887
2022-05-21,"35","1  day ahead inc hosp",2022-05-22,"quantile",0.4,15.4213148233687
2022-05-21,"35","1  day ahead inc hosp",2022-05-22,"quantile",0.45,16.9574036480167
2022-05-21,"35","1  day ahead inc hosp",2022-05-22,"quantile",0.5,18.4691383646903
2022-05-21,"35","1  day ahead inc hosp",2022-05-22,"quantile",0.55,19.980873081364
2022-05-21,"35","1  day ahead inc hosp",2022-05-22,"quantile",0.6,21.516961906012
2022-05-21,"35","1  day ahead inc hosp",2022-05-22,"quantile",0.65,23.1046316224937
2022-05-21,"35","1  day ahead inc hosp",2022-05-22,"quantile",0.7,24.7777963597099
2022-05-21,"35","1  day ahead inc hosp",2022-05-22,"quantile",0.75,26.5834041825468
2022-05-21,"35","1  day ahead inc hosp",2022-05-22,"quantile",0.8,28.5940341176318
2022-05-21,"35","1  day ahead inc hosp",2022-05-22,"quantile",0.85,30.9376688685411
2022-05-21,"35","1  day ahead inc hosp",2022-05-22,"quantile",0.9,33.886496536695
2022-05-21,"35","1  day ahead inc hosp",2022-05-22,"quantile",0.95,38.2571033510662
2022-05-21,"35","1  day ahead inc hosp",2022-05-22,"quantile",0.975,42.0479529565498
2022-05-21,"35","1  day ahead inc hosp",2022-05-22,"quantile",0.99,46.4556348670981
2022-05-21,"35","2  day ahead inc hosp",2022-05-23,"quantile",0.01,0
2022-05-21,"35","2  day ahead inc hosp",2022-05-23,"quantile",0.025,0
2022-05-21,"35","2  day ahead inc hosp",2022-05-23,"quantile",0.05,0
2022-05-21,"35","2  day ahead inc hosp",2022-05-23,"quantile",0.1,2.58389284775694
2022-05-21,"35","2  day ahead inc hosp",2022-05-23,"quantile",0.15,5.67774026626259
2022-05-21,"35","2  day ahead inc hosp",2022-05-23,"quantile",0.2,8.13663211753184
2022-05-21,"35","2  day ahead inc hosp",2022-05-23,"quantile",0.25,10.2461423820389
2022-05-21,"35","2  day ahead inc hosp",2022-05-23,"quantile",0.3,12.1405477967218
2022-05-21,"35","2  day ahead inc hosp",2022-05-23,"quantile",0.35,13.8959967362699
2022-05-21,"35","2  day ahead inc hosp",2022-05-23,"quantile",0.4,15.561746114175
2022-05-21,"35","2  day ahead inc hosp",2022-05-23,"quantile",0.45,17.1733779148587
2022-05-21,"35","2  day ahead inc hosp",2022-05-23,"quantile",0.5,18.7594579022233
2022-05-21,"35","2  day ahead inc hosp",2022-05-23,"quantile",0.55,20.345537889588
2022-05-21,"35","2  day ahead inc hosp",2022-05-23,"quantile",0.6,21.9571696902717
2022-05-21,"35","2  day ahead inc hosp",2022-05-23,"quantile",0.65,23.6229190681767
2022-05-21,"35","2  day ahead inc hosp",2022-05-23,"quantile",0.7,25.3783680077249
2022-05-21,"35","2  day ahead inc hosp",2022-05-23,"quantile",0.75,27.2727734224078
2022-05-21,"35","2  day ahead inc hosp",2022-05-23,"quantile",0.8,29.3822836869148
2022-05-21,"35","2  day ahead inc hosp",2022-05-23,"quantile",0.85,31.8411755381841
2022-05-21,"35","2  day ahead inc hosp",2022-05-23,"quantile",0.9,34.9350229566898
2022-05-21,"35","2  day ahead inc hosp",2022-05-23,"quantile",0.95,39.5205708867969
2022-05-21,"35","2  day ahead inc hosp",2022-05-23,"quantile",0.975,43.4978498551576
2022-05-21,"35","2  day ahead inc hosp",2022-05-23,"quantile",0.99,48.1222961894804
2022-05-21,"35","3  day ahead inc hosp",2022-05-24,"quantile",0.01,0
2022-05-21,"35","3  day ahead inc hosp",2022-05-24,"quantile",0.025,0
2022-05-21,"35","3  day ahead inc hosp",2022-05-24,"quantile",0.05,0
2022-05-21,"35","3  day ahead inc hosp",2022-05-24,"quantile",0.1,2.72887333805085
2022-05-21,"35","3  day ahead inc hosp",2022-05-24,"quantile",0.15,5.87689850861125
2022-05-21,"35","3  day ahead inc hosp",2022-05-24,"quantile",0.2,8.37884911974392
2022-05-21,"35","3  day ahead inc hosp",2022-05-24,"quantile",0.25,10.5252999661891
2022-05-21,"35","3  day ahead inc hosp",2022-05-24,"quantile",0.3,12.4528791651492
2022-05-21,"35","3  day ahead inc hosp",2022-05-24,"quantile",0.35,14.2390685597122
2022-05-21,"35","3  day ahead inc hosp",2022-05-24,"quantile",0.4,15.9339876233108
2022-05-21,"35","3  day ahead inc hosp",2022-05-24,"quantile",0.45,17.573841432481
2022-05-21,"35","3  day ahead inc hosp",2022-05-24,"quantile",0.5,19.1876959790499
2022-05-21,"35","3  day ahead inc hosp",2022-05-24,"quantile",0.55,20.8015505256189
2022-05-21,"35","3  day ahead inc hosp",2022-05-24,"quantile",0.6,22.4414043347891
2022-05-21,"35","3  day ahead inc hosp",2022-05-24,"quantile",0.65,24.1363233983876
2022-05-21,"35","3  day ahead inc hosp",2022-05-24,"quantile",0.7,25.9225127929507
2022-05-21,"35","3  day ahead inc hosp",2022-05-24,"quantile",0.75,27.8500919919107
2022-05-21,"35","3  day ahead inc hosp",2022-05-24,"quantile",0.8,29.9965428383559
2022-05-21,"35","3  day ahead inc hosp",2022-05-24,"quantile",0.85,32.4984934494886
2022-05-21,"35","3  day ahead inc hosp",2022-05-24,"quantile",0.9,35.646518620049
2022-05-21,"35","3  day ahead inc hosp",2022-05-24,"quantile",0.95,40.3123661400152
2022-05-21,"35","3  day ahead inc hosp",2022-05-24,"quantile",0.975,44.3592930271813
2022-05-21,"35","3  day ahead inc hosp",2022-05-24,"quantile",0.99,49.0647201187945
2022-05-21,"35","4  day ahead inc hosp",2022-05-25,"quantile",0.01,0
2022-05-21,"35","4  day ahead inc hosp",2022-05-25,"quantile",0.025,0
2022-05-21,"35","4  day ahead inc hosp",2022-05-25,"quantile",0.05,0
2022-05-21,"35","4  day ahead inc hosp",2022-05-25,"quantile",0.1,2.24035429593785
2022-05-21,"35","4  day ahead inc hosp",2022-05-25,"quantile",0.15,5.51528006453091
2022-05-21,"35","4  day ahead inc hosp",2022-05-25,"quantile",0.2,8.11808724814911
2022-05-21,"35","4  day ahead inc hosp",2022-05-25,"quantile",0.25,10.3510640533474
2022-05-21,"35","4  day ahead inc hosp",2022-05-25,"quantile",0.3,12.3563462374649
2022-05-21,"35","4  day ahead inc hosp",2022-05-25,"quantile",0.35,14.214539027836
2022-05-21,"35","4  day ahead inc hosp",2022-05-25,"quantile",0.4,15.977782272829
2022-05-21,"35","4  day ahead inc hosp",2022-05-25,"quantile",0.45,17.6837405182076
2022-05-21,"35","4  day ahead inc hosp",2022-05-25,"quantile",0.5,19.3626514401234
2022-05-21,"35","4  day ahead inc hosp",2022-05-25,"quantile",0.55,21.0415623620393
2022-05-21,"35","4  day ahead inc hosp",2022-05-25,"quantile",0.6,22.7475206074178
2022-05-21,"35","4  day ahead inc hosp",2022-05-25,"quantile",0.65,24.5107638524109
2022-05-21,"35","4  day ahead inc hosp",2022-05-25,"quantile",0.7,26.368956642782
2022-05-21,"35","4  day ahead inc hosp",2022-05-25,"quantile",0.75,28.3742388268995
2022-05-21,"35","4  day ahead inc hosp",2022-05-25,"quantile",0.8,30.6072156320978
2022-05-21,"35","4  day ahead inc hosp",2022-05-25,"quantile",0.85,33.210022815716
2022-05-21,"35","4  day ahead inc hosp",2022-05-25,"quantile",0.9,36.484948584309
2022-05-21,"35","4  day ahead inc hosp",2022-05-25,"quantile",0.95,41.3388819068126
2022-05-21,"35","4  day ahead inc hosp",2022-05-25,"quantile",0.975,45.5489451776959
2022-05-21,"35","4  day ahead inc hosp",2022-05-25,"quantile",0.99,50.4440535709419
2022-05-21,"35","5  day ahead inc hosp",2022-05-26,"quantile",0.01,0
2022-05-21,"35","5  day ahead inc hosp",2022-05-26,"quantile",0.025,0
2022-05-21,"35","5  day ahead inc hosp",2022-05-26,"quantile",0.05,0
2022-05-21,"35","5  day ahead inc hosp",2022-05-26,"quantile",0.1,2.06010136827305
2022-05-21,"35","5  day ahead inc hosp",2022-05-26,"quantile",0.15,5.44124238263034
2022-05-21,"35","5  day ahead inc hosp",2022-05-26,"quantile",0.2,8.12846607649013
2022-05-21,"35","5  day ahead inc hosp",2022-05-26,"quantile",0.25,10.4338647308871
2022-05-21,"35","5  day ahead inc hosp",2022-05-26,"quantile",0.3,12.5041839738764
2022-05-21,"35","5  day ahead inc hosp",2022-05-26,"quantile",0.35,14.4226432917515
2022-05-21,"35","5  day ahead inc hosp",2022-05-26,"quantile",0.4,16.2430735778693
2022-05-21,"35","5  day ahead inc hosp",2022-05-26,"quantile",0.45,18.0043609473563
2022-05-21,"35","5  day ahead inc hosp",2022-05-26,"quantile",0.5,19.7377237710214
2022-05-21,"35","5  day ahead inc hosp",2022-05-26,"quantile",0.55,21.4710865946865
2022-05-21,"35","5  day ahead inc hosp",2022-05-26,"quantile",0.6,23.2323739641735
2022-05-21,"35","5  day ahead inc hosp",2022-05-26,"quantile",0.65,25.0528042502913
2022-05-21,"35","5  day ahead inc hosp",2022-05-26,"quantile",0.7,26.9712635681664
2022-05-21,"35","5  day ahead inc hosp",2022-05-26,"quantile",0.75,29.0415828111557
2022-05-21,"35","5  day ahead inc hosp",2022-05-26,"quantile",0.8,31.3469814655527
2022-05-21,"35","5  day ahead inc hosp",2022-05-26,"quantile",0.85,34.0342051594125
2022-05-21,"35","5  day ahead inc hosp",2022-05-26,"quantile",0.9,37.4153461737697
2022-05-21,"35","5  day ahead inc hosp",2022-05-26,"quantile",0.95,42.4267064907162
2022-05-21,"35","5  day ahead inc hosp",2022-05-26,"quantile",0.975,46.7733142015645
2022-05-21,"35","5  day ahead inc hosp",2022-05-26,"quantile",0.99,51.8271850150209
2022-05-21,"35","6  day ahead inc hosp",2022-05-27,"quantile",0.01,0
2022-05-21,"35","6  day ahead inc hosp",2022-05-27,"quantile",0.025,0
2022-05-21,"35","6  day ahead inc hosp",2022-05-27,"quantile",0.05,0
2022-05-21,"35","6  day ahead inc hosp",2022-05-27,"quantile",0.1,1.3962147584804
2022-05-21,"35","6  day ahead inc hosp",2022-05-27,"quantile",0.15,4.91658423354149
2022-05-21,"35","6  day ahead inc hosp",2022-05-27,"quantile",0.2,7.71446229433664
2022-05-21,"35","6  day ahead inc hosp",2022-05-27,"quantile",0.25,10.1147925427125
2022-05-21,"35","6  day ahead inc hosp",2022-05-27,"quantile",0.3,12.2703632910791
2022-05-21,"35","6  day ahead inc hosp",2022-05-27,"quantile",0.35,14.2678208337004
2022-05-21,"35","6  day ahead inc hosp",2022-05-27,"quantile",0.4,16.163212709849
2022-05-21,"35","6  day ahead inc hosp",2022-05-27,"quantile",0.45,17.9970262852143
2022-05-21,"35","6  day ahead inc hosp",2022-05-27,"quantile",0.5,19.8017654391641
2022-05-21,"35","6  day ahead inc hosp",2022-05-27,"quantile",0.55,21.6065045931139
2022-05-21,"35","6  day ahead inc hosp",2022-05-27,"quantile",0.6,23.4403181684792
2022-05-21,"35","6  day ahead inc hosp",2022-05-27,"quantile",0.65,25.3357100446279
2022-05-21,"35","6  day ahead inc hosp",2022-05-27,"quantile",0.7,27.3331675872492
2022-05-21,"35","6  day ahead inc hosp",2022-05-27,"quantile",0.75,29.4887383356157
2022-05-21,"35","6  day ahead inc hosp",2022-05-27,"quantile",0.8,31.8890685839916
2022-05-21,"35","6  day ahead inc hosp",2022-05-27,"quantile",0.85,34.6869466447867
2022-05-21,"35","6  day ahead inc hosp",2022-05-27,"quantile",0.9,38.2073161198478
2022-05-21,"35","6  day ahead inc hosp",2022-05-27,"quantile",0.95,43.4250339888744
2022-05-21,"35","6  day ahead inc hosp",2022-05-27,"quantile",0.975,47.9506261012295
2022-05-21,"35","6  day ahead inc hosp",2022-05-27,"quantile",0.99,53.2126049619296
2022-05-21,"35","7  day ahead inc hosp",2022-05-28,"quantile",0.01,0
2022-05-21,"35","7  day ahead inc hosp",2022-05-28,"quantile",0.025,0
2022-05-21,"35","7  day ahead inc hosp",2022-05-28,"quantile",0.05,0
2022-05-21,"35","7  day ahead inc hosp",2022-05-28,"quantile",0.1,0.196409792032107
2022-05-21,"35","7  day ahead inc hosp",2022-05-28,"quantile",0.15,3.85596178324854
2022-05-21,"35","7  day ahead inc hosp",2022-05-28,"quantile",0.2,6.76445769570841
2022-05-21,"35","7  day ahead inc hosp",2022-05-28,"quantile",0.25,9.25968821121232
2022-05-21,"35","7  day ahead inc hosp",2022-05-28,"quantile",0.3,11.5004823324759
2022-05-21,"35","7  day ahead inc hosp",2022-05-28,"quantile",0.35,13.5769120309079
2022-05-21,"35","7  day ahead inc hosp",2022-05-28,"quantile",0.4,15.5472407602168
2022-05-21,"35","7  day ahead inc hosp",2022-05-28,"quantile",0.45,17.4535566082519
2022-05-21,"35","7  day ahead inc hosp",2022-05-28,"quantile",0.5,19.3296485387299
2022-05-21,"35","7  day ahead inc hosp",2022-05-28,"quantile",0.55,21.205740469208
2022-05-21,"35","7  day ahead inc hosp",2022-05-28,"quantile",0.6,23.112056317243
2022-05-21,"35","7  day ahead inc hosp",2022-05-28,"quantile",0.65,25.082385046552
2022-05-21,"35","7  day ahead inc hosp",2022-05-28,"quantile",0.7,27.1588147449839
2022-05-21,"35","7  day ahead inc hosp",2022-05-28,"quantile",0.75,29.3996088662475
2022-05-21,"35","7  day ahead inc hosp",2022-05-28,"quantile",0.8,31.8948393817514
2022-05-21,"35","7  day ahead inc hosp",2022-05-28,"quantile",0.85,34.8033352942113
2022-05-21,"35","7  day ahead inc hosp",2022-05-28,"quantile",0.9,38.4628872854277
2022-05-21,"35","7  day ahead inc hosp",2022-05-28,"quantile",0.95,43.8868946097926
2022-05-21,"35","7  day ahead inc hosp",2022-05-28,"quantile",0.975,48.5914120598864
2022-05-21,"35","7  day ahead inc hosp",2022-05-28,"quantile",0.99,54.0614302934355
2022-05-21,"35","8  day ahead inc hosp",2022-05-29,"quantile",0.01,0
2022-05-21,"35","8  day ahead inc hosp",2022-05-29,"quantile",0.025,0
2022-05-21,"35","8  day ahead inc hosp",2022-05-29,"quantile",0.05,0
2022-05-21,"35","8  day ahead inc hosp",2022-05-29,"quantile",0.1,1.57526891012106
2022-05-21,"35","8  day ahead inc hosp",2022-05-29,"quantile",0.15,5.39000917983814
2022-05-21,"35","8  day ahead inc hosp",2022-05-29,"quantile",0.2,8.42184381648178
2022-05-21,"35","8  day ahead inc hosp",2022-05-29,"quantile",0.25,11.0228879750471
2022-05-21,"35","8  day ahead inc hosp",2022-05-29,"quantile",0.3,13.358706018088
2022-05-21,"35","8  day ahead inc hosp",2022-05-29,"quantile",0.35,15.5231895414419
2022-05-21,"35","8  day ahead inc hosp",2022-05-29,"quantile",0.4,17.5770727397994
2022-05-21,"35","8  day ahead inc hosp",2022-05-29,"quantile",0.45,19.564228503607
2022-05-21,"35","8  day ahead inc hosp",2022-05-29,"quantile",0.5,21.5198786635346
2022-05-21,"35","8  day ahead inc hosp",2022-05-29,"quantile",0.55,23.4755288234622
2022-05-21,"35","8  day ahead inc hosp",2022-05-29,"quantile",0.6,25.4626845872698
2022-05-21,"35","8  day ahead inc hosp",2022-05-29,"quantile",0.65,27.5165677856273
2022-05-21,"35","8  day ahead inc hosp",2022-05-29,"quantile",0.7,29.6810513089812
2022-05-21,"35","8  day ahead inc hosp",2022-05-29,"quantile",0.75,32.0168693520221
2022-05-21,"35","8  day ahead inc hosp",2022-05-29,"quantile",0.8,34.6179135105874
2022-05-21,"35","8  day ahead inc hosp",2022-05-29,"quantile",0.85,37.6497481472311
2022-05-21,"35","8  day ahead inc hosp",2022-05-29,"quantile",0.9,41.4644884169482
2022-05-21,"35","8  day ahead inc hosp",2022-05-29,"quantile",0.95,47.1185081475483
2022-05-21,"35","8  day ahead inc hosp",2022-05-29,"quantile",0.975,52.0225270573861
2022-05-21,"35","8  day ahead inc hosp",2022-05-29,"quantile",0.99,57.7245088523407
2022-05-21,"35","9  day ahead inc hosp",2022-05-30,"quantile",0.01,0
2022-05-21,"35","9  day ahead inc hosp",2022-05-30,"quantile",0.025,0
2022-05-21,"35","9  day ahead inc hosp",2022-05-30,"quantile",0.05,0
2022-05-21,"35","9  day ahead inc hosp",2022-05-30,"quantile",0.1,0.750552286653228
2022-05-21,"35","9  day ahead inc hosp",2022-05-30,"quantile",0.15,4.72487082308524
2022-05-21,"35","9  day ahead inc hosp",2022-05-30,"quantile",0.2,7.88353320737991
2022-05-21,"35","9  day ahead inc hosp",2022-05-30,"quantile",0.25,10.5933842804731
2022-05-21,"35","9  day ahead inc hosp",2022-05-30,"quantile",0.3,13.026914295579
2022-05-21,"35","9  day ahead inc hosp",2022-05-30,"quantile",0.35,15.2819425230459
2022-05-21,"35","9  day ahead inc hosp",2022-05-30,"quantile",0.4,17.4217437912209
2022-05-21,"35","9  day ahead inc hosp",2022-05-30,"quantile",0.45,19.4920262818985
2022-05-21,"35","9  day ahead inc hosp",2022-05-30,"quantile",0.5,21.5294852258473
2022-05-21,"35","9  day ahead inc hosp",2022-05-30,"quantile",0.55,23.5669441697961
2022-05-21,"35","9  day ahead inc hosp",2022-05-30,"quantile",0.6,25.6372266604737
2022-05-21,"35","9  day ahead inc hosp",2022-05-30,"quantile",0.65,27.7770279286486
2022-05-21,"35","9  day ahead inc hosp",2022-05-30,"quantile",0.7,30.0320561561156
2022-05-21,"35","9  day ahead inc hosp",2022-05-30,"quantile",0.75,32.4655861712215
2022-05-21,"35","9  day ahead inc hosp",2022-05-30,"quantile",0.8,35.1754372443147
2022-05-21,"35","9  day ahead inc hosp",2022-05-30,"quantile",0.85,38.3340996286093
2022-05-21,"35","9  day ahead inc hosp",2022-05-30,"quantile",0.9,42.3084181650413
2022-05-21,"35","9  day ahead inc hosp",2022-05-30,"quantile",0.95,48.1989569257164
2022-05-21,"35","9  day ahead inc hosp",2022-05-30,"quantile",0.975,53.3081208211202
2022-05-21,"35","9  day ahead inc hosp",2022-05-30,"quantile",0.99,59.2486279958765
2022-05-21,"35","10  day ahead inc hosp",2022-05-31,"quantile",0.01,0
2022-05-21,"35","10  day ahead inc hosp",2022-05-31,"quantile",0.025,0
2022-05-21,"35","10  day ahead inc hosp",2022-05-31,"quantile",0.05,0
2022-05-21,"35","10  day ahead inc hosp",2022-05-31,"quantile",0.1,0.155267753408967
2022-05-21,"35","10  day ahead inc hosp",2022-05-31,"quantile",0.15,4.29755896316674
2022-05-21,"35","10  day ahead inc hosp",2022-05-31,"quantile",0.2,7.58972070337862
2022-05-21,"35","10  day ahead inc hosp",2022-05-31,"quantile",0.25,10.4141023368407
2022-05-21,"35","10  day ahead inc hosp",2022-05-31,"quantile",0.3,12.9504843348737
2022-05-21,"35","10  day ahead inc hosp",2022-05-31,"quantile",0.35,15.3008202525321
2022-05-21,"35","10  day ahead inc hosp",2022-05-31,"quantile",0.4,17.5310591985395
2022-05-21,"35","10  day ahead inc hosp",2022-05-31,"quantile",0.45,19.6888411891467
2022-05-21,"35","10  day ahead inc hosp",2022-05-31,"quantile",0.5,21.8124123615113
2022-05-21,"35","10  day ahead inc hosp",2022-05-31,"quantile",0.55,23.9359835338759
2022-05-21,"35","10  day ahead inc hosp",2022-05-31,"quantile",0.6,26.0937655244831
2022-05-21,"35","10  day ahead inc hosp",2022-05-31,"quantile",0.65,28.3240044704905
2022-05-21,"35","10  day ahead inc hosp",2022-05-31,"quantile",0.7,30.674340388149
2022-05-21,"35","10  day ahead inc hosp",2022-05-31,"quantile",0.75,33.210722386182
2022-05-21,"35","10  day ahead inc hosp",2022-05-31,"quantile",0.8,36.035104019644
2022-05-21,"35","10  day ahead inc hosp",2022-05-31,"quantile",0.85,39.3272657598559
2022-05-21,"35","10  day ahead inc hosp",2022-05-31,"quantile",0.9,43.4695569696137
2022-05-21,"35","10  day ahead inc hosp",2022-05-31,"quantile",0.95,49.6090565354908
2022-05-21,"35","10  day ahead inc hosp",2022-05-31,"quantile",0.975,54.9341568008919
2022-05-21,"35","10  day ahead inc hosp",2022-05-31,"quantile",0.99,61.125736671988
2022-05-21,"35","11  day ahead inc hosp",2022-06-01,"quantile",0.01,0
2022-05-21,"35","11  day ahead inc hosp",2022-06-01,"quantile",0.025,0
2022-05-21,"35","11  day ahead inc hosp",2022-06-01,"quantile",0.05,0
2022-05-21,"35","11  day ahead inc hosp",2022-06-01,"quantile",0.1,0
2022-05-21,"35","11  day ahead inc hosp",2022-06-01,"quantile",0.15,3.83602501166581
2022-05-21,"35","11  day ahead inc hosp",2022-06-01,"quantile",0.2,7.26485558500831
2022-05-21,"35","11  day ahead inc hosp",2022-06-01,"quantile",0.25,10.2064869080728
2022-05-21,"35","11  day ahead inc hosp",2022-06-01,"quantile",0.3,12.8481627511228
2022-05-21,"35","11  day ahead inc hosp",2022-06-01,"quantile",0.35,15.2960691081092
2022-05-21,"35","11  day ahead inc hosp",2022-06-01,"quantile",0.4,17.6188928596049
2022-05-21,"35","11  day ahead inc hosp",2022-06-01,"quantile",0.45,19.8662517209971
2022-05-21,"35","11  day ahead inc hosp",2022-06-01,"quantile",0.5,22.077979556703
2022-05-21,"35","11  day ahead inc hosp",2022-06-01,"quantile",0.55,24.2897073924089
2022-05-21,"35","11  day ahead inc hosp",2022-06-01,"quantile",0.6,26.5370662538012
2022-05-21,"35","11  day ahead inc hosp",2022-06-01,"quantile",0.65,28.8598900052968
2022-05-21,"35","11  day ahead inc hosp",2022-06-01,"quantile",0.7,31.3077963622833
2022-05-21,"35","11  day ahead inc hosp",2022-06-01,"quantile",0.75,33.9494722053332
2022-05-21,"35","11  day ahead inc hosp",2022-06-01,"quantile",0.8,36.8911035283977
2022-05-21,"35","11  day ahead inc hosp",2022-06-01,"quantile",0.85,40.3199341017402
2022-05-21,"35","11  day ahead inc hosp",2022-06-01,"quantile",0.9,44.6341859108847
2022-05-21,"35","11  day ahead inc hosp",2022-06-01,"quantile",0.95,51.0285569891258
2022-05-21,"35","11  day ahead inc hosp",2022-06-01,"quantile",0.975,56.5747202814999
2022-05-21,"35","11  day ahead inc hosp",2022-06-01,"quantile",0.99,63.0233336955965
2022-05-21,"35","12  day ahead inc hosp",2022-06-02,"quantile",0.01,0
2022-05-21,"35","12  day ahead inc hosp",2022-06-02,"quantile",0.025,0
2022-05-21,"35","12  day ahead inc hosp",2022-06-02,"quantile",0.05,0
2022-05-21,"35","12  day ahead inc hosp",2022-06-02,"quantile",0.1,0
2022-05-21,"35","12  day ahead inc hosp",2022-06-02,"quantile",0.15,3.35741527368923
2022-05-21,"35","12  day ahead inc hosp",2022-06-02,"quantile",0.2,6.92647056728407
2022-05-21,"35","12  day ahead inc hosp",2022-06-02,"quantile",0.25,9.98840221447921
2022-05-21,"35","12  day ahead inc hosp",2022-06-02,"quantile",0.3,12.7381114666363
2022-05-21,"35","12  day ahead inc hosp",2022-06-02,"quantile",0.35,15.2861268773571
2022-05-21,"35","12  day ahead inc hosp",2022-06-02,"quantile",0.4,17.7039443311607
2022-05-21,"35","12  day ahead inc hosp",2022-06-02,"quantile",0.45,20.0432106988892
2022-05-21,"35","12  day ahead inc hosp",2022-06-02,"quantile",0.5,22.3453888821414
2022-05-21,"35","12  day ahead inc hosp",2022-06-02,"quantile",0.55,24.6475670653936
2022-05-21,"35","12  day ahead inc hosp",2022-06-02,"quantile",0.6,26.9868334331221
2022-05-21,"35","12  day ahead inc hosp",2022-06-02,"quantile",0.65,29.4046508869258
2022-05-21,"35","12  day ahead inc hosp",2022-06-02,"quantile",0.7,31.9526662976465
2022-05-21,"35","12  day ahead inc hosp",2022-06-02,"quantile",0.75,34.7023755498036
2022-05-21,"35","12  day ahead inc hosp",2022-06-02,"quantile",0.8,37.7643071969988
2022-05-21,"35","12  day ahead inc hosp",2022-06-02,"quantile",0.85,41.3333624905936
2022-05-21,"35","12  day ahead inc hosp",2022-06-02,"quantile",0.9,45.8240490170842
2022-05-21,"35","12  day ahead inc hosp",2022-06-02,"quantile",0.95,52.4799229244843
2022-05-21,"35","12  day ahead inc hosp",2022-06-02,"quantile",0.975,58.2529009221965
2022-05-21,"35","12  day ahead inc hosp",2022-06-02,"quantile",0.99,64.9652354483939
2022-05-21,"35","13  day ahead inc hosp",2022-06-03,"quantile",0.01,0
2022-05-21,"35","13  day ahead inc hosp",2022-06-03,"quantile",0.025,0
2022-05-21,"35","13  day ahead inc hosp",2022-06-03,"quantile",0.05,0
2022-05-21,"35","13  day ahead inc hosp",2022-06-03,"quantile",0.1,0
2022-05-21,"35","13  day ahead inc hosp",2022-06-03,"quantile",0.15,2.23829483073439
2022-05-21,"35","13  day ahead inc hosp",2022-06-03,"quantile",0.2,5.9495888069842
2022-05-21,"35","13  day ahead inc hosp",2022-06-03,"quantile",0.25,9.13354857872485
2022-05-21,"35","13  day ahead inc hosp",2022-06-03,"quantile",0.3,11.9928428581616
2022-05-21,"35","13  day ahead inc hosp",2022-06-03,"quantile",0.35,14.6424051280907
2022-05-21,"35","13  day ahead inc hosp",2022-06-03,"quantile",0.4,17.1565806209941
2022-05-21,"35","13  day ahead inc hosp",2022-06-03,"quantile",0.45,19.589074506694
2022-05-21,"35","13  day ahead inc hosp",2022-06-03,"quantile",0.5,21.983002120842
2022-05-21,"35","13  day ahead inc hosp",2022-06-03,"quantile",0.55,24.3769297349899
2022-05-21,"35","13  day ahead inc hosp",2022-06-03,"quantile",0.6,26.8094236206899
2022-05-21,"35","13  day ahead inc hosp",2022-06-03,"quantile",0.65,29.3235991135933
2022-05-21,"35","13  day ahead inc hosp",2022-06-03,"quantile",0.7,31.9731613835223
2022-05-21,"35","13  day ahead inc hosp",2022-06-03,"quantile",0.75,34.832455662959
2022-05-21,"35","13  day ahead inc hosp",2022-06-03,"quantile",0.8,38.0164154346997
2022-05-21,"35","13  day ahead inc hosp",2022-06-03,"quantile",0.85,41.7277094109495
2022-05-21,"35","13  day ahead inc hosp",2022-06-03,"quantile",0.9,46.397364679362
2022-05-21,"35","13  day ahead inc hosp",2022-06-03,"quantile",0.95,53.3184972220669
2022-05-21,"35","13  day ahead inc hosp",2022-06-03,"quantile",0.975,59.3215475268303
2022-05-21,"35","13  day ahead inc hosp",2022-06-03,"quantile",0.99,66.3013908311235
2022-05-21,"35","14  day ahead inc hosp",2022-06-04,"quantile",0.01,0
2022-05-21,"35","14  day ahead inc hosp",2022-06-04,"quantile",0.025,0
2022-05-21,"35","14  day ahead inc hosp",2022-06-04,"quantile",0.05,0
2022-05-21,"35","14  day ahead inc hosp",2022-06-04,"quantile",0.1,0
2022-05-21,"35","14  day ahead inc hosp",2022-06-04,"quantile",0.15,1.32972261957946
2022-05-21,"35","14  day ahead inc hosp",2022-06-04,"quantile",0.2,5.18496993081499
2022-05-21,"35","14  day ahead inc hosp",2022-06-04,"quantile",0.25,8.49242884612539
2022-05-21,"35","14  day ahead inc hosp",2022-06-04,"quantile",0.3,11.4626291733892
2022-05-21,"35","14  day ahead inc hosp",2022-06-04,"quantile",0.35,14.2149624249354
2022-05-21,"35","14  day ahead inc hosp",2022-06-04,"quantile",0.4,16.8266575293971
2022-05-21,"35","14  day ahead inc hosp",2022-06-04,"quantile",0.45,19.3535027678651
2022-05-21,"35","14  day ahead inc hosp",2022-06-04,"quantile",0.5,21.8402858297292
2022-05-21,"35","14  day ahead inc hosp",2022-06-04,"quantile",0.55,24.3270688915933
2022-05-21,"35","14  day ahead inc hosp",2022-06-04,"quantile",0.6,26.8539141300612
2022-05-21,"35","14  day ahead inc hosp",2022-06-04,"quantile",0.65,29.465609234523
2022-05-21,"35","14  day ahead inc hosp",2022-06-04,"quantile",0.7,32.2179424860691
2022-05-21,"35","14  day ahead inc hosp",2022-06-04,"quantile",0.75,35.188142813333
2022-05-21,"35","14  day ahead inc hosp",2022-06-04,"quantile",0.8,38.4956017286434
2022-05-21,"35","14  day ahead inc hosp",2022-06-04,"quantile",0.85,42.3508490398789
2022-05-21,"35","14  day ahead inc hosp",2022-06-04,"quantile",0.9,47.2016304743735
2022-05-21,"35","14  day ahead inc hosp",2022-06-04,"quantile",0.95,54.3912192799819
2022-05-21,"35","14  day ahead inc hosp",2022-06-04,"quantile",0.975,60.6271153568636
2022-05-21,"35","14  day ahead inc hosp",2022-06-04,"quantile",0.99,67.8776921917692
2022-05-21,"35","15  day ahead inc hosp",2022-06-05,"quantile",0.01,0
2022-05-21,"35","15  day ahead inc hosp",2022-06-05,"quantile",0.025,0
2022-05-21,"35","15  day ahead inc hosp",2022-06-05,"quantile",0.05,0
2022-05-21,"35","15  day ahead inc hosp",2022-06-05,"quantile",0.1,0
2022-05-21,"35","15  day ahead inc hosp",2022-06-05,"quantile",0.15,1.56083157721464
2022-05-21,"35","15  day ahead inc hosp",2022-06-05,"quantile",0.2,5.56094161217641
2022-05-21,"35","15  day ahead inc hosp",2022-06-05,"quantile",0.25,8.99267984562242
2022-05-21,"35","15  day ahead inc hosp",2022-06-05,"quantile",0.3,12.0744868415859
2022-05-21,"35","15  day ahead inc hosp",2022-06-05,"quantile",0.35,14.9302403044007
2022-05-21,"35","15  day ahead inc hosp",2022-06-05,"quantile",0.4,17.640071075872
2022-05-21,"35","15  day ahead inc hosp",2022-06-05,"quantile",0.45,20.2618637078865
2022-05-21,"35","15  day ahead inc hosp",2022-06-05,"quantile",0.5,22.842088808244
2022-05-21,"35","15  day ahead inc hosp",2022-06-05,"quantile",0.55,25.4223139086015
2022-05-21,"35","15  day ahead inc hosp",2022-06-05,"quantile",0.6,28.044106540616
2022-05-21,"35","15  day ahead inc hosp",2022-06-05,"quantile",0.65,30.7539373120873
2022-05-21,"35","15  day ahead inc hosp",2022-06-05,"quantile",0.7,33.6096907749022
2022-05-21,"35","15  day ahead inc hosp",2022-06-05,"quantile",0.75,36.6914977708656
2022-05-21,"35","15  day ahead inc hosp",2022-06-05,"quantile",0.8,40.1232360043116
2022-05-21,"35","15  day ahead inc hosp",2022-06-05,"quantile",0.85,44.1233460392734
2022-05-21,"35","15  day ahead inc hosp",2022-06-05,"quantile",0.9,49.1563978585378
2022-05-21,"35","15  day ahead inc hosp",2022-06-05,"quantile",0.95,56.6161388315095
2022-05-21,"35","15  day ahead inc hosp",2022-06-05,"quantile",0.975,63.0863516247114
2022-05-21,"35","15  day ahead inc hosp",2022-06-05,"quantile",0.99,70.6093722807513
2022-05-21,"35","16  day ahead inc hosp",2022-06-06,"quantile",0.01,0
2022-05-21,"35","16  day ahead inc hosp",2022-06-06,"quantile",0.025,0
2022-05-21,"35","16  day ahead inc hosp",2022-06-06,"quantile",0.05,0
2022-05-21,"35","16  day ahead inc hosp",2022-06-06,"quantile",0.1,0
2022-05-21,"35","16  day ahead inc hosp",2022-06-06,"quantile",0.15,1.2467029450108
2022-05-21,"35","16  day ahead inc hosp",2022-06-06,"quantile",0.2,5.3922060444817
2022-05-21,"35","16  day ahead inc hosp",2022-06-06,"quantile",0.25,8.94867858123262
2022-05-21,"35","16  day ahead inc hosp",2022-06-06,"quantile",0.3,12.1425008366396
2022-05-21,"35","16  day ahead inc hosp",2022-06-06,"quantile",0.35,15.1020531309396
2022-05-21,"35","16  day ahead inc hosp",2022-06-06,"quantile",0.4,17.9103788429805
2022-05-21,"35","16  day ahead inc hosp",2022-06-06,"quantile",0.45,20.6274664698688
2022-05-21,"35","16  day ahead inc hosp",2022-06-06,"quantile",0.5,23.3014756989591
2022-05-21,"35","16  day ahead inc hosp",2022-06-06,"quantile",0.55,25.9754849280494
2022-05-21,"35","16  day ahead inc hosp",2022-06-06,"quantile",0.6,28.6925725549376
2022-05-21,"35","16  day ahead inc hosp",2022-06-06,"quantile",0.65,31.5008982669785
2022-05-21,"35","16  day ahead inc hosp",2022-06-06,"quantile",0.7,34.4604505612786
2022-05-21,"35","16  day ahead inc hosp",2022-06-06,"quantile",0.75,37.6542728166855
2022-05-21,"35","16  day ahead inc hosp",2022-06-06,"quantile",0.8,41.2107453534365
2022-05-21,"35","16  day ahead inc hosp",2022-06-06,"quantile",0.85,45.3562484529074
2022-05-21,"35","16  day ahead inc hosp",2022-06-06,"quantile",0.9,50.5722379467458
2022-05-21,"35","16  day ahead inc hosp",2022-06-06,"quantile",0.95,58.3031201110911
2022-05-21,"35","16  day ahead inc hosp",2022-06-06,"quantile",0.975,65.0085074514448
2022-05-21,"35","16  day ahead inc hosp",2022-06-06,"quantile",0.99,72.8049693423476
2022-05-21,"35","17  day ahead inc hosp",2022-06-07,"quantile",0.01,0
2022-05-21,"35","17  day ahead inc hosp",2022-06-07,"quantile",0.025,0
2022-05-21,"35","17  day ahead inc hosp",2022-06-07,"quantile",0.05,0
2022-05-21,"35","17  day ahead inc hosp",2022-06-07,"quantile",0.1,0
2022-05-21,"35","17  day ahead inc hosp",2022-06-07,"quantile",0.15,0.588859362585897
2022-05-21,"35","17  day ahead inc hosp",2022-06-07,"quantile",0.2,4.87980731425318
2022-05-21,"35","17  day ahead inc hosp",2022-06-07,"quantile",0.25,8.5610585835334
2022-05-21,"35","17  day ahead inc hosp",2022-06-07,"quantile",0.3,11.8669359972005
2022-05-21,"35","17  day ahead inc hosp",2022-06-07,"quantile",0.35,14.9303240951855
2022-05-21,"35","17  day ahead inc hosp",2022-06-07,"quantile",0.4,17.837179830798
2022-05-21,"35","17  day ahead inc hosp",2022-06-07,"quantile",0.45,20.6495963957705
2022-05-21,"35","17  day ahead inc hosp",2022-06-07,"quantile",0.5,23.4174231586473
2022-05-21,"35","17  day ahead inc hosp",2022-06-07,"quantile",0.55,26.1852499215242
2022-05-21,"35","17  day ahead inc hosp",2022-06-07,"quantile",0.6,28.9976664864966
2022-05-21,"35","17  day ahead inc hosp",2022-06-07,"quantile",0.65,31.9045222221092
2022-05-21,"35","17  day ahead inc hosp",2022-06-07,"quantile",0.7,34.9679103200942
2022-05-21,"35","17  day ahead inc hosp",2022-06-07,"quantile",0.75,38.2737877337613
2022-05-21,"35","17  day ahead inc hosp",2022-06-07,"quantile",0.8,41.9550390030415
2022-05-21,"35","17  day ahead inc hosp",2022-06-07,"quantile",0.85,46.2459869547088
2022-05-21,"35","17  day ahead inc hosp",2022-06-07,"quantile",0.9,51.6449792838571
2022-05-21,"35","17  day ahead inc hosp",2022-06-07,"quantile",0.95,59.6470992176023
2022-05-21,"35","17  day ahead inc hosp",2022-06-07,"quantile",0.975,66.5877448721427
2022-05-21,"35","17  day ahead inc hosp",2022-06-07,"quantile",0.99,74.6577453951894
2022-05-21,"35","18  day ahead inc hosp",2022-06-08,"quantile",0.01,0
2022-05-21,"35","18  day ahead inc hosp",2022-06-08,"quantile",0.025,0
2022-05-21,"35","18  day ahead inc hosp",2022-06-08,"quantile",0.05,0
2022-05-21,"35","18  day ahead inc hosp",2022-06-08,"quantile",0.1,0
2022-05-21,"35","18  day ahead inc hosp",2022-06-08,"quantile",0.15,0
2022-05-21,"35","18  day ahead inc hosp",2022-06-08,"quantile",0.2,4.08111188653025
2022-05-21,"35","18  day ahead inc hosp",2022-06-08,"quantile",0.25,7.8869196860556
2022-05-21,"35","18  day ahead inc hosp",2022-06-08,"quantile",0.3,11.3046527134642
2022-05-21,"35","18  day ahead inc hosp",2022-06-08,"quantile",0.35,14.4716917073996
2022-05-21,"35","18  day ahead inc hosp",2022-06-08,"quantile",0.4,17.4769020072258
2022-05-21,"35","18  day ahead inc hosp",2022-06-08,"quantile",0.45,20.3844777513231
2022-05-21,"35","18  day ahead inc hosp",2022-06-08,"quantile",0.5,23.2459549804912
2022-05-21,"35","18  day ahead inc hosp",2022-06-08,"quantile",0.55,26.1074322096594
2022-05-21,"35","18  day ahead inc hosp",2022-06-08,"quantile",0.6,29.0150079537566
2022-05-21,"35","18  day ahead inc hosp",2022-06-08,"quantile",0.65,32.0202182535828
2022-05-21,"35","18  day ahead inc hosp",2022-06-08,"quantile",0.7,35.1872572475182
2022-05-21,"35","18  day ahead inc hosp",2022-06-08,"quantile",0.75,38.6049902749268
2022-05-21,"35","18  day ahead inc hosp",2022-06-08,"quantile",0.8,42.4107980744522
2022-05-21,"35","18  day ahead inc hosp",2022-06-08,"quantile",0.85,46.8469318744157
2022-05-21,"35","18  day ahead inc hosp",2022-06-08,"quantile",0.9,52.428601152826
2022-05-21,"35","18  day ahead inc hosp",2022-06-08,"quantile",0.95,60.7014758437567
2022-05-21,"35","18  day ahead inc hosp",2022-06-08,"quantile",0.975,67.8769608714213
2022-05-21,"35","18  day ahead inc hosp",2022-06-08,"quantile",0.99,76.2200129170889
2022-05-21,"35","19  day ahead inc hosp",2022-06-09,"quantile",0.01,0
2022-05-21,"35","19  day ahead inc hosp",2022-06-09,"quantile",0.025,0
2022-05-21,"35","19  day ahead inc hosp",2022-06-09,"quantile",0.05,0
2022-05-21,"35","19  day ahead inc hosp",2022-06-09,"quantile",0.1,0
2022-05-21,"35","19  day ahead inc hosp",2022-06-09,"quantile",0.15,0
2022-05-21,"35","19  day ahead inc hosp",2022-06-09,"quantile",0.2,3.72879669621559
2022-05-21,"35","19  day ahead inc hosp",2022-06-09,"quantile",0.25,7.65867795562303
2022-05-21,"35","19  day ahead inc hosp",2022-06-09,"quantile",0.3,11.1878327846573
2022-05-21,"35","19  day ahead inc hosp",2022-06-09,"quantile",0.35,14.4581206829666
2022-05-21,"35","19  day ahead inc hosp",2022-06-09,"quantile",0.4,17.5613040963114
2022-05-21,"35","19  day ahead inc hosp",2022-06-09,"quantile",0.45,20.5636699615715
2022-05-21,"35","19  day ahead inc hosp",2022-06-09,"quantile",0.5,23.5184344503435
2022-05-21,"35","19  day ahead inc hosp",2022-06-09,"quantile",0.55,26.4731989391155
2022-05-21,"35","19  day ahead inc hosp",2022-06-09,"quantile",0.6,29.4755648043756
2022-05-21,"35","19  day ahead inc hosp",2022-06-09,"quantile",0.65,32.5787482177203
2022-05-21,"35","19  day ahead inc hosp",2022-06-09,"quantile",0.7,35.8490361160297
2022-05-21,"35","19  day ahead inc hosp",2022-06-09,"quantile",0.75,39.3781909450639
2022-05-21,"35","19  day ahead inc hosp",2022-06-09,"quantile",0.8,43.3080722044714
2022-05-21,"35","19  day ahead inc hosp",2022-06-09,"quantile",0.85,47.8888287752249
2022-05-21,"35","19  day ahead inc hosp",2022-06-09,"quantile",0.9,53.6524665228196
2022-05-21,"35","19  day ahead inc hosp",2022-06-09,"quantile",0.95,62.1950458967359
2022-05-21,"35","19  day ahead inc hosp",2022-06-09,"quantile",0.975,69.604459514758
2022-05-21,"35","19  day ahead inc hosp",2022-06-09,"quantile",0.99,78.2195041012499
2022-05-21,"35","20  day ahead inc hosp",2022-06-10,"quantile",0.01,0
2022-05-21,"35","20  day ahead inc hosp",2022-06-10,"quantile",0.025,0
2022-05-21,"35","20  day ahead inc hosp",2022-06-10,"quantile",0.05,0
2022-05-21,"35","20  day ahead inc hosp",2022-06-10,"quantile",0.1,0
2022-05-21,"35","20  day ahead inc hosp",2022-06-10,"quantile",0.15,0
2022-05-21,"35","20  day ahead inc hosp",2022-06-10,"quantile",0.2,2.70989546007977
2022-05-21,"35","20  day ahead inc hosp",2022-06-10,"quantile",0.25,6.76317455200593
2022-05-21,"35","20  day ahead inc hosp",2022-06-10,"quantile",0.3,10.4031444484123
2022-05-21,"35","20  day ahead inc hosp",2022-06-10,"quantile",0.35,13.7761190213884
2022-05-21,"35","20  day ahead inc hosp",2022-06-10,"quantile",0.4,16.97674204724
2022-05-21,"35","20  day ahead inc hosp",2022-06-10,"quantile",0.45,20.07338186526
2022-05-21,"35","20  day ahead inc hosp",2022-06-10,"quantile",0.5,23.120925628888
2022-05-21,"35","20  day ahead inc hosp",2022-06-10,"quantile",0.55,26.1684693925159
2022-05-21,"35","20  day ahead inc hosp",2022-06-10,"quantile",0.6,29.2651092105359
2022-05-21,"35","20  day ahead inc hosp",2022-06-10,"quantile",0.65,32.4657322363875
2022-05-21,"35","20  day ahead inc hosp",2022-06-10,"quantile",0.7,35.8387068093636
2022-05-21,"35","20  day ahead inc hosp",2022-06-10,"quantile",0.75,39.47867670577
2022-05-21,"35","20  day ahead inc hosp",2022-06-10,"quantile",0.8,43.5319557976961
2022-05-21,"35","20  day ahead inc hosp",2022-06-10,"quantile",0.85,48.2565476130321
2022-05-21,"35","20  day ahead inc hosp",2022-06-10,"quantile",0.9,54.2011629420165
2022-05-21,"35","20  day ahead inc hosp",2022-06-10,"quantile",0.95,63.0119783539395
2022-05-21,"35","20  day ahead inc hosp",2022-06-10,"quantile",0.975,70.6540467318249
2022-05-21,"35","20  day ahead inc hosp",2022-06-10,"quantile",0.99,79.539602755903
2022-05-21,"35","21  day ahead inc hosp",2022-06-11,"quantile",0.01,0
2022-05-21,"35","21  day ahead inc hosp",2022-06-11,"quantile",0.025,0
2022-05-21,"35","21  day ahead inc hosp",2022-06-11,"quantile",0.05,0
2022-05-21,"35","21  day ahead inc hosp",2022-06-11,"quantile",0.1,0
2022-05-21,"35","21  day ahead inc hosp",2022-06-11,"quantile",0.15,0
2022-05-21,"35","21  day ahead inc hosp",2022-06-11,"quantile",0.2,2.13506972262061
2022-05-21,"35","21  day ahead inc hosp",2022-06-11,"quantile",0.25,6.31090222543574
2022-05-21,"35","21  day ahead inc hosp",2022-06-11,"quantile",0.3,10.0609288724928
2022-05-21,"35","21  day ahead inc hosp",2022-06-11,"quantile",0.35,13.5358874266814
2022-05-21,"35","21  day ahead inc hosp",2022-06-11,"quantile",0.4,16.8332832776684
2022-05-21,"35","21  day ahead inc hosp",2022-06-11,"quantile",0.45,20.0235519239497
2022-05-21,"35","21  day ahead inc hosp",2022-06-11,"quantile",0.5,23.1632400661401
2022-05-21,"35","21  day ahead inc hosp",2022-06-11,"quantile",0.55,26.3029282083306
2022-05-21,"35","21  day ahead inc hosp",2022-06-11,"quantile",0.6,29.4931968546119
2022-05-21,"35","21  day ahead inc hosp",2022-06-11,"quantile",0.65,32.7905927055989
2022-05-21,"35","21  day ahead inc hosp",2022-06-11,"quantile",0.7,36.2655512597875
2022-05-21,"35","21  day ahead inc hosp",2022-06-11,"quantile",0.75,40.0155779068445
2022-05-21,"35","21  day ahead inc hosp",2022-06-11,"quantile",0.8,44.1914104096597
2022-05-21,"35","21  day ahead inc hosp",2022-06-11,"quantile",0.85,49.058853193038
2022-05-21,"35","21  day ahead inc hosp",2022-06-11,"quantile",0.9,55.1832076587725
2022-05-21,"35","21  day ahead inc hosp",2022-06-11,"quantile",0.95,64.2604235471875
2022-05-21,"35","21  day ahead inc hosp",2022-06-11,"quantile",0.975,72.1335546090667
2022-05-21,"35","21  day ahead inc hosp",2022-06-11,"quantile",0.99,81.2877709384678
2022-05-21,"35","22  day ahead inc hosp",2022-06-12,"quantile",0.01,0
2022-05-21,"35","22  day ahead inc hosp",2022-06-12,"quantile",0.025,0
2022-05-21,"35","22  day ahead inc hosp",2022-06-12,"quantile",0.05,0
2022-05-21,"35","22  day ahead inc hosp",2022-06-12,"quantile",0.1,0
2022-05-21,"35","22  day ahead inc hosp",2022-06-12,"quantile",0.15,1.42488342086158
2022-05-21,"35","22  day ahead inc hosp",2022-06-12,"quantile",0.2,6.46707932975948
2022-05-21,"35","22  day ahead inc hosp",2022-06-12,"quantile",0.25,10.7928344539571
2022-05-21,"35","22  day ahead inc hosp",2022-06-12,"quantile",0.3,14.677496248569
2022-05-21,"35","22  day ahead inc hosp",2022-06-12,"quantile",0.35,18.2772143316151
2022-05-21,"35","22  day ahead inc hosp",2022-06-12,"quantile",0.4,21.692994775227
2022-05-21,"35","22  day ahead inc hosp",2022-06-12,"quantile",0.45,24.9978018849266
2022-05-21,"35","22  day ahead inc hosp",2022-06-12,"quantile",0.5,28.250212526471
2022-05-21,"35","22  day ahead inc hosp",2022-06-12,"quantile",0.55,31.5026231680153
2022-05-21,"35","22  day ahead inc hosp",2022-06-12,"quantile",0.6,34.8074302777149
2022-05-21,"35","22  day ahead inc hosp",2022-06-12,"quantile",0.65,38.2232107213269
2022-05-21,"35","22  day ahead inc hosp",2022-06-12,"quantile",0.7,41.822928804373
2022-05-21,"35","22  day ahead inc hosp",2022-06-12,"quantile",0.75,45.7075905989849
2022-05-21,"35","22  day ahead inc hosp",2022-06-12,"quantile",0.8,50.0333457231825
2022-05-21,"35","22  day ahead inc hosp",2022-06-12,"quantile",0.85,55.0755416320804
2022-05-21,"35","22  day ahead inc hosp",2022-06-12,"quantile",0.9,61.4197754332909
2022-05-21,"35","22  day ahead inc hosp",2022-06-12,"quantile",0.95,70.8228856194126
2022-05-21,"35","22  day ahead inc hosp",2022-06-12,"quantile",0.975,78.9786813826391
2022-05-21,"35","22  day ahead inc hosp",2022-06-12,"quantile",0.99,88.4615565142983
2022-05-21,"35","23  day ahead inc hosp",2022-06-13,"quantile",0.01,0
2022-05-21,"35","23  day ahead inc hosp",2022-06-13,"quantile",0.025,0
2022-05-21,"35","23  day ahead inc hosp",2022-06-13,"quantile",0.05,0
2022-05-21,"35","23  day ahead inc hosp",2022-06-13,"quantile",0.1,0
2022-05-21,"35","23  day ahead inc hosp",2022-06-13,"quantile",0.15,0.515246775529175
2022-05-21,"35","23  day ahead inc hosp",2022-06-13,"quantile",0.2,5.7068875336053
2022-05-21,"35","23  day ahead inc hosp",2022-06-13,"quantile",0.25,10.1608530315761
2022-05-21,"35","23  day ahead inc hosp",2022-06-13,"quantile",0.3,14.1606517043446
2022-05-21,"35","23  day ahead inc hosp",2022-06-13,"quantile",0.35,17.8670612638277
2022-05-21,"35","23  day ahead inc hosp",2022-06-13,"quantile",0.4,21.3840814851961
2022-05-21,"35","23  day ahead inc hosp",2022-06-13,"quantile",0.45,24.7868392515135
2022-05-21,"35","23  day ahead inc hosp",2022-06-13,"quantile",0.5,28.1356475790212
2022-05-21,"35","23  day ahead inc hosp",2022-06-13,"quantile",0.55,31.4844559065288
2022-05-21,"35","23  day ahead inc hosp",2022-06-13,"quantile",0.6,34.8872136728462
2022-05-21,"35","23  day ahead inc hosp",2022-06-13,"quantile",0.65,38.4042338942146
2022-05-21,"35","23  day ahead inc hosp",2022-06-13,"quantile",0.7,42.1106434536977
2022-05-21,"35","23  day ahead inc hosp",2022-06-13,"quantile",0.75,46.1104421264662
2022-05-21,"35","23  day ahead inc hosp",2022-06-13,"quantile",0.8,50.564407624437
2022-05-21,"35","23  day ahead inc hosp",2022-06-13,"quantile",0.85,55.7560483825131
2022-05-21,"35","23  day ahead inc hosp",2022-06-13,"quantile",0.9,62.2883179286062
2022-05-21,"35","23  day ahead inc hosp",2022-06-13,"quantile",0.95,71.9701254142698
2022-05-21,"35","23  day ahead inc hosp",2022-06-13,"quantile",0.975,80.3676495216118
2022-05-21,"35","23  day ahead inc hosp",2022-06-13,"quantile",0.99,90.1315860934514
2022-05-21,"35","24  day ahead inc hosp",2022-06-14,"quantile",0.01,0
2022-05-21,"35","24  day ahead inc hosp",2022-06-14,"quantile",0.025,0
2022-05-21,"35","24  day ahead inc hosp",2022-06-14,"quantile",0.05,0
2022-05-21,"35","24  day ahead inc hosp",2022-06-14,"quantile",0.1,0
2022-05-21,"35","24  day ahead inc hosp",2022-06-14,"quantile",0.15,0.0277637507840076
2022-05-21,"35","24  day ahead inc hosp",2022-06-14,"quantile",0.2,5.36338922005258
2022-05-21,"35","24  day ahead inc hosp",2022-06-14,"quantile",0.25,9.94088077958472
2022-05-21,"35","24  day ahead inc hosp",2022-06-14,"quantile",0.3,14.0516096733687
2022-05-21,"35","24  day ahead inc hosp",2022-06-14,"quantile",0.35,17.8608126145304
2022-05-21,"35","24  day ahead inc hosp",2022-06-14,"quantile",0.4,21.4753737029251
2022-05-21,"35","24  day ahead inc hosp",2022-06-14,"quantile",0.45,24.9725033869217
2022-05-21,"35","24  day ahead inc hosp",2022-06-14,"quantile",0.5,28.4141874010078
2022-05-21,"35","24  day ahead inc hosp",2022-06-14,"quantile",0.55,31.8558714150939
2022-05-21,"35","24  day ahead inc hosp",2022-06-14,"quantile",0.6,35.3530010990905
2022-05-21,"35","24  day ahead inc hosp",2022-06-14,"quantile",0.65,38.9675621874852
2022-05-21,"35","24  day ahead inc hosp",2022-06-14,"quantile",0.7,42.7767651286469
2022-05-21,"35","24  day ahead inc hosp",2022-06-14,"quantile",0.75,46.8874940224309
2022-05-21,"35","24  day ahead inc hosp",2022-06-14,"quantile",0.8,51.464985581963
2022-05-21,"35","24  day ahead inc hosp",2022-06-14,"quantile",0.85,56.8006110512316
2022-05-21,"35","24  day ahead inc hosp",2022-06-14,"quantile",0.9,63.5140462418394
2022-05-21,"35","24  day ahead inc hosp",2022-06-14,"quantile",0.95,73.4643685033906
2022-05-21,"35","24  day ahead inc hosp",2022-06-14,"quantile",0.975,82.0947891341383
2022-05-21,"35","24  day ahead inc hosp",2022-06-14,"quantile",0.99,92.1295182459299
2022-05-21,"35","25  day ahead inc hosp",2022-06-15,"quantile",0.01,0
2022-05-21,"35","25  day ahead inc hosp",2022-06-15,"quantile",0.025,0
2022-05-21,"35","25  day ahead inc hosp",2022-06-15,"quantile",0.05,0
2022-05-21,"35","25  day ahead inc hosp",2022-06-15,"quantile",0.1,0
2022-05-21,"35","25  day ahead inc hosp",2022-06-15,"quantile",0.15,0
2022-05-21,"35","25  day ahead inc hosp",2022-06-15,"quantile",0.2,4.82912988573747
2022-05-21,"35","25  day ahead inc hosp",2022-06-15,"quantile",0.25,9.53158039523653
2022-05-21,"35","25  day ahead inc hosp",2022-06-15,"quantile",0.3,13.7545262881095
2022-05-21,"35","25  day ahead inc hosp",2022-06-15,"quantile",0.35,17.6677150026032
2022-05-21,"35","25  day ahead inc hosp",2022-06-15,"quantile",0.4,21.380948421099
2022-05-21,"35","25  day ahead inc hosp",2022-06-15,"quantile",0.45,24.9735447263939
2022-05-21,"35","25  day ahead inc hosp",2022-06-15,"quantile",0.5,28.5091817745654
2022-05-21,"35","25  day ahead inc hosp",2022-06-15,"quantile",0.55,32.0448188227368
2022-05-21,"35","25  day ahead inc hosp",2022-06-15,"quantile",0.6,35.6374151280318
2022-05-21,"35","25  day ahead inc hosp",2022-06-15,"quantile",0.65,39.3506485465276
2022-05-21,"35","25  day ahead inc hosp",2022-06-15,"quantile",0.7,43.2638372610213
2022-05-21,"35","25  day ahead inc hosp",2022-06-15,"quantile",0.75,47.4867831538943
2022-05-21,"35","25  day ahead inc hosp",2022-06-15,"quantile",0.8,52.1892336633933
2022-05-21,"35","25  day ahead inc hosp",2022-06-15,"quantile",0.85,57.6705140502921
2022-05-21,"35","25  day ahead inc hosp",2022-06-15,"quantile",0.9,64.5672163864923
2022-05-21,"35","25  day ahead inc hosp",2022-06-15,"quantile",0.95,74.7891681650979
2022-05-21,"35","25  day ahead inc hosp",2022-06-15,"quantile",0.975,83.6551868926996
2022-05-21,"35","25  day ahead inc hosp",2022-06-15,"quantile",0.99,93.9638497074165
2022-05-21,"35","26  day ahead inc hosp",2022-06-16,"quantile",0.01,0
2022-05-21,"35","26  day ahead inc hosp",2022-06-16,"quantile",0.025,0
2022-05-21,"35","26  day ahead inc hosp",2022-06-16,"quantile",0.05,0
2022-05-21,"35","26  day ahead inc hosp",2022-06-16,"quantile",0.1,0
2022-05-21,"35","26  day ahead inc hosp",2022-06-16,"quantile",0.15,0
2022-05-21,"35","26  day ahead inc hosp",2022-06-16,"quantile",0.2,4.09233897826994
2022-05-21,"35","26  day ahead inc hosp",2022-06-16,"quantile",0.25,8.91765496154956
2022-05-21,"35","26  day ahead inc hosp",2022-06-16,"quantile",0.3,13.2509378471946
2022-05-21,"35","26  day ahead inc hosp",2022-06-16,"quantile",0.35,17.2663702289906
2022-05-21,"35","26  day ahead inc hosp",2022-06-16,"quantile",0.4,21.0766228893263
2022-05-21,"35","26  day ahead inc hosp",2022-06-16,"quantile",0.45,24.7630864338959
2022-05-21,"35","26  day ahead inc hosp",2022-06-16,"quantile",0.5,28.3911024917267
2022-05-21,"35","26  day ahead inc hosp",2022-06-16,"quantile",0.55,32.0191185495575
2022-05-21,"35","26  day ahead inc hosp",2022-06-16,"quantile",0.6,35.7055820941271
2022-05-21,"35","26  day ahead inc hosp",2022-06-16,"quantile",0.65,39.5158347544628
2022-05-21,"35","26  day ahead inc hosp",2022-06-16,"quantile",0.7,43.5312671362589
2022-05-21,"35","26  day ahead inc hosp",2022-06-16,"quantile",0.75,47.8645500219039
2022-05-21,"35","26  day ahead inc hosp",2022-06-16,"quantile",0.8,52.6898660051835
2022-05-21,"35","26  day ahead inc hosp",2022-06-16,"quantile",0.85,58.3143611075376
2022-05-21,"35","26  day ahead inc hosp",2022-06-16,"quantile",0.9,65.3912602577923
2022-05-21,"35","26  day ahead inc hosp",2022-06-16,"quantile",0.95,75.8802908595994
2022-05-21,"35","26  day ahead inc hosp",2022-06-16,"quantile",0.975,84.9779606358009
2022-05-21,"35","26  day ahead inc hosp",2022-06-16,"quantile",0.99,95.5559678568472
2022-05-21,"35","27  day ahead inc hosp",2022-06-17,"quantile",0.01,0
2022-05-21,"35","27  day ahead inc hosp",2022-06-17,"quantile",0.025,0
2022-05-21,"35","27  day ahead inc hosp",2022-06-17,"quantile",0.05,0
2022-05-21,"35","27  day ahead inc hosp",2022-06-17,"quantile",0.1,0
2022-05-21,"35","27  day ahead inc hosp",2022-06-17,"quantile",0.15,0
2022-05-21,"35","27  day ahead inc hosp",2022-06-17,"quantile",0.2,3.61475963317824
2022-05-21,"35","27  day ahead inc hosp",2022-06-17,"quantile",0.25,8.56258421987338
2022-05-21,"35","27  day ahead inc hosp",2022-06-17,"quantile",0.3,13.0058836176731
2022-05-21,"35","27  day ahead inc hosp",2022-06-17,"quantile",0.35,17.1232626937184
2022-05-21,"35","27  day ahead inc hosp",2022-06-17,"quantile",0.4,21.0302527975076
2022-05-21,"35","27  day ahead inc hosp",2022-06-17,"quantile",0.45,24.8103109381518
2022-05-21,"35","27  day ahead inc hosp",2022-06-17,"quantile",0.5,28.5304376850969
2022-05-21,"35","27  day ahead inc hosp",2022-06-17,"quantile",0.55,32.250564432042
2022-05-21,"35","27  day ahead inc hosp",2022-06-17,"quantile",0.6,36.0306225726862
2022-05-21,"35","27  day ahead inc hosp",2022-06-17,"quantile",0.65,39.9376126764754
2022-05-21,"35","27  day ahead inc hosp",2022-06-17,"quantile",0.7,44.0549917525207
2022-05-21,"35","27  day ahead inc hosp",2022-06-17,"quantile",0.75,48.4982911503204
2022-05-21,"35","27  day ahead inc hosp",2022-06-17,"quantile",0.8,53.4461157370155
2022-05-21,"35","27  day ahead inc hosp",2022-06-17,"quantile",0.85,59.2134095788292
2022-05-21,"35","27  day ahead inc hosp",2022-06-17,"quantile",0.9,66.469982150351
2022-05-21,"35","27  day ahead inc hosp",2022-06-17,"quantile",0.95,77.2253158284048
2022-05-21,"35","27  day ahead inc hosp",2022-06-17,"quantile",0.975,86.5539638084131
2022-05-21,"35","27  day ahead inc hosp",2022-06-17,"quantile",0.99,97.4005331083077
2022-05-21,"35","28  day ahead inc hosp",2022-06-18,"quantile",0.01,0
2022-05-21,"35","28  day ahead inc hosp",2022-06-18,"quantile",0.025,0
2022-05-21,"35","28  day ahead inc hosp",2022-06-18,"quantile",0.05,0
2022-05-21,"35","28  day ahead inc hosp",2022-06-18,"quantile",0.1,0
2022-05-21,"35","28  day ahead inc hosp",2022-06-18,"quantile",0.15,0
2022-05-21,"35","28  day ahead inc hosp",2022-06-18,"quantile",0.2,2.83454920498556
2022-05-21,"35","28  day ahead inc hosp",2022-06-18,"quantile",0.25,7.90344308141388
2022-05-21,"35","28  day ahead inc hosp",2022-06-18,"quantile",0.3,12.4554664431977
2022-05-21,"35","28  day ahead inc hosp",2022-06-18,"quantile",0.35,16.673594474984
2022-05-21,"35","28  day ahead inc hosp",2022-06-18,"quantile",0.4,20.6761854855095
2022-05-21,"35","28  day ahead inc hosp",2022-06-18,"quantile",0.45,24.5487386098014
2022-05-21,"35","28  day ahead inc hosp",2022-06-18,"quantile",0.5,28.3598938673734
2022-05-21,"35","28  day ahead inc hosp",2022-06-18,"quantile",0.55,32.1710491249454
2022-05-21,"35","28  day ahead inc hosp",2022-06-18,"quantile",0.6,36.0436022492373
2022-05-21,"35","28  day ahead inc hosp",2022-06-18,"quantile",0.65,40.0461932597628
2022-05-21,"35","28  day ahead inc hosp",2022-06-18,"quantile",0.7,44.2643212915491
2022-05-21,"35","28  day ahead inc hosp",2022-06-18,"quantile",0.75,48.8163446533329
2022-05-21,"35","28  day ahead inc hosp",2022-06-18,"quantile",0.8,53.8852385297612
2022-05-21,"35","28  day ahead inc hosp",2022-06-18,"quantile",0.85,59.7936534151521
2022-05-21,"35","28  day ahead inc hosp",2022-06-18,"quantile",0.9,67.2277884834313
2022-05-21,"35","28  day ahead inc hosp",2022-06-18,"quantile",0.95,78.2462965296199
2022-05-21,"35","28  day ahead inc hosp",2022-06-18,"quantile",0.975,87.8032090257446
2022-05-21,"35","28  day ahead inc hosp",2022-06-18,"quantile",0.99,98.9151851560897
2022-05-21,"35","29  day ahead inc hosp",2022-06-19,"quantile",0.01,0
2022-05-21,"35","29  day ahead inc hosp",2022-06-19,"quantile",0.025,0
2022-05-21,"35","29  day ahead inc hosp",2022-06-19,"quantile",0.05,0
2022-05-21,"35","29  day ahead inc hosp",2022-06-19,"quantile",0.1,0
2022-05-21,"35","29  day ahead inc hosp",2022-06-19,"quantile",0.15,0
2022-05-21,"35","29  day ahead inc hosp",2022-06-19,"quantile",0.2,3.6895041912069
2022-05-21,"35","29  day ahead inc hosp",2022-06-19,"quantile",0.25,8.87850233723887
2022-05-21,"35","29  day ahead inc hosp",2022-06-19,"quantile",0.3,13.5383830451053
2022-05-21,"35","29  day ahead inc hosp",2022-06-19,"quantile",0.35,17.8564569819949
2022-05-21,"35","29  day ahead inc hosp",2022-06-19,"quantile",0.4,21.9538868827321
2022-05-21,"35","29  day ahead inc hosp",2022-06-19,"quantile",0.45,25.9181977308654
2022-05-21,"35","29  day ahead inc hosp",2022-06-19,"quantile",0.5,29.8196559282336
2022-05-21,"35","29  day ahead inc hosp",2022-06-19,"quantile",0.55,33.7211141256019
2022-05-21,"35","29  day ahead inc hosp",2022-06-19,"quantile",0.6,37.6854249737351
2022-05-21,"35","29  day ahead inc hosp",2022-06-19,"quantile",0.65,41.7828548744724
2022-05-21,"35","29  day ahead inc hosp",2022-06-19,"quantile",0.7,46.100928811362
2022-05-21,"35","29  day ahead inc hosp",2022-06-19,"quantile",0.75,50.7608095192284
2022-05-21,"35","29  day ahead inc hosp",2022-06-19,"quantile",0.8,55.9498076652603
2022-05-21,"35","29  day ahead inc hosp",2022-06-19,"quantile",0.85,61.9982187454078
2022-05-21,"35","29  day ahead inc hosp",2022-06-19,"quantile",0.9,69.6085009937775
2022-05-21,"35","29  day ahead inc hosp",2022-06-19,"quantile",0.95,80.8880856955977
2022-05-21,"35","29  day ahead inc hosp",2022-06-19,"quantile",0.975,90.6714432550824
2022-05-21,"35","29  day ahead inc hosp",2022-06-19,"quantile",0.99,102.046710708845
2022-05-21,"35","30  day ahead inc hosp",2022-06-20,"quantile",0.01,0
2022-05-21,"35","30  day ahead inc hosp",2022-06-20,"quantile",0.025,0
2022-05-21,"35","30  day ahead inc hosp",2022-06-20,"quantile",0.05,0
2022-05-21,"35","30  day ahead inc hosp",2022-06-20,"quantile",0.1,0
2022-05-21,"35","30  day ahead inc hosp",2022-06-20,"quantile",0.15,0
2022-05-21,"35","30  day ahead inc hosp",2022-06-20,"quantile",0.2,3.05530195848862
2022-05-21,"35","30  day ahead inc hosp",2022-06-20,"quantile",0.25,8.36309482101853
2022-05-21,"35","30  day ahead inc hosp",2022-06-20,"quantile",0.3,13.1296568558051
2022-05-21,"35","30  day ahead inc hosp",2022-06-20,"quantile",0.35,17.5465869407822
2022-05-21,"35","30  day ahead inc hosp",2022-06-20,"quantile",0.4,21.7378216588907
2022-05-21,"35","30  day ahead inc hosp",2022-06-20,"quantile",0.45,25.7928897534249
2022-05-21,"35","30  day ahead inc hosp",2022-06-20,"quantile",0.5,29.7836662753409
2022-05-21,"35","30  day ahead inc hosp",2022-06-20,"quantile",0.55,33.7744427972569
2022-05-21,"35","30  day ahead inc hosp",2022-06-20,"quantile",0.6,37.8295108917911
2022-05-21,"35","30  day ahead inc hosp",2022-06-20,"quantile",0.65,42.0207456098996
2022-05-21,"35","30  day ahead inc hosp",2022-06-20,"quantile",0.7,46.4376756948767
2022-05-21,"35","30  day ahead inc hosp",2022-06-20,"quantile",0.75,51.2042377296633
2022-05-21,"35","30  day ahead inc hosp",2022-06-20,"quantile",0.8,56.5120305921933
2022-05-21,"35","30  day ahead inc hosp",2022-06-20,"quantile",0.85,62.6989114230147
2022-05-21,"35","30  day ahead inc hosp",2022-06-20,"quantile",0.9,70.4834202362668
2022-05-21,"35","30  day ahead inc hosp",2022-06-20,"quantile",0.95,82.0212349526597
2022-05-21,"35","30  day ahead inc hosp",2022-06-20,"quantile",0.975,92.0285685389166
2022-05-21,"35","30  day ahead inc hosp",2022-06-20,"quantile",0.99,103.664256527478
2022-05-21,"35","31  day ahead inc hosp",2022-06-21,"quantile",0.01,0
2022-05-21,"35","31  day ahead inc hosp",2022-06-21,"quantile",0.025,0
2022-05-21,"35","31  day ahead inc hosp",2022-06-21,"quantile",0.05,0
2022-05-21,"35","31  day ahead inc hosp",2022-06-21,"quantile",0.1,0
2022-05-21,"35","31  day ahead inc hosp",2022-06-21,"quantile",0.15,0
2022-05-21,"35","31  day ahead inc hosp",2022-06-21,"quantile",0.2,2.60738441395496
2022-05-21,"35","31  day ahead inc hosp",2022-06-21,"quantile",0.25,8.03278288807202
2022-05-21,"35","31  day ahead inc hosp",2022-06-21,"quantile",0.3,12.9049583968181
2022-05-21,"35","31  day ahead inc hosp",2022-06-21,"quantile",0.35,17.4197551049727
2022-05-21,"35","31  day ahead inc hosp",2022-06-21,"quantile",0.4,21.7038556780787
2022-05-21,"35","31  day ahead inc hosp",2022-06-21,"quantile",0.45,25.8487725620508
2022-05-21,"35","31  day ahead inc hosp",2022-06-21,"quantile",0.5,29.9279733547933
2022-05-21,"35","31  day ahead inc hosp",2022-06-21,"quantile",0.55,34.0071741475358
2022-05-21,"35","31  day ahead inc hosp",2022-06-21,"quantile",0.6,38.1520910315079
2022-05-21,"35","31  day ahead inc hosp",2022-06-21,"quantile",0.65,42.4361916046139
2022-05-21,"35","31  day ahead inc hosp",2022-06-21,"quantile",0.7,46.9509883127685
2022-05-21,"35","31  day ahead inc hosp",2022-06-21,"quantile",0.75,51.8231638215146
2022-05-21,"35","31  day ahead inc hosp",2022-06-21,"quantile",0.8,57.2485622956317
2022-05-21,"35","31  day ahead inc hosp",2022-06-21,"quantile",0.85,63.5725268301263
2022-05-21,"35","31  day ahead inc hosp",2022-06-21,"quantile",0.9,71.5295182446402
2022-05-21,"35","31  day ahead inc hosp",2022-06-21,"quantile",0.95,83.32297815881
2022-05-21,"35","31  day ahead inc hosp",2022-06-21,"quantile",0.975,93.552045828753
2022-05-21,"35","31  day ahead inc hosp",2022-06-21,"quantile",0.99,105.445547608766
2022-05-21,"35","32  day ahead inc hosp",2022-06-22,"quantile",0.01,0
2022-05-21,"35","32  day ahead inc hosp",2022-06-22,"quantile",0.025,0
2022-05-21,"35","32  day ahead inc hosp",2022-06-22,"quantile",0.05,0
2022-05-21,"35","32  day ahead inc hosp",2022-06-22,"quantile",0.1,0
2022-05-21,"35","32  day ahead inc hosp",2022-06-22,"quantile",0.15,0
2022-05-21,"35","32  day ahead inc hosp",2022-06-22,"quantile",0.2,1.88619935689301
2022-05-21,"35","32  day ahead inc hosp",2022-06-22,"quantile",0.25,7.42790068922806
2022-05-21,"35","32  day ahead inc hosp",2022-06-22,"quantile",0.3,12.4045197591449
2022-05-21,"35","32  day ahead inc hosp",2022-06-22,"quantile",0.35,17.0160989919263
2022-05-21,"35","32  day ahead inc hosp",2022-06-22,"quantile",0.4,21.3920367165194
2022-05-21,"35","32  day ahead inc hosp",2022-06-22,"quantile",0.45,25.625807107378
2022-05-21,"35","32  day ahead inc hosp",2022-06-22,"quantile",0.5,29.7924526682245
2022-05-21,"35","32  day ahead inc hosp",2022-06-22,"quantile",0.55,33.9590982290711
2022-05-21,"35","32  day ahead inc hosp",2022-06-22,"quantile",0.6,38.1928686199297
2022-05-21,"35","32  day ahead inc hosp",2022-06-22,"quantile",0.65,42.5688063445228
2022-05-21,"35","32  day ahead inc hosp",2022-06-22,"quantile",0.7,47.1803855773042
2022-05-21,"35","32  day ahead inc hosp",2022-06-22,"quantile",0.75,52.157004647221
2022-05-21,"35","32  day ahead inc hosp",2022-06-22,"quantile",0.8,57.698705979556
2022-05-21,"35","32  day ahead inc hosp",2022-06-22,"quantile",0.85,64.1582356995646
2022-05-21,"35","32  day ahead inc hosp",2022-06-22,"quantile",0.9,72.2857990727538
2022-05-21,"35","32  day ahead inc hosp",2022-06-22,"quantile",0.95,84.3320723245689
2022-05-21,"35","32  day ahead inc hosp",2022-06-22,"quantile",0.975,94.7804178618603
2022-05-21,"35","32  day ahead inc hosp",2022-06-22,"quantile",0.99,106.928877551018
2022-05-21,"35","33  day ahead inc hosp",2022-06-23,"quantile",0.01,0
2022-05-21,"35","33  day ahead inc hosp",2022-06-23,"quantile",0.025,0
2022-05-21,"35","33  day ahead inc hosp",2022-06-23,"quantile",0.05,0
2022-05-21,"35","33  day ahead inc hosp",2022-06-23,"quantile",0.1,0
2022-05-21,"35","33  day ahead inc hosp",2022-06-23,"quantile",0.15,0
2022-05-21,"35","33  day ahead inc hosp",2022-06-23,"quantile",0.2,1.61396342176614
2022-05-21,"35","33  day ahead inc hosp",2022-06-23,"quantile",0.25,7.27069332518258
2022-05-21,"35","33  day ahead inc hosp",2022-06-23,"quantile",0.3,12.3506116070379
2022-05-21,"35","33  day ahead inc hosp",2022-06-23,"quantile",0.35,17.0579129543404
2022-05-21,"35","33  day ahead inc hosp",2022-06-23,"quantile",0.4,21.5246816049281
2022-05-21,"35","33  day ahead inc hosp",2022-06-23,"quantile",0.45,25.8463319678641
2022-05-21,"35","33  day ahead inc hosp",2022-06-23,"quantile",0.5,30.0994641970322
2022-05-21,"35","33  day ahead inc hosp",2022-06-23,"quantile",0.55,34.3525964262003
2022-05-21,"35","33  day ahead inc hosp",2022-06-23,"quantile",0.6,38.6742467891363
2022-05-21,"35","33  day ahead inc hosp",2022-06-23,"quantile",0.65,43.141015439724
2022-05-21,"35","33  day ahead inc hosp",2022-06-23,"quantile",0.7,47.8483167870265
2022-05-21,"35","33  day ahead inc hosp",2022-06-23,"quantile",0.75,52.9282350688818
2022-05-21,"35","33  day ahead inc hosp",2022-06-23,"quantile",0.8,58.5849649722983
2022-05-21,"35","33  day ahead inc hosp",2022-06-23,"quantile",0.85,65.1785745405323
2022-05-21,"35","33  day ahead inc hosp",2022-06-23,"quantile",0.9,73.4748409789221
2022-05-21,"35","33  day ahead inc hosp",2022-06-23,"quantile",0.95,85.7711575867238
2022-05-21,"35","33  day ahead inc hosp",2022-06-23,"quantile",0.975,96.436378445373
2022-05-21,"35","33  day ahead inc hosp",2022-06-23,"quantile",0.99,108.837002564745
2022-05-21,"35","34  day ahead inc hosp",2022-06-24,"quantile",0.01,0
2022-05-21,"35","34  day ahead inc hosp",2022-06-24,"quantile",0.025,0
2022-05-21,"35","34  day ahead inc hosp",2022-06-24,"quantile",0.05,0
2022-05-21,"35","34  day ahead inc hosp",2022-06-24,"quantile",0.1,0
2022-05-21,"35","34  day ahead inc hosp",2022-06-24,"quantile",0.15,0
2022-05-21,"35","34  day ahead inc hosp",2022-06-24,"quantile",0.2,0.81212344342919
2022-05-21,"35","34  day ahead inc hosp",2022-06-24,"quantile",0.25,6.58257185524714
2022-05-21,"35","34  day ahead inc hosp",2022-06-24,"quantile",0.3,11.7646128722653
2022-05-21,"35","34  day ahead inc hosp",2022-06-24,"quantile",0.35,16.5665461530261
2022-05-21,"35","34  day ahead inc hosp",2022-06-24,"quantile",0.4,21.1231112543887
2022-05-21,"35","34  day ahead inc hosp",2022-06-24,"quantile",0.45,25.5316407226554
2022-05-21,"35","34  day ahead inc hosp",2022-06-24,"quantile",0.5,29.8702746217624
2022-05-21,"35","34  day ahead inc hosp",2022-06-24,"quantile",0.55,34.2089085208694
2022-05-21,"35","34  day ahead inc hosp",2022-06-24,"quantile",0.6,38.6174379891361
2022-05-21,"35","34  day ahead inc hosp",2022-06-24,"quantile",0.65,43.1740030904987
2022-05-21,"35","34  day ahead inc hosp",2022-06-24,"quantile",0.7,47.9759363712595
2022-05-21,"35","34  day ahead inc hosp",2022-06-24,"quantile",0.75,53.1579773882776
2022-05-21,"35","34  day ahead inc hosp",2022-06-24,"quantile",0.8,58.9284258000956
2022-05-21,"35","34  day ahead inc hosp",2022-06-24,"quantile",0.85,65.6545881785016
2022-05-21,"35","34  day ahead inc hosp",2022-06-24,"quantile",0.9,74.1176363195329
2022-05-21,"35","34  day ahead inc hosp",2022-06-24,"quantile",0.95,86.6611485345754
2022-05-21,"35","34  day ahead inc hosp",2022-06-24,"quantile",0.975,97.5407747172415
2022-05-21,"35","34  day ahead inc hosp",2022-06-24,"quantile",0.99,110.190691361125
2022-05-21,"35","35  day ahead inc hosp",2022-06-25,"quantile",0.01,0
2022-05-21,"35","35  day ahead inc hosp",2022-06-25,"quantile",0.025,0
2022-05-21,"35","35  day ahead inc hosp",2022-06-25,"quantile",0.05,0
2022-05-21,"35","35  day ahead inc hosp",2022-06-25,"quantile",0.1,0
2022-05-21,"35","35  day ahead inc hosp",2022-06-25,"quantile",0.15,0
2022-05-21,"35","35  day ahead inc hosp",2022-06-25,"quantile",0.2,0.250044626411384
2022-05-21,"35","35  day ahead inc hosp",2022-06-25,"quantile",0.25,6.13291134126978
2022-05-21,"35","35  day ahead inc hosp",2022-06-25,"quantile",0.3,11.415907468852
2022-05-21,"35","35  day ahead inc hosp",2022-06-25,"quantile",0.35,16.3113907048694
2022-05-21,"35","35  day ahead inc hosp",2022-06-25,"quantile",0.4,20.9567255655006
2022-05-21,"35","35  day ahead inc hosp",2022-06-25,"quantile",0.45,25.4511408031836
2022-05-21,"35","35  day ahead inc hosp",2022-06-25,"quantile",0.5,29.8742987852809
2022-05-21,"35","35  day ahead inc hosp",2022-06-25,"quantile",0.55,34.2974567673781
2022-05-21,"35","35  day ahead inc hosp",2022-06-25,"quantile",0.6,38.7918720050611
2022-05-21,"35","35  day ahead inc hosp",2022-06-25,"quantile",0.65,43.4372068656923
2022-05-21,"35","35  day ahead inc hosp",2022-06-25,"quantile",0.7,48.3326901017098
2022-05-21,"35","35  day ahead inc hosp",2022-06-25,"quantile",0.75,53.6156862292919
2022-05-21,"35","35  day ahead inc hosp",2022-06-25,"quantile",0.8,59.4985529441503
2022-05-21,"35","35  day ahead inc hosp",2022-06-25,"quantile",0.85,66.3557525845837
2022-05-21,"35","35  day ahead inc hosp",2022-06-25,"quantile",0.9,74.9836755226267
2022-05-21,"35","35  day ahead inc hosp",2022-06-25,"quantile",0.95,87.7715570235108
2022-05-21,"35","35  day ahead inc hosp",2022-06-25,"quantile",0.975,98.8631371178807
2022-05-21,"35","35  day ahead inc hosp",2022-06-25,"quantile",0.99,111.759495989684
2022-05-21,"35","36  day ahead inc hosp",2022-06-26,"quantile",0.01,0
2022-05-21,"35","36  day ahead inc hosp",2022-06-26,"quantile",0.025,0
2022-05-21,"35","36  day ahead inc hosp",2022-06-26,"quantile",0.05,0
2022-05-21,"35","36  day ahead inc hosp",2022-06-26,"quantile",0.1,0
2022-05-21,"35","36  day ahead inc hosp",2022-06-26,"quantile",0.15,0
2022-05-21,"35","36  day ahead inc hosp",2022-06-26,"quantile",0.2,0.38714152347475
2022-05-21,"35","36  day ahead inc hosp",2022-06-26,"quantile",0.25,6.38112048559196
2022-05-21,"35","36  day ahead inc hosp",2022-06-26,"quantile",0.3,11.7638988452809
2022-05-21,"35","36  day ahead inc hosp",2022-06-26,"quantile",0.35,16.7518451898706
2022-05-21,"35","36  day ahead inc hosp",2022-06-26,"quantile",0.4,21.4849184985497
2022-05-21,"35","36  day ahead inc hosp",2022-06-26,"quantile",0.45,26.0642217001079
2022-05-21,"35","36  day ahead inc hosp",2022-06-26,"quantile",0.5,30.570921779484
2022-05-21,"35","36  day ahead inc hosp",2022-06-26,"quantile",0.55,35.0776218588602
2022-05-21,"35","36  day ahead inc hosp",2022-06-26,"quantile",0.6,39.6569250604184
2022-05-21,"35","36  day ahead inc hosp",2022-06-26,"quantile",0.65,44.3899983690975
2022-05-21,"35","36  day ahead inc hosp",2022-06-26,"quantile",0.7,49.3779447136871
2022-05-21,"35","36  day ahead inc hosp",2022-06-26,"quantile",0.75,54.7607230733761
2022-05-21,"35","36  day ahead inc hosp",2022-06-26,"quantile",0.8,60.7547020354933
2022-05-21,"35","36  day ahead inc hosp",2022-06-26,"quantile",0.85,67.7414165704299
2022-05-21,"35","36  day ahead inc hosp",2022-06-26,"quantile",0.9,76.5322988195177
2022-05-21,"35","36  day ahead inc hosp",2022-06-26,"quantile",0.95,89.5617105674927
2022-05-21,"35","36  day ahead inc hosp",2022-06-26,"quantile",0.975,100.862782130847
2022-05-21,"35","36  day ahead inc hosp",2022-06-26,"quantile",0.99,114.00272010875
2022-05-21,"35","37  day ahead inc hosp",2022-06-27,"quantile",0.01,0
2022-05-21,"35","37  day ahead inc hosp",2022-06-27,"quantile",0.025,0
2022-05-21,"35","37  day ahead inc hosp",2022-06-27,"quantile",0.05,0
2022-05-21,"35","37  day ahead inc hosp",2022-06-27,"quantile",0.1,0
2022-05-21,"35","37  day ahead inc hosp",2022-06-27,"quantile",0.15,0
2022-05-21,"35","37  day ahead inc hosp",2022-06-27,"quantile",0.2,0.0922122540899295
2022-05-21,"35","37  day ahead inc hosp",2022-06-27,"quantile",0.25,6.19600763822486
2022-05-21,"35","37  day ahead inc hosp",2022-06-27,"quantile",0.3,11.677404538905
2022-05-21,"35","37  day ahead inc hosp",2022-06-27,"quantile",0.35,16.7567356588235
2022-05-21,"35","37  day ahead inc hosp",2022-06-27,"quantile",0.4,21.5765241827531
2022-05-21,"35","37  day ahead inc hosp",2022-06-27,"quantile",0.45,26.2397253586131
2022-05-21,"35","37  day ahead inc hosp",2022-06-27,"quantile",0.5,30.8289932416055
2022-05-21,"35","37  day ahead inc hosp",2022-06-27,"quantile",0.55,35.4182611245979
2022-05-21,"35","37  day ahead inc hosp",2022-06-27,"quantile",0.6,40.0814623004579
2022-05-21,"35","37  day ahead inc hosp",2022-06-27,"quantile",0.65,44.9012508243874
2022-05-21,"35","37  day ahead inc hosp",2022-06-27,"quantile",0.7,49.980581944306
2022-05-21,"35","37  day ahead inc hosp",2022-06-27,"quantile",0.75,55.4619788449861
2022-05-21,"35","37  day ahead inc hosp",2022-06-27,"quantile",0.8,61.565774229121
2022-05-21,"35","37  day ahead inc hosp",2022-06-27,"quantile",0.85,68.6804932159809
2022-05-21,"35","37  day ahead inc hosp",2022-06-27,"quantile",0.9,77.6324342944499
2022-05-21,"35","37  day ahead inc hosp",2022-06-27,"quantile",0.95,90.9005594894025
2022-05-21,"35","37  day ahead inc hosp",2022-06-27,"quantile",0.975,102.408679367724
2022-05-21,"35","37  day ahead inc hosp",2022-06-27,"quantile",0.99,115.789355757187
2022-05-21,"36","1  day ahead inc hosp",2022-05-22,"quantile",0.01,217.977544244454
2022-05-21,"36","1  day ahead inc hosp",2022-05-22,"quantile",0.025,240.410974577148
2022-05-21,"36","1  day ahead inc hosp",2022-05-22,"quantile",0.05,259.70496226778
2022-05-21,"36","1  day ahead inc hosp",2022-05-22,"quantile",0.1,281.949694413072
2022-05-21,"36","1  day ahead inc hosp",2022-05-22,"quantile",0.15,296.958109584398
2022-05-21,"36","1  day ahead inc hosp",2022-05-22,"quantile",0.2,308.886322186124
2022-05-21,"36","1  day ahead inc hosp",2022-05-22,"quantile",0.25,319.119666490217
2022-05-21,"36","1  day ahead inc hosp",2022-05-22,"quantile",0.3,328.309525950093
2022-05-21,"36","1  day ahead inc hosp",2022-05-22,"quantile",0.35,336.82530030251
2022-05-21,"36","1  day ahead inc hosp",2022-05-22,"quantile",0.4,344.905937403564
2022-05-21,"36","1  day ahead inc hosp",2022-05-22,"quantile",0.45,352.724047315285
2022-05-21,"36","1  day ahead inc hosp",2022-05-22,"quantile",0.5,360.418204048069
2022-05-21,"36","1  day ahead inc hosp",2022-05-22,"quantile",0.55,368.112360780852
2022-05-21,"36","1  day ahead inc hosp",2022-05-22,"quantile",0.6,375.930470692573
2022-05-21,"36","1  day ahead inc hosp",2022-05-22,"quantile",0.65,384.011107793628
2022-05-21,"36","1  day ahead inc hosp",2022-05-22,"quantile",0.7,392.526882146044
2022-05-21,"36","1  day ahead inc hosp",2022-05-22,"quantile",0.75,401.716741605921
2022-05-21,"36","1  day ahead inc hosp",2022-05-22,"quantile",0.8,411.950085910013
2022-05-21,"36","1  day ahead inc hosp",2022-05-22,"quantile",0.85,423.87829851174
2022-05-21,"36","1  day ahead inc hosp",2022-05-22,"quantile",0.9,438.886713683066
2022-05-21,"36","1  day ahead inc hosp",2022-05-22,"quantile",0.95,461.131445828358
2022-05-21,"36","1  day ahead inc hosp",2022-05-22,"quantile",0.975,480.42543351899
2022-05-21,"36","1  day ahead inc hosp",2022-05-22,"quantile",0.99,502.858863851684
2022-05-21,"36","2  day ahead inc hosp",2022-05-23,"quantile",0.01,212.136780011751
2022-05-21,"36","2  day ahead inc hosp",2022-05-23,"quantile",0.025,242.44932253678
2022-05-21,"36","2  day ahead inc hosp",2022-05-23,"quantile",0.05,268.519781386636
2022-05-21,"36","2  day ahead inc hosp",2022-05-23,"quantile",0.1,298.577350786949
2022-05-21,"36","2  day ahead inc hosp",2022-05-23,"quantile",0.15,318.857050162708
2022-05-21,"36","2  day ahead inc hosp",2022-05-23,"quantile",0.2,334.974712347009
2022-05-21,"36","2  day ahead inc hosp",2022-05-23,"quantile",0.25,348.802231357286
2022-05-21,"36","2  day ahead inc hosp",2022-05-23,"quantile",0.3,361.219770785956
2022-05-21,"36","2  day ahead inc hosp",2022-05-23,"quantile",0.35,372.726471649933
2022-05-21,"36","2  day ahead inc hosp",2022-05-23,"quantile",0.4,383.645205527116
2022-05-21,"36","2  day ahead inc hosp",2022-05-23,"quantile",0.45,394.209206914769
2022-05-21,"36","2  day ahead inc hosp",2022-05-23,"quantile",0.5,404.605720051541
2022-05-21,"36","2  day ahead inc hosp",2022-05-23,"quantile",0.55,415.002233188314
2022-05-21,"36","2  day ahead inc hosp",2022-05-23,"quantile",0.6,425.566234575967
2022-05-21,"36","2  day ahead inc hosp",2022-05-23,"quantile",0.65,436.48496845315
2022-05-21,"36","2  day ahead inc hosp",2022-05-23,"quantile",0.7,447.991669317127
2022-05-21,"36","2  day ahead inc hosp",2022-05-23,"quantile",0.75,460.409208745797
2022-05-21,"36","2  day ahead inc hosp",2022-05-23,"quantile",0.8,474.236727756073
2022-05-21,"36","2  day ahead inc hosp",2022-05-23,"quantile",0.85,490.354389940374
2022-05-21,"36","2  day ahead inc hosp",2022-05-23,"quantile",0.9,510.634089316134
2022-05-21,"36","2  day ahead inc hosp",2022-05-23,"quantile",0.95,540.691658716446
2022-05-21,"36","2  day ahead inc hosp",2022-05-23,"quantile",0.975,566.762117566303
2022-05-21,"36","2  day ahead inc hosp",2022-05-23,"quantile",0.99,597.074660091331
2022-05-21,"36","3  day ahead inc hosp",2022-05-24,"quantile",0.01,209.177137391709
2022-05-21,"36","3  day ahead inc hosp",2022-05-24,"quantile",0.025,245.811751183921
2022-05-21,"36","3  day ahead inc hosp",2022-05-24,"quantile",0.05,277.319540098746
2022-05-21,"36","3  day ahead inc hosp",2022-05-24,"quantile",0.1,313.646002836203
2022-05-21,"36","3  day ahead inc hosp",2022-05-24,"quantile",0.15,338.155294784897
2022-05-21,"36","3  day ahead inc hosp",2022-05-24,"quantile",0.2,357.634503065353
2022-05-21,"36","3  day ahead inc hosp",2022-05-24,"quantile",0.25,374.345929308391
2022-05-21,"36","3  day ahead inc hosp",2022-05-24,"quantile",0.3,389.353306562979
2022-05-21,"36","3  day ahead inc hosp",2022-05-24,"quantile",0.35,403.259878135663
2022-05-21,"36","3  day ahead inc hosp",2022-05-24,"quantile",0.4,416.45585463154
2022-05-21,"36","3  day ahead inc hosp",2022-05-24,"quantile",0.45,429.223114607093
2022-05-21,"36","3  day ahead inc hosp",2022-05-24,"quantile",0.5,441.787954499254
2022-05-21,"36","3  day ahead inc hosp",2022-05-24,"quantile",0.55,454.352794391416
2022-05-21,"36","3  day ahead inc hosp",2022-05-24,"quantile",0.6,467.120054366969
2022-05-21,"36","3  day ahead inc hosp",2022-05-24,"quantile",0.65,480.316030862846
2022-05-21,"36","3  day ahead inc hosp",2022-05-24,"quantile",0.7,494.222602435529
2022-05-21,"36","3  day ahead inc hosp",2022-05-24,"quantile",0.75,509.229979690118
2022-05-21,"36","3  day ahead inc hosp",2022-05-24,"quantile",0.8,525.941405933155
2022-05-21,"36","3  day ahead inc hosp",2022-05-24,"quantile",0.85,545.420614213611
2022-05-21,"36","3  day ahead inc hosp",2022-05-24,"quantile",0.9,569.929906162305
2022-05-21,"36","3  day ahead inc hosp",2022-05-24,"quantile",0.95,606.256368899763
2022-05-21,"36","3  day ahead inc hosp",2022-05-24,"quantile",0.975,637.764157814588
2022-05-21,"36","3  day ahead inc hosp",2022-05-24,"quantile",0.99,674.398771606799
2022-05-21,"36","4  day ahead inc hosp",2022-05-25,"quantile",0.01,166.57365372428
2022-05-21,"36","4  day ahead inc hosp",2022-05-25,"quantile",0.025,208.581251332397
2022-05-21,"36","4  day ahead inc hosp",2022-05-25,"quantile",0.05,244.710102744961
2022-05-21,"36","4  day ahead inc hosp",2022-05-25,"quantile",0.1,286.364354591497
2022-05-21,"36","4  day ahead inc hosp",2022-05-25,"quantile",0.15,314.468280558351
2022-05-21,"36","4  day ahead inc hosp",2022-05-25,"quantile",0.2,336.804390004223
2022-05-21,"36","4  day ahead inc hosp",2022-05-25,"quantile",0.25,355.966783063884
2022-05-21,"36","4  day ahead inc hosp",2022-05-25,"quantile",0.3,373.175204270115
2022-05-21,"36","4  day ahead inc hosp",2022-05-25,"quantile",0.35,389.121371085117
2022-05-21,"36","4  day ahead inc hosp",2022-05-25,"quantile",0.4,404.2527240135
2022-05-21,"36","4  day ahead inc hosp",2022-05-25,"quantile",0.45,418.892483085432
2022-05-21,"36","4  day ahead inc hosp",2022-05-25,"quantile",0.5,433.300134308237
2022-05-21,"36","4  day ahead inc hosp",2022-05-25,"quantile",0.55,447.707785531042
2022-05-21,"36","4  day ahead inc hosp",2022-05-25,"quantile",0.6,462.347544602973
2022-05-21,"36","4  day ahead inc hosp",2022-05-25,"quantile",0.65,477.478897531357
2022-05-21,"36","4  day ahead inc hosp",2022-05-25,"quantile",0.7,493.425064346358
2022-05-21,"36","4  day ahead inc hosp",2022-05-25,"quantile",0.75,510.633485552589
2022-05-21,"36","4  day ahead inc hosp",2022-05-25,"quantile",0.8,529.795878612251
2022-05-21,"36","4  day ahead inc hosp",2022-05-25,"quantile",0.85,552.131988058123
2022-05-21,"36","4  day ahead inc hosp",2022-05-25,"quantile",0.9,580.235914024977
2022-05-21,"36","4  day ahead inc hosp",2022-05-25,"quantile",0.95,621.890165871513
2022-05-21,"36","4  day ahead inc hosp",2022-05-25,"quantile",0.975,658.019017284077
2022-05-21,"36","4  day ahead inc hosp",2022-05-25,"quantile",0.99,700.026614892194
2022-05-21,"36","5  day ahead inc hosp",2022-05-26,"quantile",0.01,152.193025864236
2022-05-21,"36","5  day ahead inc hosp",2022-05-26,"quantile",0.025,198.961023162398
2022-05-21,"36","5  day ahead inc hosp",2022-05-26,"quantile",0.05,239.184080929499
2022-05-21,"36","5  day ahead inc hosp",2022-05-26,"quantile",0.1,285.558690493921
2022-05-21,"36","5  day ahead inc hosp",2022-05-26,"quantile",0.15,316.847419403084
2022-05-21,"36","5  day ahead inc hosp",2022-05-26,"quantile",0.2,341.714709267195
2022-05-21,"36","5  day ahead inc hosp",2022-05-26,"quantile",0.25,363.048629745128
2022-05-21,"36","5  day ahead inc hosp",2022-05-26,"quantile",0.3,382.207149686843
2022-05-21,"36","5  day ahead inc hosp",2022-05-26,"quantile",0.35,399.960373603078
2022-05-21,"36","5  day ahead inc hosp",2022-05-26,"quantile",0.4,416.806447008034
2022-05-21,"36","5  day ahead inc hosp",2022-05-26,"quantile",0.45,433.105217985348
2022-05-21,"36","5  day ahead inc hosp",2022-05-26,"quantile",0.5,449.145578106555
2022-05-21,"36","5  day ahead inc hosp",2022-05-26,"quantile",0.55,465.185938227763
2022-05-21,"36","5  day ahead inc hosp",2022-05-26,"quantile",0.6,481.484709205077
2022-05-21,"36","5  day ahead inc hosp",2022-05-26,"quantile",0.65,498.330782610033
2022-05-21,"36","5  day ahead inc hosp",2022-05-26,"quantile",0.7,516.084006526268
2022-05-21,"36","5  day ahead inc hosp",2022-05-26,"quantile",0.75,535.242526467983
2022-05-21,"36","5  day ahead inc hosp",2022-05-26,"quantile",0.8,556.576446945916
2022-05-21,"36","5  day ahead inc hosp",2022-05-26,"quantile",0.85,581.443736810027
2022-05-21,"36","5  day ahead inc hosp",2022-05-26,"quantile",0.9,612.73246571919
2022-05-21,"36","5  day ahead inc hosp",2022-05-26,"quantile",0.95,659.107075283611
2022-05-21,"36","5  day ahead inc hosp",2022-05-26,"quantile",0.975,699.330133050713
2022-05-21,"36","5  day ahead inc hosp",2022-05-26,"quantile",0.99,746.098130348875
2022-05-21,"36","6  day ahead inc hosp",2022-05-27,"quantile",0.01,121.230126320498
2022-05-21,"36","6  day ahead inc hosp",2022-05-27,"quantile",0.025,172.316788434767
2022-05-21,"36","6  day ahead inc hosp",2022-05-27,"quantile",0.05,216.254136195249
2022-05-21,"36","6  day ahead inc hosp",2022-05-27,"quantile",0.1,266.911084244463
2022-05-21,"36","6  day ahead inc hosp",2022-05-27,"quantile",0.15,301.089086598867
2022-05-21,"36","6  day ahead inc hosp",2022-05-27,"quantile",0.2,328.252679405425
2022-05-21,"36","6  day ahead inc hosp",2022-05-27,"quantile",0.25,351.556623341285
2022-05-21,"36","6  day ahead inc hosp",2022-05-27,"quantile",0.3,372.484285234354
2022-05-21,"36","6  day ahead inc hosp",2022-05-27,"quantile",0.35,391.876882823375
2022-05-21,"36","6  day ahead inc hosp",2022-05-27,"quantile",0.4,410.278561529103
2022-05-21,"36","6  day ahead inc hosp",2022-05-27,"quantile",0.45,428.082398637787
2022-05-21,"36","6  day ahead inc hosp",2022-05-27,"quantile",0.5,445.603962635473
2022-05-21,"36","6  day ahead inc hosp",2022-05-27,"quantile",0.55,463.125526633159
2022-05-21,"36","6  day ahead inc hosp",2022-05-27,"quantile",0.6,480.929363741844
2022-05-21,"36","6  day ahead inc hosp",2022-05-27,"quantile",0.65,499.331042447572
2022-05-21,"36","6  day ahead inc hosp",2022-05-27,"quantile",0.7,518.723640036593
2022-05-21,"36","6  day ahead inc hosp",2022-05-27,"quantile",0.75,539.651301929662
2022-05-21,"36","6  day ahead inc hosp",2022-05-27,"quantile",0.8,562.955245865522
2022-05-21,"36","6  day ahead inc hosp",2022-05-27,"quantile",0.85,590.118838672079
2022-05-21,"36","6  day ahead inc hosp",2022-05-27,"quantile",0.9,624.296841026484
2022-05-21,"36","6  day ahead inc hosp",2022-05-27,"quantile",0.95,674.953789075697
2022-05-21,"36","6  day ahead inc hosp",2022-05-27,"quantile",0.975,718.89113683618
2022-05-21,"36","6  day ahead inc hosp",2022-05-27,"quantile",0.99,769.977798950449
2022-05-21,"36","7  day ahead inc hosp",2022-05-28,"quantile",0.01,66.1822336593715
2022-05-21,"36","7  day ahead inc hosp",2022-05-28,"quantile",0.025,121.24991069078
2022-05-21,"36","7  day ahead inc hosp",2022-05-28,"quantile",0.05,168.611150904107
2022-05-21,"36","7  day ahead inc hosp",2022-05-28,"quantile",0.1,223.215627672061
2022-05-21,"36","7  day ahead inc hosp",2022-05-28,"quantile",0.15,260.057008912065
2022-05-21,"36","7  day ahead inc hosp",2022-05-28,"quantile",0.2,289.337370826068
2022-05-21,"36","7  day ahead inc hosp",2022-05-28,"quantile",0.25,314.457314175422
2022-05-21,"36","7  day ahead inc hosp",2022-05-28,"quantile",0.3,337.015799667629
2022-05-21,"36","7  day ahead inc hosp",2022-05-28,"quantile",0.35,357.919598362553
2022-05-21,"36","7  day ahead inc hosp",2022-05-28,"quantile",0.4,377.755259137105
2022-05-21,"36","7  day ahead inc hosp",2022-05-28,"quantile",0.45,396.946490492715
2022-05-21,"36","7  day ahead inc hosp",2022-05-28,"quantile",0.5,415.833452125705
2022-05-21,"36","7  day ahead inc hosp",2022-05-28,"quantile",0.55,434.720413758695
2022-05-21,"36","7  day ahead inc hosp",2022-05-28,"quantile",0.6,453.911645114306
2022-05-21,"36","7  day ahead inc hosp",2022-05-28,"quantile",0.65,473.747305888858
2022-05-21,"36","7  day ahead inc hosp",2022-05-28,"quantile",0.7,494.651104583782
2022-05-21,"36","7  day ahead inc hosp",2022-05-28,"quantile",0.75,517.209590075989
2022-05-21,"36","7  day ahead inc hosp",2022-05-28,"quantile",0.8,542.329533425343
2022-05-21,"36","7  day ahead inc hosp",2022-05-28,"quantile",0.85,571.609895339346
2022-05-21,"36","7  day ahead inc hosp",2022-05-28,"quantile",0.9,608.45127657935
2022-05-21,"36","7  day ahead inc hosp",2022-05-28,"quantile",0.95,663.055753347304
2022-05-21,"36","7  day ahead inc hosp",2022-05-28,"quantile",0.975,710.416993560631
2022-05-21,"36","7  day ahead inc hosp",2022-05-28,"quantile",0.99,765.484670592039
2022-05-21,"36","8  day ahead inc hosp",2022-05-29,"quantile",0.01,31.7985180970854
2022-05-21,"36","8  day ahead inc hosp",2022-05-29,"quantile",0.025,90.5782000684367
2022-05-21,"36","8  day ahead inc hosp",2022-05-29,"quantile",0.05,141.131969313511
2022-05-21,"36","8  day ahead inc hosp",2022-05-29,"quantile",0.1,199.417227593096
2022-05-21,"36","8  day ahead inc hosp",2022-05-29,"quantile",0.15,238.742014644447
2022-05-21,"36","8  day ahead inc hosp",2022-05-29,"quantile",0.2,269.996108771743
2022-05-21,"36","8  day ahead inc hosp",2022-05-29,"quantile",0.25,296.809338615653
2022-05-21,"36","8  day ahead inc hosp",2022-05-29,"quantile",0.3,320.888447713191
2022-05-21,"36","8  day ahead inc hosp",2022-05-29,"quantile",0.35,343.201330796674
2022-05-21,"36","8  day ahead inc hosp",2022-05-29,"quantile",0.4,364.374074861304
2022-05-21,"36","8  day ahead inc hosp",2022-05-29,"quantile",0.45,384.858949774006
2022-05-21,"36","8  day ahead inc hosp",2022-05-29,"quantile",0.5,405.019044734232
2022-05-21,"36","8  day ahead inc hosp",2022-05-29,"quantile",0.55,425.179139694458
2022-05-21,"36","8  day ahead inc hosp",2022-05-29,"quantile",0.6,445.664014607159
2022-05-21,"36","8  day ahead inc hosp",2022-05-29,"quantile",0.65,466.83675867179
2022-05-21,"36","8  day ahead inc hosp",2022-05-29,"quantile",0.7,489.149641755272
2022-05-21,"36","8  day ahead inc hosp",2022-05-29,"quantile",0.75,513.22875085281
2022-05-21,"36","8  day ahead inc hosp",2022-05-29,"quantile",0.8,540.04198069672
2022-05-21,"36","8  day ahead inc hosp",2022-05-29,"quantile",0.85,571.296074824016
2022-05-21,"36","8  day ahead inc hosp",2022-05-29,"quantile",0.9,610.620861875368
2022-05-21,"36","8  day ahead inc hosp",2022-05-29,"quantile",0.95,668.906120154953
2022-05-21,"36","8  day ahead inc hosp",2022-05-29,"quantile",0.975,719.459889400027
2022-05-21,"36","8  day ahead inc hosp",2022-05-29,"quantile",0.99,778.239571371378
2022-05-21,"36","9  day ahead inc hosp",2022-05-30,"quantile",0.01,46.0037262788734
2022-05-21,"36","9  day ahead inc hosp",2022-05-30,"quantile",0.025,108.274529839692
2022-05-21,"36","9  day ahead inc hosp",2022-05-30,"quantile",0.05,161.830856249441
2022-05-21,"36","9  day ahead inc hosp",2022-05-30,"quantile",0.1,223.577870644459
2022-05-21,"36","9  day ahead inc hosp",2022-05-30,"quantile",0.15,265.238288112169
2022-05-21,"36","9  day ahead inc hosp",2022-05-30,"quantile",0.2,298.348667253395
2022-05-21,"36","9  day ahead inc hosp",2022-05-30,"quantile",0.25,326.754424352506
2022-05-21,"36","9  day ahead inc hosp",2022-05-30,"quantile",0.3,352.263672144338
2022-05-21,"36","9  day ahead inc hosp",2022-05-30,"quantile",0.35,375.901791861356
2022-05-21,"36","9  day ahead inc hosp",2022-05-30,"quantile",0.4,398.332055896039
2022-05-21,"36","9  day ahead inc hosp",2022-05-30,"quantile",0.45,420.033595932926
2022-05-21,"36","9  day ahead inc hosp",2022-05-30,"quantile",0.5,441.391066251454
2022-05-21,"36","9  day ahead inc hosp",2022-05-30,"quantile",0.55,462.748536569983
2022-05-21,"36","9  day ahead inc hosp",2022-05-30,"quantile",0.6,484.45007660687
2022-05-21,"36","9  day ahead inc hosp",2022-05-30,"quantile",0.65,506.880340641553
2022-05-21,"36","9  day ahead inc hosp",2022-05-30,"quantile",0.7,530.518460358571
2022-05-21,"36","9  day ahead inc hosp",2022-05-30,"quantile",0.75,556.027708150403
2022-05-21,"36","9  day ahead inc hosp",2022-05-30,"quantile",0.8,584.433465249514
2022-05-21,"36","9  day ahead inc hosp",2022-05-30,"quantile",0.85,617.54384439074
2022-05-21,"36","9  day ahead inc hosp",2022-05-30,"quantile",0.9,659.20426185845
2022-05-21,"36","9  day ahead inc hosp",2022-05-30,"quantile",0.95,720.951276253468
2022-05-21,"36","9  day ahead inc hosp",2022-05-30,"quantile",0.975,774.507602663217
2022-05-21,"36","9  day ahead inc hosp",2022-05-30,"quantile",0.99,836.778406224035
2022-05-21,"36","10  day ahead inc hosp",2022-05-31,"quantile",0.01,18.4327380457473
2022-05-21,"36","10  day ahead inc hosp",2022-05-31,"quantile",0.025,84.0090671528396
2022-05-21,"36","10  day ahead inc hosp",2022-05-31,"quantile",0.05,140.408327891181
2022-05-21,"36","10  day ahead inc hosp",2022-05-31,"quantile",0.1,205.433063494493
2022-05-21,"36","10  day ahead inc hosp",2022-05-31,"quantile",0.15,249.304943900424
2022-05-21,"36","10  day ahead inc hosp",2022-05-31,"quantile",0.2,284.172923680146
2022-05-21,"36","10  day ahead inc hosp",2022-05-31,"quantile",0.25,314.086545627358
2022-05-21,"36","10  day ahead inc hosp",2022-05-31,"quantile",0.3,340.949902655308
2022-05-21,"36","10  day ahead inc hosp",2022-05-31,"quantile",0.35,365.842806382205
2022-05-21,"36","10  day ahead inc hosp",2022-05-31,"quantile",0.4,389.463737736669
2022-05-21,"36","10  day ahead inc hosp",2022-05-31,"quantile",0.45,412.317262184923
2022-05-21,"36","10  day ahead inc hosp",2022-05-31,"quantile",0.5,434.808452637202
2022-05-21,"36","10  day ahead inc hosp",2022-05-31,"quantile",0.55,457.29964308948
2022-05-21,"36","10  day ahead inc hosp",2022-05-31,"quantile",0.6,480.153167537735
2022-05-21,"36","10  day ahead inc hosp",2022-05-31,"quantile",0.65,503.774098892198
2022-05-21,"36","10  day ahead inc hosp",2022-05-31,"quantile",0.7,528.667002619096
2022-05-21,"36","10  day ahead inc hosp",2022-05-31,"quantile",0.75,555.530359647045
2022-05-21,"36","10  day ahead inc hosp",2022-05-31,"quantile",0.8,585.443981594257
2022-05-21,"36","10  day ahead inc hosp",2022-05-31,"quantile",0.85,620.31196137398
2022-05-21,"36","10  day ahead inc hosp",2022-05-31,"quantile",0.9,664.18384177991
2022-05-21,"36","10  day ahead inc hosp",2022-05-31,"quantile",0.95,729.208577383223
2022-05-21,"36","10  day ahead inc hosp",2022-05-31,"quantile",0.975,785.607838121564
2022-05-21,"36","10  day ahead inc hosp",2022-05-31,"quantile",0.99,851.184167228656
2022-05-21,"36","11  day ahead inc hosp",2022-06-01,"quantile",0.01,8.21567848970352
2022-05-21,"36","11  day ahead inc hosp",2022-06-01,"quantile",0.025,76.9387234036939
2022-05-21,"36","11  day ahead inc hosp",2022-06-01,"quantile",0.05,136.044333333568
2022-05-21,"36","11  day ahead inc hosp",2022-06-01,"quantile",0.1,204.189316229591
2022-05-21,"36","11  day ahead inc hosp",2022-06-01,"quantile",0.15,250.166412670507
2022-05-21,"36","11  day ahead inc hosp",2022-06-01,"quantile",0.2,286.707551418128
2022-05-21,"36","11  day ahead inc hosp",2022-06-01,"quantile",0.25,318.056594778899
2022-05-21,"36","11  day ahead inc hosp",2022-06-01,"quantile",0.3,346.209004599787
2022-05-21,"36","11  day ahead inc hosp",2022-06-01,"quantile",0.35,372.296407846612
2022-05-21,"36","11  day ahead inc hosp",2022-06-01,"quantile",0.4,397.050802435124
2022-05-21,"36","11  day ahead inc hosp",2022-06-01,"quantile",0.45,421.000965679783
2022-05-21,"36","11  day ahead inc hosp",2022-06-01,"quantile",0.5,444.571408134664
2022-05-21,"36","11  day ahead inc hosp",2022-06-01,"quantile",0.55,468.141850589545
2022-05-21,"36","11  day ahead inc hosp",2022-06-01,"quantile",0.6,492.092013834205
2022-05-21,"36","11  day ahead inc hosp",2022-06-01,"quantile",0.65,516.846408422716
2022-05-21,"36","11  day ahead inc hosp",2022-06-01,"quantile",0.7,542.933811669541
2022-05-21,"36","11  day ahead inc hosp",2022-06-01,"quantile",0.75,571.08622149043
2022-05-21,"36","11  day ahead inc hosp",2022-06-01,"quantile",0.8,602.4352648512
2022-05-21,"36","11  day ahead inc hosp",2022-06-01,"quantile",0.85,638.976403598822
2022-05-21,"36","11  day ahead inc hosp",2022-06-01,"quantile",0.9,684.953500039737
2022-05-21,"36","11  day ahead inc hosp",2022-06-01,"quantile",0.95,753.098482935761
2022-05-21,"36","11  day ahead inc hosp",2022-06-01,"quantile",0.975,812.204092865635
2022-05-21,"36","11  day ahead inc hosp",2022-06-01,"quantile",0.99,880.927137779625
2022-05-21,"36","12  day ahead inc hosp",2022-06-02,"quantile",0.01,4.95632796059181
2022-05-21,"36","12  day ahead inc hosp",2022-06-02,"quantile",0.025,76.6881818703829
2022-05-21,"36","12  day ahead inc hosp",2022-06-02,"quantile",0.05,138.381533526222
2022-05-21,"36","12  day ahead inc hosp",2022-06-02,"quantile",0.1,209.510016903239
2022-05-21,"36","12  day ahead inc hosp",2022-06-02,"quantile",0.15,257.500066954481
2022-05-21,"36","12  day ahead inc hosp",2022-06-02,"quantile",0.2,295.641037419661
2022-05-21,"36","12  day ahead inc hosp",2022-06-02,"quantile",0.25,328.36259394238
2022-05-21,"36","12  day ahead inc hosp",2022-06-02,"quantile",0.3,357.747563002001
2022-05-21,"36","12  day ahead inc hosp",2022-06-02,"quantile",0.35,384.977116071558
2022-05-21,"36","12  day ahead inc hosp",2022-06-02,"quantile",0.4,410.815299150768
2022-05-21,"36","12  day ahead inc hosp",2022-06-02,"quantile",0.45,435.81404030276
2022-05-21,"36","12  day ahead inc hosp",2022-06-02,"quantile",0.5,460.41643585841
2022-05-21,"36","12  day ahead inc hosp",2022-06-02,"quantile",0.55,485.018831414059
2022-05-21,"36","12  day ahead inc hosp",2022-06-02,"quantile",0.6,510.017572566051
2022-05-21,"36","12  day ahead inc hosp",2022-06-02,"quantile",0.65,535.855755645261
2022-05-21,"36","12  day ahead inc hosp",2022-06-02,"quantile",0.7,563.085308714818
2022-05-21,"36","12  day ahead inc hosp",2022-06-02,"quantile",0.75,592.470277774439
2022-05-21,"36","12  day ahead inc hosp",2022-06-02,"quantile",0.8,625.191834297158
2022-05-21,"36","12  day ahead inc hosp",2022-06-02,"quantile",0.85,663.332804762339
2022-05-21,"36","12  day ahead inc hosp",2022-06-02,"quantile",0.9,711.32285481358
2022-05-21,"36","12  day ahead inc hosp",2022-06-02,"quantile",0.95,782.451338190597
2022-05-21,"36","12  day ahead inc hosp",2022-06-02,"quantile",0.975,844.144689846436
2022-05-21,"36","12  day ahead inc hosp",2022-06-02,"quantile",0.99,915.876543756227
2022-05-21,"36","13  day ahead inc hosp",2022-06-03,"quantile",0.01,0
2022-05-21,"36","13  day ahead inc hosp",2022-06-03,"quantile",0.025,56.1789967075273
2022-05-21,"36","13  day ahead inc hosp",2022-06-03,"quantile",0.05,120.355831717364
2022-05-21,"36","13  day ahead inc hosp",2022-06-03,"quantile",0.1,194.347612349609
2022-05-21,"36","13  day ahead inc hosp",2022-06-03,"quantile",0.15,244.269515465418
2022-05-21,"36","13  day ahead inc hosp",2022-06-03,"quantile",0.2,283.945861505329
2022-05-21,"36","13  day ahead inc hosp",2022-06-03,"quantile",0.25,317.984633558733
2022-05-21,"36","13  day ahead inc hosp",2022-06-03,"quantile",0.3,348.552502875166
2022-05-21,"36","13  day ahead inc hosp",2022-06-03,"quantile",0.35,376.878189320039
2022-05-21,"36","13  day ahead inc hosp",2022-06-03,"quantile",0.4,403.756495781306
2022-05-21,"36","13  day ahead inc hosp",2022-06-03,"quantile",0.45,429.761568342689
2022-05-21,"36","13  day ahead inc hosp",2022-06-03,"quantile",0.5,455.35434030343
2022-05-21,"36","13  day ahead inc hosp",2022-06-03,"quantile",0.55,480.94711226417
2022-05-21,"36","13  day ahead inc hosp",2022-06-03,"quantile",0.6,506.952184825553
2022-05-21,"36","13  day ahead inc hosp",2022-06-03,"quantile",0.65,533.830491286821
2022-05-21,"36","13  day ahead inc hosp",2022-06-03,"quantile",0.7,562.156177731694
2022-05-21,"36","13  day ahead inc hosp",2022-06-03,"quantile",0.75,592.724047048127
2022-05-21,"36","13  day ahead inc hosp",2022-06-03,"quantile",0.8,626.762819101531
2022-05-21,"36","13  day ahead inc hosp",2022-06-03,"quantile",0.85,666.439165141441
2022-05-21,"36","13  day ahead inc hosp",2022-06-03,"quantile",0.9,716.361068257251
2022-05-21,"36","13  day ahead inc hosp",2022-06-03,"quantile",0.95,790.352848889495
2022-05-21,"36","13  day ahead inc hosp",2022-06-03,"quantile",0.975,854.529683899332
2022-05-21,"36","13  day ahead inc hosp",2022-06-03,"quantile",0.99,929.149123916135
2022-05-21,"36","14  day ahead inc hosp",2022-06-04,"quantile",0.01,0
2022-05-21,"36","14  day ahead inc hosp",2022-06-04,"quantile",0.025,5.83534400801869
2022-05-21,"36","14  day ahead inc hosp",2022-06-04,"quantile",0.05,72.4030739169516
2022-05-21,"36","14  day ahead inc hosp",2022-06-04,"quantile",0.1,149.151403245646
2022-05-21,"36","14  day ahead inc hosp",2022-06-04,"quantile",0.15,200.933136680205
2022-05-21,"36","14  day ahead inc hosp",2022-06-04,"quantile",0.2,242.087616899638
2022-05-21,"36","14  day ahead inc hosp",2022-06-04,"quantile",0.25,277.394496463509
2022-05-21,"36","14  day ahead inc hosp",2022-06-04,"quantile",0.3,309.101165516852
2022-05-21,"36","14  day ahead inc hosp",2022-06-04,"quantile",0.35,338.482119633059
2022-05-21,"36","14  day ahead inc hosp",2022-06-04,"quantile",0.4,366.361771919572
2022-05-21,"36","14  day ahead inc hosp",2022-06-04,"quantile",0.45,393.335658155361
2022-05-21,"36","14  day ahead inc hosp",2022-06-04,"quantile",0.5,419.881883615722
2022-05-21,"36","14  day ahead inc hosp",2022-06-04,"quantile",0.55,446.428109076082
2022-05-21,"36","14  day ahead inc hosp",2022-06-04,"quantile",0.6,473.401995311871
2022-05-21,"36","14  day ahead inc hosp",2022-06-04,"quantile",0.65,501.281647598384
2022-05-21,"36","14  day ahead inc hosp",2022-06-04,"quantile",0.7,530.662601714591
2022-05-21,"36","14  day ahead inc hosp",2022-06-04,"quantile",0.75,562.369270767934
2022-05-21,"36","14  day ahead inc hosp",2022-06-04,"quantile",0.8,597.676150331805
2022-05-21,"36","14  day ahead inc hosp",2022-06-04,"quantile",0.85,638.830630551238
2022-05-21,"36","14  day ahead inc hosp",2022-06-04,"quantile",0.9,690.612363985797
2022-05-21,"36","14  day ahead inc hosp",2022-06-04,"quantile",0.95,767.360693314492
2022-05-21,"36","14  day ahead inc hosp",2022-06-04,"quantile",0.975,833.928423223424
2022-05-21,"36","14  day ahead inc hosp",2022-06-04,"quantile",0.99,911.327795259034
2022-05-21,"36","15  day ahead inc hosp",2022-06-05,"quantile",0.01,0
2022-05-21,"36","15  day ahead inc hosp",2022-06-05,"quantile",0.025,1.93151175842814
2022-05-21,"36","15  day ahead inc hosp",2022-06-05,"quantile",0.05,70.8071909099069
2022-05-21,"36","15  day ahead inc hosp",2022-06-05,"quantile",0.1,150.216437905211
2022-05-21,"36","15  day ahead inc hosp",2022-06-05,"quantile",0.15,203.793479856698
2022-05-21,"36","15  day ahead inc hosp",2022-06-05,"quantile",0.2,246.374814372946
2022-05-21,"36","15  day ahead inc hosp",2022-06-05,"quantile",0.25,282.905807873969
2022-05-21,"36","15  day ahead inc hosp",2022-06-05,"quantile",0.3,315.711769075705
2022-05-21,"36","15  day ahead inc hosp",2022-06-05,"quantile",0.35,346.11138119468
2022-05-21,"36","15  day ahead inc hosp",2022-06-05,"quantile",0.4,374.957640311036
2022-05-21,"36","15  day ahead inc hosp",2022-06-05,"quantile",0.45,402.866729841147
2022-05-21,"36","15  day ahead inc hosp",2022-06-05,"quantile",0.5,430.333331300922
2022-05-21,"36","15  day ahead inc hosp",2022-06-05,"quantile",0.55,457.799932760697
2022-05-21,"36","15  day ahead inc hosp",2022-06-05,"quantile",0.6,485.709022290809
2022-05-21,"36","15  day ahead inc hosp",2022-06-05,"quantile",0.65,514.555281407165
2022-05-21,"36","15  day ahead inc hosp",2022-06-05,"quantile",0.7,544.954893526139
2022-05-21,"36","15  day ahead inc hosp",2022-06-05,"quantile",0.75,577.760854727876
2022-05-21,"36","15  day ahead inc hosp",2022-06-05,"quantile",0.8,614.291848228898
2022-05-21,"36","15  day ahead inc hosp",2022-06-05,"quantile",0.85,656.873182745147
2022-05-21,"36","15  day ahead inc hosp",2022-06-05,"quantile",0.9,710.450224696633
2022-05-21,"36","15  day ahead inc hosp",2022-06-05,"quantile",0.95,789.859471691938
2022-05-21,"36","15  day ahead inc hosp",2022-06-05,"quantile",0.975,858.735150843416
2022-05-21,"36","15  day ahead inc hosp",2022-06-05,"quantile",0.99,938.818012646628
2022-05-21,"36","16  day ahead inc hosp",2022-06-06,"quantile",0.01,0
2022-05-21,"36","16  day ahead inc hosp",2022-06-06,"quantile",0.025,8.44849228127555
2022-05-21,"36","16  day ahead inc hosp",2022-06-06,"quantile",0.05,79.5572518818074
2022-05-21,"36","16  day ahead inc hosp",2022-06-06,"quantile",0.1,161.541097619714
2022-05-21,"36","16  day ahead inc hosp",2022-06-06,"quantile",0.15,216.855209119899
2022-05-21,"36","16  day ahead inc hosp",2022-06-06,"quantile",0.2,260.817111447227
2022-05-21,"36","16  day ahead inc hosp",2022-06-06,"quantile",0.25,298.532509202068
2022-05-21,"36","16  day ahead inc hosp",2022-06-06,"quantile",0.3,332.402102029286
2022-05-21,"36","16  day ahead inc hosp",2022-06-06,"quantile",0.35,363.787327362068
2022-05-21,"36","16  day ahead inc hosp",2022-06-06,"quantile",0.4,393.568837035001
2022-05-21,"36","16  day ahead inc hosp",2022-06-06,"quantile",0.45,422.382792302168
2022-05-21,"36","16  day ahead inc hosp",2022-06-06,"quantile",0.5,450.739913194598
2022-05-21,"36","16  day ahead inc hosp",2022-06-06,"quantile",0.55,479.097034087029
2022-05-21,"36","16  day ahead inc hosp",2022-06-06,"quantile",0.6,507.910989354196
2022-05-21,"36","16  day ahead inc hosp",2022-06-06,"quantile",0.65,537.692499027129
2022-05-21,"36","16  day ahead inc hosp",2022-06-06,"quantile",0.7,569.077724359911
2022-05-21,"36","16  day ahead inc hosp",2022-06-06,"quantile",0.75,602.947317187129
2022-05-21,"36","16  day ahead inc hosp",2022-06-06,"quantile",0.8,640.662714941969
2022-05-21,"36","16  day ahead inc hosp",2022-06-06,"quantile",0.85,684.624617269298
2022-05-21,"36","16  day ahead inc hosp",2022-06-06,"quantile",0.9,739.938728769483
2022-05-21,"36","16  day ahead inc hosp",2022-06-06,"quantile",0.95,821.922574507389
2022-05-21,"36","16  day ahead inc hosp",2022-06-06,"quantile",0.975,893.031334107921
2022-05-21,"36","16  day ahead inc hosp",2022-06-06,"quantile",0.99,975.710634526332
2022-05-21,"36","17  day ahead inc hosp",2022-06-07,"quantile",0.01,0
2022-05-21,"36","17  day ahead inc hosp",2022-06-07,"quantile",0.025,0
2022-05-21,"36","17  day ahead inc hosp",2022-06-07,"quantile",0.05,66.6148783763584
2022-05-21,"36","17  day ahead inc hosp",2022-06-07,"quantile",0.1,151.094896224323
2022-05-21,"36","17  day ahead inc hosp",2022-06-07,"quantile",0.15,208.09316319656
2022-05-21,"36","17  day ahead inc hosp",2022-06-07,"quantile",0.2,253.393578904261
2022-05-21,"36","17  day ahead inc hosp",2022-06-07,"quantile",0.25,292.25730195597
2022-05-21,"36","17  day ahead inc hosp",2022-06-07,"quantile",0.3,327.158126390261
2022-05-21,"36","17  day ahead inc hosp",2022-06-07,"quantile",0.35,359.498941491228
2022-05-21,"36","17  day ahead inc hosp",2022-06-07,"quantile",0.4,390.187212406841
2022-05-21,"36","17  day ahead inc hosp",2022-06-07,"quantile",0.45,419.878469670163
2022-05-21,"36","17  day ahead inc hosp",2022-06-07,"quantile",0.5,449.098983267048
2022-05-21,"36","17  day ahead inc hosp",2022-06-07,"quantile",0.55,478.319496863933
2022-05-21,"36","17  day ahead inc hosp",2022-06-07,"quantile",0.6,508.010754127255
2022-05-21,"36","17  day ahead inc hosp",2022-06-07,"quantile",0.65,538.699025042868
2022-05-21,"36","17  day ahead inc hosp",2022-06-07,"quantile",0.7,571.039840143835
2022-05-21,"36","17  day ahead inc hosp",2022-06-07,"quantile",0.75,605.940664578126
2022-05-21,"36","17  day ahead inc hosp",2022-06-07,"quantile",0.8,644.804387629835
2022-05-21,"36","17  day ahead inc hosp",2022-06-07,"quantile",0.85,690.104803337536
2022-05-21,"36","17  day ahead inc hosp",2022-06-07,"quantile",0.9,747.103070309773
2022-05-21,"36","17  day ahead inc hosp",2022-06-07,"quantile",0.95,831.583088157738
2022-05-21,"36","17  day ahead inc hosp",2022-06-07,"quantile",0.975,904.856904799667
2022-05-21,"36","17  day ahead inc hosp",2022-06-07,"quantile",0.99,990.053551921273
2022-05-21,"36","18  day ahead inc hosp",2022-06-08,"quantile",0.01,0
2022-05-21,"36","18  day ahead inc hosp",2022-06-08,"quantile",0.025,0
2022-05-21,"36","18  day ahead inc hosp",2022-06-08,"quantile",0.05,42.2129692605332
2022-05-21,"36","18  day ahead inc hosp",2022-06-08,"quantile",0.1,129.117490829943
2022-05-21,"36","18  day ahead inc hosp",2022-06-08,"quantile",0.15,187.751558952682
2022-05-21,"36","18  day ahead inc hosp",2022-06-08,"quantile",0.2,234.35205755885
2022-05-21,"36","18  day ahead inc hosp",2022-06-08,"quantile",0.25,274.331135975867
2022-05-21,"36","18  day ahead inc hosp",2022-06-08,"quantile",0.3,310.233583999711
2022-05-21,"36","18  day ahead inc hosp",2022-06-08,"quantile",0.35,343.502552628155
2022-05-21,"36","18  day ahead inc hosp",2022-06-08,"quantile",0.4,375.071550477012
2022-05-21,"36","18  day ahead inc hosp",2022-06-08,"quantile",0.45,405.614921240817
2022-05-21,"36","18  day ahead inc hosp",2022-06-08,"quantile",0.5,435.674038400567
2022-05-21,"36","18  day ahead inc hosp",2022-06-08,"quantile",0.55,465.733155560317
2022-05-21,"36","18  day ahead inc hosp",2022-06-08,"quantile",0.6,496.276526324122
2022-05-21,"36","18  day ahead inc hosp",2022-06-08,"quantile",0.65,527.845524172979
2022-05-21,"36","18  day ahead inc hosp",2022-06-08,"quantile",0.7,561.114492801422
2022-05-21,"36","18  day ahead inc hosp",2022-06-08,"quantile",0.75,597.016940825266
2022-05-21,"36","18  day ahead inc hosp",2022-06-08,"quantile",0.8,636.996019242283
2022-05-21,"36","18  day ahead inc hosp",2022-06-08,"quantile",0.85,683.596517848451
2022-05-21,"36","18  day ahead inc hosp",2022-06-08,"quantile",0.9,742.230585971191
2022-05-21,"36","18  day ahead inc hosp",2022-06-08,"quantile",0.95,829.1351075406
2022-05-21,"36","18  day ahead inc hosp",2022-06-08,"quantile",0.975,904.511819584996
2022-05-21,"36","18  day ahead inc hosp",2022-06-08,"quantile",0.99,992.153537070729
2022-05-21,"36","19  day ahead inc hosp",2022-06-09,"quantile",0.01,0
2022-05-21,"36","19  day ahead inc hosp",2022-06-09,"quantile",0.025,0
2022-05-21,"36","19  day ahead inc hosp",2022-06-09,"quantile",0.05,29.8931137142642
2022-05-21,"36","19  day ahead inc hosp",2022-06-09,"quantile",0.1,119.156310625553
2022-05-21,"36","19  day ahead inc hosp",2022-06-09,"quantile",0.15,179.381765803622
2022-05-21,"36","19  day ahead inc hosp",2022-06-09,"quantile",0.2,227.247048393369
2022-05-21,"36","19  day ahead inc hosp",2022-06-09,"quantile",0.25,268.311198849797
2022-05-21,"36","19  day ahead inc hosp",2022-06-09,"quantile",0.3,305.188075100593
2022-05-21,"36","19  day ahead inc hosp",2022-06-09,"quantile",0.35,339.359996700142
2022-05-21,"36","19  day ahead inc hosp",2022-06-09,"quantile",0.4,371.785808618615
2022-05-21,"36","19  day ahead inc hosp",2022-06-09,"quantile",0.45,403.158156910602
2022-05-21,"36","19  day ahead inc hosp",2022-06-09,"quantile",0.5,434.033108473016
2022-05-21,"36","19  day ahead inc hosp",2022-06-09,"quantile",0.55,464.90806003543
2022-05-21,"36","19  day ahead inc hosp",2022-06-09,"quantile",0.6,496.280408327417
2022-05-21,"36","19  day ahead inc hosp",2022-06-09,"quantile",0.65,528.706220245891
2022-05-21,"36","19  day ahead inc hosp",2022-06-09,"quantile",0.7,562.87814184544
2022-05-21,"36","19  day ahead inc hosp",2022-06-09,"quantile",0.75,599.755018096236
2022-05-21,"36","19  day ahead inc hosp",2022-06-09,"quantile",0.8,640.819168552663
2022-05-21,"36","19  day ahead inc hosp",2022-06-09,"quantile",0.85,688.684451142411
2022-05-21,"36","19  day ahead inc hosp",2022-06-09,"quantile",0.9,748.90990632048
2022-05-21,"36","19  day ahead inc hosp",2022-06-09,"quantile",0.95,838.173103231768
2022-05-21,"36","19  day ahead inc hosp",2022-06-09,"quantile",0.975,915.595614376607
2022-05-21,"36","19  day ahead inc hosp",2022-06-09,"quantile",0.99,1005.61601543623
2022-05-21,"36","20  day ahead inc hosp",2022-06-10,"quantile",0.01,0
2022-05-21,"36","20  day ahead inc hosp",2022-06-10,"quantile",0.025,0
2022-05-21,"36","20  day ahead inc hosp",2022-06-10,"quantile",0.05,18.9886516840501
2022-05-21,"36","20  day ahead inc hosp",2022-06-10,"quantile",0.1,110.549783046867
2022-05-21,"36","20  day ahead inc hosp",2022-06-10,"quantile",0.15,172.325643689914
2022-05-21,"36","20  day ahead inc hosp",2022-06-10,"quantile",0.2,221.423139394373
2022-05-21,"36","20  day ahead inc hosp",2022-06-10,"quantile",0.25,263.544418984886
2022-05-21,"36","20  day ahead inc hosp",2022-06-10,"quantile",0.3,301.37062987004
2022-05-21,"36","20  day ahead inc hosp",2022-06-10,"quantile",0.35,336.422251487466
2022-05-21,"36","20  day ahead inc hosp",2022-06-10,"quantile",0.4,369.682812696851
2022-05-21,"36","20  day ahead inc hosp",2022-06-10,"quantile",0.45,401.862790588271
2022-05-21,"36","20  day ahead inc hosp",2022-06-10,"quantile",0.5,433.532567087943
2022-05-21,"36","20  day ahead inc hosp",2022-06-10,"quantile",0.55,465.202343587616
2022-05-21,"36","20  day ahead inc hosp",2022-06-10,"quantile",0.6,497.382321479035
2022-05-21,"36","20  day ahead inc hosp",2022-06-10,"quantile",0.65,530.642882688421
2022-05-21,"36","20  day ahead inc hosp",2022-06-10,"quantile",0.7,565.694504305846
2022-05-21,"36","20  day ahead inc hosp",2022-06-10,"quantile",0.75,603.520715191001
2022-05-21,"36","20  day ahead inc hosp",2022-06-10,"quantile",0.8,645.641994781514
2022-05-21,"36","20  day ahead inc hosp",2022-06-10,"quantile",0.85,694.739490485973
2022-05-21,"36","20  day ahead inc hosp",2022-06-10,"quantile",0.9,756.515351129019
2022-05-21,"36","20  day ahead inc hosp",2022-06-10,"quantile",0.95,848.076482491837
2022-05-21,"36","20  day ahead inc hosp",2022-06-10,"quantile",0.975,927.492109073268
2022-05-21,"36","20  day ahead inc hosp",2022-06-10,"quantile",0.99,1019.82993756203
2022-05-21,"36","21  day ahead inc hosp",2022-06-11,"quantile",0.01,0
2022-05-21,"36","21  day ahead inc hosp",2022-06-11,"quantile",0.025,0
2022-05-21,"36","21  day ahead inc hosp",2022-06-11,"quantile",0.05,0
2022-05-21,"36","21  day ahead inc hosp",2022-06-11,"quantile",0.1,73.2519292931768
2022-05-21,"36","21  day ahead inc hosp",2022-06-11,"quantile",0.15,136.54022572287
2022-05-21,"36","21  day ahead inc hosp",2022-06-11,"quantile",0.2,186.839757445365
2022-05-21,"36","21  day ahead inc hosp",2022-06-11,"quantile",0.25,229.992276908037
2022-05-21,"36","21  day ahead inc hosp",2022-06-11,"quantile",0.3,268.744573070198
2022-05-21,"36","21  day ahead inc hosp",2022-06-11,"quantile",0.35,304.654350711066
2022-05-21,"36","21  day ahead inc hosp",2022-06-11,"quantile",0.4,338.729218067438
2022-05-21,"36","21  day ahead inc hosp",2022-06-11,"quantile",0.45,371.697046579955
2022-05-21,"36","21  day ahead inc hosp",2022-06-11,"quantile",0.5,404.142182626781
2022-05-21,"36","21  day ahead inc hosp",2022-06-11,"quantile",0.55,436.587318673607
2022-05-21,"36","21  day ahead inc hosp",2022-06-11,"quantile",0.6,469.555147186124
2022-05-21,"36","21  day ahead inc hosp",2022-06-11,"quantile",0.65,503.630014542495
2022-05-21,"36","21  day ahead inc hosp",2022-06-11,"quantile",0.7,539.539792183363
2022-05-21,"36","21  day ahead inc hosp",2022-06-11,"quantile",0.75,578.292088345524
2022-05-21,"36","21  day ahead inc hosp",2022-06-11,"quantile",0.8,621.444607808196
2022-05-21,"36","21  day ahead inc hosp",2022-06-11,"quantile",0.85,671.744139530691
2022-05-21,"36","21  day ahead inc hosp",2022-06-11,"quantile",0.9,735.032435960384
2022-05-21,"36","21  day ahead inc hosp",2022-06-11,"quantile",0.95,828.835224991706
2022-05-21,"36","21  day ahead inc hosp",2022-06-11,"quantile",0.975,910.195155293238
2022-05-21,"36","21  day ahead inc hosp",2022-06-11,"quantile",0.99,1004.79365704197
2022-05-21,"36","22  day ahead inc hosp",2022-06-12,"quantile",0.01,0
2022-05-21,"36","22  day ahead inc hosp",2022-06-12,"quantile",0.025,0
2022-05-21,"36","22  day ahead inc hosp",2022-06-12,"quantile",0.05,0
2022-05-21,"36","22  day ahead inc hosp",2022-06-12,"quantile",0.1,57.5274670305944
2022-05-21,"36","22  day ahead inc hosp",2022-06-12,"quantile",0.15,123.739527347861
2022-05-21,"36","22  day ahead inc hosp",2022-06-12,"quantile",0.2,176.362773922998
2022-05-21,"36","22  day ahead inc hosp",2022-06-12,"quantile",0.25,221.508833821743
2022-05-21,"36","22  day ahead inc hosp",2022-06-12,"quantile",0.3,262.051390908455
2022-05-21,"36","22  day ahead inc hosp",2022-06-12,"quantile",0.35,299.620112098132
2022-05-21,"36","22  day ahead inc hosp",2022-06-12,"quantile",0.4,335.26915465388
2022-05-21,"36","22  day ahead inc hosp",2022-06-12,"quantile",0.45,369.760015889575
2022-05-21,"36","22  day ahead inc hosp",2022-06-12,"quantile",0.5,403.704037551161
2022-05-21,"36","22  day ahead inc hosp",2022-06-12,"quantile",0.55,437.648059212747
2022-05-21,"36","22  day ahead inc hosp",2022-06-12,"quantile",0.6,472.138920448442
2022-05-21,"36","22  day ahead inc hosp",2022-06-12,"quantile",0.65,507.78796300419
2022-05-21,"36","22  day ahead inc hosp",2022-06-12,"quantile",0.7,545.356684193867
2022-05-21,"36","22  day ahead inc hosp",2022-06-12,"quantile",0.75,585.899241280579
2022-05-21,"36","22  day ahead inc hosp",2022-06-12,"quantile",0.8,631.045301179324
2022-05-21,"36","22  day ahead inc hosp",2022-06-12,"quantile",0.85,683.668547754461
2022-05-21,"36","22  day ahead inc hosp",2022-06-12,"quantile",0.9,749.880608071728
2022-05-21,"36","22  day ahead inc hosp",2022-06-12,"quantile",0.95,848.016855619003
2022-05-21,"36","22  day ahead inc hosp",2022-06-12,"quantile",0.975,933.135414917215
2022-05-21,"36","22  day ahead inc hosp",2022-06-12,"quantile",0.99,1032.10413515554
2022-05-21,"36","23  day ahead inc hosp",2022-06-13,"quantile",0.01,0
2022-05-21,"36","23  day ahead inc hosp",2022-06-13,"quantile",0.025,0
2022-05-21,"36","23  day ahead inc hosp",2022-06-13,"quantile",0.05,0
2022-05-21,"36","23  day ahead inc hosp",2022-06-13,"quantile",0.1,60.7029679255821
2022-05-21,"36","23  day ahead inc hosp",2022-06-13,"quantile",0.15,129.570039147067
2022-05-21,"36","23  day ahead inc hosp",2022-06-13,"quantile",0.2,184.303404223318
2022-05-21,"36","23  day ahead inc hosp",2022-06-13,"quantile",0.25,231.259757907505
2022-05-21,"36","23  day ahead inc hosp",2022-06-13,"quantile",0.3,273.428014763025
2022-05-21,"36","23  day ahead inc hosp",2022-06-13,"quantile",0.35,312.503189066201
2022-05-21,"36","23  day ahead inc hosp",2022-06-13,"quantile",0.4,349.581708310288
2022-05-21,"36","23  day ahead inc hosp",2022-06-13,"quantile",0.45,385.455604785151
2022-05-21,"36","23  day ahead inc hosp",2022-06-13,"quantile",0.5,420.760734184703
2022-05-21,"36","23  day ahead inc hosp",2022-06-13,"quantile",0.55,456.065863584255
2022-05-21,"36","23  day ahead inc hosp",2022-06-13,"quantile",0.6,491.939760059117
2022-05-21,"36","23  day ahead inc hosp",2022-06-13,"quantile",0.65,529.018279303204
2022-05-21,"36","23  day ahead inc hosp",2022-06-13,"quantile",0.7,568.09345360638
2022-05-21,"36","23  day ahead inc hosp",2022-06-13,"quantile",0.75,610.261710461901
2022-05-21,"36","23  day ahead inc hosp",2022-06-13,"quantile",0.8,657.218064146087
2022-05-21,"36","23  day ahead inc hosp",2022-06-13,"quantile",0.85,711.951429222339
2022-05-21,"36","23  day ahead inc hosp",2022-06-13,"quantile",0.9,780.818500443823
2022-05-21,"36","23  day ahead inc hosp",2022-06-13,"quantile",0.95,882.889874100882
2022-05-21,"36","23  day ahead inc hosp",2022-06-13,"quantile",0.975,971.421568438318
2022-05-21,"36","23  day ahead inc hosp",2022-06-13,"quantile",0.99,1074.35879577565
2022-05-21,"36","24  day ahead inc hosp",2022-06-14,"quantile",0.01,0
2022-05-21,"36","24  day ahead inc hosp",2022-06-14,"quantile",0.025,0
2022-05-21,"36","24  day ahead inc hosp",2022-06-14,"quantile",0.05,0
2022-05-21,"36","24  day ahead inc hosp",2022-06-14,"quantile",0.1,61.6652506913166
2022-05-21,"36","24  day ahead inc hosp",2022-06-14,"quantile",0.15,133.101320906282
2022-05-21,"36","24  day ahead inc hosp",2022-06-14,"quantile",0.2,189.876444943627
2022-05-21,"36","24  day ahead inc hosp",2022-06-14,"quantile",0.25,238.584446014767
2022-05-21,"36","24  day ahead inc hosp",2022-06-14,"quantile",0.3,282.325736360709
2022-05-21,"36","24  day ahead inc hosp",2022-06-14,"quantile",0.35,322.858560621615
2022-05-21,"36","24  day ahead inc hosp",2022-06-14,"quantile",0.4,361.320247131687
2022-05-21,"36","24  day ahead inc hosp",2022-06-14,"quantile",0.45,398.532373943655
2022-05-21,"36","24  day ahead inc hosp",2022-06-14,"quantile",0.5,435.154516543906
2022-05-21,"36","24  day ahead inc hosp",2022-06-14,"quantile",0.55,471.776659144157
2022-05-21,"36","24  day ahead inc hosp",2022-06-14,"quantile",0.6,508.988785956124
2022-05-21,"36","24  day ahead inc hosp",2022-06-14,"quantile",0.65,547.450472466197
2022-05-21,"36","24  day ahead inc hosp",2022-06-14,"quantile",0.7,587.983296727102
2022-05-21,"36","24  day ahead inc hosp",2022-06-14,"quantile",0.75,631.724587073045
2022-05-21,"36","24  day ahead inc hosp",2022-06-14,"quantile",0.8,680.432588144184
2022-05-21,"36","24  day ahead inc hosp",2022-06-14,"quantile",0.85,737.207712181529
2022-05-21,"36","24  day ahead inc hosp",2022-06-14,"quantile",0.9,808.643782396495
2022-05-21,"36","24  day ahead inc hosp",2022-06-14,"quantile",0.95,914.522799554827
2022-05-21,"36","24  day ahead inc hosp",2022-06-14,"quantile",0.975,1006.35705678059
2022-05-21,"36","24  day ahead inc hosp",2022-06-14,"quantile",0.99,1113.13422719567
2022-05-21,"36","25  day ahead inc hosp",2022-06-15,"quantile",0.01,0
2022-05-21,"36","25  day ahead inc hosp",2022-06-15,"quantile",0.025,0
2022-05-21,"36","25  day ahead inc hosp",2022-06-15,"quantile",0.05,0
2022-05-21,"36","25  day ahead inc hosp",2022-06-15,"quantile",0.1,45.7393609597115
2022-05-21,"36","25  day ahead inc hosp",2022-06-15,"quantile",0.15,119.654082807012
2022-05-21,"36","25  day ahead inc hosp",2022-06-15,"quantile",0.2,178.39916058688
2022-05-21,"36","25  day ahead inc hosp",2022-06-15,"quantile",0.25,228.797206561098
2022-05-21,"36","25  day ahead inc hosp",2022-06-15,"quantile",0.3,274.056209463038
2022-05-21,"36","25  day ahead inc hosp",2022-06-15,"quantile",0.35,315.995420591462
2022-05-21,"36","25  day ahead inc hosp",2022-06-15,"quantile",0.4,355.791630707938
2022-05-21,"36","25  day ahead inc hosp",2022-06-15,"quantile",0.45,394.294924553416
2022-05-21,"36","25  day ahead inc hosp",2022-06-15,"quantile",0.5,432.18776322167
2022-05-21,"36","25  day ahead inc hosp",2022-06-15,"quantile",0.55,470.080601889923
2022-05-21,"36","25  day ahead inc hosp",2022-06-15,"quantile",0.6,508.583895735401
2022-05-21,"36","25  day ahead inc hosp",2022-06-15,"quantile",0.65,548.380105851877
2022-05-21,"36","25  day ahead inc hosp",2022-06-15,"quantile",0.7,590.319316980301
2022-05-21,"36","25  day ahead inc hosp",2022-06-15,"quantile",0.75,635.578319882241
2022-05-21,"36","25  day ahead inc hosp",2022-06-15,"quantile",0.8,685.976365856459
2022-05-21,"36","25  day ahead inc hosp",2022-06-15,"quantile",0.85,744.721443636328
2022-05-21,"36","25  day ahead inc hosp",2022-06-15,"quantile",0.9,818.636165483628
2022-05-21,"36","25  day ahead inc hosp",2022-06-15,"quantile",0.95,928.188917744126
2022-05-21,"36","25  day ahead inc hosp",2022-06-15,"quantile",0.975,1023.20959229229
2022-05-21,"36","25  day ahead inc hosp",2022-06-15,"quantile",0.99,1133.69166146438
2022-05-21,"36","26  day ahead inc hosp",2022-06-16,"quantile",0.01,0
2022-05-21,"36","26  day ahead inc hosp",2022-06-16,"quantile",0.025,0
2022-05-21,"36","26  day ahead inc hosp",2022-06-16,"quantile",0.05,0
2022-05-21,"36","26  day ahead inc hosp",2022-06-16,"quantile",0.1,39.4834407267812
2022-05-21,"36","26  day ahead inc hosp",2022-06-16,"quantile",0.15,115.796448195846
2022-05-21,"36","26  day ahead inc hosp",2022-06-16,"quantile",0.2,176.447607360692
2022-05-21,"36","26  day ahead inc hosp",2022-06-16,"quantile",0.25,228.480901442516
2022-05-21,"36","26  day ahead inc hosp",2022-06-16,"quantile",0.3,275.208407684554
2022-05-21,"36","26  day ahead inc hosp",2022-06-16,"quantile",0.35,318.508406008325
2022-05-21,"36","26  day ahead inc hosp",2022-06-16,"quantile",0.4,359.595870101515
2022-05-21,"36","26  day ahead inc hosp",2022-06-16,"quantile",0.45,399.348467113025
2022-05-21,"36","26  day ahead inc hosp",2022-06-16,"quantile",0.5,438.470801717605
2022-05-21,"36","26  day ahead inc hosp",2022-06-16,"quantile",0.55,477.593136322184
2022-05-21,"36","26  day ahead inc hosp",2022-06-16,"quantile",0.6,517.345733333694
2022-05-21,"36","26  day ahead inc hosp",2022-06-16,"quantile",0.65,558.433197426885
2022-05-21,"36","26  day ahead inc hosp",2022-06-16,"quantile",0.7,601.733195750656
2022-05-21,"36","26  day ahead inc hosp",2022-06-16,"quantile",0.75,648.460701992694
2022-05-21,"36","26  day ahead inc hosp",2022-06-16,"quantile",0.8,700.493996074517
2022-05-21,"36","26  day ahead inc hosp",2022-06-16,"quantile",0.85,761.145155239363
2022-05-21,"36","26  day ahead inc hosp",2022-06-16,"quantile",0.9,837.458162708428
2022-05-21,"36","26  day ahead inc hosp",2022-06-16,"quantile",0.95,950.565535537125
2022-05-21,"36","26  day ahead inc hosp",2022-06-16,"quantile",0.975,1048.66931331349
2022-05-21,"36","26  day ahead inc hosp",2022-06-16,"quantile",0.99,1162.73615628079
2022-05-21,"36","27  day ahead inc hosp",2022-06-17,"quantile",0.01,0
2022-05-21,"36","27  day ahead inc hosp",2022-06-17,"quantile",0.025,0
2022-05-21,"36","27  day ahead inc hosp",2022-06-17,"quantile",0.05,0
2022-05-21,"36","27  day ahead inc hosp",2022-06-17,"quantile",0.1,26.2402046783096
2022-05-21,"36","27  day ahead inc hosp",2022-06-17,"quantile",0.15,104.878380781945
2022-05-21,"36","27  day ahead inc hosp",2022-06-17,"quantile",0.2,167.377510268201
2022-05-21,"36","27  day ahead inc hosp",2022-06-17,"quantile",0.25,220.996198339398
2022-05-21,"36","27  day ahead inc hosp",2022-06-17,"quantile",0.3,269.147437382553
2022-05-21,"36","27  day ahead inc hosp",2022-06-17,"quantile",0.35,313.766736325163
2022-05-21,"36","27  day ahead inc hosp",2022-06-17,"quantile",0.4,356.106087690942
2022-05-21,"36","27  day ahead inc hosp",2022-06-17,"quantile",0.45,397.069900126655
2022-05-21,"36","27  day ahead inc hosp",2022-06-17,"quantile",0.5,437.384246792489
2022-05-21,"36","27  day ahead inc hosp",2022-06-17,"quantile",0.55,477.698593458323
2022-05-21,"36","27  day ahead inc hosp",2022-06-17,"quantile",0.6,518.662405894036
2022-05-21,"36","27  day ahead inc hosp",2022-06-17,"quantile",0.65,561.001757259816
2022-05-21,"36","27  day ahead inc hosp",2022-06-17,"quantile",0.7,605.621056202425
2022-05-21,"36","27  day ahead inc hosp",2022-06-17,"quantile",0.75,653.772295245581
2022-05-21,"36","27  day ahead inc hosp",2022-06-17,"quantile",0.8,707.390983316777
2022-05-21,"36","27  day ahead inc hosp",2022-06-17,"quantile",0.85,769.890112803034
2022-05-21,"36","27  day ahead inc hosp",2022-06-17,"quantile",0.9,848.528288906669
2022-05-21,"36","27  day ahead inc hosp",2022-06-17,"quantile",0.95,965.08191191423
2022-05-21,"36","27  day ahead inc hosp",2022-06-17,"quantile",0.975,1066.17479776776
2022-05-21,"36","27  day ahead inc hosp",2022-06-17,"quantile",0.99,1183.7171248538
2022-05-21,"36","28  day ahead inc hosp",2022-06-18,"quantile",0.01,0
2022-05-21,"36","28  day ahead inc hosp",2022-06-18,"quantile",0.025,0
2022-05-21,"36","28  day ahead inc hosp",2022-06-18,"quantile",0.05,0
2022-05-21,"36","28  day ahead inc hosp",2022-06-18,"quantile",0.1,3.37585662332935
2022-05-21,"36","28  day ahead inc hosp",2022-06-18,"quantile",0.15,84.2723985641784
2022-05-21,"36","28  day ahead inc hosp",2022-06-18,"quantile",0.2,148.566405626198
2022-05-21,"36","28  day ahead inc hosp",2022-06-18,"quantile",0.25,203.724938838471
2022-05-21,"36","28  day ahead inc hosp",2022-06-18,"quantile",0.3,253.259006409227
2022-05-21,"36","28  day ahead inc hosp",2022-06-18,"quantile",0.35,299.159702065305
2022-05-21,"36","28  day ahead inc hosp",2022-06-18,"quantile",0.4,342.71497360411
2022-05-21,"36","28  day ahead inc hosp",2022-06-18,"quantile",0.45,384.855202878953
2022-05-21,"36","28  day ahead inc hosp",2022-06-18,"quantile",0.5,426.327314739389
2022-05-21,"36","28  day ahead inc hosp",2022-06-18,"quantile",0.55,467.799426599824
2022-05-21,"36","28  day ahead inc hosp",2022-06-18,"quantile",0.6,509.939655874668
2022-05-21,"36","28  day ahead inc hosp",2022-06-18,"quantile",0.65,553.494927413472
2022-05-21,"36","28  day ahead inc hosp",2022-06-18,"quantile",0.7,599.395623069551
2022-05-21,"36","28  day ahead inc hosp",2022-06-18,"quantile",0.75,648.929690640307
2022-05-21,"36","28  day ahead inc hosp",2022-06-18,"quantile",0.8,704.088223852579
2022-05-21,"36","28  day ahead inc hosp",2022-06-18,"quantile",0.85,768.382230914599
2022-05-21,"36","28  day ahead inc hosp",2022-06-18,"quantile",0.9,849.278772855448
2022-05-21,"36","28  day ahead inc hosp",2022-06-18,"quantile",0.95,969.179634233045
2022-05-21,"36","28  day ahead inc hosp",2022-06-18,"quantile",0.975,1073.17575018561
2022-05-21,"36","28  day ahead inc hosp",2022-06-18,"quantile",0.99,1194.09370968163
2022-05-21,"36","29  day ahead inc hosp",2022-06-19,"quantile",0.01,0
2022-05-21,"36","29  day ahead inc hosp",2022-06-19,"quantile",0.025,0
2022-05-21,"36","29  day ahead inc hosp",2022-06-19,"quantile",0.05,0
2022-05-21,"36","29  day ahead inc hosp",2022-06-19,"quantile",0.1,0
2022-05-21,"36","29  day ahead inc hosp",2022-06-19,"quantile",0.15,58.6132263583352
2022-05-21,"36","29  day ahead inc hosp",2022-06-19,"quantile",0.2,124.653346697624
2022-05-21,"36","29  day ahead inc hosp",2022-06-19,"quantile",0.25,181.309889624919
2022-05-21,"36","29  day ahead inc hosp",2022-06-19,"quantile",0.3,232.189216217702
2022-05-21,"36","29  day ahead inc hosp",2022-06-19,"quantile",0.35,279.336494841361
2022-05-21,"36","29  day ahead inc hosp",2022-06-19,"quantile",0.4,324.074651712784
2022-05-21,"36","29  day ahead inc hosp",2022-06-19,"quantile",0.45,367.359336236357
2022-05-21,"36","29  day ahead inc hosp",2022-06-19,"quantile",0.5,409.957758439933
2022-05-21,"36","29  day ahead inc hosp",2022-06-19,"quantile",0.55,452.556180643509
2022-05-21,"36","29  day ahead inc hosp",2022-06-19,"quantile",0.6,495.840865167082
2022-05-21,"36","29  day ahead inc hosp",2022-06-19,"quantile",0.65,540.579022038505
2022-05-21,"36","29  day ahead inc hosp",2022-06-19,"quantile",0.7,587.726300662164
2022-05-21,"36","29  day ahead inc hosp",2022-06-19,"quantile",0.75,638.605627254947
2022-05-21,"36","29  day ahead inc hosp",2022-06-19,"quantile",0.8,695.262170182242
2022-05-21,"36","29  day ahead inc hosp",2022-06-19,"quantile",0.85,761.302290521531
2022-05-21,"36","29  day ahead inc hosp",2022-06-19,"quantile",0.9,844.395841677124
2022-05-21,"36","29  day ahead inc hosp",2022-06-19,"quantile",0.95,967.553001667522
2022-05-21,"36","29  day ahead inc hosp",2022-06-19,"quantile",0.975,1074.37347104192
2022-05-21,"36","29  day ahead inc hosp",2022-06-19,"quantile",0.99,1198.57535176458
2022-05-21,"36","30  day ahead inc hosp",2022-06-20,"quantile",0.01,0
2022-05-21,"36","30  day ahead inc hosp",2022-06-20,"quantile",0.025,0
2022-05-21,"36","30  day ahead inc hosp",2022-06-20,"quantile",0.05,0
2022-05-21,"36","30  day ahead inc hosp",2022-06-20,"quantile",0.1,0
2022-05-21,"36","30  day ahead inc hosp",2022-06-20,"quantile",0.15,63.648778648794
2022-05-21,"36","30  day ahead inc hosp",2022-06-20,"quantile",0.2,131.390019008142
2022-05-21,"36","30  day ahead inc hosp",2022-06-20,"quantile",0.25,189.505971442048
2022-05-21,"36","30  day ahead inc hosp",2022-06-20,"quantile",0.3,241.695892876716
2022-05-21,"36","30  day ahead inc hosp",2022-06-20,"quantile",0.35,290.057632939056
2022-05-21,"36","30  day ahead inc hosp",2022-06-20,"quantile",0.4,335.948194953346
2022-05-21,"36","30  day ahead inc hosp",2022-06-20,"quantile",0.45,380.347844789318
2022-05-21,"36","30  day ahead inc hosp",2022-06-20,"quantile",0.5,424.043554951503
2022-05-21,"36","30  day ahead inc hosp",2022-06-20,"quantile",0.55,467.739265113689
2022-05-21,"36","30  day ahead inc hosp",2022-06-20,"quantile",0.6,512.138914949661
2022-05-21,"36","30  day ahead inc hosp",2022-06-20,"quantile",0.65,558.029476963951
2022-05-21,"36","30  day ahead inc hosp",2022-06-20,"quantile",0.7,606.391217026291
2022-05-21,"36","30  day ahead inc hosp",2022-06-20,"quantile",0.75,658.581138460959
2022-05-21,"36","30  day ahead inc hosp",2022-06-20,"quantile",0.8,716.697090894865
2022-05-21,"36","30  day ahead inc hosp",2022-06-20,"quantile",0.85,784.438331254213
2022-05-21,"36","30  day ahead inc hosp",2022-06-20,"quantile",0.9,869.672279833105
2022-05-21,"36","30  day ahead inc hosp",2022-06-20,"quantile",0.95,996.001831233405
2022-05-21,"36","30  day ahead inc hosp",2022-06-20,"quantile",0.975,1105.57387704454
2022-05-21,"36","30  day ahead inc hosp",2022-06-20,"quantile",0.99,1232.97506002075
2022-05-21,"36","31  day ahead inc hosp",2022-06-21,"quantile",0.01,0
2022-05-21,"36","31  day ahead inc hosp",2022-06-21,"quantile",0.025,0
2022-05-21,"36","31  day ahead inc hosp",2022-06-21,"quantile",0.05,0
2022-05-21,"36","31  day ahead inc hosp",2022-06-21,"quantile",0.1,0
2022-05-21,"36","31  day ahead inc hosp",2022-06-21,"quantile",0.15,52.5777755164529
2022-05-21,"36","31  day ahead inc hosp",2022-06-21,"quantile",0.2,121.978451279431
2022-05-21,"36","31  day ahead inc hosp",2022-06-21,"quantile",0.25,181.518051530722
2022-05-21,"36","31  day ahead inc hosp",2022-06-21,"quantile",0.3,234.986452705086
2022-05-21,"36","31  day ahead inc hosp",2022-06-21,"quantile",0.35,284.532894777825
2022-05-21,"36","31  day ahead inc hosp",2022-06-21,"quantile",0.4,331.547623147721
2022-05-21,"36","31  day ahead inc hosp",2022-06-21,"quantile",0.45,377.034916942613
2022-05-21,"36","31  day ahead inc hosp",2022-06-21,"quantile",0.5,421.801026879666
2022-05-21,"36","31  day ahead inc hosp",2022-06-21,"quantile",0.55,466.567136816718
2022-05-21,"36","31  day ahead inc hosp",2022-06-21,"quantile",0.6,512.054430611611
2022-05-21,"36","31  day ahead inc hosp",2022-06-21,"quantile",0.65,559.069158981506
2022-05-21,"36","31  day ahead inc hosp",2022-06-21,"quantile",0.7,608.615601054246
2022-05-21,"36","31  day ahead inc hosp",2022-06-21,"quantile",0.75,662.08400222861
2022-05-21,"36","31  day ahead inc hosp",2022-06-21,"quantile",0.8,721.623602479901
2022-05-21,"36","31  day ahead inc hosp",2022-06-21,"quantile",0.85,791.024278242879
2022-05-21,"36","31  day ahead inc hosp",2022-06-21,"quantile",0.9,878.346175479231
2022-05-21,"36","31  day ahead inc hosp",2022-06-21,"quantile",0.95,1007.7703813176
2022-05-21,"36","31  day ahead inc hosp",2022-06-21,"quantile",0.975,1120.02657833563
2022-05-21,"36","31  day ahead inc hosp",2022-06-21,"quantile",0.99,1250.54866716437
2022-05-21,"36","32  day ahead inc hosp",2022-06-22,"quantile",0.01,0
2022-05-21,"36","32  day ahead inc hosp",2022-06-22,"quantile",0.025,0
2022-05-21,"36","32  day ahead inc hosp",2022-06-22,"quantile",0.05,0
2022-05-21,"36","32  day ahead inc hosp",2022-06-22,"quantile",0.1,0
2022-05-21,"36","32  day ahead inc hosp",2022-06-22,"quantile",0.15,47.9264293559561
2022-05-21,"36","32  day ahead inc hosp",2022-06-22,"quantile",0.2,118.947777887919
2022-05-21,"36","32  day ahead inc hosp",2022-06-22,"quantile",0.25,179.877771067559
2022-05-21,"36","32  day ahead inc hosp",2022-06-22,"quantile",0.3,234.594788063481
2022-05-21,"36","32  day ahead inc hosp",2022-06-22,"quantile",0.35,285.29825877585
2022-05-21,"36","32  day ahead inc hosp",2022-06-22,"quantile",0.4,333.410894178676
2022-05-21,"36","32  day ahead inc hosp",2022-06-22,"quantile",0.45,379.960425733903
2022-05-21,"36","32  day ahead inc hosp",2022-06-22,"quantile",0.5,425.771932052918
2022-05-21,"36","32  day ahead inc hosp",2022-06-22,"quantile",0.55,471.583438371933
2022-05-21,"36","32  day ahead inc hosp",2022-06-22,"quantile",0.6,518.132969927161
2022-05-21,"36","32  day ahead inc hosp",2022-06-22,"quantile",0.65,566.245605329987
2022-05-21,"36","32  day ahead inc hosp",2022-06-22,"quantile",0.7,616.949076042355
2022-05-21,"36","32  day ahead inc hosp",2022-06-22,"quantile",0.75,671.666093038277
2022-05-21,"36","32  day ahead inc hosp",2022-06-22,"quantile",0.8,732.596086217917
2022-05-21,"36","32  day ahead inc hosp",2022-06-22,"quantile",0.85,803.61743474988
2022-05-21,"36","32  day ahead inc hosp",2022-06-22,"quantile",0.9,892.978508398151
2022-05-21,"36","32  day ahead inc hosp",2022-06-22,"quantile",0.95,1025.42508085966
2022-05-21,"36","32  day ahead inc hosp",2022-06-22,"quantile",0.975,1140.30273018571
2022-05-21,"36","32  day ahead inc hosp",2022-06-22,"quantile",0.99,1273.87282384712
2022-05-21,"36","33  day ahead inc hosp",2022-06-23,"quantile",0.01,0
2022-05-21,"36","33  day ahead inc hosp",2022-06-23,"quantile",0.025,0
2022-05-21,"36","33  day ahead inc hosp",2022-06-23,"quantile",0.05,0
2022-05-21,"36","33  day ahead inc hosp",2022-06-23,"quantile",0.1,0
2022-05-21,"36","33  day ahead inc hosp",2022-06-23,"quantile",0.15,45.7794721571441
2022-05-21,"36","33  day ahead inc hosp",2022-06-23,"quantile",0.2,118.385326592159
2022-05-21,"36","33  day ahead inc hosp",2022-06-23,"quantile",0.25,180.674684749537
2022-05-21,"36","33  day ahead inc hosp",2022-06-23,"quantile",0.3,236.612453508409
2022-05-21,"36","33  day ahead inc hosp",2022-06-23,"quantile",0.35,288.447132657531
2022-05-21,"36","33  day ahead inc hosp",2022-06-23,"quantile",0.4,337.633174245722
2022-05-21,"36","33  day ahead inc hosp",2022-06-23,"quantile",0.45,385.221238707719
2022-05-21,"36","33  day ahead inc hosp",2022-06-23,"quantile",0.5,432.054812386628
2022-05-21,"36","33  day ahead inc hosp",2022-06-23,"quantile",0.55,478.888386065537
2022-05-21,"36","33  day ahead inc hosp",2022-06-23,"quantile",0.6,526.476450527534
2022-05-21,"36","33  day ahead inc hosp",2022-06-23,"quantile",0.65,575.662492115725
2022-05-21,"36","33  day ahead inc hosp",2022-06-23,"quantile",0.7,627.497171264847
2022-05-21,"36","33  day ahead inc hosp",2022-06-23,"quantile",0.75,683.434940023718
2022-05-21,"36","33  day ahead inc hosp",2022-06-23,"quantile",0.8,745.724298181096
2022-05-21,"36","33  day ahead inc hosp",2022-06-23,"quantile",0.85,818.330152616111
2022-05-21,"36","33  day ahead inc hosp",2022-06-23,"quantile",0.9,909.684896500523
2022-05-21,"36","33  day ahead inc hosp",2022-06-23,"quantile",0.95,1045.08638857765
2022-05-21,"36","33  day ahead inc hosp",2022-06-23,"quantile",0.975,1162.52698999132
2022-05-21,"36","33  day ahead inc hosp",2022-06-23,"quantile",0.99,1299.07706933664
2022-05-21,"36","34  day ahead inc hosp",2022-06-24,"quantile",0.01,0
2022-05-21,"36","34  day ahead inc hosp",2022-06-24,"quantile",0.025,0
2022-05-21,"36","34  day ahead inc hosp",2022-06-24,"quantile",0.05,0
2022-05-21,"36","34  day ahead inc hosp",2022-06-24,"quantile",0.1,0
2022-05-21,"36","34  day ahead inc hosp",2022-06-24,"quantile",0.15,35.8651800063456
2022-05-21,"36","34  day ahead inc hosp",2022-06-24,"quantile",0.2,110.021691852431
2022-05-21,"36","34  day ahead inc hosp",2022-06-24,"quantile",0.25,173.641375995355
2022-05-21,"36","34  day ahead inc hosp",2022-06-24,"quantile",0.3,230.773818604698
2022-05-21,"36","34  day ahead inc hosp",2022-06-24,"quantile",0.35,283.715541118278
2022-05-21,"36","34  day ahead inc hosp",2022-06-24,"quantile",0.4,333.952058601333
2022-05-21,"36","34  day ahead inc hosp",2022-06-24,"quantile",0.45,382.556470648669
2022-05-21,"36","34  day ahead inc hosp",2022-06-24,"quantile",0.5,430.390278105932
2022-05-21,"36","34  day ahead inc hosp",2022-06-24,"quantile",0.55,478.224085563194
2022-05-21,"36","34  day ahead inc hosp",2022-06-24,"quantile",0.6,526.82849761053
2022-05-21,"36","34  day ahead inc hosp",2022-06-24,"quantile",0.65,577.065015093585
2022-05-21,"36","34  day ahead inc hosp",2022-06-24,"quantile",0.7,630.006737607165
2022-05-21,"36","34  day ahead inc hosp",2022-06-24,"quantile",0.75,687.139180216509
2022-05-21,"36","34  day ahead inc hosp",2022-06-24,"quantile",0.8,750.758864359432
2022-05-21,"36","34  day ahead inc hosp",2022-06-24,"quantile",0.85,824.915376205518
2022-05-21,"36","34  day ahead inc hosp",2022-06-24,"quantile",0.9,918.221201194107
2022-05-21,"36","34  day ahead inc hosp",2022-06-24,"quantile",0.95,1056.51448937767
2022-05-21,"36","34  day ahead inc hosp",2022-06-24,"quantile",0.975,1176.46329264861
2022-05-21,"36","34  day ahead inc hosp",2022-06-24,"quantile",0.99,1315.92969870294
2022-05-21,"36","35  day ahead inc hosp",2022-06-25,"quantile",0.01,0
2022-05-21,"36","35  day ahead inc hosp",2022-06-25,"quantile",0.025,0
2022-05-21,"36","35  day ahead inc hosp",2022-06-25,"quantile",0.05,0
2022-05-21,"36","35  day ahead inc hosp",2022-06-25,"quantile",0.1,0
2022-05-21,"36","35  day ahead inc hosp",2022-06-25,"quantile",0.15,14.5600215776014
2022-05-21,"36","35  day ahead inc hosp",2022-06-25,"quantile",0.2,90.235423130013
2022-05-21,"36","35  day ahead inc hosp",2022-06-25,"quantile",0.25,155.15817939646
2022-05-21,"36","35  day ahead inc hosp",2022-06-25,"quantile",0.3,213.460821045865
2022-05-21,"36","35  day ahead inc hosp",2022-06-25,"quantile",0.35,267.486907364581
2022-05-21,"36","35  day ahead inc hosp",2022-06-25,"quantile",0.4,318.752380058542
2022-05-21,"36","35  day ahead inc hosp",2022-06-25,"quantile",0.45,368.352318180431
2022-05-21,"36","35  day ahead inc hosp",2022-06-25,"quantile",0.5,417.165868022449
2022-05-21,"36","35  day ahead inc hosp",2022-06-25,"quantile",0.55,465.979417864467
2022-05-21,"36","35  day ahead inc hosp",2022-06-25,"quantile",0.6,515.579355986357
2022-05-21,"36","35  day ahead inc hosp",2022-06-25,"quantile",0.65,566.844828680318
2022-05-21,"36","35  day ahead inc hosp",2022-06-25,"quantile",0.7,620.870914999034
2022-05-21,"36","35  day ahead inc hosp",2022-06-25,"quantile",0.75,679.173556648439
2022-05-21,"36","35  day ahead inc hosp",2022-06-25,"quantile",0.8,744.096312914886
2022-05-21,"36","35  day ahead inc hosp",2022-06-25,"quantile",0.85,819.771714467297
2022-05-21,"36","35  day ahead inc hosp",2022-06-25,"quantile",0.9,914.988649533577
2022-05-21,"36","35  day ahead inc hosp",2022-06-25,"quantile",0.95,1056.1144907411
2022-05-21,"36","35  day ahead inc hosp",2022-06-25,"quantile",0.975,1178.52011133043
2022-05-21,"36","35  day ahead inc hosp",2022-06-25,"quantile",0.99,1320.84309846254
2022-05-21,"36","36  day ahead inc hosp",2022-06-26,"quantile",0.01,0
2022-05-21,"36","36  day ahead inc hosp",2022-06-26,"quantile",0.025,0
2022-05-21,"36","36  day ahead inc hosp",2022-06-26,"quantile",0.05,0
2022-05-21,"36","36  day ahead inc hosp",2022-06-26,"quantile",0.1,0
2022-05-21,"36","36  day ahead inc hosp",2022-06-26,"quantile",0.15,8.70167905922625
2022-05-21,"36","36  day ahead inc hosp",2022-06-26,"quantile",0.2,85.8660785648197
2022-05-21,"36","36  day ahead inc hosp",2022-06-26,"quantile",0.25,152.066262492205
2022-05-21,"36","36  day ahead inc hosp",2022-06-26,"quantile",0.3,211.516073661694
2022-05-21,"36","36  day ahead inc hosp",2022-06-26,"quantile",0.35,266.605183503202
2022-05-21,"36","36  day ahead inc hosp",2022-06-26,"quantile",0.4,318.879361566997
2022-05-21,"36","36  day ahead inc hosp",2022-06-26,"quantile",0.45,369.455233807852
2022-05-21,"36","36  day ahead inc hosp",2022-06-26,"quantile",0.5,419.229244702091
2022-05-21,"36","36  day ahead inc hosp",2022-06-26,"quantile",0.55,469.003255596331
2022-05-21,"36","36  day ahead inc hosp",2022-06-26,"quantile",0.6,519.579127837186
2022-05-21,"36","36  day ahead inc hosp",2022-06-26,"quantile",0.65,571.853305900981
2022-05-21,"36","36  day ahead inc hosp",2022-06-26,"quantile",0.7,626.942415742489
2022-05-21,"36","36  day ahead inc hosp",2022-06-26,"quantile",0.75,686.392226911978
2022-05-21,"36","36  day ahead inc hosp",2022-06-26,"quantile",0.8,752.592410839363
2022-05-21,"36","36  day ahead inc hosp",2022-06-26,"quantile",0.85,829.756810344957
2022-05-21,"36","36  day ahead inc hosp",2022-06-26,"quantile",0.9,926.847244837913
2022-05-21,"36","36  day ahead inc hosp",2022-06-26,"quantile",0.95,1070.74989441894
2022-05-21,"36","36  day ahead inc hosp",2022-06-26,"quantile",0.975,1195.5639821558
2022-05-21,"36","36  day ahead inc hosp",2022-06-26,"quantile",0.99,1340.68733284309
2022-05-21,"36","37  day ahead inc hosp",2022-06-27,"quantile",0.01,0
2022-05-21,"36","37  day ahead inc hosp",2022-06-27,"quantile",0.025,0
2022-05-21,"36","37  day ahead inc hosp",2022-06-27,"quantile",0.05,0
2022-05-21,"36","37  day ahead inc hosp",2022-06-27,"quantile",0.1,0
2022-05-21,"36","37  day ahead inc hosp",2022-06-27,"quantile",0.15,8.94681557041713
2022-05-21,"36","37  day ahead inc hosp",2022-06-27,"quantile",0.2,87.572019557427
2022-05-21,"36","37  day ahead inc hosp",2022-06-27,"quantile",0.25,155.02544365737
2022-05-21,"36","37  day ahead inc hosp",2022-06-27,"quantile",0.3,215.600703234832
2022-05-21,"36","37  day ahead inc hosp",2022-06-27,"quantile",0.35,271.732708751669
2022-05-21,"36","37  day ahead inc hosp",2022-06-27,"quantile",0.4,324.99649282636
2022-05-21,"36","37  day ahead inc hosp",2022-06-27,"quantile",0.45,376.529820335375
2022-05-21,"36","37  day ahead inc hosp",2022-06-27,"quantile",0.5,427.246106406227
2022-05-21,"36","37  day ahead inc hosp",2022-06-27,"quantile",0.55,477.96239247708
2022-05-21,"36","37  day ahead inc hosp",2022-06-27,"quantile",0.6,529.495719986094
2022-05-21,"36","37  day ahead inc hosp",2022-06-27,"quantile",0.65,582.759504060785
2022-05-21,"36","37  day ahead inc hosp",2022-06-27,"quantile",0.7,638.891509577622
2022-05-21,"36","37  day ahead inc hosp",2022-06-27,"quantile",0.75,699.466769155084
2022-05-21,"36","37  day ahead inc hosp",2022-06-27,"quantile",0.8,766.920193255027
2022-05-21,"36","37  day ahead inc hosp",2022-06-27,"quantile",0.85,845.545397242037
2022-05-21,"36","37  day ahead inc hosp",2022-06-27,"quantile",0.9,944.473857336419
2022-05-21,"36","37  day ahead inc hosp",2022-06-27,"quantile",0.95,1091.10073773816
2022-05-21,"36","37  day ahead inc hosp",2022-06-27,"quantile",0.975,1218.27768943662
2022-05-21,"36","37  day ahead inc hosp",2022-06-27,"quantile",0.99,1366.14838012008
2022-05-21,"37","1  day ahead inc hosp",2022-05-22,"quantile",0.01,18.2818122361816
2022-05-21,"37","1  day ahead inc hosp",2022-05-22,"quantile",0.025,33.7803185454892
2022-05-21,"37","1  day ahead inc hosp",2022-05-22,"quantile",0.05,47.1098889910377
2022-05-21,"37","1  day ahead inc hosp",2022-05-22,"quantile",0.1,62.4780300372251
2022-05-21,"37","1  day ahead inc hosp",2022-05-22,"quantile",0.15,72.8468418406744
2022-05-21,"37","1  day ahead inc hosp",2022-05-22,"quantile",0.2,81.0876447640328
2022-05-21,"37","1  day ahead inc hosp",2022-05-22,"quantile",0.25,88.1575198972684
2022-05-21,"37","1  day ahead inc hosp",2022-05-22,"quantile",0.3,94.5064862705908
2022-05-21,"37","1  day ahead inc hosp",2022-05-22,"quantile",0.35,100.38974980061
2022-05-21,"37","1  day ahead inc hosp",2022-05-22,"quantile",0.4,105.972391565004
2022-05-21,"37","1  day ahead inc hosp",2022-05-22,"quantile",0.45,111.373662079441
2022-05-21,"37","1  day ahead inc hosp",2022-05-22,"quantile",0.5,116.689297490494
2022-05-21,"37","1  day ahead inc hosp",2022-05-22,"quantile",0.55,122.004932901546
2022-05-21,"37","1  day ahead inc hosp",2022-05-22,"quantile",0.6,127.406203415983
2022-05-21,"37","1  day ahead inc hosp",2022-05-22,"quantile",0.65,132.988845180377
2022-05-21,"37","1  day ahead inc hosp",2022-05-22,"quantile",0.7,138.872108710396
2022-05-21,"37","1  day ahead inc hosp",2022-05-22,"quantile",0.75,145.221075083719
2022-05-21,"37","1  day ahead inc hosp",2022-05-22,"quantile",0.8,152.290950216954
2022-05-21,"37","1  day ahead inc hosp",2022-05-22,"quantile",0.85,160.531753140313
2022-05-21,"37","1  day ahead inc hosp",2022-05-22,"quantile",0.9,170.900564943762
2022-05-21,"37","1  day ahead inc hosp",2022-05-22,"quantile",0.95,186.26870598995
2022-05-21,"37","1  day ahead inc hosp",2022-05-22,"quantile",0.975,199.598276435498
2022-05-21,"37","1  day ahead inc hosp",2022-05-22,"quantile",0.99,215.096782744806
2022-05-21,"37","2  day ahead inc hosp",2022-05-23,"quantile",0.01,3.21035311444598
2022-05-21,"37","2  day ahead inc hosp",2022-05-23,"quantile",0.025,22.0340708915976
2022-05-21,"37","2  day ahead inc hosp",2022-05-23,"quantile",0.05,38.2235066443179
2022-05-21,"37","2  day ahead inc hosp",2022-05-23,"quantile",0.1,56.8888892327781
2022-05-21,"37","2  day ahead inc hosp",2022-05-23,"quantile",0.15,69.4823342511097
2022-05-21,"37","2  day ahead inc hosp",2022-05-23,"quantile",0.2,79.4912051313484
2022-05-21,"37","2  day ahead inc hosp",2022-05-23,"quantile",0.25,88.0779251398313
2022-05-21,"37","2  day ahead inc hosp",2022-05-23,"quantile",0.3,95.7890650911874
2022-05-21,"37","2  day ahead inc hosp",2022-05-23,"quantile",0.35,102.9345854457
2022-05-21,"37","2  day ahead inc hosp",2022-05-23,"quantile",0.4,109.714985500173
2022-05-21,"37","2  day ahead inc hosp",2022-05-23,"quantile",0.45,116.275101021806
2022-05-21,"37","2  day ahead inc hosp",2022-05-23,"quantile",0.5,122.731208390282
2022-05-21,"37","2  day ahead inc hosp",2022-05-23,"quantile",0.55,129.187315758757
2022-05-21,"37","2  day ahead inc hosp",2022-05-23,"quantile",0.6,135.74743128039
2022-05-21,"37","2  day ahead inc hosp",2022-05-23,"quantile",0.65,142.527831334864
2022-05-21,"37","2  day ahead inc hosp",2022-05-23,"quantile",0.7,149.673351689376
2022-05-21,"37","2  day ahead inc hosp",2022-05-23,"quantile",0.75,157.384491640732
2022-05-21,"37","2  day ahead inc hosp",2022-05-23,"quantile",0.8,165.971211649215
2022-05-21,"37","2  day ahead inc hosp",2022-05-23,"quantile",0.85,175.980082529454
2022-05-21,"37","2  day ahead inc hosp",2022-05-23,"quantile",0.9,188.573527547785
2022-05-21,"37","2  day ahead inc hosp",2022-05-23,"quantile",0.95,207.238910136245
2022-05-21,"37","2  day ahead inc hosp",2022-05-23,"quantile",0.975,223.428345888966
2022-05-21,"37","2  day ahead inc hosp",2022-05-23,"quantile",0.99,242.252063666117
2022-05-21,"37","3  day ahead inc hosp",2022-05-24,"quantile",0.01,0
2022-05-21,"37","3  day ahead inc hosp",2022-05-24,"quantile",0.025,14.3152675109346
2022-05-21,"37","3  day ahead inc hosp",2022-05-24,"quantile",0.05,31.7057109657463
2022-05-21,"37","3  day ahead inc hosp",2022-05-24,"quantile",0.1,51.7557785175139
2022-05-21,"37","3  day ahead inc hosp",2022-05-24,"quantile",0.15,65.2834639067823
2022-05-21,"37","3  day ahead inc hosp",2022-05-24,"quantile",0.2,76.0348394178191
2022-05-21,"37","3  day ahead inc hosp",2022-05-24,"quantile",0.25,85.2585622856609
2022-05-21,"37","3  day ahead inc hosp",2022-05-24,"quantile",0.3,93.5417504921223
2022-05-21,"37","3  day ahead inc hosp",2022-05-24,"quantile",0.35,101.217358807222
2022-05-21,"37","3  day ahead inc hosp",2022-05-24,"quantile",0.4,108.500760498878
2022-05-21,"37","3  day ahead inc hosp",2022-05-24,"quantile",0.45,115.547535925676
2022-05-21,"37","3  day ahead inc hosp",2022-05-24,"quantile",0.5,122.482587390382
2022-05-21,"37","3  day ahead inc hosp",2022-05-24,"quantile",0.55,129.417638855088
2022-05-21,"37","3  day ahead inc hosp",2022-05-24,"quantile",0.6,136.464414281886
2022-05-21,"37","3  day ahead inc hosp",2022-05-24,"quantile",0.65,143.747815973542
2022-05-21,"37","3  day ahead inc hosp",2022-05-24,"quantile",0.7,151.423424288642
2022-05-21,"37","3  day ahead inc hosp",2022-05-24,"quantile",0.75,159.706612495103
2022-05-21,"37","3  day ahead inc hosp",2022-05-24,"quantile",0.8,168.930335362945
2022-05-21,"37","3  day ahead inc hosp",2022-05-24,"quantile",0.85,179.681710873982
2022-05-21,"37","3  day ahead inc hosp",2022-05-24,"quantile",0.9,193.20939626325
2022-05-21,"37","3  day ahead inc hosp",2022-05-24,"quantile",0.95,213.259463815018
2022-05-21,"37","3  day ahead inc hosp",2022-05-24,"quantile",0.975,230.649907269829
2022-05-21,"37","3  day ahead inc hosp",2022-05-24,"quantile",0.99,250.870056051598
2022-05-21,"37","4  day ahead inc hosp",2022-05-25,"quantile",0.01,0
2022-05-21,"37","4  day ahead inc hosp",2022-05-25,"quantile",0.025,7.97669148308022
2022-05-21,"37","4  day ahead inc hosp",2022-05-25,"quantile",0.05,27.0995882913951
2022-05-21,"37","4  day ahead inc hosp",2022-05-25,"quantile",0.1,49.1470636067016
2022-05-21,"37","4  day ahead inc hosp",2022-05-25,"quantile",0.15,64.0223905313152
2022-05-21,"37","4  day ahead inc hosp",2022-05-25,"quantile",0.2,75.8448288135382
2022-05-21,"37","4  day ahead inc hosp",2022-05-25,"quantile",0.25,85.9874281698203
2022-05-21,"37","4  day ahead inc hosp",2022-05-25,"quantile",0.3,95.0957958619728
2022-05-21,"37","4  day ahead inc hosp",2022-05-25,"quantile",0.35,103.536055946892
2022-05-21,"37","4  day ahead inc hosp",2022-05-25,"quantile",0.4,111.545037392648
2022-05-21,"37","4  day ahead inc hosp",2022-05-25,"quantile",0.45,119.293819628603
2022-05-21,"37","4  day ahead inc hosp",2022-05-25,"quantile",0.5,126.919747849728
2022-05-21,"37","4  day ahead inc hosp",2022-05-25,"quantile",0.55,134.545676070852
2022-05-21,"37","4  day ahead inc hosp",2022-05-25,"quantile",0.6,142.294458306808
2022-05-21,"37","4  day ahead inc hosp",2022-05-25,"quantile",0.65,150.303439752563
2022-05-21,"37","4  day ahead inc hosp",2022-05-25,"quantile",0.7,158.743699837482
2022-05-21,"37","4  day ahead inc hosp",2022-05-25,"quantile",0.75,167.852067529635
2022-05-21,"37","4  day ahead inc hosp",2022-05-25,"quantile",0.8,177.994666885917
2022-05-21,"37","4  day ahead inc hosp",2022-05-25,"quantile",0.85,189.81710516814
2022-05-21,"37","4  day ahead inc hosp",2022-05-25,"quantile",0.9,204.692432092754
2022-05-21,"37","4  day ahead inc hosp",2022-05-25,"quantile",0.95,226.73990740806
2022-05-21,"37","4  day ahead inc hosp",2022-05-25,"quantile",0.975,245.862804216375
2022-05-21,"37","4  day ahead inc hosp",2022-05-25,"quantile",0.99,268.09730442376
2022-05-21,"37","5  day ahead inc hosp",2022-05-26,"quantile",0.01,0
2022-05-21,"37","5  day ahead inc hosp",2022-05-26,"quantile",0.025,1.90458495800496
2022-05-21,"37","5  day ahead inc hosp",2022-05-26,"quantile",0.05,22.149265072695
2022-05-21,"37","5  day ahead inc hosp",2022-05-26,"quantile",0.1,45.4900846968865
2022-05-21,"37","5  day ahead inc hosp",2022-05-26,"quantile",0.15,61.2380248865389
2022-05-21,"37","5  day ahead inc hosp",2022-05-26,"quantile",0.2,73.7539885294113
2022-05-21,"37","5  day ahead inc hosp",2022-05-26,"quantile",0.25,84.4915708924616
2022-05-21,"37","5  day ahead inc hosp",2022-05-26,"quantile",0.3,94.1342517134148
2022-05-21,"37","5  day ahead inc hosp",2022-05-26,"quantile",0.35,103.069632540742
2022-05-21,"37","5  day ahead inc hosp",2022-05-26,"quantile",0.4,111.54843515308
2022-05-21,"37","5  day ahead inc hosp",2022-05-26,"quantile",0.45,119.7517748049
2022-05-21,"37","5  day ahead inc hosp",2022-05-26,"quantile",0.5,127.825053605794
2022-05-21,"37","5  day ahead inc hosp",2022-05-26,"quantile",0.55,135.898332406688
2022-05-21,"37","5  day ahead inc hosp",2022-05-26,"quantile",0.6,144.101672058508
2022-05-21,"37","5  day ahead inc hosp",2022-05-26,"quantile",0.65,152.580474670846
2022-05-21,"37","5  day ahead inc hosp",2022-05-26,"quantile",0.7,161.515855498174
2022-05-21,"37","5  day ahead inc hosp",2022-05-26,"quantile",0.75,171.158536319127
2022-05-21,"37","5  day ahead inc hosp",2022-05-26,"quantile",0.8,181.896118682177
2022-05-21,"37","5  day ahead inc hosp",2022-05-26,"quantile",0.85,194.41208232505
2022-05-21,"37","5  day ahead inc hosp",2022-05-26,"quantile",0.9,210.160022514702
2022-05-21,"37","5  day ahead inc hosp",2022-05-26,"quantile",0.95,233.500842138893
2022-05-21,"37","5  day ahead inc hosp",2022-05-26,"quantile",0.975,253.745522253583
2022-05-21,"37","5  day ahead inc hosp",2022-05-26,"quantile",0.99,277.284337984305
2022-05-21,"37","6  day ahead inc hosp",2022-05-27,"quantile",0.01,0
2022-05-21,"37","6  day ahead inc hosp",2022-05-27,"quantile",0.025,0
2022-05-21,"37","6  day ahead inc hosp",2022-05-27,"quantile",0.05,11.2929120178425
2022-05-21,"37","6  day ahead inc hosp",2022-05-27,"quantile",0.1,36.0871274031645
2022-05-21,"37","6  day ahead inc hosp",2022-05-27,"quantile",0.15,52.8156668128397
2022-05-21,"37","6  day ahead inc hosp",2022-05-27,"quantile",0.2,66.1109796301584
2022-05-21,"37","6  day ahead inc hosp",2022-05-27,"quantile",0.25,77.5171741903172
2022-05-21,"37","6  day ahead inc hosp",2022-05-27,"quantile",0.3,87.7602894286027
2022-05-21,"37","6  day ahead inc hosp",2022-05-27,"quantile",0.35,97.2520622262047
2022-05-21,"37","6  day ahead inc hosp",2022-05-27,"quantile",0.4,106.258826408643
2022-05-21,"37","6  day ahead inc hosp",2022-05-27,"quantile",0.45,114.972974989586
2022-05-21,"37","6  day ahead inc hosp",2022-05-27,"quantile",0.5,123.548964037016
2022-05-21,"37","6  day ahead inc hosp",2022-05-27,"quantile",0.55,132.124953084447
2022-05-21,"37","6  day ahead inc hosp",2022-05-27,"quantile",0.6,140.839101665389
2022-05-21,"37","6  day ahead inc hosp",2022-05-27,"quantile",0.65,149.845865847828
2022-05-21,"37","6  day ahead inc hosp",2022-05-27,"quantile",0.7,159.33763864543
2022-05-21,"37","6  day ahead inc hosp",2022-05-27,"quantile",0.75,169.580753883715
2022-05-21,"37","6  day ahead inc hosp",2022-05-27,"quantile",0.8,180.986948443874
2022-05-21,"37","6  day ahead inc hosp",2022-05-27,"quantile",0.85,194.282261261193
2022-05-21,"37","6  day ahead inc hosp",2022-05-27,"quantile",0.9,211.010800670868
2022-05-21,"37","6  day ahead inc hosp",2022-05-27,"quantile",0.95,235.80501605619
2022-05-21,"37","6  day ahead inc hosp",2022-05-27,"quantile",0.975,257.310300242968
2022-05-21,"37","6  day ahead inc hosp",2022-05-27,"quantile",0.99,282.314840637857
2022-05-21,"37","7  day ahead inc hosp",2022-05-28,"quantile",0.01,0
2022-05-21,"37","7  day ahead inc hosp",2022-05-28,"quantile",0.025,0
2022-05-21,"37","7  day ahead inc hosp",2022-05-28,"quantile",0.05,4.68062775307712
2022-05-21,"37","7  day ahead inc hosp",2022-05-28,"quantile",0.1,30.6195910131124
2022-05-21,"37","7  day ahead inc hosp",2022-05-28,"quantile",0.15,48.120486379154
2022-05-21,"37","7  day ahead inc hosp",2022-05-28,"quantile",0.2,62.0296432264106
2022-05-21,"37","7  day ahead inc hosp",2022-05-28,"quantile",0.25,73.9624613065474
2022-05-21,"37","7  day ahead inc hosp",2022-05-28,"quantile",0.3,84.6785007417571
2022-05-21,"37","7  day ahead inc hosp",2022-05-28,"quantile",0.35,94.6085082876041
2022-05-21,"37","7  day ahead inc hosp",2022-05-28,"quantile",0.4,104.031114391058
2022-05-21,"37","7  day ahead inc hosp",2022-05-28,"quantile",0.45,113.147594843081
2022-05-21,"37","7  day ahead inc hosp",2022-05-28,"quantile",0.5,122.11953694178
2022-05-21,"37","7  day ahead inc hosp",2022-05-28,"quantile",0.55,131.091479040479
2022-05-21,"37","7  day ahead inc hosp",2022-05-28,"quantile",0.6,140.207959492502
2022-05-21,"37","7  day ahead inc hosp",2022-05-28,"quantile",0.65,149.630565595956
2022-05-21,"37","7  day ahead inc hosp",2022-05-28,"quantile",0.7,159.560573141803
2022-05-21,"37","7  day ahead inc hosp",2022-05-28,"quantile",0.75,170.276612577012
2022-05-21,"37","7  day ahead inc hosp",2022-05-28,"quantile",0.8,182.209430657149
2022-05-21,"37","7  day ahead inc hosp",2022-05-28,"quantile",0.85,196.118587504406
2022-05-21,"37","7  day ahead inc hosp",2022-05-28,"quantile",0.9,213.619482870447
2022-05-21,"37","7  day ahead inc hosp",2022-05-28,"quantile",0.95,239.558446130483
2022-05-21,"37","7  day ahead inc hosp",2022-05-28,"quantile",0.975,262.056628377769
2022-05-21,"37","7  day ahead inc hosp",2022-05-28,"quantile",0.99,288.21562734416
2022-05-21,"37","8  day ahead inc hosp",2022-05-29,"quantile",0.01,0
2022-05-21,"37","8  day ahead inc hosp",2022-05-29,"quantile",0.025,0
2022-05-21,"37","8  day ahead inc hosp",2022-05-29,"quantile",0.05,15.4738915212788
2022-05-21,"37","8  day ahead inc hosp",2022-05-29,"quantile",0.1,42.5697378448942
2022-05-21,"37","8  day ahead inc hosp",2022-05-29,"quantile",0.15,60.8511767216186
2022-05-21,"37","8  day ahead inc hosp",2022-05-29,"quantile",0.2,75.3806848074331
2022-05-21,"37","8  day ahead inc hosp",2022-05-29,"quantile",0.25,87.8457090131309
2022-05-21,"37","8  day ahead inc hosp",2022-05-29,"quantile",0.3,99.0396859976161
2022-05-21,"37","8  day ahead inc hosp",2022-05-29,"quantile",0.35,109.4125739098
2022-05-21,"37","8  day ahead inc hosp",2022-05-29,"quantile",0.4,119.255430171543
2022-05-21,"37","8  day ahead inc hosp",2022-05-29,"quantile",0.45,128.778507515226
2022-05-21,"37","8  day ahead inc hosp",2022-05-29,"quantile",0.5,138.150600065481
2022-05-21,"37","8  day ahead inc hosp",2022-05-29,"quantile",0.55,147.522692615736
2022-05-21,"37","8  day ahead inc hosp",2022-05-29,"quantile",0.6,157.045769959419
2022-05-21,"37","8  day ahead inc hosp",2022-05-29,"quantile",0.65,166.888626221161
2022-05-21,"37","8  day ahead inc hosp",2022-05-29,"quantile",0.7,177.261514133345
2022-05-21,"37","8  day ahead inc hosp",2022-05-29,"quantile",0.75,188.45549111783
2022-05-21,"37","8  day ahead inc hosp",2022-05-29,"quantile",0.8,200.920515323528
2022-05-21,"37","8  day ahead inc hosp",2022-05-29,"quantile",0.85,215.450023409343
2022-05-21,"37","8  day ahead inc hosp",2022-05-29,"quantile",0.9,233.731462286067
2022-05-21,"37","8  day ahead inc hosp",2022-05-29,"quantile",0.95,260.827308609683
2022-05-21,"37","8  day ahead inc hosp",2022-05-29,"quantile",0.975,284.328914384051
2022-05-21,"37","8  day ahead inc hosp",2022-05-29,"quantile",0.99,311.654610051502
2022-05-21,"37","9  day ahead inc hosp",2022-05-30,"quantile",0.01,0
2022-05-21,"37","9  day ahead inc hosp",2022-05-30,"quantile",0.025,0
2022-05-21,"37","9  day ahead inc hosp",2022-05-30,"quantile",0.05,13.6694686213566
2022-05-21,"37","9  day ahead inc hosp",2022-05-30,"quantile",0.1,41.7637885075117
2022-05-21,"37","9  day ahead inc hosp",2022-05-30,"quantile",0.15,60.7188927566178
2022-05-21,"37","9  day ahead inc hosp",2022-05-30,"quantile",0.2,75.7838087247744
2022-05-21,"37","9  day ahead inc hosp",2022-05-30,"quantile",0.25,88.7081652198999
2022-05-21,"37","9  day ahead inc hosp",2022-05-30,"quantile",0.3,100.314636796552
2022-05-21,"37","9  day ahead inc hosp",2022-05-30,"quantile",0.35,111.069762422363
2022-05-21,"37","9  day ahead inc hosp",2022-05-30,"quantile",0.4,121.275324895229
2022-05-21,"37","9  day ahead inc hosp",2022-05-30,"quantile",0.45,131.149324695739
2022-05-21,"37","9  day ahead inc hosp",2022-05-30,"quantile",0.5,140.866775959848
2022-05-21,"37","9  day ahead inc hosp",2022-05-30,"quantile",0.55,150.584227223956
2022-05-21,"37","9  day ahead inc hosp",2022-05-30,"quantile",0.6,160.458227024467
2022-05-21,"37","9  day ahead inc hosp",2022-05-30,"quantile",0.65,170.663789497333
2022-05-21,"37","9  day ahead inc hosp",2022-05-30,"quantile",0.7,181.418915123143
2022-05-21,"37","9  day ahead inc hosp",2022-05-30,"quantile",0.75,193.025386699795
2022-05-21,"37","9  day ahead inc hosp",2022-05-30,"quantile",0.8,205.949743194921
2022-05-21,"37","9  day ahead inc hosp",2022-05-30,"quantile",0.85,221.014659163077
2022-05-21,"37","9  day ahead inc hosp",2022-05-30,"quantile",0.9,239.969763412184
2022-05-21,"37","9  day ahead inc hosp",2022-05-30,"quantile",0.95,268.064083298339
2022-05-21,"37","9  day ahead inc hosp",2022-05-30,"quantile",0.975,292.431715981875
2022-05-21,"37","9  day ahead inc hosp",2022-05-30,"quantile",0.99,320.764355089147
2022-05-21,"37","10  day ahead inc hosp",2022-05-31,"quantile",0.01,0
2022-05-21,"37","10  day ahead inc hosp",2022-05-31,"quantile",0.025,0
2022-05-21,"37","10  day ahead inc hosp",2022-05-31,"quantile",0.05,15.5305309205452
2022-05-21,"37","10  day ahead inc hosp",2022-05-31,"quantile",0.1,44.5901711196257
2022-05-21,"37","10  day ahead inc hosp",2022-05-31,"quantile",0.15,64.1965724009941
2022-05-21,"37","10  day ahead inc hosp",2022-05-31,"quantile",0.2,79.7791186038568
2022-05-21,"37","10  day ahead inc hosp",2022-05-31,"quantile",0.25,93.1475557496899
2022-05-21,"37","10  day ahead inc hosp",2022-05-31,"quantile",0.3,105.152825475567
2022-05-21,"37","10  day ahead inc hosp",2022-05-31,"quantile",0.35,116.27749701944
2022-05-21,"37","10  day ahead inc hosp",2022-05-31,"quantile",0.4,126.833722430573
2022-05-21,"37","10  day ahead inc hosp",2022-05-31,"quantile",0.45,137.046992682045
2022-05-21,"37","10  day ahead inc hosp",2022-05-31,"quantile",0.5,147.098335392294
2022-05-21,"37","10  day ahead inc hosp",2022-05-31,"quantile",0.55,157.149678102543
2022-05-21,"37","10  day ahead inc hosp",2022-05-31,"quantile",0.6,167.362948354015
2022-05-21,"37","10  day ahead inc hosp",2022-05-31,"quantile",0.65,177.919173765148
2022-05-21,"37","10  day ahead inc hosp",2022-05-31,"quantile",0.7,189.04384530902
2022-05-21,"37","10  day ahead inc hosp",2022-05-31,"quantile",0.75,201.049115034898
2022-05-21,"37","10  day ahead inc hosp",2022-05-31,"quantile",0.8,214.417552180731
2022-05-21,"37","10  day ahead inc hosp",2022-05-31,"quantile",0.85,230.000098383594
2022-05-21,"37","10  day ahead inc hosp",2022-05-31,"quantile",0.9,249.606499664962
2022-05-21,"37","10  day ahead inc hosp",2022-05-31,"quantile",0.95,278.666139864042
2022-05-21,"37","10  day ahead inc hosp",2022-05-31,"quantile",0.975,303.871043956983
2022-05-21,"37","10  day ahead inc hosp",2022-05-31,"quantile",0.99,333.177192021221
2022-05-21,"37","11  day ahead inc hosp",2022-06-01,"quantile",0.01,0
2022-05-21,"37","11  day ahead inc hosp",2022-06-01,"quantile",0.025,0
2022-05-21,"37","11  day ahead inc hosp",2022-06-01,"quantile",0.05,12.4860965759431
2022-05-21,"37","11  day ahead inc hosp",2022-06-01,"quantile",0.1,42.4162148586333
2022-05-21,"37","11  day ahead inc hosp",2022-06-01,"quantile",0.15,62.6099235704091
2022-05-21,"37","11  day ahead inc hosp",2022-06-01,"quantile",0.2,78.6592431009352
2022-05-21,"37","11  day ahead inc hosp",2022-06-01,"quantile",0.25,92.4281301996184
2022-05-21,"37","11  day ahead inc hosp",2022-06-01,"quantile",0.3,104.793016359581
2022-05-21,"37","11  day ahead inc hosp",2022-06-01,"quantile",0.35,116.250926123196
2022-05-21,"37","11  day ahead inc hosp",2022-06-01,"quantile",0.4,127.123362017428
2022-05-21,"37","11  day ahead inc hosp",2022-06-01,"quantile",0.45,137.642569570773
2022-05-21,"37","11  day ahead inc hosp",2022-06-01,"quantile",0.5,147.994999062557
2022-05-21,"37","11  day ahead inc hosp",2022-06-01,"quantile",0.55,158.347428554341
2022-05-21,"37","11  day ahead inc hosp",2022-06-01,"quantile",0.6,168.866636107686
2022-05-21,"37","11  day ahead inc hosp",2022-06-01,"quantile",0.65,179.739072001918
2022-05-21,"37","11  day ahead inc hosp",2022-06-01,"quantile",0.7,191.196981765533
2022-05-21,"37","11  day ahead inc hosp",2022-06-01,"quantile",0.75,203.561867925496
2022-05-21,"37","11  day ahead inc hosp",2022-06-01,"quantile",0.8,217.330755024179
2022-05-21,"37","11  day ahead inc hosp",2022-06-01,"quantile",0.85,233.380074554705
2022-05-21,"37","11  day ahead inc hosp",2022-06-01,"quantile",0.9,253.573783266481
2022-05-21,"37","11  day ahead inc hosp",2022-06-01,"quantile",0.95,283.503901549171
2022-05-21,"37","11  day ahead inc hosp",2022-06-01,"quantile",0.975,309.463815561783
2022-05-21,"37","11  day ahead inc hosp",2022-06-01,"quantile",0.99,339.647825823562
2022-05-21,"37","12  day ahead inc hosp",2022-06-02,"quantile",0.01,0
2022-05-21,"37","12  day ahead inc hosp",2022-06-02,"quantile",0.025,0
2022-05-21,"37","12  day ahead inc hosp",2022-06-02,"quantile",0.05,9.40954895341557
2022-05-21,"37","12  day ahead inc hosp",2022-06-02,"quantile",0.1,40.1666535610977
2022-05-21,"37","12  day ahead inc hosp",2022-06-02,"quantile",0.15,60.9183260202192
2022-05-21,"37","12  day ahead inc hosp",2022-06-02,"quantile",0.2,77.4110974493249
2022-05-21,"37","12  day ahead inc hosp",2022-06-02,"quantile",0.25,91.5604267912836
2022-05-21,"37","12  day ahead inc hosp",2022-06-02,"quantile",0.3,104.26696184377
2022-05-21,"37","12  day ahead inc hosp",2022-06-02,"quantile",0.35,116.041460222171
2022-05-21,"37","12  day ahead inc hosp",2022-06-02,"quantile",0.4,127.214307752566
2022-05-21,"37","12  day ahead inc hosp",2022-06-02,"quantile",0.45,138.024167040535
2022-05-21,"37","12  day ahead inc hosp",2022-06-02,"quantile",0.5,148.6626400935
2022-05-21,"37","12  day ahead inc hosp",2022-06-02,"quantile",0.55,159.301113146466
2022-05-21,"37","12  day ahead inc hosp",2022-06-02,"quantile",0.6,170.110972434435
2022-05-21,"37","12  day ahead inc hosp",2022-06-02,"quantile",0.65,181.28381996483
2022-05-21,"37","12  day ahead inc hosp",2022-06-02,"quantile",0.7,193.058318343231
2022-05-21,"37","12  day ahead inc hosp",2022-06-02,"quantile",0.75,205.764853395717
2022-05-21,"37","12  day ahead inc hosp",2022-06-02,"quantile",0.8,219.914182737676
2022-05-21,"37","12  day ahead inc hosp",2022-06-02,"quantile",0.85,236.406954166782
2022-05-21,"37","12  day ahead inc hosp",2022-06-02,"quantile",0.9,257.158626625903
2022-05-21,"37","12  day ahead inc hosp",2022-06-02,"quantile",0.95,287.915731233585
2022-05-21,"37","12  day ahead inc hosp",2022-06-02,"quantile",0.975,314.592932551367
2022-05-21,"37","12  day ahead inc hosp",2022-06-02,"quantile",0.99,345.610944319059
2022-05-21,"37","13  day ahead inc hosp",2022-06-03,"quantile",0.01,0
2022-05-21,"37","13  day ahead inc hosp",2022-06-03,"quantile",0.025,0
2022-05-21,"37","13  day ahead inc hosp",2022-06-03,"quantile",0.05,6.82408161863304
2022-05-21,"37","13  day ahead inc hosp",2022-06-03,"quantile",0.1,38.3433858085613
2022-05-21,"37","13  day ahead inc hosp",2022-06-03,"quantile",0.15,59.6093107072737
2022-05-21,"37","13  day ahead inc hosp",2022-06-03,"quantile",0.2,76.5107936732321
2022-05-21,"37","13  day ahead inc hosp",2022-06-03,"quantile",0.25,91.0107611214452
2022-05-21,"37","13  day ahead inc hosp",2022-06-03,"quantile",0.3,104.032180030274
2022-05-21,"37","13  day ahead inc hosp",2022-06-03,"quantile",0.35,116.098465228652
2022-05-21,"37","13  day ahead inc hosp",2022-06-03,"quantile",0.4,127.54818991731
2022-05-21,"37","13  day ahead inc hosp",2022-06-03,"quantile",0.45,138.625931060172
2022-05-21,"37","13  day ahead inc hosp",2022-06-03,"quantile",0.5,149.528038802427
2022-05-21,"37","13  day ahead inc hosp",2022-06-03,"quantile",0.55,160.430146544682
2022-05-21,"37","13  day ahead inc hosp",2022-06-03,"quantile",0.6,171.507887687544
2022-05-21,"37","13  day ahead inc hosp",2022-06-03,"quantile",0.65,182.957612376202
2022-05-21,"37","13  day ahead inc hosp",2022-06-03,"quantile",0.7,195.02389757458
2022-05-21,"37","13  day ahead inc hosp",2022-06-03,"quantile",0.75,208.045316483409
2022-05-21,"37","13  day ahead inc hosp",2022-06-03,"quantile",0.8,222.545283931622
2022-05-21,"37","13  day ahead inc hosp",2022-06-03,"quantile",0.85,239.446766897581
2022-05-21,"37","13  day ahead inc hosp",2022-06-03,"quantile",0.9,260.712691796293
2022-05-21,"37","13  day ahead inc hosp",2022-06-03,"quantile",0.95,292.231995986221
2022-05-21,"37","13  day ahead inc hosp",2022-06-03,"quantile",0.975,319.570291771745
2022-05-21,"37","13  day ahead inc hosp",2022-06-03,"quantile",0.99,351.356968727952
2022-05-21,"37","14  day ahead inc hosp",2022-06-04,"quantile",0.01,0
2022-05-21,"37","14  day ahead inc hosp",2022-06-04,"quantile",0.025,0
2022-05-21,"37","14  day ahead inc hosp",2022-06-04,"quantile",0.05,4.98786381459306
2022-05-21,"37","14  day ahead inc hosp",2022-06-04,"quantile",0.1,37.2269758405928
2022-05-21,"37","14  day ahead inc hosp",2022-06-04,"quantile",0.15,58.9785516690073
2022-05-21,"37","14  day ahead inc hosp",2022-06-04,"quantile",0.2,76.2660145984451
2022-05-21,"37","14  day ahead inc hosp",2022-06-04,"quantile",0.25,91.0971184870159
2022-05-21,"37","14  day ahead inc hosp",2022-06-04,"quantile",0.3,104.415908153488
2022-05-21,"37","14  day ahead inc hosp",2022-06-04,"quantile",0.35,116.757751675924
2022-05-21,"37","14  day ahead inc hosp",2022-06-04,"quantile",0.4,128.468954267207
2022-05-21,"37","14  day ahead inc hosp",2022-06-04,"quantile",0.45,139.799678306916
2022-05-21,"37","14  day ahead inc hosp",2022-06-04,"quantile",0.5,150.950757997768
2022-05-21,"37","14  day ahead inc hosp",2022-06-04,"quantile",0.55,162.10183768862
2022-05-21,"37","14  day ahead inc hosp",2022-06-04,"quantile",0.6,173.432561728329
2022-05-21,"37","14  day ahead inc hosp",2022-06-04,"quantile",0.65,185.143764319612
2022-05-21,"37","14  day ahead inc hosp",2022-06-04,"quantile",0.7,197.485607842049
2022-05-21,"37","14  day ahead inc hosp",2022-06-04,"quantile",0.75,210.804397508521
2022-05-21,"37","14  day ahead inc hosp",2022-06-04,"quantile",0.8,225.635501397091
2022-05-21,"37","14  day ahead inc hosp",2022-06-04,"quantile",0.85,242.922964326529
2022-05-21,"37","14  day ahead inc hosp",2022-06-04,"quantile",0.9,264.674540154944
2022-05-21,"37","14  day ahead inc hosp",2022-06-04,"quantile",0.95,296.913652180944
2022-05-21,"37","14  day ahead inc hosp",2022-06-04,"quantile",0.975,324.876273916453
2022-05-21,"37","14  day ahead inc hosp",2022-06-04,"quantile",0.99,357.388864713203
2022-05-21,"37","15  day ahead inc hosp",2022-06-05,"quantile",0.01,0
2022-05-21,"37","15  day ahead inc hosp",2022-06-05,"quantile",0.025,0
2022-05-21,"37","15  day ahead inc hosp",2022-06-05,"quantile",0.05,12.9234538092473
2022-05-21,"37","15  day ahead inc hosp",2022-06-05,"quantile",0.1,45.8336643900141
2022-05-21,"37","15  day ahead inc hosp",2022-06-05,"quantile",0.15,68.0380272272825
2022-05-21,"37","15  day ahead inc hosp",2022-06-05,"quantile",0.2,85.685350917717
2022-05-21,"37","15  day ahead inc hosp",2022-06-05,"quantile",0.25,100.825183296613
2022-05-21,"37","15  day ahead inc hosp",2022-06-05,"quantile",0.3,114.421220689053
2022-05-21,"37","15  day ahead inc hosp",2022-06-05,"quantile",0.35,127.019975547769
2022-05-21,"37","15  day ahead inc hosp",2022-06-05,"quantile",0.4,138.974961873767
2022-05-21,"37","15  day ahead inc hosp",2022-06-05,"quantile",0.45,150.541549498099
2022-05-21,"37","15  day ahead inc hosp",2022-06-05,"quantile",0.5,161.92475324555
2022-05-21,"37","15  day ahead inc hosp",2022-06-05,"quantile",0.55,173.307956993001
2022-05-21,"37","15  day ahead inc hosp",2022-06-05,"quantile",0.6,184.874544617333
2022-05-21,"37","15  day ahead inc hosp",2022-06-05,"quantile",0.65,196.829530943331
2022-05-21,"37","15  day ahead inc hosp",2022-06-05,"quantile",0.7,209.428285802047
2022-05-21,"37","15  day ahead inc hosp",2022-06-05,"quantile",0.75,223.024323194486
2022-05-21,"37","15  day ahead inc hosp",2022-06-05,"quantile",0.8,238.164155573382
2022-05-21,"37","15  day ahead inc hosp",2022-06-05,"quantile",0.85,255.811479263817
2022-05-21,"37","15  day ahead inc hosp",2022-06-05,"quantile",0.9,278.015842101085
2022-05-21,"37","15  day ahead inc hosp",2022-06-05,"quantile",0.95,310.926052681852
2022-05-21,"37","15  day ahead inc hosp",2022-06-05,"quantile",0.975,339.470752330025
2022-05-21,"37","15  day ahead inc hosp",2022-06-05,"quantile",0.99,372.660134493666
2022-05-21,"37","16  day ahead inc hosp",2022-06-06,"quantile",0.01,0
2022-05-21,"37","16  day ahead inc hosp",2022-06-06,"quantile",0.025,0
2022-05-21,"37","16  day ahead inc hosp",2022-06-06,"quantile",0.05,14.5876506500121
2022-05-21,"37","16  day ahead inc hosp",2022-06-06,"quantile",0.1,48.1308949151564
2022-05-21,"37","16  day ahead inc hosp",2022-06-06,"quantile",0.15,70.76236257394
2022-05-21,"37","16  day ahead inc hosp",2022-06-06,"quantile",0.2,88.7491356370165
2022-05-21,"37","16  day ahead inc hosp",2022-06-06,"quantile",0.25,104.180185352494
2022-05-21,"37","16  day ahead inc hosp",2022-06-06,"quantile",0.3,118.037744913634
2022-05-21,"37","16  day ahead inc hosp",2022-06-06,"quantile",0.35,130.878839036246
2022-05-21,"37","16  day ahead inc hosp",2022-06-06,"quantile",0.4,143.063781625272
2022-05-21,"37","16  day ahead inc hosp",2022-06-06,"quantile",0.45,154.852854595346
2022-05-21,"37","16  day ahead inc hosp",2022-06-06,"quantile",0.5,166.455016267438
2022-05-21,"37","16  day ahead inc hosp",2022-06-06,"quantile",0.55,178.05717793953
2022-05-21,"37","16  day ahead inc hosp",2022-06-06,"quantile",0.6,189.846250909604
2022-05-21,"37","16  day ahead inc hosp",2022-06-06,"quantile",0.65,202.03119349863
2022-05-21,"37","16  day ahead inc hosp",2022-06-06,"quantile",0.7,214.872287621242
2022-05-21,"37","16  day ahead inc hosp",2022-06-06,"quantile",0.75,228.729847182382
2022-05-21,"37","16  day ahead inc hosp",2022-06-06,"quantile",0.8,244.160896897859
2022-05-21,"37","16  day ahead inc hosp",2022-06-06,"quantile",0.85,262.147669960936
2022-05-21,"37","16  day ahead inc hosp",2022-06-06,"quantile",0.9,284.77913761972
2022-05-21,"37","16  day ahead inc hosp",2022-06-06,"quantile",0.95,318.322381884864
2022-05-21,"37","16  day ahead inc hosp",2022-06-06,"quantile",0.975,347.416143847402
2022-05-21,"37","16  day ahead inc hosp",2022-06-06,"quantile",0.99,381.243929609881
2022-05-21,"37","17  day ahead inc hosp",2022-06-07,"quantile",0.01,0
2022-05-21,"37","17  day ahead inc hosp",2022-06-07,"quantile",0.025,0
2022-05-21,"37","17  day ahead inc hosp",2022-06-07,"quantile",0.05,15.8836864304688
2022-05-21,"37","17  day ahead inc hosp",2022-06-07,"quantile",0.1,50.0210027720458
2022-05-21,"37","17  day ahead inc hosp",2022-06-07,"quantile",0.15,73.053288040435
2022-05-21,"37","17  day ahead inc hosp",2022-06-07,"quantile",0.2,91.3586182334493
2022-05-21,"37","17  day ahead inc hosp",2022-06-07,"quantile",0.25,107.062961601549
2022-05-21,"37","17  day ahead inc hosp",2022-06-07,"quantile",0.3,121.165947309239
2022-05-21,"37","17  day ahead inc hosp",2022-06-07,"quantile",0.35,134.234465332436
2022-05-21,"37","17  day ahead inc hosp",2022-06-07,"quantile",0.4,146.635210963287
2022-05-21,"37","17  day ahead inc hosp",2022-06-07,"quantile",0.45,158.633075873794
2022-05-21,"37","17  day ahead inc hosp",2022-06-07,"quantile",0.5,170.440719168986
2022-05-21,"37","17  day ahead inc hosp",2022-06-07,"quantile",0.55,182.248362464178
2022-05-21,"37","17  day ahead inc hosp",2022-06-07,"quantile",0.6,194.246227374686
2022-05-21,"37","17  day ahead inc hosp",2022-06-07,"quantile",0.65,206.646973005537
2022-05-21,"37","17  day ahead inc hosp",2022-06-07,"quantile",0.7,219.715491028734
2022-05-21,"37","17  day ahead inc hosp",2022-06-07,"quantile",0.75,233.818476736424
2022-05-21,"37","17  day ahead inc hosp",2022-06-07,"quantile",0.8,249.522820104523
2022-05-21,"37","17  day ahead inc hosp",2022-06-07,"quantile",0.85,267.828150297538
2022-05-21,"37","17  day ahead inc hosp",2022-06-07,"quantile",0.9,290.860435565927
2022-05-21,"37","17  day ahead inc hosp",2022-06-07,"quantile",0.95,324.997751907504
2022-05-21,"37","17  day ahead inc hosp",2022-06-07,"quantile",0.975,354.606782800015
2022-05-21,"37","17  day ahead inc hosp",2022-06-07,"quantile",0.99,389.033680048854
2022-05-21,"37","18  day ahead inc hosp",2022-06-08,"quantile",0.01,0
2022-05-21,"37","18  day ahead inc hosp",2022-06-08,"quantile",0.025,0
2022-05-21,"37","18  day ahead inc hosp",2022-06-08,"quantile",0.05,12.0353507196213
2022-05-21,"37","18  day ahead inc hosp",2022-06-08,"quantile",0.1,46.7334416074814
2022-05-21,"37","18  day ahead inc hosp",2022-06-08,"quantile",0.15,70.1440787999648
2022-05-21,"37","18  day ahead inc hosp",2022-06-08,"quantile",0.2,88.750111108249
2022-05-21,"37","18  day ahead inc hosp",2022-06-08,"quantile",0.25,104.712430116226
2022-05-21,"37","18  day ahead inc hosp",2022-06-08,"quantile",0.3,119.047085921599
2022-05-21,"37","18  day ahead inc hosp",2022-06-08,"quantile",0.35,132.330280816045
2022-05-21,"37","18  day ahead inc hosp",2022-06-08,"quantile",0.4,144.934733804414
2022-05-21,"37","18  day ahead inc hosp",2022-06-08,"quantile",0.45,157.129687940807
2022-05-21,"37","18  day ahead inc hosp",2022-06-08,"quantile",0.5,169.131295686669
2022-05-21,"37","18  day ahead inc hosp",2022-06-08,"quantile",0.55,181.13290343253
2022-05-21,"37","18  day ahead inc hosp",2022-06-08,"quantile",0.6,193.327857568923
2022-05-21,"37","18  day ahead inc hosp",2022-06-08,"quantile",0.65,205.932310557292
2022-05-21,"37","18  day ahead inc hosp",2022-06-08,"quantile",0.7,219.215505451739
2022-05-21,"37","18  day ahead inc hosp",2022-06-08,"quantile",0.75,233.550161257111
2022-05-21,"37","18  day ahead inc hosp",2022-06-08,"quantile",0.8,249.512480265088
2022-05-21,"37","18  day ahead inc hosp",2022-06-08,"quantile",0.85,268.118512573372
2022-05-21,"37","18  day ahead inc hosp",2022-06-08,"quantile",0.9,291.529149765856
2022-05-21,"37","18  day ahead inc hosp",2022-06-08,"quantile",0.95,326.227240653716
2022-05-21,"37","18  day ahead inc hosp",2022-06-08,"quantile",0.975,356.322659834588
2022-05-21,"37","18  day ahead inc hosp",2022-06-08,"quantile",0.99,391.31508858249
2022-05-21,"37","19  day ahead inc hosp",2022-06-09,"quantile",0.01,0
2022-05-21,"37","19  day ahead inc hosp",2022-06-09,"quantile",0.025,0
2022-05-21,"37","19  day ahead inc hosp",2022-06-09,"quantile",0.05,9.41724756983288
2022-05-21,"37","19  day ahead inc hosp",2022-06-09,"quantile",0.1,44.6437432767408
2022-05-21,"37","19  day ahead inc hosp",2022-06-09,"quantile",0.15,68.4108926920282
2022-05-21,"37","19  day ahead inc hosp",2022-06-09,"quantile",0.2,87.3002696133297
2022-05-21,"37","19  day ahead inc hosp",2022-06-09,"quantile",0.25,103.505673069793
2022-05-21,"37","19  day ahead inc hosp",2022-06-09,"quantile",0.3,118.058626222746
2022-05-21,"37","19  day ahead inc hosp",2022-06-09,"quantile",0.35,131.544106142535
2022-05-21,"37","19  day ahead inc hosp",2022-06-09,"quantile",0.4,144.340507838458
2022-05-21,"37","19  day ahead inc hosp",2022-06-09,"quantile",0.45,156.721174570813
2022-05-21,"37","19  day ahead inc hosp",2022-06-09,"quantile",0.5,168.905550509592
2022-05-21,"37","19  day ahead inc hosp",2022-06-09,"quantile",0.55,181.089926448371
2022-05-21,"37","19  day ahead inc hosp",2022-06-09,"quantile",0.6,193.470593180726
2022-05-21,"37","19  day ahead inc hosp",2022-06-09,"quantile",0.65,206.266994876649
2022-05-21,"37","19  day ahead inc hosp",2022-06-09,"quantile",0.7,219.752474796438
2022-05-21,"37","19  day ahead inc hosp",2022-06-09,"quantile",0.75,234.305427949391
2022-05-21,"37","19  day ahead inc hosp",2022-06-09,"quantile",0.8,250.510831405854
2022-05-21,"37","19  day ahead inc hosp",2022-06-09,"quantile",0.85,269.400208327156
2022-05-21,"37","19  day ahead inc hosp",2022-06-09,"quantile",0.9,293.167357742443
2022-05-21,"37","19  day ahead inc hosp",2022-06-09,"quantile",0.95,328.393853449351
2022-05-21,"37","19  day ahead inc hosp",2022-06-09,"quantile",0.975,358.947585007634
2022-05-21,"37","19  day ahead inc hosp",2022-06-09,"quantile",0.99,394.472900940608
2022-05-21,"37","20  day ahead inc hosp",2022-06-10,"quantile",0.01,0
2022-05-21,"37","20  day ahead inc hosp",2022-06-10,"quantile",0.025,0
2022-05-21,"37","20  day ahead inc hosp",2022-06-10,"quantile",0.05,8.42107022560006
2022-05-21,"37","20  day ahead inc hosp",2022-06-10,"quantile",0.1,44.1470231990349
2022-05-21,"37","20  day ahead inc hosp",2022-06-10,"quantile",0.15,68.2511540608694
2022-05-21,"37","20  day ahead inc hosp",2022-06-10,"quantile",0.2,87.4083531533572
2022-05-21,"37","20  day ahead inc hosp",2022-06-10,"quantile",0.25,103.84352418536
2022-05-21,"37","20  day ahead inc hosp",2022-06-10,"quantile",0.3,118.602815722413
2022-05-21,"37","20  day ahead inc hosp",2022-06-10,"quantile",0.35,132.279498905637
2022-05-21,"37","20  day ahead inc hosp",2022-06-10,"quantile",0.4,145.257333800752
2022-05-21,"37","20  day ahead inc hosp",2022-06-10,"quantile",0.45,157.813539253035
2022-05-21,"37","20  day ahead inc hosp",2022-06-10,"quantile",0.5,170.170670811656
2022-05-21,"37","20  day ahead inc hosp",2022-06-10,"quantile",0.55,182.527802370277
2022-05-21,"37","20  day ahead inc hosp",2022-06-10,"quantile",0.6,195.08400782256
2022-05-21,"37","20  day ahead inc hosp",2022-06-10,"quantile",0.65,208.061842717675
2022-05-21,"37","20  day ahead inc hosp",2022-06-10,"quantile",0.7,221.738525900898
2022-05-21,"37","20  day ahead inc hosp",2022-06-10,"quantile",0.75,236.497817437952
2022-05-21,"37","20  day ahead inc hosp",2022-06-10,"quantile",0.8,252.932988469955
2022-05-21,"37","20  day ahead inc hosp",2022-06-10,"quantile",0.85,272.090187562443
2022-05-21,"37","20  day ahead inc hosp",2022-06-10,"quantile",0.9,296.194318424277
2022-05-21,"37","20  day ahead inc hosp",2022-06-10,"quantile",0.95,331.920271397712
2022-05-21,"37","20  day ahead inc hosp",2022-06-10,"quantile",0.975,362.907207648658
2022-05-21,"37","20  day ahead inc hosp",2022-06-10,"quantile",0.99,398.936217657137
2022-05-21,"37","21  day ahead inc hosp",2022-06-11,"quantile",0.01,0
2022-05-21,"37","21  day ahead inc hosp",2022-06-11,"quantile",0.025,0
2022-05-21,"37","21  day ahead inc hosp",2022-06-11,"quantile",0.05,6.41041369827366
2022-05-21,"37","21  day ahead inc hosp",2022-06-11,"quantile",0.1,42.6082955020169
2022-05-21,"37","21  day ahead inc hosp",2022-06-11,"quantile",0.15,67.0308345051733
2022-05-21,"37","21  day ahead inc hosp",2022-06-11,"quantile",0.2,86.4410942946402
2022-05-21,"37","21  day ahead inc hosp",2022-06-11,"quantile",0.25,103.0933688717
2022-05-21,"37","21  day ahead inc hosp",2022-06-11,"quantile",0.3,118.047626102081
2022-05-21,"37","21  day ahead inc hosp",2022-06-11,"quantile",0.35,131.904974055869
2022-05-21,"37","21  day ahead inc hosp",2022-06-11,"quantile",0.4,145.054242151004
2022-05-21,"37","21  day ahead inc hosp",2022-06-11,"quantile",0.45,157.776311208286
2022-05-21,"37","21  day ahead inc hosp",2022-06-11,"quantile",0.5,170.296676667113
2022-05-21,"37","21  day ahead inc hosp",2022-06-11,"quantile",0.55,182.81704212594
2022-05-21,"37","21  day ahead inc hosp",2022-06-11,"quantile",0.6,195.539111183222
2022-05-21,"37","21  day ahead inc hosp",2022-06-11,"quantile",0.65,208.688379278357
2022-05-21,"37","21  day ahead inc hosp",2022-06-11,"quantile",0.7,222.545727232145
2022-05-21,"37","21  day ahead inc hosp",2022-06-11,"quantile",0.75,237.499984462526
2022-05-21,"37","21  day ahead inc hosp",2022-06-11,"quantile",0.8,254.152259039586
2022-05-21,"37","21  day ahead inc hosp",2022-06-11,"quantile",0.85,273.562518829052
2022-05-21,"37","21  day ahead inc hosp",2022-06-11,"quantile",0.9,297.985057832209
2022-05-21,"37","21  day ahead inc hosp",2022-06-11,"quantile",0.95,334.182939635952
2022-05-21,"37","21  day ahead inc hosp",2022-06-11,"quantile",0.975,365.579203766566
2022-05-21,"37","21  day ahead inc hosp",2022-06-11,"quantile",0.99,402.084145895404
2022-05-21,"37","22  day ahead inc hosp",2022-06-12,"quantile",0.01,0
2022-05-21,"37","22  day ahead inc hosp",2022-06-12,"quantile",0.025,0
2022-05-21,"37","22  day ahead inc hosp",2022-06-12,"quantile",0.05,23.3217254797921
2022-05-21,"37","22  day ahead inc hosp",2022-06-12,"quantile",0.1,60.4037531053606
2022-05-21,"37","22  day ahead inc hosp",2022-06-12,"quantile",0.15,85.4228210970107
2022-05-21,"37","22  day ahead inc hosp",2022-06-12,"quantile",0.2,105.307183216179
2022-05-21,"37","22  day ahead inc hosp",2022-06-12,"quantile",0.25,122.36619537725
2022-05-21,"37","22  day ahead inc hosp",2022-06-12,"quantile",0.3,137.685715528827
2022-05-21,"37","22  day ahead inc hosp",2022-06-12,"quantile",0.35,151.88153401416
2022-05-21,"37","22  day ahead inc hosp",2022-06-12,"quantile",0.4,165.351977544626
2022-05-21,"37","22  day ahead inc hosp",2022-06-12,"quantile",0.45,178.384787552524
2022-05-21,"37","22  day ahead inc hosp",2022-06-12,"quantile",0.5,191.210967281593
2022-05-21,"37","22  day ahead inc hosp",2022-06-12,"quantile",0.55,204.037147010663
2022-05-21,"37","22  day ahead inc hosp",2022-06-12,"quantile",0.6,217.069957018561
2022-05-21,"37","22  day ahead inc hosp",2022-06-12,"quantile",0.65,230.540400549026
2022-05-21,"37","22  day ahead inc hosp",2022-06-12,"quantile",0.7,244.73621903436
2022-05-21,"37","22  day ahead inc hosp",2022-06-12,"quantile",0.75,260.055739185937
2022-05-21,"37","22  day ahead inc hosp",2022-06-12,"quantile",0.8,277.114751347008
2022-05-21,"37","22  day ahead inc hosp",2022-06-12,"quantile",0.85,296.999113466176
2022-05-21,"37","22  day ahead inc hosp",2022-06-12,"quantile",0.9,322.018181457826
2022-05-21,"37","22  day ahead inc hosp",2022-06-12,"quantile",0.95,359.100209083395
2022-05-21,"37","22  day ahead inc hosp",2022-06-12,"quantile",0.975,391.263337858258
2022-05-21,"37","22  day ahead inc hosp",2022-06-12,"quantile",0.99,428.659925863895
2022-05-21,"37","23  day ahead inc hosp",2022-06-13,"quantile",0.01,0
2022-05-21,"37","23  day ahead inc hosp",2022-06-13,"quantile",0.025,0
2022-05-21,"37","23  day ahead inc hosp",2022-06-13,"quantile",0.05,24.7658078135748
2022-05-21,"37","23  day ahead inc hosp",2022-06-13,"quantile",0.1,62.5403459086496
2022-05-21,"37","23  day ahead inc hosp",2022-06-13,"quantile",0.15,88.0266474263748
2022-05-21,"37","23  day ahead inc hosp",2022-06-13,"quantile",0.2,108.282351940463
2022-05-21,"37","23  day ahead inc hosp",2022-06-13,"quantile",0.25,125.659942811422
2022-05-21,"37","23  day ahead inc hosp",2022-06-13,"quantile",0.3,141.265556490567
2022-05-21,"37","23  day ahead inc hosp",2022-06-13,"quantile",0.35,155.726483265652
2022-05-21,"37","23  day ahead inc hosp",2022-06-13,"quantile",0.4,169.448488638094
2022-05-21,"37","23  day ahead inc hosp",2022-06-13,"quantile",0.45,182.724687639407
2022-05-21,"37","23  day ahead inc hosp",2022-06-13,"quantile",0.5,195.790397521354
2022-05-21,"37","23  day ahead inc hosp",2022-06-13,"quantile",0.55,208.856107403301
2022-05-21,"37","23  day ahead inc hosp",2022-06-13,"quantile",0.6,222.132306404613
2022-05-21,"37","23  day ahead inc hosp",2022-06-13,"quantile",0.65,235.854311777056
2022-05-21,"37","23  day ahead inc hosp",2022-06-13,"quantile",0.7,250.31523855214
2022-05-21,"37","23  day ahead inc hosp",2022-06-13,"quantile",0.75,265.920852231285
2022-05-21,"37","23  day ahead inc hosp",2022-06-13,"quantile",0.8,283.298443102244
2022-05-21,"37","23  day ahead inc hosp",2022-06-13,"quantile",0.85,303.554147616333
2022-05-21,"37","23  day ahead inc hosp",2022-06-13,"quantile",0.9,329.040449134058
2022-05-21,"37","23  day ahead inc hosp",2022-06-13,"quantile",0.95,366.814987229133
2022-05-21,"37","23  day ahead inc hosp",2022-06-13,"quantile",0.975,399.578765559451
2022-05-21,"37","23  day ahead inc hosp",2022-06-13,"quantile",0.99,437.673738480261
2022-05-21,"37","24  day ahead inc hosp",2022-06-14,"quantile",0.01,0
2022-05-21,"37","24  day ahead inc hosp",2022-06-14,"quantile",0.025,0
2022-05-21,"37","24  day ahead inc hosp",2022-06-14,"quantile",0.05,21.4435828786635
2022-05-21,"37","24  day ahead inc hosp",2022-06-14,"quantile",0.1,59.787560350254
2022-05-21,"37","24  day ahead inc hosp",2022-06-14,"quantile",0.15,85.6580599118949
2022-05-21,"37","24  day ahead inc hosp",2022-06-14,"quantile",0.2,106.219112851962
2022-05-21,"37","24  day ahead inc hosp",2022-06-14,"quantile",0.25,123.85866548367
2022-05-21,"37","24  day ahead inc hosp",2022-06-14,"quantile",0.3,139.699528920238
2022-05-21,"37","24  day ahead inc hosp",2022-06-14,"quantile",0.35,154.378449654796
2022-05-21,"37","24  day ahead inc hosp",2022-06-14,"quantile",0.4,168.307309977104
2022-05-21,"37","24  day ahead inc hosp",2022-06-14,"quantile",0.45,181.783643536323
2022-05-21,"37","24  day ahead inc hosp",2022-06-14,"quantile",0.5,195.046314918374
2022-05-21,"37","24  day ahead inc hosp",2022-06-14,"quantile",0.55,208.308986300424
2022-05-21,"37","24  day ahead inc hosp",2022-06-14,"quantile",0.6,221.785319859643
2022-05-21,"37","24  day ahead inc hosp",2022-06-14,"quantile",0.65,235.714180181951
2022-05-21,"37","24  day ahead inc hosp",2022-06-14,"quantile",0.7,250.393100916509
2022-05-21,"37","24  day ahead inc hosp",2022-06-14,"quantile",0.75,266.233964353077
2022-05-21,"37","24  day ahead inc hosp",2022-06-14,"quantile",0.8,283.873516984785
2022-05-21,"37","24  day ahead inc hosp",2022-06-14,"quantile",0.85,304.434569924852
2022-05-21,"37","24  day ahead inc hosp",2022-06-14,"quantile",0.9,330.305069486493
2022-05-21,"37","24  day ahead inc hosp",2022-06-14,"quantile",0.95,368.649046958084
2022-05-21,"37","24  day ahead inc hosp",2022-06-14,"quantile",0.975,401.90672902477
2022-05-21,"37","24  day ahead inc hosp",2022-06-14,"quantile",0.99,440.575971777121
2022-05-21,"37","25  day ahead inc hosp",2022-06-15,"quantile",0.01,0
2022-05-21,"37","25  day ahead inc hosp",2022-06-15,"quantile",0.025,0
2022-05-21,"37","25  day ahead inc hosp",2022-06-15,"quantile",0.05,20.2254973088919
2022-05-21,"37","25  day ahead inc hosp",2022-06-15,"quantile",0.1,59.1591169704841
2022-05-21,"37","25  day ahead inc hosp",2022-06-15,"quantile",0.15,85.4274453183866
2022-05-21,"37","25  day ahead inc hosp",2022-06-15,"quantile",0.2,106.304679966345
2022-05-21,"37","25  day ahead inc hosp",2022-06-15,"quantile",0.25,124.215488350071
2022-05-21,"37","25  day ahead inc hosp",2022-06-15,"quantile",0.3,140.299947835462
2022-05-21,"37","25  day ahead inc hosp",2022-06-15,"quantile",0.35,155.204596612324
2022-05-21,"37","25  day ahead inc hosp",2022-06-15,"quantile",0.4,169.347650772784
2022-05-21,"37","25  day ahead inc hosp",2022-06-15,"quantile",0.45,183.031219349262
2022-05-21,"37","25  day ahead inc hosp",2022-06-15,"quantile",0.5,196.497840115665
2022-05-21,"37","25  day ahead inc hosp",2022-06-15,"quantile",0.55,209.964460882068
2022-05-21,"37","25  day ahead inc hosp",2022-06-15,"quantile",0.6,223.648029458546
2022-05-21,"37","25  day ahead inc hosp",2022-06-15,"quantile",0.65,237.791083619006
2022-05-21,"37","25  day ahead inc hosp",2022-06-15,"quantile",0.7,252.695732395867
2022-05-21,"37","25  day ahead inc hosp",2022-06-15,"quantile",0.75,268.780191881258
2022-05-21,"37","25  day ahead inc hosp",2022-06-15,"quantile",0.8,286.691000264985
2022-05-21,"37","25  day ahead inc hosp",2022-06-15,"quantile",0.85,307.568234912943
2022-05-21,"37","25  day ahead inc hosp",2022-06-15,"quantile",0.9,333.836563260846
2022-05-21,"37","25  day ahead inc hosp",2022-06-15,"quantile",0.95,372.770182922438
2022-05-21,"37","25  day ahead inc hosp",2022-06-15,"quantile",0.975,406.539291653265
2022-05-21,"37","25  day ahead inc hosp",2022-06-15,"quantile",0.99,445.803178427591
2022-05-21,"37","26  day ahead inc hosp",2022-06-16,"quantile",0.01,0
2022-05-21,"37","26  day ahead inc hosp",2022-06-16,"quantile",0.025,0
2022-05-21,"37","26  day ahead inc hosp",2022-06-16,"quantile",0.05,18.6973489905417
2022-05-21,"37","26  day ahead inc hosp",2022-06-16,"quantile",0.1,58.1547374491865
2022-05-21,"37","26  day ahead inc hosp",2022-06-16,"quantile",0.15,84.7764501178623
2022-05-21,"37","26  day ahead inc hosp",2022-06-16,"quantile",0.2,105.93454342146
2022-05-21,"37","26  day ahead inc hosp",2022-06-16,"quantile",0.25,124.086303523597
2022-05-21,"37","26  day ahead inc hosp",2022-06-16,"quantile",0.3,140.387145099046
2022-05-21,"37","26  day ahead inc hosp",2022-06-16,"quantile",0.35,155.492304129724
2022-05-21,"37","26  day ahead inc hosp",2022-06-16,"quantile",0.4,169.825622913116
2022-05-21,"37","26  day ahead inc hosp",2022-06-16,"quantile",0.45,183.693274714194
2022-05-21,"37","26  day ahead inc hosp",2022-06-16,"quantile",0.5,197.34106013522
2022-05-21,"37","26  day ahead inc hosp",2022-06-16,"quantile",0.55,210.988845556245
2022-05-21,"37","26  day ahead inc hosp",2022-06-16,"quantile",0.6,224.856497357323
2022-05-21,"37","26  day ahead inc hosp",2022-06-16,"quantile",0.65,239.189816140715
2022-05-21,"37","26  day ahead inc hosp",2022-06-16,"quantile",0.7,254.294975171393
2022-05-21,"37","26  day ahead inc hosp",2022-06-16,"quantile",0.75,270.595816746842
2022-05-21,"37","26  day ahead inc hosp",2022-06-16,"quantile",0.8,288.747576848979
2022-05-21,"37","26  day ahead inc hosp",2022-06-16,"quantile",0.85,309.905670152577
2022-05-21,"37","26  day ahead inc hosp",2022-06-16,"quantile",0.9,336.527382821253
2022-05-21,"37","26  day ahead inc hosp",2022-06-16,"quantile",0.95,375.984771279897
2022-05-21,"37","26  day ahead inc hosp",2022-06-16,"quantile",0.975,410.208171330443
2022-05-21,"37","26  day ahead inc hosp",2022-06-16,"quantile",0.99,450.000269941278
2022-05-21,"37","27  day ahead inc hosp",2022-06-17,"quantile",0.01,0
2022-05-21,"37","27  day ahead inc hosp",2022-06-17,"quantile",0.025,0
2022-05-21,"37","27  day ahead inc hosp",2022-06-17,"quantile",0.05,14.3864825106184
2022-05-21,"37","27  day ahead inc hosp",2022-06-17,"quantile",0.1,54.3602572031848
2022-05-21,"37","27  day ahead inc hosp",2022-06-17,"quantile",0.15,81.3303732123385
2022-05-21,"37","27  day ahead inc hosp",2022-06-17,"quantile",0.2,102.765366446337
2022-05-21,"37","27  day ahead inc hosp",2022-06-17,"quantile",0.25,121.154682033121
2022-05-21,"37","27  day ahead inc hosp",2022-06-17,"quantile",0.3,137.668855775744
2022-05-21,"37","27  day ahead inc hosp",2022-06-17,"quantile",0.35,152.971698852157
2022-05-21,"37","27  day ahead inc hosp",2022-06-17,"quantile",0.4,167.492600463386
2022-05-21,"37","27  day ahead inc hosp",2022-06-17,"quantile",0.45,181.541740821275
2022-05-21,"37","27  day ahead inc hosp",2022-06-17,"quantile",0.5,195.368137366611
2022-05-21,"37","27  day ahead inc hosp",2022-06-17,"quantile",0.55,209.194533911946
2022-05-21,"37","27  day ahead inc hosp",2022-06-17,"quantile",0.6,223.243674269836
2022-05-21,"37","27  day ahead inc hosp",2022-06-17,"quantile",0.65,237.764575881065
2022-05-21,"37","27  day ahead inc hosp",2022-06-17,"quantile",0.7,253.067418957478
2022-05-21,"37","27  day ahead inc hosp",2022-06-17,"quantile",0.75,269.581592700101
2022-05-21,"37","27  day ahead inc hosp",2022-06-17,"quantile",0.8,287.970908286884
2022-05-21,"37","27  day ahead inc hosp",2022-06-17,"quantile",0.85,309.405901520883
2022-05-21,"37","27  day ahead inc hosp",2022-06-17,"quantile",0.9,336.376017530037
2022-05-21,"37","27  day ahead inc hosp",2022-06-17,"quantile",0.95,376.349792222603
2022-05-21,"37","27  day ahead inc hosp",2022-06-17,"quantile",0.975,411.021080320342
2022-05-21,"37","27  day ahead inc hosp",2022-06-17,"quantile",0.99,451.333945579558
2022-05-21,"37","28  day ahead inc hosp",2022-06-18,"quantile",0.01,0
2022-05-21,"37","28  day ahead inc hosp",2022-06-18,"quantile",0.025,0
2022-05-21,"37","28  day ahead inc hosp",2022-06-18,"quantile",0.05,12.5091961937457
2022-05-21,"37","28  day ahead inc hosp",2022-06-18,"quantile",0.1,52.9583518421178
2022-05-21,"37","28  day ahead inc hosp",2022-06-18,"quantile",0.15,80.2492051252774
2022-05-21,"37","28  day ahead inc hosp",2022-06-18,"quantile",0.2,101.939110177078
2022-05-21,"37","28  day ahead inc hosp",2022-06-18,"quantile",0.25,120.547117405756
2022-05-21,"37","28  day ahead inc hosp",2022-06-18,"quantile",0.3,137.25768300175
2022-05-21,"37","28  day ahead inc hosp",2022-06-18,"quantile",0.35,152.742512398549
2022-05-21,"37","28  day ahead inc hosp",2022-06-18,"quantile",0.4,167.436101231342
2022-05-21,"37","28  day ahead inc hosp",2022-06-18,"quantile",0.45,181.652318474588
2022-05-21,"37","28  day ahead inc hosp",2022-06-18,"quantile",0.5,195.643142964385
2022-05-21,"37","28  day ahead inc hosp",2022-06-18,"quantile",0.55,209.633967454182
2022-05-21,"37","28  day ahead inc hosp",2022-06-18,"quantile",0.6,223.850184697428
2022-05-21,"37","28  day ahead inc hosp",2022-06-18,"quantile",0.65,238.543773530222
2022-05-21,"37","28  day ahead inc hosp",2022-06-18,"quantile",0.7,254.02860292702
2022-05-21,"37","28  day ahead inc hosp",2022-06-18,"quantile",0.75,270.739168523014
2022-05-21,"37","28  day ahead inc hosp",2022-06-18,"quantile",0.8,289.347175751693
2022-05-21,"37","28  day ahead inc hosp",2022-06-18,"quantile",0.85,311.037080803493
2022-05-21,"37","28  day ahead inc hosp",2022-06-18,"quantile",0.9,338.327934086653
2022-05-21,"37","28  day ahead inc hosp",2022-06-18,"quantile",0.95,378.777089735025
2022-05-21,"37","28  day ahead inc hosp",2022-06-18,"quantile",0.975,413.860699916472
2022-05-21,"37","28  day ahead inc hosp",2022-06-18,"quantile",0.99,454.652978705323
2022-05-21,"37","29  day ahead inc hosp",2022-06-19,"quantile",0.01,0
2022-05-21,"37","29  day ahead inc hosp",2022-06-19,"quantile",0.025,0
2022-05-21,"37","29  day ahead inc hosp",2022-06-19,"quantile",0.05,20.470258671987
2022-05-21,"37","29  day ahead inc hosp",2022-06-19,"quantile",0.1,61.3782488615859
2022-05-21,"37","29  day ahead inc hosp",2022-06-19,"quantile",0.15,88.9786756313893
2022-05-21,"37","29  day ahead inc hosp",2022-06-19,"quantile",0.2,110.914619876695
2022-05-21,"37","29  day ahead inc hosp",2022-06-19,"quantile",0.25,129.733706825656
2022-05-21,"37","29  day ahead inc hosp",2022-06-19,"quantile",0.3,146.633828534156
2022-05-21,"37","29  day ahead inc hosp",2022-06-19,"quantile",0.35,162.2943099187
2022-05-21,"37","29  day ahead inc hosp",2022-06-19,"quantile",0.4,177.154575310818
2022-05-21,"37","29  day ahead inc hosp",2022-06-19,"quantile",0.45,191.532054054143
2022-05-21,"37","29  day ahead inc hosp",2022-06-19,"quantile",0.5,205.681583303861
2022-05-21,"37","29  day ahead inc hosp",2022-06-19,"quantile",0.55,219.831112553578
2022-05-21,"37","29  day ahead inc hosp",2022-06-19,"quantile",0.6,234.208591296903
2022-05-21,"37","29  day ahead inc hosp",2022-06-19,"quantile",0.65,249.068856689022
2022-05-21,"37","29  day ahead inc hosp",2022-06-19,"quantile",0.7,264.729338073565
2022-05-21,"37","29  day ahead inc hosp",2022-06-19,"quantile",0.75,281.629459782066
2022-05-21,"37","29  day ahead inc hosp",2022-06-19,"quantile",0.8,300.448546731026
2022-05-21,"37","29  day ahead inc hosp",2022-06-19,"quantile",0.85,322.384490976332
2022-05-21,"37","29  day ahead inc hosp",2022-06-19,"quantile",0.9,349.984917746136
2022-05-21,"37","29  day ahead inc hosp",2022-06-19,"quantile",0.95,390.892907935734
2022-05-21,"37","29  day ahead inc hosp",2022-06-19,"quantile",0.975,426.374488653875
2022-05-21,"37","29  day ahead inc hosp",2022-06-19,"quantile",0.99,467.629494197429
2022-05-21,"37","30  day ahead inc hosp",2022-06-20,"quantile",0.01,0
2022-05-21,"37","30  day ahead inc hosp",2022-06-20,"quantile",0.025,0
2022-05-21,"37","30  day ahead inc hosp",2022-06-20,"quantile",0.05,20.9570930332987
2022-05-21,"37","30  day ahead inc hosp",2022-06-20,"quantile",0.1,62.2946437554719
2022-05-21,"37","30  day ahead inc hosp",2022-06-20,"quantile",0.15,90.18489297726
2022-05-21,"37","30  day ahead inc hosp",2022-06-20,"quantile",0.2,112.351178919844
2022-05-21,"37","30  day ahead inc hosp",2022-06-20,"quantile",0.25,131.367878535057
2022-05-21,"37","30  day ahead inc hosp",2022-06-20,"quantile",0.3,148.445462525327
2022-05-21,"37","30  day ahead inc hosp",2022-06-20,"quantile",0.35,164.270389161098
2022-05-21,"37","30  day ahead inc hosp",2022-06-20,"quantile",0.4,179.286697015494
2022-05-21,"37","30  day ahead inc hosp",2022-06-20,"quantile",0.45,193.815148646938
2022-05-21,"37","30  day ahead inc hosp",2022-06-20,"quantile",0.5,208.113257166671
2022-05-21,"37","30  day ahead inc hosp",2022-06-20,"quantile",0.55,222.411365686405
2022-05-21,"37","30  day ahead inc hosp",2022-06-20,"quantile",0.6,236.939817317848
2022-05-21,"37","30  day ahead inc hosp",2022-06-20,"quantile",0.65,251.956125172245
2022-05-21,"37","30  day ahead inc hosp",2022-06-20,"quantile",0.7,267.781051808016
2022-05-21,"37","30  day ahead inc hosp",2022-06-20,"quantile",0.75,284.858635798286
2022-05-21,"37","30  day ahead inc hosp",2022-06-20,"quantile",0.8,303.875335413498
2022-05-21,"37","30  day ahead inc hosp",2022-06-20,"quantile",0.85,326.041621356083
2022-05-21,"37","30  day ahead inc hosp",2022-06-20,"quantile",0.9,353.931870577871
2022-05-21,"37","30  day ahead inc hosp",2022-06-20,"quantile",0.95,395.269421300044
2022-05-21,"37","30  day ahead inc hosp",2022-06-20,"quantile",0.975,431.123581718121
2022-05-21,"37","30  day ahead inc hosp",2022-06-20,"quantile",0.99,472.811791681412
2022-05-21,"37","31  day ahead inc hosp",2022-06-21,"quantile",0.01,0
2022-05-21,"37","31  day ahead inc hosp",2022-06-21,"quantile",0.025,0
2022-05-21,"37","31  day ahead inc hosp",2022-06-21,"quantile",0.05,22.9061785981189
2022-05-21,"37","31  day ahead inc hosp",2022-06-21,"quantile",0.1,64.654667693465
2022-05-21,"37","31  day ahead inc hosp",2022-06-21,"quantile",0.15,92.8221750846986
2022-05-21,"37","31  day ahead inc hosp",2022-06-21,"quantile",0.2,115.208817031096
2022-05-21,"37","31  day ahead inc hosp",2022-06-21,"quantile",0.25,134.414562476708
2022-05-21,"37","31  day ahead inc hosp",2022-06-21,"quantile",0.3,151.661915465385
2022-05-21,"37","31  day ahead inc hosp",2022-06-21,"quantile",0.35,167.644158378818
2022-05-21,"37","31  day ahead inc hosp",2022-06-21,"quantile",0.4,182.809743996724
2022-05-21,"37","31  day ahead inc hosp",2022-06-21,"quantile",0.45,197.48262359194
2022-05-21,"37","31  day ahead inc hosp",2022-06-21,"quantile",0.5,211.922870224646
2022-05-21,"37","31  day ahead inc hosp",2022-06-21,"quantile",0.55,226.363116857351
2022-05-21,"37","31  day ahead inc hosp",2022-06-21,"quantile",0.6,241.035996452568
2022-05-21,"37","31  day ahead inc hosp",2022-06-21,"quantile",0.65,256.201582070473
2022-05-21,"37","31  day ahead inc hosp",2022-06-21,"quantile",0.7,272.183824983906
2022-05-21,"37","31  day ahead inc hosp",2022-06-21,"quantile",0.75,289.431177972583
2022-05-21,"37","31  day ahead inc hosp",2022-06-21,"quantile",0.8,308.636923418196
2022-05-21,"37","31  day ahead inc hosp",2022-06-21,"quantile",0.85,331.023565364593
2022-05-21,"37","31  day ahead inc hosp",2022-06-21,"quantile",0.9,359.191072755827
2022-05-21,"37","31  day ahead inc hosp",2022-06-21,"quantile",0.95,400.939561851173
2022-05-21,"37","31  day ahead inc hosp",2022-06-21,"quantile",0.975,437.150150023103
2022-05-21,"37","31  day ahead inc hosp",2022-06-21,"quantile",0.99,479.252784278194
2022-05-21,"37","32  day ahead inc hosp",2022-06-22,"quantile",0.01,0
2022-05-21,"37","32  day ahead inc hosp",2022-06-22,"quantile",0.025,0
2022-05-21,"37","32  day ahead inc hosp",2022-06-22,"quantile",0.05,24.5752720942828
2022-05-21,"37","32  day ahead inc hosp",2022-06-22,"quantile",0.1,66.7116374128047
2022-05-21,"37","32  day ahead inc hosp",2022-06-22,"quantile",0.15,95.1408430503684
2022-05-21,"37","32  day ahead inc hosp",2022-06-22,"quantile",0.2,117.735474466945
2022-05-21,"37","32  day ahead inc hosp",2022-06-22,"quantile",0.25,137.119656358239
2022-05-21,"37","32  day ahead inc hosp",2022-06-22,"quantile",0.3,154.527250789947
2022-05-21,"37","32  day ahead inc hosp",2022-06-22,"quantile",0.35,170.657981281098
2022-05-21,"37","32  day ahead inc hosp",2022-06-22,"quantile",0.4,185.964467089626
2022-05-21,"37","32  day ahead inc hosp",2022-06-22,"quantile",0.45,200.773669249894
2022-05-21,"37","32  day ahead inc hosp",2022-06-22,"quantile",0.5,215.348077104885
2022-05-21,"37","32  day ahead inc hosp",2022-06-22,"quantile",0.55,229.922484959877
2022-05-21,"37","32  day ahead inc hosp",2022-06-22,"quantile",0.6,244.731687120145
2022-05-21,"37","32  day ahead inc hosp",2022-06-22,"quantile",0.65,260.038172928673
2022-05-21,"37","32  day ahead inc hosp",2022-06-22,"quantile",0.7,276.168903419823
2022-05-21,"37","32  day ahead inc hosp",2022-06-22,"quantile",0.75,293.576497851532
2022-05-21,"37","32  day ahead inc hosp",2022-06-22,"quantile",0.8,312.960679742825
2022-05-21,"37","32  day ahead inc hosp",2022-06-22,"quantile",0.85,335.555311159402
2022-05-21,"37","32  day ahead inc hosp",2022-06-22,"quantile",0.9,363.984516796966
2022-05-21,"37","32  day ahead inc hosp",2022-06-22,"quantile",0.95,406.120882115488
2022-05-21,"37","32  day ahead inc hosp",2022-06-22,"quantile",0.975,442.667895065499
2022-05-21,"37","32  day ahead inc hosp",2022-06-22,"quantile",0.99,485.161695830193
2022-05-21,"37","33  day ahead inc hosp",2022-06-23,"quantile",0.01,0
2022-05-21,"37","33  day ahead inc hosp",2022-06-23,"quantile",0.025,0
2022-05-21,"37","33  day ahead inc hosp",2022-06-23,"quantile",0.05,22.6512532210188
2022-05-21,"37","33  day ahead inc hosp",2022-06-23,"quantile",0.1,65.1574034059461
2022-05-21,"37","33  day ahead inc hosp",2022-06-23,"quantile",0.15,93.836101137316
2022-05-21,"37","33  day ahead inc hosp",2022-06-23,"quantile",0.2,116.62902096099
2022-05-21,"37","33  day ahead inc hosp",2022-06-23,"quantile",0.25,136.183316649638
2022-05-21,"37","33  day ahead inc hosp",2022-06-23,"quantile",0.3,153.743678528959
2022-05-21,"37","33  day ahead inc hosp",2022-06-23,"quantile",0.35,170.015970827223
2022-05-21,"37","33  day ahead inc hosp",2022-06-23,"quantile",0.4,185.456784947342
2022-05-21,"37","33  day ahead inc hosp",2022-06-23,"quantile",0.45,200.395951303644
2022-05-21,"37","33  day ahead inc hosp",2022-06-23,"quantile",0.5,215.098262821442
2022-05-21,"37","33  day ahead inc hosp",2022-06-23,"quantile",0.55,229.80057433924
2022-05-21,"37","33  day ahead inc hosp",2022-06-23,"quantile",0.6,244.739740695542
2022-05-21,"37","33  day ahead inc hosp",2022-06-23,"quantile",0.65,260.180554815661
2022-05-21,"37","33  day ahead inc hosp",2022-06-23,"quantile",0.7,276.452847113925
2022-05-21,"37","33  day ahead inc hosp",2022-06-23,"quantile",0.75,294.013208993246
2022-05-21,"37","33  day ahead inc hosp",2022-06-23,"quantile",0.8,313.567504681894
2022-05-21,"37","33  day ahead inc hosp",2022-06-23,"quantile",0.85,336.360424505568
2022-05-21,"37","33  day ahead inc hosp",2022-06-23,"quantile",0.9,365.039122236938
2022-05-21,"37","33  day ahead inc hosp",2022-06-23,"quantile",0.95,407.545272421865
2022-05-21,"37","33  day ahead inc hosp",2022-06-23,"quantile",0.975,444.413018595994
2022-05-21,"37","33  day ahead inc hosp",2022-06-23,"quantile",0.99,487.279741047693
2022-05-21,"37","34  day ahead inc hosp",2022-06-24,"quantile",0.01,0
2022-05-21,"37","34  day ahead inc hosp",2022-06-24,"quantile",0.025,0
2022-05-21,"37","34  day ahead inc hosp",2022-06-24,"quantile",0.05,19.6770646291147
2022-05-21,"37","34  day ahead inc hosp",2022-06-24,"quantile",0.1,62.5337133547086
2022-05-21,"37","34  day ahead inc hosp",2022-06-24,"quantile",0.15,91.4488907874707
2022-05-21,"37","34  day ahead inc hosp",2022-06-24,"quantile",0.2,114.429757181252
2022-05-21,"37","34  day ahead inc hosp",2022-06-24,"quantile",0.25,134.145294291972
2022-05-21,"37","34  day ahead inc hosp",2022-06-24,"quantile",0.3,151.85045595169
2022-05-21,"37","34  day ahead inc hosp",2022-06-24,"quantile",0.35,168.256926825972
2022-05-21,"37","34  day ahead inc hosp",2022-06-24,"quantile",0.4,183.825063293382
2022-05-21,"37","34  day ahead inc hosp",2022-06-24,"quantile",0.45,198.887415494176
2022-05-21,"37","34  day ahead inc hosp",2022-06-24,"quantile",0.5,213.710959791442
2022-05-21,"37","34  day ahead inc hosp",2022-06-24,"quantile",0.55,228.534504088709
2022-05-21,"37","34  day ahead inc hosp",2022-06-24,"quantile",0.6,243.596856289503
2022-05-21,"37","34  day ahead inc hosp",2022-06-24,"quantile",0.65,259.164992756912
2022-05-21,"37","34  day ahead inc hosp",2022-06-24,"quantile",0.7,275.571463631195
2022-05-21,"37","34  day ahead inc hosp",2022-06-24,"quantile",0.75,293.276625290913
2022-05-21,"37","34  day ahead inc hosp",2022-06-24,"quantile",0.8,312.992162401633
2022-05-21,"37","34  day ahead inc hosp",2022-06-24,"quantile",0.85,335.973028795414
2022-05-21,"37","34  day ahead inc hosp",2022-06-24,"quantile",0.9,364.888206228176
2022-05-21,"37","34  day ahead inc hosp",2022-06-24,"quantile",0.95,407.74485495377
2022-05-21,"37","34  day ahead inc hosp",2022-06-24,"quantile",0.975,444.916606340686
2022-05-21,"37","34  day ahead inc hosp",2022-06-24,"quantile",0.99,488.136800551109
2022-05-21,"37","35  day ahead inc hosp",2022-06-25,"quantile",0.01,0
2022-05-21,"37","35  day ahead inc hosp",2022-06-25,"quantile",0.025,0
2022-05-21,"37","35  day ahead inc hosp",2022-06-25,"quantile",0.05,18.9947454656667
2022-05-21,"37","35  day ahead inc hosp",2022-06-25,"quantile",0.1,62.1851866532017
2022-05-21,"37","35  day ahead inc hosp",2022-06-25,"quantile",0.15,91.3255722753522
2022-05-21,"37","35  day ahead inc hosp",2022-06-25,"quantile",0.2,114.485426998814
2022-05-21,"37","35  day ahead inc hosp",2022-06-25,"quantile",0.25,134.354520158978
2022-05-21,"37","35  day ahead inc hosp",2022-06-25,"quantile",0.3,152.197579896945
2022-05-21,"37","35  day ahead inc hosp",2022-06-25,"quantile",0.35,168.731833891647
2022-05-21,"37","35  day ahead inc hosp",2022-06-25,"quantile",0.4,184.421224044396
2022-05-21,"37","35  day ahead inc hosp",2022-06-25,"quantile",0.45,199.600890589014
2022-05-21,"37","35  day ahead inc hosp",2022-06-25,"quantile",0.5,214.539889255505
2022-05-21,"37","35  day ahead inc hosp",2022-06-25,"quantile",0.55,229.478887921995
2022-05-21,"37","35  day ahead inc hosp",2022-06-25,"quantile",0.6,244.658554466613
2022-05-21,"37","35  day ahead inc hosp",2022-06-25,"quantile",0.65,260.347944619363
2022-05-21,"37","35  day ahead inc hosp",2022-06-25,"quantile",0.7,276.882198614065
2022-05-21,"37","35  day ahead inc hosp",2022-06-25,"quantile",0.75,294.725258352032
2022-05-21,"37","35  day ahead inc hosp",2022-06-25,"quantile",0.8,314.594351512195
2022-05-21,"37","35  day ahead inc hosp",2022-06-25,"quantile",0.85,337.754206235658
2022-05-21,"37","35  day ahead inc hosp",2022-06-25,"quantile",0.9,366.894591857808
2022-05-21,"37","35  day ahead inc hosp",2022-06-25,"quantile",0.95,410.085033045343
2022-05-21,"37","35  day ahead inc hosp",2022-06-25,"quantile",0.975,447.546299613195
2022-05-21,"37","35  day ahead inc hosp",2022-06-25,"quantile",0.99,491.103117788862
2022-05-21,"37","36  day ahead inc hosp",2022-06-26,"quantile",0.01,0
2022-05-21,"37","36  day ahead inc hosp",2022-06-26,"quantile",0.025,0
2022-05-21,"37","36  day ahead inc hosp",2022-06-26,"quantile",0.05,22.3511076288943
2022-05-21,"37","36  day ahead inc hosp",2022-06-26,"quantile",0.1,65.858670858086
2022-05-21,"37","36  day ahead inc hosp",2022-06-26,"quantile",0.15,95.2130172162021
2022-05-21,"37","36  day ahead inc hosp",2022-06-26,"quantile",0.2,118.542921149916
2022-05-21,"37","36  day ahead inc hosp",2022-06-26,"quantile",0.25,138.557901391007
2022-05-21,"37","36  day ahead inc hosp",2022-06-26,"quantile",0.3,156.531972236476
2022-05-21,"37","36  day ahead inc hosp",2022-06-26,"quantile",0.35,173.187627546838
2022-05-21,"37","36  day ahead inc hosp",2022-06-26,"quantile",0.4,188.992215676288
2022-05-21,"37","36  day ahead inc hosp",2022-06-26,"quantile",0.45,204.283337596538
2022-05-21,"37","36  day ahead inc hosp",2022-06-26,"quantile",0.5,219.332024555789
2022-05-21,"37","36  day ahead inc hosp",2022-06-26,"quantile",0.55,234.38071151504
2022-05-21,"37","36  day ahead inc hosp",2022-06-26,"quantile",0.6,249.671833435291
2022-05-21,"37","36  day ahead inc hosp",2022-06-26,"quantile",0.65,265.47642156474
2022-05-21,"37","36  day ahead inc hosp",2022-06-26,"quantile",0.7,282.132076875102
2022-05-21,"37","36  day ahead inc hosp",2022-06-26,"quantile",0.75,300.106147720571
2022-05-21,"37","36  day ahead inc hosp",2022-06-26,"quantile",0.8,320.121127961662
2022-05-21,"37","36  day ahead inc hosp",2022-06-26,"quantile",0.85,343.451031895376
2022-05-21,"37","36  day ahead inc hosp",2022-06-26,"quantile",0.9,372.805378253492
2022-05-21,"37","36  day ahead inc hosp",2022-06-26,"quantile",0.95,416.312941482684
2022-05-21,"37","36  day ahead inc hosp",2022-06-26,"quantile",0.975,454.049264128001
2022-05-21,"37","36  day ahead inc hosp",2022-06-26,"quantile",0.99,497.925894436356
2022-05-21,"37","37  day ahead inc hosp",2022-06-27,"quantile",0.01,0
2022-05-21,"37","37  day ahead inc hosp",2022-06-27,"quantile",0.025,0
2022-05-21,"37","37  day ahead inc hosp",2022-06-27,"quantile",0.05,25.9408538336514
2022-05-21,"37","37  day ahead inc hosp",2022-06-27,"quantile",0.1,69.7504035759264
2022-05-21,"37","37  day ahead inc hosp",2022-06-27,"quantile",0.15,99.3084988007355
2022-05-21,"37","37  day ahead inc hosp",2022-06-27,"quantile",0.2,122.800335874727
2022-05-21,"37","37  day ahead inc hosp",2022-06-27,"quantile",0.25,142.954240331375
2022-05-21,"37","37  day ahead inc hosp",2022-06-27,"quantile",0.3,161.053069416049
2022-05-21,"37","37  day ahead inc hosp",2022-06-27,"quantile",0.35,177.824331827728
2022-05-21,"37","37  day ahead inc hosp",2022-06-27,"quantile",0.4,193.738619791084
2022-05-21,"37","37  day ahead inc hosp",2022-06-27,"quantile",0.45,209.135877570185
2022-05-21,"37","37  day ahead inc hosp",2022-06-27,"quantile",0.5,224.289017644343
2022-05-21,"37","37  day ahead inc hosp",2022-06-27,"quantile",0.55,239.442157718501
2022-05-21,"37","37  day ahead inc hosp",2022-06-27,"quantile",0.6,254.839415497602
2022-05-21,"37","37  day ahead inc hosp",2022-06-27,"quantile",0.65,270.753703460958
2022-05-21,"37","37  day ahead inc hosp",2022-06-27,"quantile",0.7,287.524965872637
2022-05-21,"37","37  day ahead inc hosp",2022-06-27,"quantile",0.75,305.62379495731
2022-05-21,"37","37  day ahead inc hosp",2022-06-27,"quantile",0.8,325.777699413959
2022-05-21,"37","37  day ahead inc hosp",2022-06-27,"quantile",0.85,349.26953648795
2022-05-21,"37","37  day ahead inc hosp",2022-06-27,"quantile",0.9,378.827631712759
2022-05-21,"37","37  day ahead inc hosp",2022-06-27,"quantile",0.95,422.637181455034
2022-05-21,"37","37  day ahead inc hosp",2022-06-27,"quantile",0.975,460.635432364001
2022-05-21,"37","37  day ahead inc hosp",2022-06-27,"quantile",0.99,504.816610884419
2022-05-21,"38","1  day ahead inc hosp",2022-05-22,"quantile",0.01,0
2022-05-21,"38","1  day ahead inc hosp",2022-05-22,"quantile",0.025,0
2022-05-21,"38","1  day ahead inc hosp",2022-05-22,"quantile",0.05,0
2022-05-21,"38","1  day ahead inc hosp",2022-05-22,"quantile",0.1,0.455721476702545
2022-05-21,"38","1  day ahead inc hosp",2022-05-22,"quantile",0.15,1.83934245670575
2022-05-21,"38","1  day ahead inc hosp",2022-05-22,"quantile",0.2,2.93900054993464
2022-05-21,"38","1  day ahead inc hosp",2022-05-22,"quantile",0.25,3.88240927851178
2022-05-21,"38","1  day ahead inc hosp",2022-05-22,"quantile",0.3,4.72961947404657
2022-05-21,"38","1  day ahead inc hosp",2022-05-22,"quantile",0.35,5.51468597976853
2022-05-21,"38","1  day ahead inc hosp",2022-05-22,"quantile",0.4,6.2596373218777
2022-05-21,"38","1  day ahead inc hosp",2022-05-22,"quantile",0.45,6.98038636661996
2022-05-21,"38","1  day ahead inc hosp",2022-05-22,"quantile",0.5,7.68970820755965
2022-05-21,"38","1  day ahead inc hosp",2022-05-22,"quantile",0.55,8.39903004849934
2022-05-21,"38","1  day ahead inc hosp",2022-05-22,"quantile",0.6,9.11977909324161
2022-05-21,"38","1  day ahead inc hosp",2022-05-22,"quantile",0.65,9.86473043535078
2022-05-21,"38","1  day ahead inc hosp",2022-05-22,"quantile",0.7,10.6497969410727
2022-05-21,"38","1  day ahead inc hosp",2022-05-22,"quantile",0.75,11.4970071366075
2022-05-21,"38","1  day ahead inc hosp",2022-05-22,"quantile",0.8,12.4404158651847
2022-05-21,"38","1  day ahead inc hosp",2022-05-22,"quantile",0.85,13.5400739584136
2022-05-21,"38","1  day ahead inc hosp",2022-05-22,"quantile",0.9,14.9236949384168
2022-05-21,"38","1  day ahead inc hosp",2022-05-22,"quantile",0.95,16.9744296588675
2022-05-21,"38","1  day ahead inc hosp",2022-05-22,"quantile",0.975,18.7531361946305
2022-05-21,"38","1  day ahead inc hosp",2022-05-22,"quantile",0.99,20.8212669404442
2022-05-21,"38","2  day ahead inc hosp",2022-05-23,"quantile",0.01,0
2022-05-21,"38","2  day ahead inc hosp",2022-05-23,"quantile",0.025,0
2022-05-21,"38","2  day ahead inc hosp",2022-05-23,"quantile",0.05,0
2022-05-21,"38","2  day ahead inc hosp",2022-05-23,"quantile",0.1,0
2022-05-21,"38","2  day ahead inc hosp",2022-05-23,"quantile",0.15,1.06861525206634
2022-05-21,"38","2  day ahead inc hosp",2022-05-23,"quantile",0.2,2.24636275050991
2022-05-21,"38","2  day ahead inc hosp",2022-05-23,"quantile",0.25,3.25676523554875
2022-05-21,"38","2  day ahead inc hosp",2022-05-23,"quantile",0.3,4.16413789491524
2022-05-21,"38","2  day ahead inc hosp",2022-05-23,"quantile",0.35,5.00495388937673
2022-05-21,"38","2  day ahead inc hosp",2022-05-23,"quantile",0.4,5.80280604454532
2022-05-21,"38","2  day ahead inc hosp",2022-05-23,"quantile",0.45,6.57473723813869
2022-05-21,"38","2  day ahead inc hosp",2022-05-23,"quantile",0.5,7.33442975429627
2022-05-21,"38","2  day ahead inc hosp",2022-05-23,"quantile",0.55,8.09412227045386
2022-05-21,"38","2  day ahead inc hosp",2022-05-23,"quantile",0.6,8.86605346404723
2022-05-21,"38","2  day ahead inc hosp",2022-05-23,"quantile",0.65,9.66390561921581
2022-05-21,"38","2  day ahead inc hosp",2022-05-23,"quantile",0.7,10.5047216136773
2022-05-21,"38","2  day ahead inc hosp",2022-05-23,"quantile",0.75,11.4120942730438
2022-05-21,"38","2  day ahead inc hosp",2022-05-23,"quantile",0.8,12.4224967580826
2022-05-21,"38","2  day ahead inc hosp",2022-05-23,"quantile",0.85,13.6002442565262
2022-05-21,"38","2  day ahead inc hosp",2022-05-23,"quantile",0.9,15.0821195394225
2022-05-21,"38","2  day ahead inc hosp",2022-05-23,"quantile",0.95,17.278481937748
2022-05-21,"38","2  day ahead inc hosp",2022-05-23,"quantile",0.975,19.1834987660323
2022-05-21,"38","2  day ahead inc hosp",2022-05-23,"quantile",0.99,21.3984925239415
2022-05-21,"38","3  day ahead inc hosp",2022-05-24,"quantile",0.01,0
2022-05-21,"38","3  day ahead inc hosp",2022-05-24,"quantile",0.025,0
2022-05-21,"38","3  day ahead inc hosp",2022-05-24,"quantile",0.05,0
2022-05-21,"38","3  day ahead inc hosp",2022-05-24,"quantile",0.1,0
2022-05-21,"38","3  day ahead inc hosp",2022-05-24,"quantile",0.15,0.491408943509901
2022-05-21,"38","3  day ahead inc hosp",2022-05-24,"quantile",0.2,1.70332814165558
2022-05-21,"38","3  day ahead inc hosp",2022-05-24,"quantile",0.25,2.743046902333
2022-05-21,"38","3  day ahead inc hosp",2022-05-24,"quantile",0.3,3.67674648328052
2022-05-21,"38","3  day ahead inc hosp",2022-05-24,"quantile",0.35,4.54195829408247
2022-05-21,"38","3  day ahead inc hosp",2022-05-24,"quantile",0.4,5.36295969328608
2022-05-21,"38","3  day ahead inc hosp",2022-05-24,"quantile",0.45,6.15728804838735
2022-05-21,"38","3  day ahead inc hosp",2022-05-24,"quantile",0.5,6.93902262751886
2022-05-21,"38","3  day ahead inc hosp",2022-05-24,"quantile",0.55,7.72075720665037
2022-05-21,"38","3  day ahead inc hosp",2022-05-24,"quantile",0.6,8.51508556175164
2022-05-21,"38","3  day ahead inc hosp",2022-05-24,"quantile",0.65,9.33608696095525
2022-05-21,"38","3  day ahead inc hosp",2022-05-24,"quantile",0.7,10.2012987717572
2022-05-21,"38","3  day ahead inc hosp",2022-05-24,"quantile",0.75,11.1349983527047
2022-05-21,"38","3  day ahead inc hosp",2022-05-24,"quantile",0.8,12.1747171133821
2022-05-21,"38","3  day ahead inc hosp",2022-05-24,"quantile",0.85,13.3866363115278
2022-05-21,"38","3  day ahead inc hosp",2022-05-24,"quantile",0.9,14.9115073955021
2022-05-21,"38","3  day ahead inc hosp",2022-05-24,"quantile",0.95,17.1715960478946
2022-05-21,"38","3  day ahead inc hosp",2022-05-24,"quantile",0.975,19.1318858978322
2022-05-21,"38","3  day ahead inc hosp",2022-05-24,"quantile",0.99,21.4111464885195
2022-05-21,"38","4  day ahead inc hosp",2022-05-25,"quantile",0.01,0
2022-05-21,"38","4  day ahead inc hosp",2022-05-25,"quantile",0.025,0
2022-05-21,"38","4  day ahead inc hosp",2022-05-25,"quantile",0.05,0
2022-05-21,"38","4  day ahead inc hosp",2022-05-25,"quantile",0.1,0
2022-05-21,"38","4  day ahead inc hosp",2022-05-25,"quantile",0.15,0.647989244613144
2022-05-21,"38","4  day ahead inc hosp",2022-05-25,"quantile",0.2,1.89355417655752
2022-05-21,"38","4  day ahead inc hosp",2022-05-25,"quantile",0.25,2.96213798096129
2022-05-21,"38","4  day ahead inc hosp",2022-05-25,"quantile",0.3,3.92175926328674
2022-05-21,"38","4  day ahead inc hosp",2022-05-25,"quantile",0.35,4.81099139352111
2022-05-21,"38","4  day ahead inc hosp",2022-05-25,"quantile",0.4,5.65478572691392
2022-05-21,"38","4  day ahead inc hosp",2022-05-25,"quantile",0.45,6.47116650962372
2022-05-21,"38","4  day ahead inc hosp",2022-05-25,"quantile",0.5,7.27460388345553
2022-05-21,"38","4  day ahead inc hosp",2022-05-25,"quantile",0.55,8.07804125728733
2022-05-21,"38","4  day ahead inc hosp",2022-05-25,"quantile",0.6,8.89442203999714
2022-05-21,"38","4  day ahead inc hosp",2022-05-25,"quantile",0.65,9.73821637338994
2022-05-21,"38","4  day ahead inc hosp",2022-05-25,"quantile",0.7,10.6274485036243
2022-05-21,"38","4  day ahead inc hosp",2022-05-25,"quantile",0.75,11.5870697859498
2022-05-21,"38","4  day ahead inc hosp",2022-05-25,"quantile",0.8,12.6556535903535
2022-05-21,"38","4  day ahead inc hosp",2022-05-25,"quantile",0.85,13.9012185222979
2022-05-21,"38","4  day ahead inc hosp",2022-05-25,"quantile",0.9,15.4684236221432
2022-05-21,"38","4  day ahead inc hosp",2022-05-25,"quantile",0.95,17.7912576632351
2022-05-21,"38","4  day ahead inc hosp",2022-05-25,"quantile",0.975,19.8059697803999
2022-05-21,"38","4  day ahead inc hosp",2022-05-25,"quantile",0.99,22.1485080179877
2022-05-21,"38","5  day ahead inc hosp",2022-05-26,"quantile",0.01,0
2022-05-21,"38","5  day ahead inc hosp",2022-05-26,"quantile",0.025,0
2022-05-21,"38","5  day ahead inc hosp",2022-05-26,"quantile",0.05,0
2022-05-21,"38","5  day ahead inc hosp",2022-05-26,"quantile",0.1,0
2022-05-21,"38","5  day ahead inc hosp",2022-05-26,"quantile",0.15,0.794063756021115
2022-05-21,"38","5  day ahead inc hosp",2022-05-26,"quantile",0.2,2.07999470790681
2022-05-21,"38","5  day ahead inc hosp",2022-05-26,"quantile",0.25,3.18320896316165
2022-05-21,"38","5  day ahead inc hosp",2022-05-26,"quantile",0.3,4.17392946065045
2022-05-21,"38","5  day ahead inc hosp",2022-05-26,"quantile",0.35,5.09197964844321
2022-05-21,"38","5  day ahead inc hosp",2022-05-26,"quantile",0.4,5.96311950033495
2022-05-21,"38","5  day ahead inc hosp",2022-05-26,"quantile",0.45,6.80595738865958
2022-05-21,"38","5  day ahead inc hosp",2022-05-26,"quantile",0.5,7.63543240069227
2022-05-21,"38","5  day ahead inc hosp",2022-05-26,"quantile",0.55,8.46490741272497
2022-05-21,"38","5  day ahead inc hosp",2022-05-26,"quantile",0.6,9.3077453010496
2022-05-21,"38","5  day ahead inc hosp",2022-05-26,"quantile",0.65,10.1788851529413
2022-05-21,"38","5  day ahead inc hosp",2022-05-26,"quantile",0.7,11.0969353407341
2022-05-21,"38","5  day ahead inc hosp",2022-05-26,"quantile",0.75,12.0876558382229
2022-05-21,"38","5  day ahead inc hosp",2022-05-26,"quantile",0.8,13.1908700934777
2022-05-21,"38","5  day ahead inc hosp",2022-05-26,"quantile",0.85,14.4768010453634
2022-05-21,"38","5  day ahead inc hosp",2022-05-26,"quantile",0.9,16.0947958155744
2022-05-21,"38","5  day ahead inc hosp",2022-05-26,"quantile",0.95,18.4929077990829
2022-05-21,"38","5  day ahead inc hosp",2022-05-26,"quantile",0.975,20.5729123047951
2022-05-21,"38","5  day ahead inc hosp",2022-05-26,"quantile",0.99,22.9913670544704
2022-05-21,"38","6  day ahead inc hosp",2022-05-27,"quantile",0.01,0
2022-05-21,"38","6  day ahead inc hosp",2022-05-27,"quantile",0.025,0
2022-05-21,"38","6  day ahead inc hosp",2022-05-27,"quantile",0.05,0
2022-05-21,"38","6  day ahead inc hosp",2022-05-27,"quantile",0.1,0
2022-05-21,"38","6  day ahead inc hosp",2022-05-27,"quantile",0.15,0.677608821161972
2022-05-21,"38","6  day ahead inc hosp",2022-05-27,"quantile",0.2,2.01147735497669
2022-05-21,"38","6  day ahead inc hosp",2022-05-27,"quantile",0.25,3.15581778708341
2022-05-21,"38","6  day ahead inc hosp",2022-05-27,"quantile",0.3,4.18347086244312
2022-05-21,"38","6  day ahead inc hosp",2022-05-27,"quantile",0.35,5.13574458768768
2022-05-21,"38","6  day ahead inc hosp",2022-05-27,"quantile",0.4,6.03935922989414
2022-05-21,"38","6  day ahead inc hosp",2022-05-27,"quantile",0.45,6.91361685367594
2022-05-21,"38","6  day ahead inc hosp",2022-05-27,"quantile",0.5,7.77401345313065
2022-05-21,"38","6  day ahead inc hosp",2022-05-27,"quantile",0.55,8.63441005258536
2022-05-21,"38","6  day ahead inc hosp",2022-05-27,"quantile",0.6,9.50866767636716
2022-05-21,"38","6  day ahead inc hosp",2022-05-27,"quantile",0.65,10.4122823185736
2022-05-21,"38","6  day ahead inc hosp",2022-05-27,"quantile",0.7,11.3645560438182
2022-05-21,"38","6  day ahead inc hosp",2022-05-27,"quantile",0.75,12.3922091191779
2022-05-21,"38","6  day ahead inc hosp",2022-05-27,"quantile",0.8,13.5365495512846
2022-05-21,"38","6  day ahead inc hosp",2022-05-27,"quantile",0.85,14.8704180850993
2022-05-21,"38","6  day ahead inc hosp",2022-05-27,"quantile",0.9,16.5487292795662
2022-05-21,"38","6  day ahead inc hosp",2022-05-27,"quantile",0.95,19.0362392898629
2022-05-21,"38","6  day ahead inc hosp",2022-05-27,"quantile",0.975,21.1937832515304
2022-05-21,"38","6  day ahead inc hosp",2022-05-27,"quantile",0.99,23.7023943758806
2022-05-21,"38","7  day ahead inc hosp",2022-05-28,"quantile",0.01,0
2022-05-21,"38","7  day ahead inc hosp",2022-05-28,"quantile",0.025,0
2022-05-21,"38","7  day ahead inc hosp",2022-05-28,"quantile",0.05,0
2022-05-21,"38","7  day ahead inc hosp",2022-05-28,"quantile",0.1,0
2022-05-21,"38","7  day ahead inc hosp",2022-05-28,"quantile",0.15,0
2022-05-21,"38","7  day ahead inc hosp",2022-05-28,"quantile",0.2,1.31825682607421
2022-05-21,"38","7  day ahead inc hosp",2022-05-28,"quantile",0.25,2.50936098284108
2022-05-21,"38","7  day ahead inc hosp",2022-05-28,"quantile",0.3,3.57900932823929
2022-05-21,"38","7  day ahead inc hosp",2022-05-28,"quantile",0.35,4.57019792972086
2022-05-21,"38","7  day ahead inc hosp",2022-05-28,"quantile",0.4,5.5107389839822
2022-05-21,"38","7  day ahead inc hosp",2022-05-28,"quantile",0.45,6.42072333877299
2022-05-21,"38","7  day ahead inc hosp",2022-05-28,"quantile",0.5,7.31628023541423
2022-05-21,"38","7  day ahead inc hosp",2022-05-28,"quantile",0.55,8.21183713205547
2022-05-21,"38","7  day ahead inc hosp",2022-05-28,"quantile",0.6,9.12182148684626
2022-05-21,"38","7  day ahead inc hosp",2022-05-28,"quantile",0.65,10.0623625411076
2022-05-21,"38","7  day ahead inc hosp",2022-05-28,"quantile",0.7,11.0535511425892
2022-05-21,"38","7  day ahead inc hosp",2022-05-28,"quantile",0.75,12.1231994879874
2022-05-21,"38","7  day ahead inc hosp",2022-05-28,"quantile",0.8,13.3143036447543
2022-05-21,"38","7  day ahead inc hosp",2022-05-28,"quantile",0.85,14.7026810109916
2022-05-21,"38","7  day ahead inc hosp",2022-05-28,"quantile",0.9,16.4495767633314
2022-05-21,"38","7  day ahead inc hosp",2022-05-28,"quantile",0.95,19.0387394199448
2022-05-21,"38","7  day ahead inc hosp",2022-05-28,"quantile",0.975,21.2844518924285
2022-05-21,"38","7  day ahead inc hosp",2022-05-28,"quantile",0.99,23.8955779647847
2022-05-21,"38","8  day ahead inc hosp",2022-05-29,"quantile",0.01,0
2022-05-21,"38","8  day ahead inc hosp",2022-05-29,"quantile",0.025,0
2022-05-21,"38","8  day ahead inc hosp",2022-05-29,"quantile",0.05,0
2022-05-21,"38","8  day ahead inc hosp",2022-05-29,"quantile",0.1,0
2022-05-21,"38","8  day ahead inc hosp",2022-05-29,"quantile",0.15,0.655136017570658
2022-05-21,"38","8  day ahead inc hosp",2022-05-29,"quantile",0.2,2.10312924365466
2022-05-21,"38","8  day ahead inc hosp",2022-05-29,"quantile",0.25,3.34537849987314
2022-05-21,"38","8  day ahead inc hosp",2022-05-29,"quantile",0.3,4.46095672528463
2022-05-21,"38","8  day ahead inc hosp",2022-05-29,"quantile",0.35,5.49470620551896
2022-05-21,"38","8  day ahead inc hosp",2022-05-29,"quantile",0.4,6.47563337167927
2022-05-21,"38","8  day ahead inc hosp",2022-05-29,"quantile",0.45,7.42469175711697
2022-05-21,"38","8  day ahead inc hosp",2022-05-29,"quantile",0.5,8.35870318041154
2022-05-21,"38","8  day ahead inc hosp",2022-05-29,"quantile",0.55,9.2927146037061
2022-05-21,"38","8  day ahead inc hosp",2022-05-29,"quantile",0.6,10.2417729891438
2022-05-21,"38","8  day ahead inc hosp",2022-05-29,"quantile",0.65,11.2227001553041
2022-05-21,"38","8  day ahead inc hosp",2022-05-29,"quantile",0.7,12.2564496355384
2022-05-21,"38","8  day ahead inc hosp",2022-05-29,"quantile",0.75,13.3720278609499
2022-05-21,"38","8  day ahead inc hosp",2022-05-29,"quantile",0.8,14.6142771171684
2022-05-21,"38","8  day ahead inc hosp",2022-05-29,"quantile",0.85,16.0622703432524
2022-05-21,"38","8  day ahead inc hosp",2022-05-29,"quantile",0.9,17.8841764601161
2022-05-21,"38","8  day ahead inc hosp",2022-05-29,"quantile",0.95,20.5845157764838
2022-05-21,"38","8  day ahead inc hosp",2022-05-29,"quantile",0.975,22.9266574210868
2022-05-21,"38","8  day ahead inc hosp",2022-05-29,"quantile",0.99,25.6499032454333
2022-05-21,"38","9  day ahead inc hosp",2022-05-30,"quantile",0.01,0
2022-05-21,"38","9  day ahead inc hosp",2022-05-30,"quantile",0.025,0
2022-05-21,"38","9  day ahead inc hosp",2022-05-30,"quantile",0.05,0
2022-05-21,"38","9  day ahead inc hosp",2022-05-30,"quantile",0.1,0
2022-05-21,"38","9  day ahead inc hosp",2022-05-30,"quantile",0.15,0.358075965316427
2022-05-21,"38","9  day ahead inc hosp",2022-05-30,"quantile",0.2,1.86936474846788
2022-05-21,"38","9  day ahead inc hosp",2022-05-30,"quantile",0.25,3.16591595670695
2022-05-21,"38","9  day ahead inc hosp",2022-05-30,"quantile",0.3,4.33025901330533
2022-05-21,"38","9  day ahead inc hosp",2022-05-30,"quantile",0.35,5.40919637704694
2022-05-21,"38","9  day ahead inc hosp",2022-05-30,"quantile",0.4,6.43300242572289
2022-05-21,"38","9  day ahead inc hosp",2022-05-30,"quantile",0.45,7.42354662622775
2022-05-21,"38","9  day ahead inc hosp",2022-05-30,"quantile",0.5,8.39838612266508
2022-05-21,"38","9  day ahead inc hosp",2022-05-30,"quantile",0.55,9.37322561910242
2022-05-21,"38","9  day ahead inc hosp",2022-05-30,"quantile",0.6,10.3637698196073
2022-05-21,"38","9  day ahead inc hosp",2022-05-30,"quantile",0.65,11.3875758682832
2022-05-21,"38","9  day ahead inc hosp",2022-05-30,"quantile",0.7,12.4665132320248
2022-05-21,"38","9  day ahead inc hosp",2022-05-30,"quantile",0.75,13.6308562886232
2022-05-21,"38","9  day ahead inc hosp",2022-05-30,"quantile",0.8,14.9274074968623
2022-05-21,"38","9  day ahead inc hosp",2022-05-30,"quantile",0.85,16.4386962800137
2022-05-21,"38","9  day ahead inc hosp",2022-05-30,"quantile",0.9,18.3402426607365
2022-05-21,"38","9  day ahead inc hosp",2022-05-30,"quantile",0.95,21.1586208451194
2022-05-21,"38","9  day ahead inc hosp",2022-05-30,"quantile",0.975,23.6031436041196
2022-05-21,"38","9  day ahead inc hosp",2022-05-30,"quantile",0.99,26.4454295996343
2022-05-21,"38","10  day ahead inc hosp",2022-05-31,"quantile",0.01,0
2022-05-21,"38","10  day ahead inc hosp",2022-05-31,"quantile",0.025,0
2022-05-21,"38","10  day ahead inc hosp",2022-05-31,"quantile",0.05,0
2022-05-21,"38","10  day ahead inc hosp",2022-05-31,"quantile",0.1,0
2022-05-21,"38","10  day ahead inc hosp",2022-05-31,"quantile",0.15,0
2022-05-21,"38","10  day ahead inc hosp",2022-05-31,"quantile",0.2,1.35338568777811
2022-05-21,"38","10  day ahead inc hosp",2022-05-31,"quantile",0.25,2.7063448760061
2022-05-21,"38","10  day ahead inc hosp",2022-05-31,"quantile",0.3,3.92134404199643
2022-05-21,"38","10  day ahead inc hosp",2022-05-31,"quantile",0.35,5.04722184035913
2022-05-21,"38","10  day ahead inc hosp",2022-05-31,"quantile",0.4,6.11556977117537
2022-05-21,"38","10  day ahead inc hosp",2022-05-31,"quantile",0.45,7.14920875812996
2022-05-21,"38","10  day ahead inc hosp",2022-05-31,"quantile",0.5,8.16645978945925
2022-05-21,"38","10  day ahead inc hosp",2022-05-31,"quantile",0.55,9.18371082078854
2022-05-21,"38","10  day ahead inc hosp",2022-05-31,"quantile",0.6,10.2173498077431
2022-05-21,"38","10  day ahead inc hosp",2022-05-31,"quantile",0.65,11.2856977385594
2022-05-21,"38","10  day ahead inc hosp",2022-05-31,"quantile",0.7,12.4115755369221
2022-05-21,"38","10  day ahead inc hosp",2022-05-31,"quantile",0.75,13.6265747029124
2022-05-21,"38","10  day ahead inc hosp",2022-05-31,"quantile",0.8,14.9795338911404
2022-05-21,"38","10  day ahead inc hosp",2022-05-31,"quantile",0.85,16.556573064169
2022-05-21,"38","10  day ahead inc hosp",2022-05-31,"quantile",0.9,18.5408484489683
2022-05-21,"38","10  day ahead inc hosp",2022-05-31,"quantile",0.95,21.4818434796552
2022-05-21,"38","10  day ahead inc hosp",2022-05-31,"quantile",0.975,24.0327180664859
2022-05-21,"38","10  day ahead inc hosp",2022-05-31,"quantile",0.99,26.99866104565
2022-05-21,"38","11  day ahead inc hosp",2022-06-01,"quantile",0.01,0
2022-05-21,"38","11  day ahead inc hosp",2022-06-01,"quantile",0.025,0
2022-05-21,"38","11  day ahead inc hosp",2022-06-01,"quantile",0.05,0
2022-05-21,"38","11  day ahead inc hosp",2022-06-01,"quantile",0.1,0
2022-05-21,"38","11  day ahead inc hosp",2022-06-01,"quantile",0.15,0
2022-05-21,"38","11  day ahead inc hosp",2022-06-01,"quantile",0.2,1.10199316540578
2022-05-21,"38","11  day ahead inc hosp",2022-06-01,"quantile",0.25,2.51261818392627
2022-05-21,"38","11  day ahead inc hosp",2022-06-01,"quantile",0.3,3.77940304775667
2022-05-21,"38","11  day ahead inc hosp",2022-06-01,"quantile",0.35,4.95326801277995
2022-05-21,"38","11  day ahead inc hosp",2022-06-01,"quantile",0.4,6.06715107208184
2022-05-21,"38","11  day ahead inc hosp",2022-06-01,"quantile",0.45,7.14484582282004
2022-05-21,"38","11  day ahead inc hosp",2022-06-01,"quantile",0.5,8.20545413044259
2022-05-21,"38","11  day ahead inc hosp",2022-06-01,"quantile",0.55,9.26606243806513
2022-05-21,"38","11  day ahead inc hosp",2022-06-01,"quantile",0.6,10.3437571888033
2022-05-21,"38","11  day ahead inc hosp",2022-06-01,"quantile",0.65,11.4576402481052
2022-05-21,"38","11  day ahead inc hosp",2022-06-01,"quantile",0.7,12.6315052131285
2022-05-21,"38","11  day ahead inc hosp",2022-06-01,"quantile",0.75,13.8982900769589
2022-05-21,"38","11  day ahead inc hosp",2022-06-01,"quantile",0.8,15.3089150954794
2022-05-21,"38","11  day ahead inc hosp",2022-06-01,"quantile",0.85,16.9531708365374
2022-05-21,"38","11  day ahead inc hosp",2022-06-01,"quantile",0.9,19.0220200123194
2022-05-21,"38","11  day ahead inc hosp",2022-06-01,"quantile",0.95,22.0883661414033
2022-05-21,"38","11  day ahead inc hosp",2022-06-01,"quantile",0.975,24.7479641119853
2022-05-21,"38","11  day ahead inc hosp",2022-06-01,"quantile",0.99,27.840321521076
2022-05-21,"38","12  day ahead inc hosp",2022-06-02,"quantile",0.01,0
2022-05-21,"38","12  day ahead inc hosp",2022-06-02,"quantile",0.025,0
2022-05-21,"38","12  day ahead inc hosp",2022-06-02,"quantile",0.05,0
2022-05-21,"38","12  day ahead inc hosp",2022-06-02,"quantile",0.1,0
2022-05-21,"38","12  day ahead inc hosp",2022-06-02,"quantile",0.15,0
2022-05-21,"38","12  day ahead inc hosp",2022-06-02,"quantile",0.2,1.46957158921978
2022-05-21,"38","12  day ahead inc hosp",2022-06-02,"quantile",0.25,2.93846058925247
2022-05-21,"38","12  day ahead inc hosp",2022-06-02,"quantile",0.3,4.25756830920487
2022-05-21,"38","12  day ahead inc hosp",2022-06-02,"quantile",0.35,5.47991819808954
2022-05-21,"38","12  day ahead inc hosp",2022-06-02,"quantile",0.4,6.63980870878483
2022-05-21,"38","12  day ahead inc hosp",2022-06-02,"quantile",0.45,7.76201620118606
2022-05-21,"38","12  day ahead inc hosp",2022-06-02,"quantile",0.5,8.86643151776965
2022-05-21,"38","12  day ahead inc hosp",2022-06-02,"quantile",0.55,9.97084683435324
2022-05-21,"38","12  day ahead inc hosp",2022-06-02,"quantile",0.6,11.0930543267545
2022-05-21,"38","12  day ahead inc hosp",2022-06-02,"quantile",0.65,12.2529448374498
2022-05-21,"38","12  day ahead inc hosp",2022-06-02,"quantile",0.7,13.4752947263344
2022-05-21,"38","12  day ahead inc hosp",2022-06-02,"quantile",0.75,14.7944024462868
2022-05-21,"38","12  day ahead inc hosp",2022-06-02,"quantile",0.8,16.2632914463195
2022-05-21,"38","12  day ahead inc hosp",2022-06-02,"quantile",0.85,17.9754609737067
2022-05-21,"38","12  day ahead inc hosp",2022-06-02,"quantile",0.9,20.1297612002971
2022-05-21,"38","12  day ahead inc hosp",2022-06-02,"quantile",0.95,23.3227586589897
2022-05-21,"38","12  day ahead inc hosp",2022-06-02,"quantile",0.975,26.0922077699907
2022-05-21,"38","12  day ahead inc hosp",2022-06-02,"quantile",0.99,29.3122908698544
2022-05-21,"38","13  day ahead inc hosp",2022-06-03,"quantile",0.01,0
2022-05-21,"38","13  day ahead inc hosp",2022-06-03,"quantile",0.025,0
2022-05-21,"38","13  day ahead inc hosp",2022-06-03,"quantile",0.05,0
2022-05-21,"38","13  day ahead inc hosp",2022-06-03,"quantile",0.1,0
2022-05-21,"38","13  day ahead inc hosp",2022-06-03,"quantile",0.15,0.0262036285245255
2022-05-21,"38","13  day ahead inc hosp",2022-06-03,"quantile",0.2,1.80640190642445
2022-05-21,"38","13  day ahead inc hosp",2022-06-03,"quantile",0.25,3.3336535170023
2022-05-21,"38","13  day ahead inc hosp",2022-06-03,"quantile",0.3,4.70517266499656
2022-05-21,"38","13  day ahead inc hosp",2022-06-03,"quantile",0.35,5.97608955282622
2022-05-21,"38","13  day ahead inc hosp",2022-06-03,"quantile",0.4,7.18206539614313
2022-05-21,"38","13  day ahead inc hosp",2022-06-03,"quantile",0.45,8.34886098119697
2022-05-21,"38","13  day ahead inc hosp",2022-06-03,"quantile",0.5,9.49715746306974
2022-05-21,"38","13  day ahead inc hosp",2022-06-03,"quantile",0.55,10.6454539449425
2022-05-21,"38","13  day ahead inc hosp",2022-06-03,"quantile",0.6,11.8122495299963
2022-05-21,"38","13  day ahead inc hosp",2022-06-03,"quantile",0.65,13.0182253733133
2022-05-21,"38","13  day ahead inc hosp",2022-06-03,"quantile",0.7,14.2891422611429
2022-05-21,"38","13  day ahead inc hosp",2022-06-03,"quantile",0.75,15.6606614091372
2022-05-21,"38","13  day ahead inc hosp",2022-06-03,"quantile",0.8,17.187913019715
2022-05-21,"38","13  day ahead inc hosp",2022-06-03,"quantile",0.85,18.9681112976149
2022-05-21,"38","13  day ahead inc hosp",2022-06-03,"quantile",0.9,21.2080072262081
2022-05-21,"38","13  day ahead inc hosp",2022-06-03,"quantile",0.95,24.5278704093695
2022-05-21,"38","13  day ahead inc hosp",2022-06-03,"quantile",0.975,27.4073566163568
2022-05-21,"38","13  day ahead inc hosp",2022-06-03,"quantile",0.99,30.755381620528
2022-05-21,"38","14  day ahead inc hosp",2022-06-04,"quantile",0.01,0
2022-05-21,"38","14  day ahead inc hosp",2022-06-04,"quantile",0.025,0
2022-05-21,"38","14  day ahead inc hosp",2022-06-04,"quantile",0.05,0
2022-05-21,"38","14  day ahead inc hosp",2022-06-04,"quantile",0.1,0
2022-05-21,"38","14  day ahead inc hosp",2022-06-04,"quantile",0.15,0
2022-05-21,"38","14  day ahead inc hosp",2022-06-04,"quantile",0.2,0.636778118099328
2022-05-21,"38","14  day ahead inc hosp",2022-06-04,"quantile",0.25,2.22212130448444
2022-05-21,"38","14  day ahead inc hosp",2022-06-04,"quantile",0.3,3.64580848294926
2022-05-21,"38","14  day ahead inc hosp",2022-06-04,"quantile",0.35,4.9650668256006
2022-05-21,"38","14  day ahead inc hosp",2022-06-04,"quantile",0.4,6.21691398222212
2022-05-21,"38","14  day ahead inc hosp",2022-06-04,"quantile",0.45,7.42809059376255
2022-05-21,"38","14  day ahead inc hosp",2022-06-04,"quantile",0.5,8.62006445771428
2022-05-21,"38","14  day ahead inc hosp",2022-06-04,"quantile",0.55,9.81203832166601
2022-05-21,"38","14  day ahead inc hosp",2022-06-04,"quantile",0.6,11.0232149332064
2022-05-21,"38","14  day ahead inc hosp",2022-06-04,"quantile",0.65,12.275062089828
2022-05-21,"38","14  day ahead inc hosp",2022-06-04,"quantile",0.7,13.5943204324793
2022-05-21,"38","14  day ahead inc hosp",2022-06-04,"quantile",0.75,15.0180076109441
2022-05-21,"38","14  day ahead inc hosp",2022-06-04,"quantile",0.8,16.6033507973292
2022-05-21,"38","14  day ahead inc hosp",2022-06-04,"quantile",0.85,18.451261901653
2022-05-21,"38","14  day ahead inc hosp",2022-06-04,"quantile",0.9,20.7763560276061
2022-05-21,"38","14  day ahead inc hosp",2022-06-04,"quantile",0.95,24.2224957734757
2022-05-21,"38","14  day ahead inc hosp",2022-06-04,"quantile",0.975,27.2115080664862
2022-05-21,"38","14  day ahead inc hosp",2022-06-04,"quantile",0.99,30.6868808154476
2022-05-21,"38","15  day ahead inc hosp",2022-06-05,"quantile",0.01,0
2022-05-21,"38","15  day ahead inc hosp",2022-06-05,"quantile",0.025,0
2022-05-21,"38","15  day ahead inc hosp",2022-06-05,"quantile",0.05,0
2022-05-21,"38","15  day ahead inc hosp",2022-06-05,"quantile",0.1,0
2022-05-21,"38","15  day ahead inc hosp",2022-06-05,"quantile",0.15,0
2022-05-21,"38","15  day ahead inc hosp",2022-06-05,"quantile",0.2,1.09189435051415
2022-05-21,"38","15  day ahead inc hosp",2022-06-05,"quantile",0.25,2.73479074274942
2022-05-21,"38","15  day ahead inc hosp",2022-06-05,"quantile",0.3,4.21016247882429
2022-05-21,"38","15  day ahead inc hosp",2022-06-05,"quantile",0.35,5.57731426664021
2022-05-21,"38","15  day ahead inc hosp",2022-06-05,"quantile",0.4,6.87460761921268
2022-05-21,"38","15  day ahead inc hosp",2022-06-05,"quantile",0.45,8.12975395128021
2022-05-21,"38","15  day ahead inc hosp",2022-06-05,"quantile",0.5,9.36500041245202
2022-05-21,"38","15  day ahead inc hosp",2022-06-05,"quantile",0.55,10.6002468736238
2022-05-21,"38","15  day ahead inc hosp",2022-06-05,"quantile",0.6,11.8553932056914
2022-05-21,"38","15  day ahead inc hosp",2022-06-05,"quantile",0.65,13.1526865582638
2022-05-21,"38","15  day ahead inc hosp",2022-06-05,"quantile",0.7,14.5198383460797
2022-05-21,"38","15  day ahead inc hosp",2022-06-05,"quantile",0.75,15.9952100821546
2022-05-21,"38","15  day ahead inc hosp",2022-06-05,"quantile",0.8,17.6381064743899
2022-05-21,"38","15  day ahead inc hosp",2022-06-05,"quantile",0.85,19.5531028692005
2022-05-21,"38","15  day ahead inc hosp",2022-06-05,"quantile",0.9,21.9626056090116
2022-05-21,"38","15  day ahead inc hosp",2022-06-05,"quantile",0.95,25.533851635897
2022-05-21,"38","15  day ahead inc hosp",2022-06-05,"quantile",0.975,28.6313749700914
2022-05-21,"38","15  day ahead inc hosp",2022-06-05,"quantile",0.99,32.232915254855
2022-05-21,"38","16  day ahead inc hosp",2022-06-06,"quantile",0.01,0
2022-05-21,"38","16  day ahead inc hosp",2022-06-06,"quantile",0.025,0
2022-05-21,"38","16  day ahead inc hosp",2022-06-06,"quantile",0.05,0
2022-05-21,"38","16  day ahead inc hosp",2022-06-06,"quantile",0.1,0
2022-05-21,"38","16  day ahead inc hosp",2022-06-06,"quantile",0.15,0
2022-05-21,"38","16  day ahead inc hosp",2022-06-06,"quantile",0.2,0.656049142490385
2022-05-21,"38","16  day ahead inc hosp",2022-06-06,"quantile",0.25,2.35577215988502
2022-05-21,"38","16  day ahead inc hosp",2022-06-06,"quantile",0.3,3.88217596165367
2022-05-21,"38","16  day ahead inc hosp",2022-06-06,"quantile",0.35,5.296616563633
2022-05-21,"38","16  day ahead inc hosp",2022-06-06,"quantile",0.4,6.63878237646334
2022-05-21,"38","16  day ahead inc hosp",2022-06-06,"quantile",0.45,7.9373433331351
2022-05-21,"38","16  day ahead inc hosp",2022-06-06,"quantile",0.5,9.21531609644025
2022-05-21,"38","16  day ahead inc hosp",2022-06-06,"quantile",0.55,10.4932888597454
2022-05-21,"38","16  day ahead inc hosp",2022-06-06,"quantile",0.6,11.7918498164172
2022-05-21,"38","16  day ahead inc hosp",2022-06-06,"quantile",0.65,13.1340156292475
2022-05-21,"38","16  day ahead inc hosp",2022-06-06,"quantile",0.7,14.5484562312268
2022-05-21,"38","16  day ahead inc hosp",2022-06-06,"quantile",0.75,16.0748600329955
2022-05-21,"38","16  day ahead inc hosp",2022-06-06,"quantile",0.8,17.7745830503901
2022-05-21,"38","16  day ahead inc hosp",2022-06-06,"quantile",0.85,19.7558178171539
2022-05-21,"38","16  day ahead inc hosp",2022-06-06,"quantile",0.9,22.2486635539201
2022-05-21,"38","16  day ahead inc hosp",2022-06-06,"quantile",0.95,25.9434364570473
2022-05-21,"38","16  day ahead inc hosp",2022-06-06,"quantile",0.975,29.1481009343268
2022-05-21,"38","16  day ahead inc hosp",2022-06-06,"quantile",0.99,32.8742159523031
2022-05-21,"38","17  day ahead inc hosp",2022-06-07,"quantile",0.01,0
2022-05-21,"38","17  day ahead inc hosp",2022-06-07,"quantile",0.025,0
2022-05-21,"38","17  day ahead inc hosp",2022-06-07,"quantile",0.05,0
2022-05-21,"38","17  day ahead inc hosp",2022-06-07,"quantile",0.1,0
2022-05-21,"38","17  day ahead inc hosp",2022-06-07,"quantile",0.15,0
2022-05-21,"38","17  day ahead inc hosp",2022-06-07,"quantile",0.2,0.951225960997974
2022-05-21,"38","17  day ahead inc hosp",2022-06-07,"quantile",0.25,2.70692115825382
2022-05-21,"38","17  day ahead inc hosp",2022-06-07,"quantile",0.3,4.28358970743079
2022-05-21,"38","17  day ahead inc hosp",2022-06-07,"quantile",0.35,5.74460808882876
2022-05-21,"38","17  day ahead inc hosp",2022-06-07,"quantile",0.4,7.13097165947641
2022-05-21,"38","17  day ahead inc hosp",2022-06-07,"quantile",0.45,8.47229445833291
2022-05-21,"38","17  day ahead inc hosp",2022-06-07,"quantile",0.5,9.79235109097054
2022-05-21,"38","17  day ahead inc hosp",2022-06-07,"quantile",0.55,11.1124077236082
2022-05-21,"38","17  day ahead inc hosp",2022-06-07,"quantile",0.6,12.4537305224647
2022-05-21,"38","17  day ahead inc hosp",2022-06-07,"quantile",0.65,13.8400940931123
2022-05-21,"38","17  day ahead inc hosp",2022-06-07,"quantile",0.7,15.3011124745103
2022-05-21,"38","17  day ahead inc hosp",2022-06-07,"quantile",0.75,16.8777810236873
2022-05-21,"38","17  day ahead inc hosp",2022-06-07,"quantile",0.8,18.6334762209431
2022-05-21,"38","17  day ahead inc hosp",2022-06-07,"quantile",0.85,20.6799533993103
2022-05-21,"38","17  day ahead inc hosp",2022-06-07,"quantile",0.9,23.2548889874915
2022-05-21,"38","17  day ahead inc hosp",2022-06-07,"quantile",0.95,27.0713314163966
2022-05-21,"38","17  day ahead inc hosp",2022-06-07,"quantile",0.975,30.381526062228
2022-05-21,"38","17  day ahead inc hosp",2022-06-07,"quantile",0.99,34.2303427073725
2022-05-21,"38","18  day ahead inc hosp",2022-06-08,"quantile",0.01,0
2022-05-21,"38","18  day ahead inc hosp",2022-06-08,"quantile",0.025,0
2022-05-21,"38","18  day ahead inc hosp",2022-06-08,"quantile",0.05,0
2022-05-21,"38","18  day ahead inc hosp",2022-06-08,"quantile",0.1,0
2022-05-21,"38","18  day ahead inc hosp",2022-06-08,"quantile",0.15,0
2022-05-21,"38","18  day ahead inc hosp",2022-06-08,"quantile",0.2,0.135788607972213
2022-05-21,"38","18  day ahead inc hosp",2022-06-08,"quantile",0.25,1.94651919261829
2022-05-21,"38","18  day ahead inc hosp",2022-06-08,"quantile",0.3,3.57261122061184
2022-05-21,"38","18  day ahead inc hosp",2022-06-08,"quantile",0.35,5.07942782070412
2022-05-21,"38","18  day ahead inc hosp",2022-06-08,"quantile",0.4,6.5092494222751
2022-05-21,"38","18  day ahead inc hosp",2022-06-08,"quantile",0.45,7.89261836898562
2022-05-21,"38","18  day ahead inc hosp",2022-06-08,"quantile",0.5,9.25405452368824
2022-05-21,"38","18  day ahead inc hosp",2022-06-08,"quantile",0.55,10.6154906783909
2022-05-21,"38","18  day ahead inc hosp",2022-06-08,"quantile",0.6,11.9988596251014
2022-05-21,"38","18  day ahead inc hosp",2022-06-08,"quantile",0.65,13.4286812266724
2022-05-21,"38","18  day ahead inc hosp",2022-06-08,"quantile",0.7,14.9354978267647
2022-05-21,"38","18  day ahead inc hosp",2022-06-08,"quantile",0.75,16.5615898547582
2022-05-21,"38","18  day ahead inc hosp",2022-06-08,"quantile",0.8,18.3723204394043
2022-05-21,"38","18  day ahead inc hosp",2022-06-08,"quantile",0.85,20.4829480833379
2022-05-21,"38","18  day ahead inc hosp",2022-06-08,"quantile",0.9,23.1385996054818
2022-05-21,"38","18  day ahead inc hosp",2022-06-08,"quantile",0.95,27.0746752075343
2022-05-21,"38","18  day ahead inc hosp",2022-06-08,"quantile",0.975,30.4886337896999
2022-05-21,"38","18  day ahead inc hosp",2022-06-08,"quantile",0.99,34.4580984353576
2022-05-21,"38","19  day ahead inc hosp",2022-06-09,"quantile",0.01,0
2022-05-21,"38","19  day ahead inc hosp",2022-06-09,"quantile",0.025,0
2022-05-21,"38","19  day ahead inc hosp",2022-06-09,"quantile",0.05,0
2022-05-21,"38","19  day ahead inc hosp",2022-06-09,"quantile",0.1,0
2022-05-21,"38","19  day ahead inc hosp",2022-06-09,"quantile",0.15,0
2022-05-21,"38","19  day ahead inc hosp",2022-06-09,"quantile",0.2,0
2022-05-21,"38","19  day ahead inc hosp",2022-06-09,"quantile",0.25,1.84134285238573
2022-05-21,"38","19  day ahead inc hosp",2022-06-09,"quantile",0.3,3.51597366442193
2022-05-21,"38","19  day ahead inc hosp",2022-06-09,"quantile",0.35,5.06776868165461
2022-05-21,"38","19  day ahead inc hosp",2022-06-09,"quantile",0.4,6.54027040264282
2022-05-21,"38","19  day ahead inc hosp",2022-06-09,"quantile",0.45,7.9649328588225
2022-05-21,"38","19  day ahead inc hosp",2022-06-09,"quantile",0.5,9.36700783000252
2022-05-21,"38","19  day ahead inc hosp",2022-06-09,"quantile",0.55,10.7690828011825
2022-05-21,"38","19  day ahead inc hosp",2022-06-09,"quantile",0.6,12.1937452573622
2022-05-21,"38","19  day ahead inc hosp",2022-06-09,"quantile",0.65,13.6662469783504
2022-05-21,"38","19  day ahead inc hosp",2022-06-09,"quantile",0.7,15.2180419955831
2022-05-21,"38","19  day ahead inc hosp",2022-06-09,"quantile",0.75,16.8926728076193
2022-05-21,"38","19  day ahead inc hosp",2022-06-09,"quantile",0.8,18.7574536300714
2022-05-21,"38","19  day ahead inc hosp",2022-06-09,"quantile",0.85,20.9310834274131
2022-05-21,"38","19  day ahead inc hosp",2022-06-09,"quantile",0.9,23.6660060446162
2022-05-21,"38","19  day ahead inc hosp",2022-06-09,"quantile",0.95,27.7195733509108
2022-05-21,"38","19  day ahead inc hosp",2022-06-09,"quantile",0.975,31.2354384645012
2022-05-21,"38","19  day ahead inc hosp",2022-06-09,"quantile",0.99,35.3233914760592
2022-05-21,"38","20  day ahead inc hosp",2022-06-10,"quantile",0.01,0
2022-05-21,"38","20  day ahead inc hosp",2022-06-10,"quantile",0.025,0
2022-05-21,"38","20  day ahead inc hosp",2022-06-10,"quantile",0.05,0
2022-05-21,"38","20  day ahead inc hosp",2022-06-10,"quantile",0.1,0
2022-05-21,"38","20  day ahead inc hosp",2022-06-10,"quantile",0.15,0
2022-05-21,"38","20  day ahead inc hosp",2022-06-10,"quantile",0.2,0.188143537369388
2022-05-21,"38","20  day ahead inc hosp",2022-06-10,"quantile",0.25,2.10596621403321
2022-05-21,"38","20  day ahead inc hosp",2022-06-10,"quantile",0.3,3.82823025047894
2022-05-21,"38","20  day ahead inc hosp",2022-06-10,"quantile",0.35,5.42416454889656
2022-05-21,"38","20  day ahead inc hosp",2022-06-10,"quantile",0.4,6.93855013133957
2022-05-21,"38","20  day ahead inc hosp",2022-06-10,"quantile",0.45,8.40373570819474
2022-05-21,"38","20  day ahead inc hosp",2022-06-10,"quantile",0.5,9.84569132128173
2022-05-21,"38","20  day ahead inc hosp",2022-06-10,"quantile",0.55,11.2876469343687
2022-05-21,"38","20  day ahead inc hosp",2022-06-10,"quantile",0.6,12.7528325112239
2022-05-21,"38","20  day ahead inc hosp",2022-06-10,"quantile",0.65,14.2672180936669
2022-05-21,"38","20  day ahead inc hosp",2022-06-10,"quantile",0.7,15.8631523920845
2022-05-21,"38","20  day ahead inc hosp",2022-06-10,"quantile",0.75,17.5854164285303
2022-05-21,"38","20  day ahead inc hosp",2022-06-10,"quantile",0.8,19.5032391051941
2022-05-21,"38","20  day ahead inc hosp",2022-06-10,"quantile",0.85,21.7386956617091
2022-05-21,"38","20  day ahead inc hosp",2022-06-10,"quantile",0.9,24.5514104596314
2022-05-21,"38","20  day ahead inc hosp",2022-06-10,"quantile",0.95,28.7202774963335
2022-05-21,"38","20  day ahead inc hosp",2022-06-10,"quantile",0.975,32.3361479309449
2022-05-21,"38","20  day ahead inc hosp",2022-06-10,"quantile",0.99,36.5403787404364
2022-05-21,"38","21  day ahead inc hosp",2022-06-11,"quantile",0.01,0
2022-05-21,"38","21  day ahead inc hosp",2022-06-11,"quantile",0.025,0
2022-05-21,"38","21  day ahead inc hosp",2022-06-11,"quantile",0.05,0
2022-05-21,"38","21  day ahead inc hosp",2022-06-11,"quantile",0.1,0
2022-05-21,"38","21  day ahead inc hosp",2022-06-11,"quantile",0.15,0
2022-05-21,"38","21  day ahead inc hosp",2022-06-11,"quantile",0.2,0
2022-05-21,"38","21  day ahead inc hosp",2022-06-11,"quantile",0.25,1.81125526219054
2022-05-21,"38","21  day ahead inc hosp",2022-06-11,"quantile",0.3,3.58024258057651
2022-05-21,"38","21  day ahead inc hosp",2022-06-11,"quantile",0.35,5.21947296287272
2022-05-21,"38","21  day ahead inc hosp",2022-06-11,"quantile",0.4,6.77494229498325
2022-05-21,"38","21  day ahead inc hosp",2022-06-11,"quantile",0.45,8.2798768751001
2022-05-21,"38","21  day ahead inc hosp",2022-06-11,"quantile",0.5,9.7609512860194
2022-05-21,"38","21  day ahead inc hosp",2022-06-11,"quantile",0.55,11.2420256969387
2022-05-21,"38","21  day ahead inc hosp",2022-06-11,"quantile",0.6,12.7469602770555
2022-05-21,"38","21  day ahead inc hosp",2022-06-11,"quantile",0.65,14.3024296091661
2022-05-21,"38","21  day ahead inc hosp",2022-06-11,"quantile",0.7,15.9416599914623
2022-05-21,"38","21  day ahead inc hosp",2022-06-11,"quantile",0.75,17.7106473098482
2022-05-21,"38","21  day ahead inc hosp",2022-06-11,"quantile",0.8,19.6804985766335
2022-05-21,"38","21  day ahead inc hosp",2022-06-11,"quantile",0.85,21.976600809273
2022-05-21,"38","21  day ahead inc hosp",2022-06-11,"quantile",0.9,24.8656217157477
2022-05-21,"38","21  day ahead inc hosp",2022-06-11,"quantile",0.95,29.1475859000446
2022-05-21,"38","21  day ahead inc hosp",2022-06-11,"quantile",0.975,32.8615512435669
2022-05-21,"38","21  day ahead inc hosp",2022-06-11,"quantile",0.99,37.179838584053
2022-05-21,"38","22  day ahead inc hosp",2022-06-12,"quantile",0.01,0
2022-05-21,"38","22  day ahead inc hosp",2022-06-12,"quantile",0.025,0
2022-05-21,"38","22  day ahead inc hosp",2022-06-12,"quantile",0.05,0
2022-05-21,"38","22  day ahead inc hosp",2022-06-12,"quantile",0.1,0
2022-05-21,"38","22  day ahead inc hosp",2022-06-12,"quantile",0.15,0
2022-05-21,"38","22  day ahead inc hosp",2022-06-12,"quantile",0.2,0.874722777972327
2022-05-21,"38","22  day ahead inc hosp",2022-06-12,"quantile",0.25,2.9099132957783
2022-05-21,"38","22  day ahead inc hosp",2022-06-12,"quantile",0.3,4.73757728097532
2022-05-21,"38","22  day ahead inc hosp",2022-06-12,"quantile",0.35,6.43118033964341
2022-05-21,"38","22  day ahead inc hosp",2022-06-12,"quantile",0.4,8.03824402451522
2022-05-21,"38","22  day ahead inc hosp",2022-06-12,"quantile",0.45,9.59309673802521
2022-05-21,"38","22  day ahead inc hosp",2022-06-12,"quantile",0.5,11.1232978491919
2022-05-21,"38","22  day ahead inc hosp",2022-06-12,"quantile",0.55,12.6534989603587
2022-05-21,"38","22  day ahead inc hosp",2022-06-12,"quantile",0.6,14.2083516738687
2022-05-21,"38","22  day ahead inc hosp",2022-06-12,"quantile",0.65,15.8154153587405
2022-05-21,"38","22  day ahead inc hosp",2022-06-12,"quantile",0.7,17.5090184174086
2022-05-21,"38","22  day ahead inc hosp",2022-06-12,"quantile",0.75,19.3366824026056
2022-05-21,"38","22  day ahead inc hosp",2022-06-12,"quantile",0.8,21.3718729204116
2022-05-21,"38","22  day ahead inc hosp",2022-06-12,"quantile",0.85,23.7441360301068
2022-05-21,"38","22  day ahead inc hosp",2022-06-12,"quantile",0.9,26.7289847106856
2022-05-21,"38","22  day ahead inc hosp",2022-06-12,"quantile",0.95,31.1529800916607
2022-05-21,"38","22  day ahead inc hosp",2022-06-12,"quantile",0.975,34.9901363166238
2022-05-21,"38","22  day ahead inc hosp",2022-06-12,"quantile",0.99,39.4516596796854
2022-05-21,"38","23  day ahead inc hosp",2022-06-13,"quantile",0.01,0
2022-05-21,"38","23  day ahead inc hosp",2022-06-13,"quantile",0.025,0
2022-05-21,"38","23  day ahead inc hosp",2022-06-13,"quantile",0.05,0
2022-05-21,"38","23  day ahead inc hosp",2022-06-13,"quantile",0.1,0
2022-05-21,"38","23  day ahead inc hosp",2022-06-13,"quantile",0.15,0
2022-05-21,"38","23  day ahead inc hosp",2022-06-13,"quantile",0.2,0.648194854641257
2022-05-21,"38","23  day ahead inc hosp",2022-06-13,"quantile",0.25,2.73821961669982
2022-05-21,"38","23  day ahead inc hosp",2022-06-13,"quantile",0.3,4.61512644795922
2022-05-21,"38","23  day ahead inc hosp",2022-06-13,"quantile",0.35,6.3543603421552
2022-05-21,"38","23  day ahead inc hosp",2022-06-13,"quantile",0.4,8.00472322769386
2022-05-21,"38","23  day ahead inc hosp",2022-06-13,"quantile",0.45,9.60146841894657
2022-05-21,"38","23  day ahead inc hosp",2022-06-13,"quantile",0.5,11.1728978184486
2022-05-21,"38","23  day ahead inc hosp",2022-06-13,"quantile",0.55,12.7443272179506
2022-05-21,"38","23  day ahead inc hosp",2022-06-13,"quantile",0.6,14.3410724092033
2022-05-21,"38","23  day ahead inc hosp",2022-06-13,"quantile",0.65,15.9914352947419
2022-05-21,"38","23  day ahead inc hosp",2022-06-13,"quantile",0.7,17.7306691889379
2022-05-21,"38","23  day ahead inc hosp",2022-06-13,"quantile",0.75,19.6075760201973
2022-05-21,"38","23  day ahead inc hosp",2022-06-13,"quantile",0.8,21.6976007822559
2022-05-21,"38","23  day ahead inc hosp",2022-06-13,"quantile",0.85,24.1337799006247
2022-05-21,"38","23  day ahead inc hosp",2022-06-13,"quantile",0.9,27.1990495148585
2022-05-21,"38","23  day ahead inc hosp",2022-06-13,"quantile",0.95,31.7422408340862
2022-05-21,"38","23  day ahead inc hosp",2022-06-13,"quantile",0.975,35.682781759319
2022-05-21,"38","23  day ahead inc hosp",2022-06-13,"quantile",0.99,40.2645121790115
2022-05-21,"38","24  day ahead inc hosp",2022-06-14,"quantile",0.01,0
2022-05-21,"38","24  day ahead inc hosp",2022-06-14,"quantile",0.025,0
2022-05-21,"38","24  day ahead inc hosp",2022-06-14,"quantile",0.05,0
2022-05-21,"38","24  day ahead inc hosp",2022-06-14,"quantile",0.1,0
2022-05-21,"38","24  day ahead inc hosp",2022-06-14,"quantile",0.15,0
2022-05-21,"38","24  day ahead inc hosp",2022-06-14,"quantile",0.2,0.142081961426186
2022-05-21,"38","24  day ahead inc hosp",2022-06-14,"quantile",0.25,2.28411937669086
2022-05-21,"38","24  day ahead inc hosp",2022-06-14,"quantile",0.3,4.20773517804798
2022-05-21,"38","24  day ahead inc hosp",2022-06-14,"quantile",0.35,5.99025189406758
2022-05-21,"38","24  day ahead inc hosp",2022-06-14,"quantile",0.4,7.68168594488048
2022-05-21,"38","24  day ahead inc hosp",2022-06-14,"quantile",0.45,9.31816796384875
2022-05-21,"38","24  day ahead inc hosp",2022-06-14,"quantile",0.5,10.9287041786756
2022-05-21,"38","24  day ahead inc hosp",2022-06-14,"quantile",0.55,12.5392403935025
2022-05-21,"38","24  day ahead inc hosp",2022-06-14,"quantile",0.6,14.1757224124707
2022-05-21,"38","24  day ahead inc hosp",2022-06-14,"quantile",0.65,15.8671564632836
2022-05-21,"38","24  day ahead inc hosp",2022-06-14,"quantile",0.7,17.6496731793032
2022-05-21,"38","24  day ahead inc hosp",2022-06-14,"quantile",0.75,19.5732889806603
2022-05-21,"38","24  day ahead inc hosp",2022-06-14,"quantile",0.8,21.715326395925
2022-05-21,"38","24  day ahead inc hosp",2022-06-14,"quantile",0.85,24.2121326139971
2022-05-21,"38","24  day ahead inc hosp",2022-06-14,"quantile",0.9,27.3536849634036
2022-05-21,"38","24  day ahead inc hosp",2022-06-14,"quantile",0.95,32.0099387873565
2022-05-21,"38","24  day ahead inc hosp",2022-06-14,"quantile",0.975,36.0485445739772
2022-05-21,"38","24  day ahead inc hosp",2022-06-14,"quantile",0.99,40.7442965879252
2022-05-21,"38","25  day ahead inc hosp",2022-06-15,"quantile",0.01,0
2022-05-21,"38","25  day ahead inc hosp",2022-06-15,"quantile",0.025,0
2022-05-21,"38","25  day ahead inc hosp",2022-06-15,"quantile",0.05,0
2022-05-21,"38","25  day ahead inc hosp",2022-06-15,"quantile",0.1,0
2022-05-21,"38","25  day ahead inc hosp",2022-06-15,"quantile",0.15,0
2022-05-21,"38","25  day ahead inc hosp",2022-06-15,"quantile",0.2,0.0787757239522406
2022-05-21,"38","25  day ahead inc hosp",2022-06-15,"quantile",0.25,2.27179310034525
2022-05-21,"38","25  day ahead inc hosp",2022-06-15,"quantile",0.3,4.24119048239754
2022-05-21,"38","25  day ahead inc hosp",2022-06-15,"quantile",0.35,6.06613065575066
2022-05-21,"38","25  day ahead inc hosp",2022-06-15,"quantile",0.4,7.79782041897412
2022-05-21,"38","25  day ahead inc hosp",2022-06-15,"quantile",0.45,9.47325030557518
2022-05-21,"38","25  day ahead inc hosp",2022-06-15,"quantile",0.5,11.1221168843082
2022-05-21,"38","25  day ahead inc hosp",2022-06-15,"quantile",0.55,12.7709834630411
2022-05-21,"38","25  day ahead inc hosp",2022-06-15,"quantile",0.6,14.4464133496422
2022-05-21,"38","25  day ahead inc hosp",2022-06-15,"quantile",0.65,16.1781031128657
2022-05-21,"38","25  day ahead inc hosp",2022-06-15,"quantile",0.7,18.0030432862188
2022-05-21,"38","25  day ahead inc hosp",2022-06-15,"quantile",0.75,19.9724406682711
2022-05-21,"38","25  day ahead inc hosp",2022-06-15,"quantile",0.8,22.1654580446641
2022-05-21,"38","25  day ahead inc hosp",2022-06-15,"quantile",0.85,24.7216876336984
2022-05-21,"38","25  day ahead inc hosp",2022-06-15,"quantile",0.9,27.9380081526588
2022-05-21,"38","25  day ahead inc hosp",2022-06-15,"quantile",0.95,32.7050796669364
2022-05-21,"38","25  day ahead inc hosp",2022-06-15,"quantile",0.975,36.8398032732308
2022-05-21,"38","25  day ahead inc hosp",2022-06-15,"quantile",0.99,41.6473130246643
2022-05-21,"38","26  day ahead inc hosp",2022-06-16,"quantile",0.01,0
2022-05-21,"38","26  day ahead inc hosp",2022-06-16,"quantile",0.025,0
2022-05-21,"38","26  day ahead inc hosp",2022-06-16,"quantile",0.05,0
2022-05-21,"38","26  day ahead inc hosp",2022-06-16,"quantile",0.1,0
2022-05-21,"38","26  day ahead inc hosp",2022-06-16,"quantile",0.15,0
2022-05-21,"38","26  day ahead inc hosp",2022-06-16,"quantile",0.2,0
2022-05-21,"38","26  day ahead inc hosp",2022-06-16,"quantile",0.25,2.07105830524214
2022-05-21,"38","26  day ahead inc hosp",2022-06-16,"quantile",0.3,4.08565975413457
2022-05-21,"38","26  day ahead inc hosp",2022-06-16,"quantile",0.35,5.95248823216775
2022-05-21,"38","26  day ahead inc hosp",2022-06-16,"quantile",0.4,7.72392590026633
2022-05-21,"38","26  day ahead inc hosp",2022-06-16,"quantile",0.45,9.43781234483283
2022-05-21,"38","26  day ahead inc hosp",2022-06-16,"quantile",0.5,11.1245257673337
2022-05-21,"38","26  day ahead inc hosp",2022-06-16,"quantile",0.55,12.8112391898347
2022-05-21,"38","26  day ahead inc hosp",2022-06-16,"quantile",0.6,14.5251256344012
2022-05-21,"38","26  day ahead inc hosp",2022-06-16,"quantile",0.65,16.2965633024998
2022-05-21,"38","26  day ahead inc hosp",2022-06-16,"quantile",0.7,18.1633917805329
2022-05-21,"38","26  day ahead inc hosp",2022-06-16,"quantile",0.75,20.1779932294254
2022-05-21,"38","26  day ahead inc hosp",2022-06-16,"quantile",0.8,22.4213474778826
2022-05-21,"38","26  day ahead inc hosp",2022-06-16,"quantile",0.85,25.0362508390335
2022-05-21,"38","26  day ahead inc hosp",2022-06-16,"quantile",0.9,28.3263963610346
2022-05-21,"38","26  day ahead inc hosp",2022-06-16,"quantile",0.95,33.2028876507862
2022-05-21,"38","26  day ahead inc hosp",2022-06-16,"quantile",0.975,37.4325165940977
2022-05-21,"38","26  day ahead inc hosp",2022-06-16,"quantile",0.99,42.3503743098978
2022-05-21,"38","27  day ahead inc hosp",2022-06-17,"quantile",0.01,0
2022-05-21,"38","27  day ahead inc hosp",2022-06-17,"quantile",0.025,0
2022-05-21,"38","27  day ahead inc hosp",2022-06-17,"quantile",0.05,0
2022-05-21,"38","27  day ahead inc hosp",2022-06-17,"quantile",0.1,0
2022-05-21,"38","27  day ahead inc hosp",2022-06-17,"quantile",0.15,0
2022-05-21,"38","27  day ahead inc hosp",2022-06-17,"quantile",0.2,0
2022-05-21,"38","27  day ahead inc hosp",2022-06-17,"quantile",0.25,2.02282445007737
2022-05-21,"38","27  day ahead inc hosp",2022-06-17,"quantile",0.3,4.08209671021206
2022-05-21,"38","27  day ahead inc hosp",2022-06-17,"quantile",0.35,5.99031935214288
2022-05-21,"38","27  day ahead inc hosp",2022-06-17,"quantile",0.4,7.80103603383622
2022-05-21,"38","27  day ahead inc hosp",2022-06-17,"quantile",0.45,9.55292537862796
2022-05-21,"38","27  day ahead inc hosp",2022-06-17,"quantile",0.5,11.2770391797287
2022-05-21,"38","27  day ahead inc hosp",2022-06-17,"quantile",0.55,13.0011529808294
2022-05-21,"38","27  day ahead inc hosp",2022-06-17,"quantile",0.6,14.7530423256212
2022-05-21,"38","27  day ahead inc hosp",2022-06-17,"quantile",0.65,16.5637590073145
2022-05-21,"38","27  day ahead inc hosp",2022-06-17,"quantile",0.7,18.4719816492453
2022-05-21,"38","27  day ahead inc hosp",2022-06-17,"quantile",0.75,20.53125390938
2022-05-21,"38","27  day ahead inc hosp",2022-06-17,"quantile",0.8,22.8243512245056
2022-05-21,"38","27  day ahead inc hosp",2022-06-17,"quantile",0.85,25.4972362050616
2022-05-21,"38","27  day ahead inc hosp",2022-06-17,"quantile",0.9,28.8603358439446
2022-05-21,"38","27  day ahead inc hosp",2022-06-17,"quantile",0.95,33.8449561246927
2022-05-21,"38","27  day ahead inc hosp",2022-06-17,"quantile",0.975,38.1683708419871
2022-05-21,"38","27  day ahead inc hosp",2022-06-17,"quantile",0.99,43.1952747881767
2022-05-21,"38","28  day ahead inc hosp",2022-06-18,"quantile",0.01,0
2022-05-21,"38","28  day ahead inc hosp",2022-06-18,"quantile",0.025,0
2022-05-21,"38","28  day ahead inc hosp",2022-06-18,"quantile",0.05,0
2022-05-21,"38","28  day ahead inc hosp",2022-06-18,"quantile",0.1,0
2022-05-21,"38","28  day ahead inc hosp",2022-06-18,"quantile",0.15,0
2022-05-21,"38","28  day ahead inc hosp",2022-06-18,"quantile",0.2,0
2022-05-21,"38","28  day ahead inc hosp",2022-06-18,"quantile",0.25,1.48007847218793
2022-05-21,"38","28  day ahead inc hosp",2022-06-18,"quantile",0.3,3.58346722235587
2022-05-21,"38","28  day ahead inc hosp",2022-06-18,"quantile",0.35,5.53257036697381
2022-05-21,"38","28  day ahead inc hosp",2022-06-18,"quantile",0.4,7.38207864800416
2022-05-21,"38","28  day ahead inc hosp",2022-06-18,"quantile",0.45,9.17149931408598
2022-05-21,"38","28  day ahead inc hosp",2022-06-18,"quantile",0.5,10.9325493915572
2022-05-21,"38","28  day ahead inc hosp",2022-06-18,"quantile",0.55,12.6935994690285
2022-05-21,"38","28  day ahead inc hosp",2022-06-18,"quantile",0.6,14.4830201351103
2022-05-21,"38","28  day ahead inc hosp",2022-06-18,"quantile",0.65,16.3325284161406
2022-05-21,"38","28  day ahead inc hosp",2022-06-18,"quantile",0.7,18.2816315607586
2022-05-21,"38","28  day ahead inc hosp",2022-06-18,"quantile",0.75,20.3850203109265
2022-05-21,"38","28  day ahead inc hosp",2022-06-18,"quantile",0.8,22.7272434297675
2022-05-21,"38","28  day ahead inc hosp",2022-06-18,"quantile",0.85,25.4573905343697
2022-05-21,"38","28  day ahead inc hosp",2022-06-18,"quantile",0.9,28.8925390006816
2022-05-21,"38","28  day ahead inc hosp",2022-06-18,"quantile",0.95,33.9839464970846
2022-05-21,"38","28  day ahead inc hosp",2022-06-18,"quantile",0.975,38.3999831983573
2022-05-21,"38","28  day ahead inc hosp",2022-06-18,"quantile",0.99,43.5345802175482
2022-05-21,"38","29  day ahead inc hosp",2022-06-19,"quantile",0.01,0
2022-05-21,"38","29  day ahead inc hosp",2022-06-19,"quantile",0.025,0
2022-05-21,"38","29  day ahead inc hosp",2022-06-19,"quantile",0.05,0
2022-05-21,"38","29  day ahead inc hosp",2022-06-19,"quantile",0.1,0
2022-05-21,"38","29  day ahead inc hosp",2022-06-19,"quantile",0.15,0
2022-05-21,"38","29  day ahead inc hosp",2022-06-19,"quantile",0.2,0
2022-05-21,"38","29  day ahead inc hosp",2022-06-19,"quantile",0.25,2.1835915359766
2022-05-21,"38","29  day ahead inc hosp",2022-06-19,"quantile",0.3,4.33051584762811
2022-05-21,"38","29  day ahead inc hosp",2022-06-19,"quantile",0.35,6.31996117805625
2022-05-21,"38","29  day ahead inc hosp",2022-06-19,"quantile",0.4,8.20775024834952
2022-05-21,"38","29  day ahead inc hosp",2022-06-19,"quantile",0.45,10.0342080210632
2022-05-21,"38","29  day ahead inc hosp",2022-06-19,"quantile",0.5,11.8317079958334
2022-05-21,"38","29  day ahead inc hosp",2022-06-19,"quantile",0.55,13.6292079706036
2022-05-21,"38","29  day ahead inc hosp",2022-06-19,"quantile",0.6,15.4556657433172
2022-05-21,"38","29  day ahead inc hosp",2022-06-19,"quantile",0.65,17.3434548136105
2022-05-21,"38","29  day ahead inc hosp",2022-06-19,"quantile",0.7,19.3329001440387
2022-05-21,"38","29  day ahead inc hosp",2022-06-19,"quantile",0.75,21.4798244556902
2022-05-21,"38","29  day ahead inc hosp",2022-06-19,"quantile",0.8,23.8705264867581
2022-05-21,"38","29  day ahead inc hosp",2022-06-19,"quantile",0.85,26.6571816843708
2022-05-21,"38","29  day ahead inc hosp",2022-06-19,"quantile",0.9,30.1634302348912
2022-05-21,"38","29  day ahead inc hosp",2022-06-19,"quantile",0.95,35.3602187665784
2022-05-21,"38","29  day ahead inc hosp",2022-06-19,"quantile",0.975,39.8676578000669
2022-05-21,"38","29  day ahead inc hosp",2022-06-19,"quantile",0.99,45.1085297835052
2022-05-21,"38","30  day ahead inc hosp",2022-06-20,"quantile",0.01,0
2022-05-21,"38","30  day ahead inc hosp",2022-06-20,"quantile",0.025,0
2022-05-21,"38","30  day ahead inc hosp",2022-06-20,"quantile",0.05,0
2022-05-21,"38","30  day ahead inc hosp",2022-06-20,"quantile",0.1,0
2022-05-21,"38","30  day ahead inc hosp",2022-06-20,"quantile",0.15,0
2022-05-21,"38","30  day ahead inc hosp",2022-06-20,"quantile",0.2,0
2022-05-21,"38","30  day ahead inc hosp",2022-06-20,"quantile",0.25,2.0640744809966
2022-05-21,"38","30  day ahead inc hosp",2022-06-20,"quantile",0.3,4.25393436799335
2022-05-21,"38","30  day ahead inc hosp",2022-06-20,"quantile",0.35,6.28316590765869
2022-05-21,"38","30  day ahead inc hosp",2022-06-20,"quantile",0.4,8.20870819981619
2022-05-21,"38","30  day ahead inc hosp",2022-06-20,"quantile",0.45,10.071692651598
2022-05-21,"38","30  day ahead inc hosp",2022-06-20,"quantile",0.5,11.9051401887396
2022-05-21,"38","30  day ahead inc hosp",2022-06-20,"quantile",0.55,13.7385877258812
2022-05-21,"38","30  day ahead inc hosp",2022-06-20,"quantile",0.6,15.601572177663
2022-05-21,"38","30  day ahead inc hosp",2022-06-20,"quantile",0.65,17.5271144698205
2022-05-21,"38","30  day ahead inc hosp",2022-06-20,"quantile",0.7,19.5563460094858
2022-05-21,"38","30  day ahead inc hosp",2022-06-20,"quantile",0.75,21.7462058964826
2022-05-21,"38","30  day ahead inc hosp",2022-06-20,"quantile",0.8,24.1847187267603
2022-05-21,"38","30  day ahead inc hosp",2022-06-20,"quantile",0.85,27.0271032500641
2022-05-21,"38","30  day ahead inc hosp",2022-06-20,"quantile",0.9,30.6034720176798
2022-05-21,"38","30  day ahead inc hosp",2022-06-20,"quantile",0.95,35.9041892739822
2022-05-21,"38","30  day ahead inc hosp",2022-06-20,"quantile",0.975,40.5017709767703
2022-05-21,"38","30  day ahead inc hosp",2022-06-20,"quantile",0.99,45.8474532940887
2022-05-21,"38","31  day ahead inc hosp",2022-06-21,"quantile",0.01,0
2022-05-21,"38","31  day ahead inc hosp",2022-06-21,"quantile",0.025,0
2022-05-21,"38","31  day ahead inc hosp",2022-06-21,"quantile",0.05,0
2022-05-21,"38","31  day ahead inc hosp",2022-06-21,"quantile",0.1,0
2022-05-21,"38","31  day ahead inc hosp",2022-06-21,"quantile",0.15,0
2022-05-21,"38","31  day ahead inc hosp",2022-06-21,"quantile",0.2,0
2022-05-21,"38","31  day ahead inc hosp",2022-06-21,"quantile",0.25,1.74125708060587
2022-05-21,"38","31  day ahead inc hosp",2022-06-21,"quantile",0.3,3.97344236705286
2022-05-21,"38","31  day ahead inc hosp",2022-06-21,"quantile",0.35,6.04189469705433
2022-05-21,"38","31  day ahead inc hosp",2022-06-21,"quantile",0.4,8.00465368383136
2022-05-21,"38","31  day ahead inc hosp",2022-06-21,"quantile",0.45,9.90364571836284
2022-05-21,"38","31  day ahead inc hosp",2022-06-21,"quantile",0.5,11.7725299516334
2022-05-21,"38","31  day ahead inc hosp",2022-06-21,"quantile",0.55,13.6414141849041
2022-05-21,"38","31  day ahead inc hosp",2022-06-21,"quantile",0.6,15.5404062194355
2022-05-21,"38","31  day ahead inc hosp",2022-06-21,"quantile",0.65,17.5031652062126
2022-05-21,"38","31  day ahead inc hosp",2022-06-21,"quantile",0.7,19.571617536214
2022-05-21,"38","31  day ahead inc hosp",2022-06-21,"quantile",0.75,21.803802822661
2022-05-21,"38","31  day ahead inc hosp",2022-06-21,"quantile",0.8,24.2894469923541
2022-05-21,"38","31  day ahead inc hosp",2022-06-21,"quantile",0.85,27.1867688479751
2022-05-21,"38","31  day ahead inc hosp",2022-06-21,"quantile",0.9,30.8322613241757
2022-05-21,"38","31  day ahead inc hosp",2022-06-21,"quantile",0.95,36.2354303293677
2022-05-21,"38","31  day ahead inc hosp",2022-06-21,"quantile",0.975,40.9218736452805
2022-05-21,"38","31  day ahead inc hosp",2022-06-21,"quantile",0.99,46.3708767918256
2022-05-21,"38","32  day ahead inc hosp",2022-06-22,"quantile",0.01,0
2022-05-21,"38","32  day ahead inc hosp",2022-06-22,"quantile",0.025,0
2022-05-21,"38","32  day ahead inc hosp",2022-06-22,"quantile",0.05,0
2022-05-21,"38","32  day ahead inc hosp",2022-06-22,"quantile",0.1,0
2022-05-21,"38","32  day ahead inc hosp",2022-06-22,"quantile",0.15,0
2022-05-21,"38","32  day ahead inc hosp",2022-06-22,"quantile",0.2,0
2022-05-21,"38","32  day ahead inc hosp",2022-06-22,"quantile",0.25,1.54827510765018
2022-05-21,"38","32  day ahead inc hosp",2022-06-22,"quantile",0.3,3.82217295570772
2022-05-21,"38","32  day ahead inc hosp",2022-06-22,"quantile",0.35,5.92927819045573
2022-05-21,"38","32  day ahead inc hosp",2022-06-22,"quantile",0.4,7.92871500396143
2022-05-21,"38","32  day ahead inc hosp",2022-06-22,"quantile",0.45,9.86319326032192
2022-05-21,"38","32  day ahead inc hosp",2022-06-22,"quantile",0.5,11.7670010947813
2022-05-21,"38","32  day ahead inc hosp",2022-06-22,"quantile",0.55,13.6708089292407
2022-05-21,"38","32  day ahead inc hosp",2022-06-22,"quantile",0.6,15.6052871856012
2022-05-21,"38","32  day ahead inc hosp",2022-06-22,"quantile",0.65,17.6047239991069
2022-05-21,"38","32  day ahead inc hosp",2022-06-22,"quantile",0.7,19.7118292338549
2022-05-21,"38","32  day ahead inc hosp",2022-06-22,"quantile",0.75,21.9857270819124
2022-05-21,"38","32  day ahead inc hosp",2022-06-22,"quantile",0.8,24.5178201670247
2022-05-21,"38","32  day ahead inc hosp",2022-06-22,"quantile",0.85,27.4692839064499
2022-05-21,"38","32  day ahead inc hosp",2022-06-22,"quantile",0.9,31.1828992353714
2022-05-21,"38","32  day ahead inc hosp",2022-06-22,"quantile",0.95,36.6870365702937
2022-05-21,"38","32  day ahead inc hosp",2022-06-22,"quantile",0.975,41.4610548544389
2022-05-21,"38","32  day ahead inc hosp",2022-06-22,"quantile",0.99,47.0118828274651
2022-05-21,"38","33  day ahead inc hosp",2022-06-23,"quantile",0.01,0
2022-05-21,"38","33  day ahead inc hosp",2022-06-23,"quantile",0.025,0
2022-05-21,"38","33  day ahead inc hosp",2022-06-23,"quantile",0.05,0
2022-05-21,"38","33  day ahead inc hosp",2022-06-23,"quantile",0.1,0
2022-05-21,"38","33  day ahead inc hosp",2022-06-23,"quantile",0.15,0
2022-05-21,"38","33  day ahead inc hosp",2022-06-23,"quantile",0.2,0
2022-05-21,"38","33  day ahead inc hosp",2022-06-23,"quantile",0.25,1.54496835954191
2022-05-21,"38","33  day ahead inc hosp",2022-06-23,"quantile",0.3,3.85996911978207
2022-05-21,"38","33  day ahead inc hosp",2022-06-23,"quantile",0.35,6.00516232822571
2022-05-21,"38","33  day ahead inc hosp",2022-06-23,"quantile",0.4,8.0407409041375
2022-05-21,"38","33  day ahead inc hosp",2022-06-23,"quantile",0.45,10.0101867338911
2022-05-21,"38","33  day ahead inc hosp",2022-06-23,"quantile",0.5,11.9484077440783
2022-05-21,"38","33  day ahead inc hosp",2022-06-23,"quantile",0.55,13.8866287542655
2022-05-21,"38","33  day ahead inc hosp",2022-06-23,"quantile",0.6,15.8560745840191
2022-05-21,"38","33  day ahead inc hosp",2022-06-23,"quantile",0.65,17.8916531599309
2022-05-21,"38","33  day ahead inc hosp",2022-06-23,"quantile",0.7,20.0368463683745
2022-05-21,"38","33  day ahead inc hosp",2022-06-23,"quantile",0.75,22.3518471286147
2022-05-21,"38","33  day ahead inc hosp",2022-06-23,"quantile",0.8,24.9297102555978
2022-05-21,"38","33  day ahead inc hosp",2022-06-23,"quantile",0.85,27.9345245687945
2022-05-21,"38","33  day ahead inc hosp",2022-06-23,"quantile",0.9,31.7152671017261
2022-05-21,"38","33  day ahead inc hosp",2022-06-23,"quantile",0.95,37.3188970650054
2022-05-21,"38","33  day ahead inc hosp",2022-06-23,"quantile",0.975,42.1792103665187
2022-05-21,"38","33  day ahead inc hosp",2022-06-23,"quantile",0.99,47.8303749465349
2022-05-21,"38","34  day ahead inc hosp",2022-06-24,"quantile",0.01,0
2022-05-21,"38","34  day ahead inc hosp",2022-06-24,"quantile",0.025,0
2022-05-21,"38","34  day ahead inc hosp",2022-06-24,"quantile",0.05,0
2022-05-21,"38","34  day ahead inc hosp",2022-06-24,"quantile",0.1,0
2022-05-21,"38","34  day ahead inc hosp",2022-06-24,"quantile",0.15,0
2022-05-21,"38","34  day ahead inc hosp",2022-06-24,"quantile",0.2,0
2022-05-21,"38","34  day ahead inc hosp",2022-06-24,"quantile",0.25,1.84802175005155
2022-05-21,"38","34  day ahead inc hosp",2022-06-24,"quantile",0.3,4.20352333606792
2022-05-21,"38","34  day ahead inc hosp",2022-06-24,"quantile",0.35,6.38624659542286
2022-05-21,"38","34  day ahead inc hosp",2022-06-24,"quantile",0.4,8.45743751957779
2022-05-21,"38","34  day ahead inc hosp",2022-06-24,"quantile",0.45,10.461338708395
2022-05-21,"38","34  day ahead inc hosp",2022-06-24,"quantile",0.5,12.4334688009452
2022-05-21,"38","34  day ahead inc hosp",2022-06-24,"quantile",0.55,14.4055988934954
2022-05-21,"38","34  day ahead inc hosp",2022-06-24,"quantile",0.6,16.4095000823126
2022-05-21,"38","34  day ahead inc hosp",2022-06-24,"quantile",0.65,18.4806910064675
2022-05-21,"38","34  day ahead inc hosp",2022-06-24,"quantile",0.7,20.6634142658224
2022-05-21,"38","34  day ahead inc hosp",2022-06-24,"quantile",0.75,23.0189158518388
2022-05-21,"38","34  day ahead inc hosp",2022-06-24,"quantile",0.8,25.6418785689275
2022-05-21,"38","34  day ahead inc hosp",2022-06-24,"quantile",0.85,28.6992619624799
2022-05-21,"38","34  day ahead inc hosp",2022-06-24,"quantile",0.9,32.5461484022563
2022-05-21,"38","34  day ahead inc hosp",2022-06-24,"quantile",0.95,38.2478135993701
2022-05-21,"38","34  day ahead inc hosp",2022-06-24,"quantile",0.975,43.1931578458503
2022-05-21,"38","34  day ahead inc hosp",2022-06-24,"quantile",0.99,48.9431892755104
2022-05-21,"38","35  day ahead inc hosp",2022-06-25,"quantile",0.01,0
2022-05-21,"38","35  day ahead inc hosp",2022-06-25,"quantile",0.025,0
2022-05-21,"38","35  day ahead inc hosp",2022-06-25,"quantile",0.05,0
2022-05-21,"38","35  day ahead inc hosp",2022-06-25,"quantile",0.1,0
2022-05-21,"38","35  day ahead inc hosp",2022-06-25,"quantile",0.15,0
2022-05-21,"38","35  day ahead inc hosp",2022-06-25,"quantile",0.2,0
2022-05-21,"38","35  day ahead inc hosp",2022-06-25,"quantile",0.25,1.13297895296049
2022-05-21,"38","35  day ahead inc hosp",2022-06-25,"quantile",0.3,3.52839002393413
2022-05-21,"38","35  day ahead inc hosp",2022-06-25,"quantile",0.35,5.74809536880421
2022-05-21,"38","35  day ahead inc hosp",2022-06-25,"quantile",0.4,7.85437867562698
2022-05-21,"38","35  day ahead inc hosp",2022-06-25,"quantile",0.45,9.89223215079613
2022-05-21,"38","35  day ahead inc hosp",2022-06-25,"quantile",0.5,11.8977762290255
2022-05-21,"38","35  day ahead inc hosp",2022-06-25,"quantile",0.55,13.9033203072549
2022-05-21,"38","35  day ahead inc hosp",2022-06-25,"quantile",0.6,15.941173782424
2022-05-21,"38","35  day ahead inc hosp",2022-06-25,"quantile",0.65,18.0474570892468
2022-05-21,"38","35  day ahead inc hosp",2022-06-25,"quantile",0.7,20.2671624341169
2022-05-21,"38","35  day ahead inc hosp",2022-06-25,"quantile",0.75,22.6625735050905
2022-05-21,"38","35  day ahead inc hosp",2022-06-25,"quantile",0.8,25.3299773262407
2022-05-21,"38","35  day ahead inc hosp",2022-06-25,"quantile",0.85,28.4391622542425
2022-05-21,"38","35  day ahead inc hosp",2022-06-25,"quantile",0.9,32.3512268528502
2022-05-21,"38","35  day ahead inc hosp",2022-06-25,"quantile",0.95,38.1494958997624
2022-05-21,"38","35  day ahead inc hosp",2022-06-25,"quantile",0.975,43.1786295790263
2022-05-21,"38","35  day ahead inc hosp",2022-06-25,"quantile",0.99,49.0260843321128
2022-05-21,"38","36  day ahead inc hosp",2022-06-26,"quantile",0.01,0
2022-05-21,"38","36  day ahead inc hosp",2022-06-26,"quantile",0.025,0
2022-05-21,"38","36  day ahead inc hosp",2022-06-26,"quantile",0.05,0
2022-05-21,"38","36  day ahead inc hosp",2022-06-26,"quantile",0.1,0
2022-05-21,"38","36  day ahead inc hosp",2022-06-26,"quantile",0.15,0
2022-05-21,"38","36  day ahead inc hosp",2022-06-26,"quantile",0.2,0
2022-05-21,"38","36  day ahead inc hosp",2022-06-26,"quantile",0.25,1.60886769195758
2022-05-21,"38","36  day ahead inc hosp",2022-06-26,"quantile",0.3,4.04360989993691
2022-05-21,"38","36  day ahead inc hosp",2022-06-26,"quantile",0.35,6.29976140475391
2022-05-21,"38","36  day ahead inc hosp",2022-06-26,"quantile",0.4,8.44062855328855
2022-05-21,"38","36  day ahead inc hosp",2022-06-26,"quantile",0.45,10.5119422955495
2022-05-21,"38","36  day ahead inc hosp",2022-06-26,"quantile",0.5,12.5504161409773
2022-05-21,"38","36  day ahead inc hosp",2022-06-26,"quantile",0.55,14.5888899864052
2022-05-21,"38","36  day ahead inc hosp",2022-06-26,"quantile",0.6,16.6602037286661
2022-05-21,"38","36  day ahead inc hosp",2022-06-26,"quantile",0.65,18.8010708772007
2022-05-21,"38","36  day ahead inc hosp",2022-06-26,"quantile",0.7,21.0572223820177
2022-05-21,"38","36  day ahead inc hosp",2022-06-26,"quantile",0.75,23.4919645899971
2022-05-21,"38","36  day ahead inc hosp",2022-06-26,"quantile",0.8,26.2031654973385
2022-05-21,"38","36  day ahead inc hosp",2022-06-26,"quantile",0.85,29.3634012783072
2022-05-21,"38","36  day ahead inc hosp",2022-06-26,"quantile",0.9,33.3396995070284
2022-05-21,"38","36  day ahead inc hosp",2022-06-26,"quantile",0.95,39.2331724698961
2022-05-21,"38","36  day ahead inc hosp",2022-06-26,"quantile",0.975,44.3448813481127
2022-05-21,"38","36  day ahead inc hosp",2022-06-26,"quantile",0.99,50.2883476153877
2022-05-21,"38","37  day ahead inc hosp",2022-06-27,"quantile",0.01,0
2022-05-21,"38","37  day ahead inc hosp",2022-06-27,"quantile",0.025,0
2022-05-21,"38","37  day ahead inc hosp",2022-06-27,"quantile",0.05,0
2022-05-21,"38","37  day ahead inc hosp",2022-06-27,"quantile",0.1,0
2022-05-21,"38","37  day ahead inc hosp",2022-06-27,"quantile",0.15,0
2022-05-21,"38","37  day ahead inc hosp",2022-06-27,"quantile",0.2,0
2022-05-21,"38","37  day ahead inc hosp",2022-06-27,"quantile",0.25,1.3689727690684
2022-05-21,"38","37  day ahead inc hosp",2022-06-27,"quantile",0.3,3.84248228182546
2022-05-21,"38","37  day ahead inc hosp",2022-06-27,"quantile",0.35,6.1345574720024
2022-05-21,"38","37  day ahead inc hosp",2022-06-27,"quantile",0.4,8.30951268495878
2022-05-21,"38","37  day ahead inc hosp",2022-06-27,"quantile",0.45,10.4138070240457
2022-05-21,"38","37  day ahead inc hosp",2022-06-27,"quantile",0.5,12.484738571397
2022-05-21,"38","37  day ahead inc hosp",2022-06-27,"quantile",0.55,14.5556701187484
2022-05-21,"38","37  day ahead inc hosp",2022-06-27,"quantile",0.6,16.6599644578353
2022-05-21,"38","37  day ahead inc hosp",2022-06-27,"quantile",0.65,18.8349196707916
2022-05-21,"38","37  day ahead inc hosp",2022-06-27,"quantile",0.7,21.1269948609686
2022-05-21,"38","37  day ahead inc hosp",2022-06-27,"quantile",0.75,23.6005043737256
2022-05-21,"38","37  day ahead inc hosp",2022-06-27,"quantile",0.8,26.354874513335
2022-05-21,"38","37  day ahead inc hosp",2022-06-27,"quantile",0.85,29.5654293068417
2022-05-21,"38","37  day ahead inc hosp",2022-06-27,"quantile",0.9,33.6050403433069
2022-05-21,"38","37  day ahead inc hosp",2022-06-27,"quantile",0.95,39.5923524246662
2022-05-21,"38","37  day ahead inc hosp",2022-06-27,"quantile",0.975,44.7854527435731
2022-05-21,"38","37  day ahead inc hosp",2022-06-27,"quantile",0.99,50.8235541502335
2022-05-21,"39","1  day ahead inc hosp",2022-05-22,"quantile",0.01,88.3176260119781
2022-05-21,"39","1  day ahead inc hosp",2022-05-22,"quantile",0.025,101.776061841753
2022-05-21,"39","1  day ahead inc hosp",2022-05-22,"quantile",0.05,113.351059128566
2022-05-21,"39","1  day ahead inc hosp",2022-05-22,"quantile",0.1,126.69628969242
2022-05-21,"39","1  day ahead inc hosp",2022-05-22,"quantile",0.15,135.700253397227
2022-05-21,"39","1  day ahead inc hosp",2022-05-22,"quantile",0.2,142.856318318351
2022-05-21,"39","1  day ahead inc hosp",2022-05-22,"quantile",0.25,148.995584832572
2022-05-21,"39","1  day ahead inc hosp",2022-05-22,"quantile",0.3,154.508835904351
2022-05-21,"39","1  day ahead inc hosp",2022-05-22,"quantile",0.35,159.617684661013
2022-05-21,"39","1  day ahead inc hosp",2022-05-22,"quantile",0.4,164.465482535676
2022-05-21,"39","1  day ahead inc hosp",2022-05-22,"quantile",0.45,169.15578308252
2022-05-21,"39","1  day ahead inc hosp",2022-05-22,"quantile",0.5,173.771720686208
2022-05-21,"39","1  day ahead inc hosp",2022-05-22,"quantile",0.55,178.387658289896
2022-05-21,"39","1  day ahead inc hosp",2022-05-22,"quantile",0.6,183.07795883674
2022-05-21,"39","1  day ahead inc hosp",2022-05-22,"quantile",0.65,187.925756711403
2022-05-21,"39","1  day ahead inc hosp",2022-05-22,"quantile",0.7,193.034605468065
2022-05-21,"39","1  day ahead inc hosp",2022-05-22,"quantile",0.75,198.547856539844
2022-05-21,"39","1  day ahead inc hosp",2022-05-22,"quantile",0.8,204.687123054065
2022-05-21,"39","1  day ahead inc hosp",2022-05-22,"quantile",0.85,211.843187975188
2022-05-21,"39","1  day ahead inc hosp",2022-05-22,"quantile",0.9,220.847151679996
2022-05-21,"39","1  day ahead inc hosp",2022-05-22,"quantile",0.95,234.19238224385
2022-05-21,"39","1  day ahead inc hosp",2022-05-22,"quantile",0.975,245.767379530663
2022-05-21,"39","1  day ahead inc hosp",2022-05-22,"quantile",0.99,259.225815360438
2022-05-21,"39","2  day ahead inc hosp",2022-05-23,"quantile",0.01,72.1848015630047
2022-05-21,"39","2  day ahead inc hosp",2022-05-23,"quantile",0.025,89.3317672856685
2022-05-21,"39","2  day ahead inc hosp",2022-05-23,"quantile",0.05,104.079103768694
2022-05-21,"39","2  day ahead inc hosp",2022-05-23,"quantile",0.1,121.081838256842
2022-05-21,"39","2  day ahead inc hosp",2022-05-23,"quantile",0.15,132.553502495332
2022-05-21,"39","2  day ahead inc hosp",2022-05-23,"quantile",0.2,141.670817572927
2022-05-21,"39","2  day ahead inc hosp",2022-05-23,"quantile",0.25,149.492662088376
2022-05-21,"39","2  day ahead inc hosp",2022-05-23,"quantile",0.3,156.516920207517
2022-05-21,"39","2  day ahead inc hosp",2022-05-23,"quantile",0.35,163.025942178625
2022-05-21,"39","2  day ahead inc hosp",2022-05-23,"quantile",0.4,169.20236751056
2022-05-21,"39","2  day ahead inc hosp",2022-05-23,"quantile",0.45,175.178130498396
2022-05-21,"39","2  day ahead inc hosp",2022-05-23,"quantile",0.5,181.059150021726
2022-05-21,"39","2  day ahead inc hosp",2022-05-23,"quantile",0.55,186.940169545056
2022-05-21,"39","2  day ahead inc hosp",2022-05-23,"quantile",0.6,192.915932532891
2022-05-21,"39","2  day ahead inc hosp",2022-05-23,"quantile",0.65,199.092357864827
2022-05-21,"39","2  day ahead inc hosp",2022-05-23,"quantile",0.7,205.601379835935
2022-05-21,"39","2  day ahead inc hosp",2022-05-23,"quantile",0.75,212.625637955075
2022-05-21,"39","2  day ahead inc hosp",2022-05-23,"quantile",0.8,220.447482470524
2022-05-21,"39","2  day ahead inc hosp",2022-05-23,"quantile",0.85,229.564797548119
2022-05-21,"39","2  day ahead inc hosp",2022-05-23,"quantile",0.9,241.03646178661
2022-05-21,"39","2  day ahead inc hosp",2022-05-23,"quantile",0.95,258.039196274757
2022-05-21,"39","2  day ahead inc hosp",2022-05-23,"quantile",0.975,272.786532757783
2022-05-21,"39","2  day ahead inc hosp",2022-05-23,"quantile",0.99,289.933498480447
2022-05-21,"39","3  day ahead inc hosp",2022-05-24,"quantile",0.01,69.127457043348
2022-05-21,"39","3  day ahead inc hosp",2022-05-24,"quantile",0.025,87.6081387035965
2022-05-21,"39","3  day ahead inc hosp",2022-05-24,"quantile",0.05,103.502544471209
2022-05-21,"39","3  day ahead inc hosp",2022-05-24,"quantile",0.1,121.827776381708
2022-05-21,"39","3  day ahead inc hosp",2022-05-24,"quantile",0.15,134.191723352487
2022-05-21,"39","3  day ahead inc hosp",2022-05-24,"quantile",0.2,144.018196459768
2022-05-21,"39","3  day ahead inc hosp",2022-05-24,"quantile",0.25,152.448435420059
2022-05-21,"39","3  day ahead inc hosp",2022-05-24,"quantile",0.3,160.019050553888
2022-05-21,"39","3  day ahead inc hosp",2022-05-24,"quantile",0.35,167.034353722578
2022-05-21,"39","3  day ahead inc hosp",2022-05-24,"quantile",0.4,173.691190401671
2022-05-21,"39","3  day ahead inc hosp",2022-05-24,"quantile",0.45,180.131756927638
2022-05-21,"39","3  day ahead inc hosp",2022-05-24,"quantile",0.5,186.470210704606
2022-05-21,"39","3  day ahead inc hosp",2022-05-24,"quantile",0.55,192.808664481575
2022-05-21,"39","3  day ahead inc hosp",2022-05-24,"quantile",0.6,199.249231007541
2022-05-21,"39","3  day ahead inc hosp",2022-05-24,"quantile",0.65,205.906067686635
2022-05-21,"39","3  day ahead inc hosp",2022-05-24,"quantile",0.7,212.921370855325
2022-05-21,"39","3  day ahead inc hosp",2022-05-24,"quantile",0.75,220.491985989154
2022-05-21,"39","3  day ahead inc hosp",2022-05-24,"quantile",0.8,228.922224949445
2022-05-21,"39","3  day ahead inc hosp",2022-05-24,"quantile",0.85,238.748698056725
2022-05-21,"39","3  day ahead inc hosp",2022-05-24,"quantile",0.9,251.112645027505
2022-05-21,"39","3  day ahead inc hosp",2022-05-24,"quantile",0.95,269.437876938004
2022-05-21,"39","3  day ahead inc hosp",2022-05-24,"quantile",0.975,285.332282705616
2022-05-21,"39","3  day ahead inc hosp",2022-05-24,"quantile",0.99,303.812964365865
2022-05-21,"39","4  day ahead inc hosp",2022-05-25,"quantile",0.01,60.8847461901982
2022-05-21,"39","4  day ahead inc hosp",2022-05-25,"quantile",0.025,80.3935770300649
2022-05-21,"39","4  day ahead inc hosp",2022-05-25,"quantile",0.05,97.172247812947
2022-05-21,"39","4  day ahead inc hosp",2022-05-25,"quantile",0.1,116.516980654281
2022-05-21,"39","4  day ahead inc hosp",2022-05-25,"quantile",0.15,129.568780063004
2022-05-21,"39","4  day ahead inc hosp",2022-05-25,"quantile",0.2,139.941936482595
2022-05-21,"39","4  day ahead inc hosp",2022-05-25,"quantile",0.25,148.841181047244
2022-05-21,"39","4  day ahead inc hosp",2022-05-25,"quantile",0.3,156.832977709014
2022-05-21,"39","4  day ahead inc hosp",2022-05-25,"quantile",0.35,164.238568331936
2022-05-21,"39","4  day ahead inc hosp",2022-05-25,"quantile",0.4,171.265749638803
2022-05-21,"39","4  day ahead inc hosp",2022-05-25,"quantile",0.45,178.064628878104
2022-05-21,"39","4  day ahead inc hosp",2022-05-25,"quantile",0.5,184.755714455709
2022-05-21,"39","4  day ahead inc hosp",2022-05-25,"quantile",0.55,191.446800033313
2022-05-21,"39","4  day ahead inc hosp",2022-05-25,"quantile",0.6,198.245679272614
2022-05-21,"39","4  day ahead inc hosp",2022-05-25,"quantile",0.65,205.272860579481
2022-05-21,"39","4  day ahead inc hosp",2022-05-25,"quantile",0.7,212.678451202403
2022-05-21,"39","4  day ahead inc hosp",2022-05-25,"quantile",0.75,220.670247864173
2022-05-21,"39","4  day ahead inc hosp",2022-05-25,"quantile",0.8,229.569492428822
2022-05-21,"39","4  day ahead inc hosp",2022-05-25,"quantile",0.85,239.942648848414
2022-05-21,"39","4  day ahead inc hosp",2022-05-25,"quantile",0.9,252.994448257136
2022-05-21,"39","4  day ahead inc hosp",2022-05-25,"quantile",0.95,272.33918109847
2022-05-21,"39","4  day ahead inc hosp",2022-05-25,"quantile",0.975,289.117851881352
2022-05-21,"39","4  day ahead inc hosp",2022-05-25,"quantile",0.99,308.626682721219
2022-05-21,"39","5  day ahead inc hosp",2022-05-26,"quantile",0.01,54.1913788317399
2022-05-21,"39","5  day ahead inc hosp",2022-05-26,"quantile",0.025,74.9240960158694
2022-05-21,"39","5  day ahead inc hosp",2022-05-26,"quantile",0.05,92.7553765740173
2022-05-21,"39","5  day ahead inc hosp",2022-05-26,"quantile",0.1,113.313701073009
2022-05-21,"39","5  day ahead inc hosp",2022-05-26,"quantile",0.15,127.184305011614
2022-05-21,"39","5  day ahead inc hosp",2022-05-26,"quantile",0.2,138.208221314925
2022-05-21,"39","5  day ahead inc hosp",2022-05-26,"quantile",0.25,147.665759915045
2022-05-21,"39","5  day ahead inc hosp",2022-05-26,"quantile",0.3,156.158921875472
2022-05-21,"39","5  day ahead inc hosp",2022-05-26,"quantile",0.35,164.029102165965
2022-05-21,"39","5  day ahead inc hosp",2022-05-26,"quantile",0.4,171.497133635034
2022-05-21,"39","5  day ahead inc hosp",2022-05-26,"quantile",0.45,178.722540508183
2022-05-21,"39","5  day ahead inc hosp",2022-05-26,"quantile",0.5,185.833391285145
2022-05-21,"39","5  day ahead inc hosp",2022-05-26,"quantile",0.55,192.944242062107
2022-05-21,"39","5  day ahead inc hosp",2022-05-26,"quantile",0.6,200.169648935256
2022-05-21,"39","5  day ahead inc hosp",2022-05-26,"quantile",0.65,207.637680404326
2022-05-21,"39","5  day ahead inc hosp",2022-05-26,"quantile",0.7,215.507860694819
2022-05-21,"39","5  day ahead inc hosp",2022-05-26,"quantile",0.75,224.001022655245
2022-05-21,"39","5  day ahead inc hosp",2022-05-26,"quantile",0.8,233.458561255366
2022-05-21,"39","5  day ahead inc hosp",2022-05-26,"quantile",0.85,244.482477558676
2022-05-21,"39","5  day ahead inc hosp",2022-05-26,"quantile",0.9,258.353081497282
2022-05-21,"39","5  day ahead inc hosp",2022-05-26,"quantile",0.95,278.911405996273
2022-05-21,"39","5  day ahead inc hosp",2022-05-26,"quantile",0.975,296.742686554421
2022-05-21,"39","5  day ahead inc hosp",2022-05-26,"quantile",0.99,317.475403738551
2022-05-21,"39","6  day ahead inc hosp",2022-05-27,"quantile",0.01,41.1711627843016
2022-05-21,"39","6  day ahead inc hosp",2022-05-27,"quantile",0.025,63.5028209046571
2022-05-21,"39","6  day ahead inc hosp",2022-05-27,"quantile",0.05,82.7092788781213
2022-05-21,"39","6  day ahead inc hosp",2022-05-27,"quantile",0.1,104.853094865263
2022-05-21,"39","6  day ahead inc hosp",2022-05-27,"quantile",0.15,119.793422383785
2022-05-21,"39","6  day ahead inc hosp",2022-05-27,"quantile",0.2,131.667521077486
2022-05-21,"39","6  day ahead inc hosp",2022-05-27,"quantile",0.25,141.854440466886
2022-05-21,"39","6  day ahead inc hosp",2022-05-27,"quantile",0.3,151.002608918547
2022-05-21,"39","6  day ahead inc hosp",2022-05-27,"quantile",0.35,159.479750338649
2022-05-21,"39","6  day ahead inc hosp",2022-05-27,"quantile",0.4,167.52372856486
2022-05-21,"39","6  day ahead inc hosp",2022-05-27,"quantile",0.45,175.30637059092
2022-05-21,"39","6  day ahead inc hosp",2022-05-27,"quantile",0.5,182.965621767969
2022-05-21,"39","6  day ahead inc hosp",2022-05-27,"quantile",0.55,190.624872945019
2022-05-21,"39","6  day ahead inc hosp",2022-05-27,"quantile",0.6,198.407514971079
2022-05-21,"39","6  day ahead inc hosp",2022-05-27,"quantile",0.65,206.45149319729
2022-05-21,"39","6  day ahead inc hosp",2022-05-27,"quantile",0.7,214.928634617392
2022-05-21,"39","6  day ahead inc hosp",2022-05-27,"quantile",0.75,224.076803069053
2022-05-21,"39","6  day ahead inc hosp",2022-05-27,"quantile",0.8,234.263722458453
2022-05-21,"39","6  day ahead inc hosp",2022-05-27,"quantile",0.85,246.137821152154
2022-05-21,"39","6  day ahead inc hosp",2022-05-27,"quantile",0.9,261.078148670676
2022-05-21,"39","6  day ahead inc hosp",2022-05-27,"quantile",0.95,283.221964657818
2022-05-21,"39","6  day ahead inc hosp",2022-05-27,"quantile",0.975,302.428422631282
2022-05-21,"39","6  day ahead inc hosp",2022-05-27,"quantile",0.99,324.760080751637
2022-05-21,"39","7  day ahead inc hosp",2022-05-28,"quantile",0.01,21.0413427847253
2022-05-21,"39","7  day ahead inc hosp",2022-05-28,"quantile",0.025,45.3640305995319
2022-05-21,"39","7  day ahead inc hosp",2022-05-28,"quantile",0.05,66.2828839510865
2022-05-21,"39","7  day ahead inc hosp",2022-05-28,"quantile",0.1,90.400982140707
2022-05-21,"39","7  day ahead inc hosp",2022-05-28,"quantile",0.15,106.673348488316
2022-05-21,"39","7  day ahead inc hosp",2022-05-28,"quantile",0.2,119.606109416885
2022-05-21,"39","7  day ahead inc hosp",2022-05-28,"quantile",0.25,130.701266738729
2022-05-21,"39","7  day ahead inc hosp",2022-05-28,"quantile",0.3,140.665060923997
2022-05-21,"39","7  day ahead inc hosp",2022-05-28,"quantile",0.35,149.89800113882
2022-05-21,"39","7  day ahead inc hosp",2022-05-28,"quantile",0.4,158.659158511496
2022-05-21,"39","7  day ahead inc hosp",2022-05-28,"quantile",0.45,167.135679661607
2022-05-21,"39","7  day ahead inc hosp",2022-05-28,"quantile",0.5,175.477808771347
2022-05-21,"39","7  day ahead inc hosp",2022-05-28,"quantile",0.55,183.819937881086
2022-05-21,"39","7  day ahead inc hosp",2022-05-28,"quantile",0.6,192.296459031198
2022-05-21,"39","7  day ahead inc hosp",2022-05-28,"quantile",0.65,201.057616403873
2022-05-21,"39","7  day ahead inc hosp",2022-05-28,"quantile",0.7,210.290556618697
2022-05-21,"39","7  day ahead inc hosp",2022-05-28,"quantile",0.75,220.254350803965
2022-05-21,"39","7  day ahead inc hosp",2022-05-28,"quantile",0.8,231.349508125809
2022-05-21,"39","7  day ahead inc hosp",2022-05-28,"quantile",0.85,244.282269054378
2022-05-21,"39","7  day ahead inc hosp",2022-05-28,"quantile",0.9,260.554635401987
2022-05-21,"39","7  day ahead inc hosp",2022-05-28,"quantile",0.95,284.672733591607
2022-05-21,"39","7  day ahead inc hosp",2022-05-28,"quantile",0.975,305.591586943162
2022-05-21,"39","7  day ahead inc hosp",2022-05-28,"quantile",0.99,329.914274757968
2022-05-21,"39","8  day ahead inc hosp",2022-05-29,"quantile",0.01,13.8414979553732
2022-05-21,"39","8  day ahead inc hosp",2022-05-29,"quantile",0.025,40.4684937800259
2022-05-21,"39","8  day ahead inc hosp",2022-05-29,"quantile",0.05,63.3691791438073
2022-05-21,"39","8  day ahead inc hosp",2022-05-29,"quantile",0.1,89.7722027192958
2022-05-21,"39","8  day ahead inc hosp",2022-05-29,"quantile",0.15,107.586197377042
2022-05-21,"39","8  day ahead inc hosp",2022-05-29,"quantile",0.2,121.744195615897
2022-05-21,"39","8  day ahead inc hosp",2022-05-29,"quantile",0.25,133.890497452766
2022-05-21,"39","8  day ahead inc hosp",2022-05-29,"quantile",0.3,144.798251899515
2022-05-21,"39","8  day ahead inc hosp",2022-05-29,"quantile",0.35,154.905911974802
2022-05-21,"39","8  day ahead inc hosp",2022-05-29,"quantile",0.4,164.497092956014
2022-05-21,"39","8  day ahead inc hosp",2022-05-29,"quantile",0.45,173.776671553171
2022-05-21,"39","8  day ahead inc hosp",2022-05-29,"quantile",0.5,182.909125937531
2022-05-21,"39","8  day ahead inc hosp",2022-05-29,"quantile",0.55,192.041580321891
2022-05-21,"39","8  day ahead inc hosp",2022-05-29,"quantile",0.6,201.321158919047
2022-05-21,"39","8  day ahead inc hosp",2022-05-29,"quantile",0.65,210.91233990026
2022-05-21,"39","8  day ahead inc hosp",2022-05-29,"quantile",0.7,221.019999975547
2022-05-21,"39","8  day ahead inc hosp",2022-05-29,"quantile",0.75,231.927754422295
2022-05-21,"39","8  day ahead inc hosp",2022-05-29,"quantile",0.8,244.074056259165
2022-05-21,"39","8  day ahead inc hosp",2022-05-29,"quantile",0.85,258.23205449802
2022-05-21,"39","8  day ahead inc hosp",2022-05-29,"quantile",0.9,276.046049155766
2022-05-21,"39","8  day ahead inc hosp",2022-05-29,"quantile",0.95,302.449072731255
2022-05-21,"39","8  day ahead inc hosp",2022-05-29,"quantile",0.975,325.349758095036
2022-05-21,"39","8  day ahead inc hosp",2022-05-29,"quantile",0.99,351.976753919689
2022-05-21,"39","9  day ahead inc hosp",2022-05-30,"quantile",0.01,3.6794585679026
2022-05-21,"39","9  day ahead inc hosp",2022-05-30,"quantile",0.025,32.8123865825462
2022-05-21,"39","9  day ahead inc hosp",2022-05-30,"quantile",0.05,57.868311876655
2022-05-21,"39","9  day ahead inc hosp",2022-05-30,"quantile",0.1,86.7561890618642
2022-05-21,"39","9  day ahead inc hosp",2022-05-30,"quantile",0.15,106.24670265322
2022-05-21,"39","9  day ahead inc hosp",2022-05-30,"quantile",0.2,121.737144993776
2022-05-21,"39","9  day ahead inc hosp",2022-05-30,"quantile",0.25,135.026565226833
2022-05-21,"39","9  day ahead inc hosp",2022-05-30,"quantile",0.3,146.960875322917
2022-05-21,"39","9  day ahead inc hosp",2022-05-30,"quantile",0.35,158.019792194687
2022-05-21,"39","9  day ahead inc hosp",2022-05-30,"quantile",0.4,168.513622852158
2022-05-21,"39","9  day ahead inc hosp",2022-05-30,"quantile",0.45,178.666525457374
2022-05-21,"39","9  day ahead inc hosp",2022-05-30,"quantile",0.5,188.658457627591
2022-05-21,"39","9  day ahead inc hosp",2022-05-30,"quantile",0.55,198.650389797807
2022-05-21,"39","9  day ahead inc hosp",2022-05-30,"quantile",0.6,208.803292403023
2022-05-21,"39","9  day ahead inc hosp",2022-05-30,"quantile",0.65,219.297123060494
2022-05-21,"39","9  day ahead inc hosp",2022-05-30,"quantile",0.7,230.356039932264
2022-05-21,"39","9  day ahead inc hosp",2022-05-30,"quantile",0.75,242.290350028348
2022-05-21,"39","9  day ahead inc hosp",2022-05-30,"quantile",0.8,255.579770261405
2022-05-21,"39","9  day ahead inc hosp",2022-05-30,"quantile",0.85,271.070212601961
2022-05-21,"39","9  day ahead inc hosp",2022-05-30,"quantile",0.9,290.560726193317
2022-05-21,"39","9  day ahead inc hosp",2022-05-30,"quantile",0.95,319.448603378526
2022-05-21,"39","9  day ahead inc hosp",2022-05-30,"quantile",0.975,344.504528672635
2022-05-21,"39","9  day ahead inc hosp",2022-05-30,"quantile",0.99,373.637456687279
2022-05-21,"39","10  day ahead inc hosp",2022-05-31,"quantile",0.01,0
2022-05-21,"39","10  day ahead inc hosp",2022-05-31,"quantile",0.025,21.8770067451962
2022-05-21,"39","10  day ahead inc hosp",2022-05-31,"quantile",0.05,49.1729348523367
2022-05-21,"39","10  day ahead inc hosp",2022-05-31,"quantile",0.1,80.6433918224798
2022-05-21,"39","10  day ahead inc hosp",2022-05-31,"quantile",0.15,101.876359733906
2022-05-21,"39","10  day ahead inc hosp",2022-05-31,"quantile",0.2,118.751649531127
2022-05-21,"39","10  day ahead inc hosp",2022-05-31,"quantile",0.25,133.229145572847
2022-05-21,"39","10  day ahead inc hosp",2022-05-31,"quantile",0.3,146.230384464138
2022-05-21,"39","10  day ahead inc hosp",2022-05-31,"quantile",0.35,158.277969868842
2022-05-21,"39","10  day ahead inc hosp",2022-05-31,"quantile",0.4,169.709950281962
2022-05-21,"39","10  day ahead inc hosp",2022-05-31,"quantile",0.45,180.770523632886
2022-05-21,"39","10  day ahead inc hosp",2022-05-31,"quantile",0.5,191.65573577206
2022-05-21,"39","10  day ahead inc hosp",2022-05-31,"quantile",0.55,202.540947911233
2022-05-21,"39","10  day ahead inc hosp",2022-05-31,"quantile",0.6,213.601521262158
2022-05-21,"39","10  day ahead inc hosp",2022-05-31,"quantile",0.65,225.033501675277
2022-05-21,"39","10  day ahead inc hosp",2022-05-31,"quantile",0.7,237.081087079982
2022-05-21,"39","10  day ahead inc hosp",2022-05-31,"quantile",0.75,250.082325971272
2022-05-21,"39","10  day ahead inc hosp",2022-05-31,"quantile",0.8,264.559822012993
2022-05-21,"39","10  day ahead inc hosp",2022-05-31,"quantile",0.85,281.435111810213
2022-05-21,"39","10  day ahead inc hosp",2022-05-31,"quantile",0.9,302.66807972164
2022-05-21,"39","10  day ahead inc hosp",2022-05-31,"quantile",0.95,334.138536691783
2022-05-21,"39","10  day ahead inc hosp",2022-05-31,"quantile",0.975,361.434464798923
2022-05-21,"39","10  day ahead inc hosp",2022-05-31,"quantile",0.99,393.17188017289
2022-05-21,"39","11  day ahead inc hosp",2022-06-01,"quantile",0.01,0
2022-05-21,"39","11  day ahead inc hosp",2022-06-01,"quantile",0.025,12.9273958375148
2022-05-21,"39","11  day ahead inc hosp",2022-06-01,"quantile",0.05,42.4808213490138
2022-05-21,"39","11  day ahead inc hosp",2022-06-01,"quantile",0.1,76.5540282474691
2022-05-21,"39","11  day ahead inc hosp",2022-06-01,"quantile",0.15,99.5430591789443
2022-05-21,"39","11  day ahead inc hosp",2022-06-01,"quantile",0.2,117.81401219617
2022-05-21,"39","11  day ahead inc hosp",2022-06-01,"quantile",0.25,133.488863008445
2022-05-21,"39","11  day ahead inc hosp",2022-06-01,"quantile",0.3,147.565363489498
2022-05-21,"39","11  day ahead inc hosp",2022-06-01,"quantile",0.35,160.609339003128
2022-05-21,"39","11  day ahead inc hosp",2022-06-01,"quantile",0.4,172.986796192417
2022-05-21,"39","11  day ahead inc hosp",2022-06-01,"quantile",0.45,184.962129266199
2022-05-21,"39","11  day ahead inc hosp",2022-06-01,"quantile",0.5,196.747597958424
2022-05-21,"39","11  day ahead inc hosp",2022-06-01,"quantile",0.55,208.533066650649
2022-05-21,"39","11  day ahead inc hosp",2022-06-01,"quantile",0.6,220.508399724431
2022-05-21,"39","11  day ahead inc hosp",2022-06-01,"quantile",0.65,232.88585691372
2022-05-21,"39","11  day ahead inc hosp",2022-06-01,"quantile",0.7,245.929832427351
2022-05-21,"39","11  day ahead inc hosp",2022-06-01,"quantile",0.75,260.006332908404
2022-05-21,"39","11  day ahead inc hosp",2022-06-01,"quantile",0.8,275.681183720679
2022-05-21,"39","11  day ahead inc hosp",2022-06-01,"quantile",0.85,293.952136737904
2022-05-21,"39","11  day ahead inc hosp",2022-06-01,"quantile",0.9,316.94116766938
2022-05-21,"39","11  day ahead inc hosp",2022-06-01,"quantile",0.95,351.014374567835
2022-05-21,"39","11  day ahead inc hosp",2022-06-01,"quantile",0.975,380.567800079334
2022-05-21,"39","11  day ahead inc hosp",2022-06-01,"quantile",0.99,414.930044055814
2022-05-21,"39","12  day ahead inc hosp",2022-06-02,"quantile",0.01,0
2022-05-21,"39","12  day ahead inc hosp",2022-06-02,"quantile",0.025,0
2022-05-21,"39","12  day ahead inc hosp",2022-06-02,"quantile",0.05,28.4751392203488
2022-05-21,"39","12  day ahead inc hosp",2022-06-02,"quantile",0.1,65.1193112201531
2022-05-21,"39","12  day ahead inc hosp",2022-06-02,"quantile",0.15,89.8429600998245
2022-05-21,"39","12  day ahead inc hosp",2022-06-02,"quantile",0.2,109.492532473768
2022-05-21,"39","12  day ahead inc hosp",2022-06-02,"quantile",0.25,126.350115939512
2022-05-21,"39","12  day ahead inc hosp",2022-06-02,"quantile",0.3,141.48874689727
2022-05-21,"39","12  day ahead inc hosp",2022-06-02,"quantile",0.35,155.516944586651
2022-05-21,"39","12  day ahead inc hosp",2022-06-02,"quantile",0.4,168.828332373431
2022-05-21,"39","12  day ahead inc hosp",2022-06-02,"quantile",0.45,181.707254108576
2022-05-21,"39","12  day ahead inc hosp",2022-06-02,"quantile",0.5,194.381985405317
2022-05-21,"39","12  day ahead inc hosp",2022-06-02,"quantile",0.55,207.056716702059
2022-05-21,"39","12  day ahead inc hosp",2022-06-02,"quantile",0.6,219.935638437204
2022-05-21,"39","12  day ahead inc hosp",2022-06-02,"quantile",0.65,233.247026223984
2022-05-21,"39","12  day ahead inc hosp",2022-06-02,"quantile",0.7,247.275223913365
2022-05-21,"39","12  day ahead inc hosp",2022-06-02,"quantile",0.75,262.413854871123
2022-05-21,"39","12  day ahead inc hosp",2022-06-02,"quantile",0.8,279.271438336867
2022-05-21,"39","12  day ahead inc hosp",2022-06-02,"quantile",0.85,298.92101071081
2022-05-21,"39","12  day ahead inc hosp",2022-06-02,"quantile",0.9,323.644659590482
2022-05-21,"39","12  day ahead inc hosp",2022-06-02,"quantile",0.95,360.288831590286
2022-05-21,"39","12  day ahead inc hosp",2022-06-02,"quantile",0.975,392.072185908951
2022-05-21,"39","12  day ahead inc hosp",2022-06-02,"quantile",0.99,429.027204035832
2022-05-21,"39","13  day ahead inc hosp",2022-06-03,"quantile",0.01,0
2022-05-21,"39","13  day ahead inc hosp",2022-06-03,"quantile",0.025,0
2022-05-21,"39","13  day ahead inc hosp",2022-06-03,"quantile",0.05,14.6327787301132
2022-05-21,"39","13  day ahead inc hosp",2022-06-03,"quantile",0.1,53.7848151846079
2022-05-21,"39","13  day ahead inc hosp",2022-06-03,"quantile",0.15,80.2005083057457
2022-05-21,"39","13  day ahead inc hosp",2022-06-03,"quantile",0.2,101.194863803913
2022-05-21,"39","13  day ahead inc hosp",2022-06-03,"quantile",0.25,119.206151448481
2022-05-21,"39","13  day ahead inc hosp",2022-06-03,"quantile",0.3,135.380844415549
2022-05-21,"39","13  day ahead inc hosp",2022-06-03,"quantile",0.35,150.369107960662
2022-05-21,"39","13  day ahead inc hosp",2022-06-03,"quantile",0.4,164.591504359486
2022-05-21,"39","13  day ahead inc hosp",2022-06-03,"quantile",0.45,178.351837469801
2022-05-21,"39","13  day ahead inc hosp",2022-06-03,"quantile",0.5,191.89400569736
2022-05-21,"39","13  day ahead inc hosp",2022-06-03,"quantile",0.55,205.436173924919
2022-05-21,"39","13  day ahead inc hosp",2022-06-03,"quantile",0.6,219.196507035234
2022-05-21,"39","13  day ahead inc hosp",2022-06-03,"quantile",0.65,233.418903434058
2022-05-21,"39","13  day ahead inc hosp",2022-06-03,"quantile",0.7,248.407166979171
2022-05-21,"39","13  day ahead inc hosp",2022-06-03,"quantile",0.75,264.581859946239
2022-05-21,"39","13  day ahead inc hosp",2022-06-03,"quantile",0.8,282.593147590807
2022-05-21,"39","13  day ahead inc hosp",2022-06-03,"quantile",0.85,303.587503088974
2022-05-21,"39","13  day ahead inc hosp",2022-06-03,"quantile",0.9,330.003196210112
2022-05-21,"39","13  day ahead inc hosp",2022-06-03,"quantile",0.95,369.155232664607
2022-05-21,"39","13  day ahead inc hosp",2022-06-03,"quantile",0.975,403.113785389911
2022-05-21,"39","13  day ahead inc hosp",2022-06-03,"quantile",0.99,442.597941748742
2022-05-21,"39","14  day ahead inc hosp",2022-06-04,"quantile",0.01,0
2022-05-21,"39","14  day ahead inc hosp",2022-06-04,"quantile",0.025,0
2022-05-21,"39","14  day ahead inc hosp",2022-06-04,"quantile",0.05,0.253130732459766
2022-05-21,"39","14  day ahead inc hosp",2022-06-04,"quantile",0.1,41.8333369139596
2022-05-21,"39","14  day ahead inc hosp",2022-06-04,"quantile",0.15,69.887304622146
2022-05-21,"39","14  day ahead inc hosp",2022-06-04,"quantile",0.2,92.1837088277383
2022-05-21,"39","14  day ahead inc hosp",2022-06-04,"quantile",0.25,111.312038326661
2022-05-21,"39","14  day ahead inc hosp",2022-06-04,"quantile",0.3,128.489869402571
2022-05-21,"39","14  day ahead inc hosp",2022-06-04,"quantile",0.35,144.407689902988
2022-05-21,"39","14  day ahead inc hosp",2022-06-04,"quantile",0.4,159.512144950824
2022-05-21,"39","14  day ahead inc hosp",2022-06-04,"quantile",0.45,174.125880012039
2022-05-21,"39","14  day ahead inc hosp",2022-06-04,"quantile",0.5,188.507919824985
2022-05-21,"39","14  day ahead inc hosp",2022-06-04,"quantile",0.55,202.889959637931
2022-05-21,"39","14  day ahead inc hosp",2022-06-04,"quantile",0.6,217.503694699146
2022-05-21,"39","14  day ahead inc hosp",2022-06-04,"quantile",0.65,232.608149746981
2022-05-21,"39","14  day ahead inc hosp",2022-06-04,"quantile",0.7,248.525970247399
2022-05-21,"39","14  day ahead inc hosp",2022-06-04,"quantile",0.75,265.703801323308
2022-05-21,"39","14  day ahead inc hosp",2022-06-04,"quantile",0.8,284.832130822231
2022-05-21,"39","14  day ahead inc hosp",2022-06-04,"quantile",0.85,307.128535027823
2022-05-21,"39","14  day ahead inc hosp",2022-06-04,"quantile",0.9,335.18250273601
2022-05-21,"39","14  day ahead inc hosp",2022-06-04,"quantile",0.95,376.76270891751
2022-05-21,"39","14  day ahead inc hosp",2022-06-04,"quantile",0.975,412.827336758379
2022-05-21,"39","14  day ahead inc hosp",2022-06-04,"quantile",0.99,454.760260584983
2022-05-21,"39","15  day ahead inc hosp",2022-06-05,"quantile",0.01,0
2022-05-21,"39","15  day ahead inc hosp",2022-06-05,"quantile",0.025,0
2022-05-21,"39","15  day ahead inc hosp",2022-06-05,"quantile",0.05,0
2022-05-21,"39","15  day ahead inc hosp",2022-06-05,"quantile",0.1,34.7362914276165
2022-05-21,"39","15  day ahead inc hosp",2022-06-05,"quantile",0.15,64.3701272878852
2022-05-21,"39","15  day ahead inc hosp",2022-06-05,"quantile",0.2,87.9221606179128
2022-05-21,"39","15  day ahead inc hosp",2022-06-05,"quantile",0.25,108.127708102264
2022-05-21,"39","15  day ahead inc hosp",2022-06-05,"quantile",0.3,126.27291422191
2022-05-21,"39","15  day ahead inc hosp",2022-06-05,"quantile",0.35,143.08715186805
2022-05-21,"39","15  day ahead inc hosp",2022-06-05,"quantile",0.4,159.042219126353
2022-05-21,"39","15  day ahead inc hosp",2022-06-05,"quantile",0.45,174.47893134525
2022-05-21,"39","15  day ahead inc hosp",2022-06-05,"quantile",0.5,189.670900323966
2022-05-21,"39","15  day ahead inc hosp",2022-06-05,"quantile",0.55,204.862869302683
2022-05-21,"39","15  day ahead inc hosp",2022-06-05,"quantile",0.6,220.29958152158
2022-05-21,"39","15  day ahead inc hosp",2022-06-05,"quantile",0.65,236.254648779883
2022-05-21,"39","15  day ahead inc hosp",2022-06-05,"quantile",0.7,253.068886426023
2022-05-21,"39","15  day ahead inc hosp",2022-06-05,"quantile",0.75,271.214092545669
2022-05-21,"39","15  day ahead inc hosp",2022-06-05,"quantile",0.8,291.41964003002
2022-05-21,"39","15  day ahead inc hosp",2022-06-05,"quantile",0.85,314.971673360048
2022-05-21,"39","15  day ahead inc hosp",2022-06-05,"quantile",0.9,344.605509220316
2022-05-21,"39","15  day ahead inc hosp",2022-06-05,"quantile",0.95,388.52731799388
2022-05-21,"39","15  day ahead inc hosp",2022-06-05,"quantile",0.975,426.622936870854
2022-05-21,"39","15  day ahead inc hosp",2022-06-05,"quantile",0.99,470.917326696366
2022-05-21,"39","16  day ahead inc hosp",2022-06-06,"quantile",0.01,0
2022-05-21,"39","16  day ahead inc hosp",2022-06-06,"quantile",0.025,0
2022-05-21,"39","16  day ahead inc hosp",2022-06-06,"quantile",0.05,0
2022-05-21,"39","16  day ahead inc hosp",2022-06-06,"quantile",0.1,35.6562663358999
2022-05-21,"39","16  day ahead inc hosp",2022-06-06,"quantile",0.15,66.8109973768123
2022-05-21,"39","16  day ahead inc hosp",2022-06-06,"quantile",0.2,91.5717899830571
2022-05-21,"39","16  day ahead inc hosp",2022-06-06,"quantile",0.25,112.814345296436
2022-05-21,"39","16  day ahead inc hosp",2022-06-06,"quantile",0.3,131.890816496623
2022-05-21,"39","16  day ahead inc hosp",2022-06-06,"quantile",0.35,149.568010026125
2022-05-21,"39","16  day ahead inc hosp",2022-06-06,"quantile",0.4,166.341938029099
2022-05-21,"39","16  day ahead inc hosp",2022-06-06,"quantile",0.45,182.570907495063
2022-05-21,"39","16  day ahead inc hosp",2022-06-06,"quantile",0.5,198.542572781513
2022-05-21,"39","16  day ahead inc hosp",2022-06-06,"quantile",0.55,214.514238067963
2022-05-21,"39","16  day ahead inc hosp",2022-06-06,"quantile",0.6,230.743207533927
2022-05-21,"39","16  day ahead inc hosp",2022-06-06,"quantile",0.65,247.517135536901
2022-05-21,"39","16  day ahead inc hosp",2022-06-06,"quantile",0.7,265.194329066403
2022-05-21,"39","16  day ahead inc hosp",2022-06-06,"quantile",0.75,284.27080026659
2022-05-21,"39","16  day ahead inc hosp",2022-06-06,"quantile",0.8,305.513355579969
2022-05-21,"39","16  day ahead inc hosp",2022-06-06,"quantile",0.85,330.274148186214
2022-05-21,"39","16  day ahead inc hosp",2022-06-06,"quantile",0.9,361.428879227126
2022-05-21,"39","16  day ahead inc hosp",2022-06-06,"quantile",0.95,407.604883765418
2022-05-21,"39","16  day ahead inc hosp",2022-06-06,"quantile",0.975,447.65568129111
2022-05-21,"39","16  day ahead inc hosp",2022-06-06,"quantile",0.99,494.223388831305
2022-05-21,"39","17  day ahead inc hosp",2022-06-07,"quantile",0.01,0
2022-05-21,"39","17  day ahead inc hosp",2022-06-07,"quantile",0.025,0
2022-05-21,"39","17  day ahead inc hosp",2022-06-07,"quantile",0.05,0
2022-05-21,"39","17  day ahead inc hosp",2022-06-07,"quantile",0.1,42.7070951615322
2022-05-21,"39","17  day ahead inc hosp",2022-06-07,"quantile",0.15,75.3255462900266
2022-05-21,"39","17  day ahead inc hosp",2022-06-07,"quantile",0.2,101.249657221011
2022-05-21,"39","17  day ahead inc hosp",2022-06-07,"quantile",0.25,123.490236073188
2022-05-21,"39","17  day ahead inc hosp",2022-06-07,"quantile",0.3,143.46296325643
2022-05-21,"39","17  day ahead inc hosp",2022-06-07,"quantile",0.35,161.970671523076
2022-05-21,"39","17  day ahead inc hosp",2022-06-07,"quantile",0.4,179.532676795385
2022-05-21,"39","17  day ahead inc hosp",2022-06-07,"quantile",0.45,196.524120139776
2022-05-21,"39","17  day ahead inc hosp",2022-06-07,"quantile",0.5,213.246170569375
2022-05-21,"39","17  day ahead inc hosp",2022-06-07,"quantile",0.55,229.968220998974
2022-05-21,"39","17  day ahead inc hosp",2022-06-07,"quantile",0.6,246.959664343364
2022-05-21,"39","17  day ahead inc hosp",2022-06-07,"quantile",0.65,264.521669615674
2022-05-21,"39","17  day ahead inc hosp",2022-06-07,"quantile",0.7,283.029377882319
2022-05-21,"39","17  day ahead inc hosp",2022-06-07,"quantile",0.75,303.002105065561
2022-05-21,"39","17  day ahead inc hosp",2022-06-07,"quantile",0.8,325.242683917739
2022-05-21,"39","17  day ahead inc hosp",2022-06-07,"quantile",0.85,351.166794848723
2022-05-21,"39","17  day ahead inc hosp",2022-06-07,"quantile",0.9,383.785245977217
2022-05-21,"39","17  day ahead inc hosp",2022-06-07,"quantile",0.95,432.130704179488
2022-05-21,"39","17  day ahead inc hosp",2022-06-07,"quantile",0.975,474.063179219425
2022-05-21,"39","17  day ahead inc hosp",2022-06-07,"quantile",0.99,522.818743521078
2022-05-21,"39","18  day ahead inc hosp",2022-06-08,"quantile",0.01,0
2022-05-21,"39","18  day ahead inc hosp",2022-06-08,"quantile",0.025,0
2022-05-21,"39","18  day ahead inc hosp",2022-06-08,"quantile",0.05,0
2022-05-21,"39","18  day ahead inc hosp",2022-06-08,"quantile",0.1,38.1834712663336
2022-05-21,"39","18  day ahead inc hosp",2022-06-08,"quantile",0.15,72.2115170415681
2022-05-21,"39","18  day ahead inc hosp",2022-06-08,"quantile",0.2,99.2559291127214
2022-05-21,"39","18  day ahead inc hosp",2022-06-08,"quantile",0.25,122.457626589659
2022-05-21,"39","18  day ahead inc hosp",2022-06-08,"quantile",0.3,143.293468002555
2022-05-21,"39","18  day ahead inc hosp",2022-06-08,"quantile",0.35,162.60098023271
2022-05-21,"39","18  day ahead inc hosp",2022-06-08,"quantile",0.4,180.921921253389
2022-05-21,"39","18  day ahead inc hosp",2022-06-08,"quantile",0.45,198.647643717419
2022-05-21,"39","18  day ahead inc hosp",2022-06-08,"quantile",0.5,216.09233154863
2022-05-21,"39","18  day ahead inc hosp",2022-06-08,"quantile",0.55,233.53701937984
2022-05-21,"39","18  day ahead inc hosp",2022-06-08,"quantile",0.6,251.26274184387
2022-05-21,"39","18  day ahead inc hosp",2022-06-08,"quantile",0.65,269.583682864549
2022-05-21,"39","18  day ahead inc hosp",2022-06-08,"quantile",0.7,288.891195094704
2022-05-21,"39","18  day ahead inc hosp",2022-06-08,"quantile",0.75,309.7270365076
2022-05-21,"39","18  day ahead inc hosp",2022-06-08,"quantile",0.8,332.928733984538
2022-05-21,"39","18  day ahead inc hosp",2022-06-08,"quantile",0.85,359.973146055691
2022-05-21,"39","18  day ahead inc hosp",2022-06-08,"quantile",0.9,394.001191830926
2022-05-21,"39","18  day ahead inc hosp",2022-06-08,"quantile",0.95,444.435881640413
2022-05-21,"39","18  day ahead inc hosp",2022-06-08,"quantile",0.975,488.180453524189
2022-05-21,"39","18  day ahead inc hosp",2022-06-08,"quantile",0.99,539.042972020806
2022-05-21,"39","19  day ahead inc hosp",2022-06-09,"quantile",0.01,0
2022-05-21,"39","19  day ahead inc hosp",2022-06-09,"quantile",0.025,0
2022-05-21,"39","19  day ahead inc hosp",2022-06-09,"quantile",0.05,0
2022-05-21,"39","19  day ahead inc hosp",2022-06-09,"quantile",0.1,28.2966254715991
2022-05-21,"39","19  day ahead inc hosp",2022-06-09,"quantile",0.15,63.6837453662403
2022-05-21,"39","19  day ahead inc hosp",2022-06-09,"quantile",0.2,91.8083064639717
2022-05-21,"39","19  day ahead inc hosp",2022-06-09,"quantile",0.25,115.93667562742
2022-05-21,"39","19  day ahead inc hosp",2022-06-09,"quantile",0.3,137.604696854796
2022-05-21,"39","19  day ahead inc hosp",2022-06-09,"quantile",0.35,157.68334770265
2022-05-21,"39","19  day ahead inc hosp",2022-06-09,"quantile",0.4,176.736023861716
2022-05-21,"39","19  day ahead inc hosp",2022-06-09,"quantile",0.45,195.169708540438
2022-05-21,"39","19  day ahead inc hosp",2022-06-09,"quantile",0.5,213.311134112896
2022-05-21,"39","19  day ahead inc hosp",2022-06-09,"quantile",0.55,231.452559685355
2022-05-21,"39","19  day ahead inc hosp",2022-06-09,"quantile",0.6,249.886244364076
2022-05-21,"39","19  day ahead inc hosp",2022-06-09,"quantile",0.65,268.938920523143
2022-05-21,"39","19  day ahead inc hosp",2022-06-09,"quantile",0.7,289.017571370997
2022-05-21,"39","19  day ahead inc hosp",2022-06-09,"quantile",0.75,310.685592598372
2022-05-21,"39","19  day ahead inc hosp",2022-06-09,"quantile",0.8,334.813961761821
2022-05-21,"39","19  day ahead inc hosp",2022-06-09,"quantile",0.85,362.938522859553
2022-05-21,"39","19  day ahead inc hosp",2022-06-09,"quantile",0.9,398.325642754194
2022-05-21,"39","19  day ahead inc hosp",2022-06-09,"quantile",0.95,450.774685138999
2022-05-21,"39","19  day ahead inc hosp",2022-06-09,"quantile",0.975,496.266407473449
2022-05-21,"39","19  day ahead inc hosp",2022-06-09,"quantile",0.99,549.160365947348
2022-05-21,"39","20  day ahead inc hosp",2022-06-10,"quantile",0.01,0
2022-05-21,"39","20  day ahead inc hosp",2022-06-10,"quantile",0.025,0
2022-05-21,"39","20  day ahead inc hosp",2022-06-10,"quantile",0.05,0
2022-05-21,"39","20  day ahead inc hosp",2022-06-10,"quantile",0.1,24.7955890039928
2022-05-21,"39","20  day ahead inc hosp",2022-06-10,"quantile",0.15,61.4950047767406
2022-05-21,"39","20  day ahead inc hosp",2022-06-10,"quantile",0.2,90.6625370377652
2022-05-21,"39","20  day ahead inc hosp",2022-06-10,"quantile",0.25,115.685682591406
2022-05-21,"39","20  day ahead inc hosp",2022-06-10,"quantile",0.3,138.157240671401
2022-05-21,"39","20  day ahead inc hosp",2022-06-10,"quantile",0.35,158.980488164137
2022-05-21,"39","20  day ahead inc hosp",2022-06-10,"quantile",0.4,178.739713724932
2022-05-21,"39","20  day ahead inc hosp",2022-06-10,"quantile",0.45,197.856993126655
2022-05-21,"39","20  day ahead inc hosp",2022-06-10,"quantile",0.5,216.671175286046
2022-05-21,"39","20  day ahead inc hosp",2022-06-10,"quantile",0.55,235.485357445438
2022-05-21,"39","20  day ahead inc hosp",2022-06-10,"quantile",0.6,254.602636847161
2022-05-21,"39","20  day ahead inc hosp",2022-06-10,"quantile",0.65,274.361862407956
2022-05-21,"39","20  day ahead inc hosp",2022-06-10,"quantile",0.7,295.185109900691
2022-05-21,"39","20  day ahead inc hosp",2022-06-10,"quantile",0.75,317.656667980687
2022-05-21,"39","20  day ahead inc hosp",2022-06-10,"quantile",0.8,342.679813534328
2022-05-21,"39","20  day ahead inc hosp",2022-06-10,"quantile",0.85,371.847345795352
2022-05-21,"39","20  day ahead inc hosp",2022-06-10,"quantile",0.9,408.5467615681
2022-05-21,"39","20  day ahead inc hosp",2022-06-10,"quantile",0.95,462.940824127962
2022-05-21,"39","20  day ahead inc hosp",2022-06-10,"quantile",0.975,510.119561395676
2022-05-21,"39","20  day ahead inc hosp",2022-06-10,"quantile",0.99,564.975039311923
2022-05-21,"39","21  day ahead inc hosp",2022-06-11,"quantile",0.01,0
2022-05-21,"39","21  day ahead inc hosp",2022-06-11,"quantile",0.025,0
2022-05-21,"39","21  day ahead inc hosp",2022-06-11,"quantile",0.05,0
2022-05-21,"39","21  day ahead inc hosp",2022-06-11,"quantile",0.1,16.4690206973159
2022-05-21,"39","21  day ahead inc hosp",2022-06-11,"quantile",0.15,54.4375962405035
2022-05-21,"39","21  day ahead inc hosp",2022-06-11,"quantile",0.2,84.6138164538903
2022-05-21,"39","21  day ahead inc hosp",2022-06-11,"quantile",0.25,110.50232645538
2022-05-21,"39","21  day ahead inc hosp",2022-06-11,"quantile",0.3,133.751008554755
2022-05-21,"39","21  day ahead inc hosp",2022-06-11,"quantile",0.35,155.294377266078
2022-05-21,"39","21  day ahead inc hosp",2022-06-11,"quantile",0.4,175.736927442504
2022-05-21,"39","21  day ahead inc hosp",2022-06-11,"quantile",0.45,195.515331317902
2022-05-21,"39","21  day ahead inc hosp",2022-06-11,"quantile",0.5,214.980156072213
2022-05-21,"39","21  day ahead inc hosp",2022-06-11,"quantile",0.55,234.444980826525
2022-05-21,"39","21  day ahead inc hosp",2022-06-11,"quantile",0.6,254.223384701923
2022-05-21,"39","21  day ahead inc hosp",2022-06-11,"quantile",0.65,274.665934878348
2022-05-21,"39","21  day ahead inc hosp",2022-06-11,"quantile",0.7,296.209303589671
2022-05-21,"39","21  day ahead inc hosp",2022-06-11,"quantile",0.75,319.457985689047
2022-05-21,"39","21  day ahead inc hosp",2022-06-11,"quantile",0.8,345.346495690536
2022-05-21,"39","21  day ahead inc hosp",2022-06-11,"quantile",0.85,375.522715903923
2022-05-21,"39","21  day ahead inc hosp",2022-06-11,"quantile",0.9,413.491291447111
2022-05-21,"39","21  day ahead inc hosp",2022-06-11,"quantile",0.95,469.766439972462
2022-05-21,"39","21  day ahead inc hosp",2022-06-11,"quantile",0.975,518.576738781404
2022-05-21,"39","21  day ahead inc hosp",2022-06-11,"quantile",0.99,575.329259587669
2022-05-21,"39","22  day ahead inc hosp",2022-06-12,"quantile",0.01,0
2022-05-21,"39","22  day ahead inc hosp",2022-06-12,"quantile",0.025,0
2022-05-21,"39","22  day ahead inc hosp",2022-06-12,"quantile",0.05,0
2022-05-21,"39","22  day ahead inc hosp",2022-06-12,"quantile",0.1,29.4108933853744
2022-05-21,"39","22  day ahead inc hosp",2022-06-12,"quantile",0.15,69.0555558839227
2022-05-21,"39","22  day ahead inc hosp",2022-06-12,"quantile",0.2,100.563876876392
2022-05-21,"39","22  day ahead inc hosp",2022-06-12,"quantile",0.25,127.595210733833
2022-05-21,"39","22  day ahead inc hosp",2022-06-12,"quantile",0.3,151.870183976308
2022-05-21,"39","22  day ahead inc hosp",2022-06-12,"quantile",0.35,174.364564379668
2022-05-21,"39","22  day ahead inc hosp",2022-06-12,"quantile",0.4,195.709531652201
2022-05-21,"39","22  day ahead inc hosp",2022-06-12,"quantile",0.45,216.36103451167
2022-05-21,"39","22  day ahead inc hosp",2022-06-12,"quantile",0.5,236.685115595522
2022-05-21,"39","22  day ahead inc hosp",2022-06-12,"quantile",0.55,257.009196679373
2022-05-21,"39","22  day ahead inc hosp",2022-06-12,"quantile",0.6,277.660699538842
2022-05-21,"39","22  day ahead inc hosp",2022-06-12,"quantile",0.65,299.005666811375
2022-05-21,"39","22  day ahead inc hosp",2022-06-12,"quantile",0.7,321.500047214736
2022-05-21,"39","22  day ahead inc hosp",2022-06-12,"quantile",0.75,345.775020457211
2022-05-21,"39","22  day ahead inc hosp",2022-06-12,"quantile",0.8,372.806354314651
2022-05-21,"39","22  day ahead inc hosp",2022-06-12,"quantile",0.85,404.314675307121
2022-05-21,"39","22  day ahead inc hosp",2022-06-12,"quantile",0.9,443.959337805669
2022-05-21,"39","22  day ahead inc hosp",2022-06-12,"quantile",0.95,502.718699683903
2022-05-21,"39","22  day ahead inc hosp",2022-06-12,"quantile",0.975,553.68368309585
2022-05-21,"39","22  day ahead inc hosp",2022-06-12,"quantile",0.99,612.941490404081
2022-05-21,"39","23  day ahead inc hosp",2022-06-13,"quantile",0.01,0
2022-05-21,"39","23  day ahead inc hosp",2022-06-13,"quantile",0.025,0
2022-05-21,"39","23  day ahead inc hosp",2022-06-13,"quantile",0.05,0
2022-05-21,"39","23  day ahead inc hosp",2022-06-13,"quantile",0.1,19.9598888116774
2022-05-21,"39","23  day ahead inc hosp",2022-06-13,"quantile",0.15,61.1179566059764
2022-05-21,"39","23  day ahead inc hosp",2022-06-13,"quantile",0.2,93.8290841515845
2022-05-21,"39","23  day ahead inc hosp",2022-06-13,"quantile",0.25,121.892318931691
2022-05-21,"39","23  day ahead inc hosp",2022-06-13,"quantile",0.3,147.09397109496
2022-05-21,"39","23  day ahead inc hosp",2022-06-13,"quantile",0.35,170.447057621202
2022-05-21,"39","23  day ahead inc hosp",2022-06-13,"quantile",0.4,192.606853031294
2022-05-21,"39","23  day ahead inc hosp",2022-06-13,"quantile",0.45,214.046711543782
2022-05-21,"39","23  day ahead inc hosp",2022-06-13,"quantile",0.5,235.146649199617
2022-05-21,"39","23  day ahead inc hosp",2022-06-13,"quantile",0.55,256.246586855452
2022-05-21,"39","23  day ahead inc hosp",2022-06-13,"quantile",0.6,277.686445367939
2022-05-21,"39","23  day ahead inc hosp",2022-06-13,"quantile",0.65,299.846240778032
2022-05-21,"39","23  day ahead inc hosp",2022-06-13,"quantile",0.7,323.199327304274
2022-05-21,"39","23  day ahead inc hosp",2022-06-13,"quantile",0.75,348.400979467543
2022-05-21,"39","23  day ahead inc hosp",2022-06-13,"quantile",0.8,376.464214247649
2022-05-21,"39","23  day ahead inc hosp",2022-06-13,"quantile",0.85,409.175341793257
2022-05-21,"39","23  day ahead inc hosp",2022-06-13,"quantile",0.9,450.333409587556
2022-05-21,"39","23  day ahead inc hosp",2022-06-13,"quantile",0.95,511.335866092834
2022-05-21,"39","23  day ahead inc hosp",2022-06-13,"quantile",0.975,564.246399572114
2022-05-21,"39","23  day ahead inc hosp",2022-06-13,"quantile",0.99,625.766329288328
2022-05-21,"39","24  day ahead inc hosp",2022-06-14,"quantile",0.01,0
2022-05-21,"39","24  day ahead inc hosp",2022-06-14,"quantile",0.025,0
2022-05-21,"39","24  day ahead inc hosp",2022-06-14,"quantile",0.05,0
2022-05-21,"39","24  day ahead inc hosp",2022-06-14,"quantile",0.1,15.2815708823939
2022-05-21,"39","24  day ahead inc hosp",2022-06-14,"quantile",0.15,57.7823896399096
2022-05-21,"39","24  day ahead inc hosp",2022-06-14,"quantile",0.2,91.5606930850106
2022-05-21,"39","24  day ahead inc hosp",2022-06-14,"quantile",0.25,120.539469763738
2022-05-21,"39","24  day ahead inc hosp",2022-06-14,"quantile",0.3,146.563306847981
2022-05-21,"39","24  day ahead inc hosp",2022-06-14,"quantile",0.35,170.678270233552
2022-05-21,"39","24  day ahead inc hosp",2022-06-14,"quantile",0.4,193.561012279048
2022-05-21,"39","24  day ahead inc hosp",2022-06-14,"quantile",0.45,215.700330027881
2022-05-21,"39","24  day ahead inc hosp",2022-06-14,"quantile",0.5,237.488637258128
2022-05-21,"39","24  day ahead inc hosp",2022-06-14,"quantile",0.55,259.276944488375
2022-05-21,"39","24  day ahead inc hosp",2022-06-14,"quantile",0.6,281.416262237209
2022-05-21,"39","24  day ahead inc hosp",2022-06-14,"quantile",0.65,304.299004282705
2022-05-21,"39","24  day ahead inc hosp",2022-06-14,"quantile",0.7,328.413967668276
2022-05-21,"39","24  day ahead inc hosp",2022-06-14,"quantile",0.75,354.437804752518
2022-05-21,"39","24  day ahead inc hosp",2022-06-14,"quantile",0.8,383.416581431246
2022-05-21,"39","24  day ahead inc hosp",2022-06-14,"quantile",0.85,417.194884876347
2022-05-21,"39","24  day ahead inc hosp",2022-06-14,"quantile",0.9,459.695703633862
2022-05-21,"39","24  day ahead inc hosp",2022-06-14,"quantile",0.95,522.688319338071
2022-05-21,"39","24  day ahead inc hosp",2022-06-14,"quantile",0.975,577.325019122065
2022-05-21,"39","24  day ahead inc hosp",2022-06-14,"quantile",0.99,640.851990210976
2022-05-21,"39","25  day ahead inc hosp",2022-06-15,"quantile",0.01,0
2022-05-21,"39","25  day ahead inc hosp",2022-06-15,"quantile",0.025,0
2022-05-21,"39","25  day ahead inc hosp",2022-06-15,"quantile",0.05,0
2022-05-21,"39","25  day ahead inc hosp",2022-06-15,"quantile",0.1,6.61104767325742
2022-05-21,"39","25  day ahead inc hosp",2022-06-15,"quantile",0.15,50.394585245876
2022-05-21,"39","25  day ahead inc hosp",2022-06-15,"quantile",0.2,85.1923529422068
2022-05-21,"39","25  day ahead inc hosp",2022-06-15,"quantile",0.25,115.045739173672
2022-05-21,"39","25  day ahead inc hosp",2022-06-15,"quantile",0.3,141.855002667216
2022-05-21,"39","25  day ahead inc hosp",2022-06-15,"quantile",0.35,166.69778067294
2022-05-21,"39","25  day ahead inc hosp",2022-06-15,"quantile",0.4,190.271147619815
2022-05-21,"39","25  day ahead inc hosp",2022-06-15,"quantile",0.45,213.078652953269
2022-05-21,"39","25  day ahead inc hosp",2022-06-15,"quantile",0.5,235.524553906425
2022-05-21,"39","25  day ahead inc hosp",2022-06-15,"quantile",0.55,257.970454859582
2022-05-21,"39","25  day ahead inc hosp",2022-06-15,"quantile",0.6,280.777960193036
2022-05-21,"39","25  day ahead inc hosp",2022-06-15,"quantile",0.65,304.35132713991
2022-05-21,"39","25  day ahead inc hosp",2022-06-15,"quantile",0.7,329.194105145635
2022-05-21,"39","25  day ahead inc hosp",2022-06-15,"quantile",0.75,356.003368639179
2022-05-21,"39","25  day ahead inc hosp",2022-06-15,"quantile",0.8,385.856754870644
2022-05-21,"39","25  day ahead inc hosp",2022-06-15,"quantile",0.85,420.654522566975
2022-05-21,"39","25  day ahead inc hosp",2022-06-15,"quantile",0.9,464.438060139593
2022-05-21,"39","25  day ahead inc hosp",2022-06-15,"quantile",0.95,529.33185835601
2022-05-21,"39","25  day ahead inc hosp",2022-06-15,"quantile",0.975,585.617550438433
2022-05-21,"39","25  day ahead inc hosp",2022-06-15,"quantile",0.99,651.061831439588
2022-05-21,"39","26  day ahead inc hosp",2022-06-16,"quantile",0.01,0
2022-05-21,"39","26  day ahead inc hosp",2022-06-16,"quantile",0.025,0
2022-05-21,"39","26  day ahead inc hosp",2022-06-16,"quantile",0.05,0
2022-05-21,"39","26  day ahead inc hosp",2022-06-16,"quantile",0.1,0.650270179282558
2022-05-21,"39","26  day ahead inc hosp",2022-06-16,"quantile",0.15,45.702486982643
2022-05-21,"39","26  day ahead inc hosp",2022-06-16,"quantile",0.2,81.5085607136175
2022-05-21,"39","26  day ahead inc hosp",2022-06-16,"quantile",0.25,112.226983741535
2022-05-21,"39","26  day ahead inc hosp",2022-06-16,"quantile",0.3,139.81307701338
2022-05-21,"39","26  day ahead inc hosp",2022-06-16,"quantile",0.35,165.375703579479
2022-05-21,"39","26  day ahead inc hosp",2022-06-16,"quantile",0.4,189.632136416006
2022-05-21,"39","26  day ahead inc hosp",2022-06-16,"quantile",0.45,213.100515902755
2022-05-21,"39","26  day ahead inc hosp",2022-06-16,"quantile",0.5,236.196813099188
2022-05-21,"39","26  day ahead inc hosp",2022-06-16,"quantile",0.55,259.293110295621
2022-05-21,"39","26  day ahead inc hosp",2022-06-16,"quantile",0.6,282.76148978237
2022-05-21,"39","26  day ahead inc hosp",2022-06-16,"quantile",0.65,307.017922618897
2022-05-21,"39","26  day ahead inc hosp",2022-06-16,"quantile",0.7,332.580549184996
2022-05-21,"39","26  day ahead inc hosp",2022-06-16,"quantile",0.75,360.166642456841
2022-05-21,"39","26  day ahead inc hosp",2022-06-16,"quantile",0.8,390.885065484759
2022-05-21,"39","26  day ahead inc hosp",2022-06-16,"quantile",0.85,426.691139215733
2022-05-21,"39","26  day ahead inc hosp",2022-06-16,"quantile",0.9,471.743356019093
2022-05-21,"39","26  day ahead inc hosp",2022-06-16,"quantile",0.95,538.517527968779
2022-05-21,"39","26  day ahead inc hosp",2022-06-16,"quantile",0.975,596.434163837195
2022-05-21,"39","26  day ahead inc hosp",2022-06-16,"quantile",0.99,663.774769454407
2022-05-21,"39","27  day ahead inc hosp",2022-06-17,"quantile",0.01,0
2022-05-21,"39","27  day ahead inc hosp",2022-06-17,"quantile",0.025,0
2022-05-21,"39","27  day ahead inc hosp",2022-06-17,"quantile",0.05,0
2022-05-21,"39","27  day ahead inc hosp",2022-06-17,"quantile",0.1,0
2022-05-21,"39","27  day ahead inc hosp",2022-06-17,"quantile",0.15,39.4146609918513
2022-05-21,"39","27  day ahead inc hosp",2022-06-17,"quantile",0.2,76.2305761998896
2022-05-21,"39","27  day ahead inc hosp",2022-06-17,"quantile",0.25,107.815353297138
2022-05-21,"39","27  day ahead inc hosp",2022-06-17,"quantile",0.3,136.17945929904
2022-05-21,"39","27  day ahead inc hosp",2022-06-17,"quantile",0.35,162.463030606612
2022-05-21,"39","27  day ahead inc hosp",2022-06-17,"quantile",0.4,187.403569501457
2022-05-21,"39","27  day ahead inc hosp",2022-06-17,"quantile",0.45,211.533829516724
2022-05-21,"39","27  day ahead inc hosp",2022-06-17,"quantile",0.5,235.281513375955
2022-05-21,"39","27  day ahead inc hosp",2022-06-17,"quantile",0.55,259.029197235187
2022-05-21,"39","27  day ahead inc hosp",2022-06-17,"quantile",0.6,283.159457250454
2022-05-21,"39","27  day ahead inc hosp",2022-06-17,"quantile",0.65,308.099996145298
2022-05-21,"39","27  day ahead inc hosp",2022-06-17,"quantile",0.7,334.383567452871
2022-05-21,"39","27  day ahead inc hosp",2022-06-17,"quantile",0.75,362.747673454773
2022-05-21,"39","27  day ahead inc hosp",2022-06-17,"quantile",0.8,394.332450552021
2022-05-21,"39","27  day ahead inc hosp",2022-06-17,"quantile",0.85,431.148365760059
2022-05-21,"39","27  day ahead inc hosp",2022-06-17,"quantile",0.9,477.471193731333
2022-05-21,"39","27  day ahead inc hosp",2022-06-17,"quantile",0.95,546.128602836201
2022-05-21,"39","27  day ahead inc hosp",2022-06-17,"quantile",0.975,605.678666082089
2022-05-21,"39","27  day ahead inc hosp",2022-06-17,"quantile",0.99,674.918484027181
2022-05-21,"39","28  day ahead inc hosp",2022-06-18,"quantile",0.01,0
2022-05-21,"39","28  day ahead inc hosp",2022-06-18,"quantile",0.025,0
2022-05-21,"39","28  day ahead inc hosp",2022-06-18,"quantile",0.05,0
2022-05-21,"39","28  day ahead inc hosp",2022-06-18,"quantile",0.1,0
2022-05-21,"39","28  day ahead inc hosp",2022-06-18,"quantile",0.15,31.5159834806814
2022-05-21,"39","28  day ahead inc hosp",2022-06-18,"quantile",0.2,69.3448897024375
2022-05-21,"39","28  day ahead inc hosp",2022-06-18,"quantile",0.25,101.798722891025
2022-05-21,"39","28  day ahead inc hosp",2022-06-18,"quantile",0.3,130.943268122258
2022-05-21,"39","28  day ahead inc hosp",2022-06-18,"quantile",0.35,157.950032684502
2022-05-21,"39","28  day ahead inc hosp",2022-06-18,"quantile",0.4,183.576811256806
2022-05-21,"39","28  day ahead inc hosp",2022-06-18,"quantile",0.45,208.371016101802
2022-05-21,"39","28  day ahead inc hosp",2022-06-18,"quantile",0.5,232.772118196329
2022-05-21,"39","28  day ahead inc hosp",2022-06-18,"quantile",0.55,257.173220290856
2022-05-21,"39","28  day ahead inc hosp",2022-06-18,"quantile",0.6,281.967425135853
2022-05-21,"39","28  day ahead inc hosp",2022-06-18,"quantile",0.65,307.594203708157
2022-05-21,"39","28  day ahead inc hosp",2022-06-18,"quantile",0.7,334.6009682704
2022-05-21,"39","28  day ahead inc hosp",2022-06-18,"quantile",0.75,363.745513501633
2022-05-21,"39","28  day ahead inc hosp",2022-06-18,"quantile",0.8,396.199346690221
2022-05-21,"39","28  day ahead inc hosp",2022-06-18,"quantile",0.85,434.028252911977
2022-05-21,"39","28  day ahead inc hosp",2022-06-18,"quantile",0.9,481.625654887448
2022-05-21,"39","28  day ahead inc hosp",2022-06-18,"quantile",0.95,552.172174667832
2022-05-21,"39","28  day ahead inc hosp",2022-06-18,"quantile",0.975,613.360759694138
2022-05-21,"39","28  day ahead inc hosp",2022-06-18,"quantile",0.99,684.505713311493
2022-05-21,"39","29  day ahead inc hosp",2022-06-19,"quantile",0.01,0
2022-05-21,"39","29  day ahead inc hosp",2022-06-19,"quantile",0.025,0
2022-05-21,"39","29  day ahead inc hosp",2022-06-19,"quantile",0.05,0
2022-05-21,"39","29  day ahead inc hosp",2022-06-19,"quantile",0.1,0
2022-05-21,"39","29  day ahead inc hosp",2022-06-19,"quantile",0.15,29.8049342176771
2022-05-21,"39","29  day ahead inc hosp",2022-06-19,"quantile",0.2,68.6469780438722
2022-05-21,"39","29  day ahead inc hosp",2022-06-19,"quantile",0.25,101.969993085586
2022-05-21,"39","29  day ahead inc hosp",2022-06-19,"quantile",0.3,131.89509048412
2022-05-21,"39","29  day ahead inc hosp",2022-06-19,"quantile",0.35,159.625152954895
2022-05-21,"39","29  day ahead inc hosp",2022-06-19,"quantile",0.4,185.938270510939
2022-05-21,"39","29  day ahead inc hosp",2022-06-19,"quantile",0.45,211.39651626564
2022-05-21,"39","29  day ahead inc hosp",2022-06-19,"quantile",0.5,236.451131152126
2022-05-21,"39","29  day ahead inc hosp",2022-06-19,"quantile",0.55,261.505746038612
2022-05-21,"39","29  day ahead inc hosp",2022-06-19,"quantile",0.6,286.963991793313
2022-05-21,"39","29  day ahead inc hosp",2022-06-19,"quantile",0.65,313.277109349357
2022-05-21,"39","29  day ahead inc hosp",2022-06-19,"quantile",0.7,341.007171820132
2022-05-21,"39","29  day ahead inc hosp",2022-06-19,"quantile",0.75,370.932269218666
2022-05-21,"39","29  day ahead inc hosp",2022-06-19,"quantile",0.8,404.25528426038
2022-05-21,"39","29  day ahead inc hosp",2022-06-19,"quantile",0.85,443.097328086575
2022-05-21,"39","29  day ahead inc hosp",2022-06-19,"quantile",0.9,491.969488510843
2022-05-21,"39","29  day ahead inc hosp",2022-06-19,"quantile",0.95,564.405392341425
2022-05-21,"39","29  day ahead inc hosp",2022-06-19,"quantile",0.975,627.232736259917
2022-05-21,"39","29  day ahead inc hosp",2022-06-19,"quantile",0.99,700.283101243206
2022-05-21,"39","30  day ahead inc hosp",2022-06-20,"quantile",0.01,0
2022-05-21,"39","30  day ahead inc hosp",2022-06-20,"quantile",0.025,0
2022-05-21,"39","30  day ahead inc hosp",2022-06-20,"quantile",0.05,0
2022-05-21,"39","30  day ahead inc hosp",2022-06-20,"quantile",0.1,0
2022-05-21,"39","30  day ahead inc hosp",2022-06-20,"quantile",0.15,25.1214048883615
2022-05-21,"39","30  day ahead inc hosp",2022-06-20,"quantile",0.2,64.9723939871196
2022-05-21,"39","30  day ahead inc hosp",2022-06-20,"quantile",0.25,99.1609942345015
2022-05-21,"39","30  day ahead inc hosp",2022-06-20,"quantile",0.3,129.863413899762
2022-05-21,"39","30  day ahead inc hosp",2022-06-20,"quantile",0.35,158.313781294834
2022-05-21,"39","30  day ahead inc hosp",2022-06-20,"quantile",0.4,185.310397785264
2022-05-21,"39","30  day ahead inc hosp",2022-06-20,"quantile",0.45,211.429936669052
2022-05-21,"39","30  day ahead inc hosp",2022-06-20,"quantile",0.5,237.135360131901
2022-05-21,"39","30  day ahead inc hosp",2022-06-20,"quantile",0.55,262.840783594751
2022-05-21,"39","30  day ahead inc hosp",2022-06-20,"quantile",0.6,288.960322478539
2022-05-21,"39","30  day ahead inc hosp",2022-06-20,"quantile",0.65,315.956938968969
2022-05-21,"39","30  day ahead inc hosp",2022-06-20,"quantile",0.7,344.407306364041
2022-05-21,"39","30  day ahead inc hosp",2022-06-20,"quantile",0.75,375.109726029301
2022-05-21,"39","30  day ahead inc hosp",2022-06-20,"quantile",0.8,409.298326276683
2022-05-21,"39","30  day ahead inc hosp",2022-06-20,"quantile",0.85,449.149315375441
2022-05-21,"39","30  day ahead inc hosp",2022-06-20,"quantile",0.9,499.29095933772
2022-05-21,"39","30  day ahead inc hosp",2022-06-20,"quantile",0.95,573.608429006101
2022-05-21,"39","30  day ahead inc hosp",2022-06-20,"quantile",0.975,638.067750683485
2022-05-21,"39","30  day ahead inc hosp",2022-06-20,"quantile",0.99,713.015642499777
2022-05-21,"39","31  day ahead inc hosp",2022-06-21,"quantile",0.01,0
2022-05-21,"39","31  day ahead inc hosp",2022-06-21,"quantile",0.025,0
2022-05-21,"39","31  day ahead inc hosp",2022-06-21,"quantile",0.05,0
2022-05-21,"39","31  day ahead inc hosp",2022-06-21,"quantile",0.1,0
2022-05-21,"39","31  day ahead inc hosp",2022-06-21,"quantile",0.15,24.8796527961161
2022-05-21,"39","31  day ahead inc hosp",2022-06-21,"quantile",0.2,65.7312697960194
2022-05-21,"39","31  day ahead inc hosp",2022-06-21,"quantile",0.25,100.778319684986
2022-05-21,"39","31  day ahead inc hosp",2022-06-21,"quantile",0.3,132.251653659891
2022-05-21,"39","31  day ahead inc hosp",2022-06-21,"quantile",0.35,161.416388052048
2022-05-21,"39","31  day ahead inc hosp",2022-06-21,"quantile",0.4,189.09086896461
2022-05-21,"39","31  day ahead inc hosp",2022-06-21,"quantile",0.45,215.866249521673
2022-05-21,"39","31  day ahead inc hosp",2022-06-21,"quantile",0.5,242.217116535847
2022-05-21,"39","31  day ahead inc hosp",2022-06-21,"quantile",0.55,268.56798355002
2022-05-21,"39","31  day ahead inc hosp",2022-06-21,"quantile",0.6,295.343364107083
2022-05-21,"39","31  day ahead inc hosp",2022-06-21,"quantile",0.65,323.017845019645
2022-05-21,"39","31  day ahead inc hosp",2022-06-21,"quantile",0.7,352.182579411802
2022-05-21,"39","31  day ahead inc hosp",2022-06-21,"quantile",0.75,383.655913386707
2022-05-21,"39","31  day ahead inc hosp",2022-06-21,"quantile",0.8,418.702963275674
2022-05-21,"39","31  day ahead inc hosp",2022-06-21,"quantile",0.85,459.554580275577
2022-05-21,"39","31  day ahead inc hosp",2022-06-21,"quantile",0.9,510.955242623412
2022-05-21,"39","31  day ahead inc hosp",2022-06-21,"quantile",0.95,587.138767197191
2022-05-21,"39","31  day ahead inc hosp",2022-06-21,"quantile",0.975,653.216613212815
2022-05-21,"39","31  day ahead inc hosp",2022-06-21,"quantile",0.99,730.046389353171
2022-05-21,"39","32  day ahead inc hosp",2022-06-22,"quantile",0.01,0
2022-05-21,"39","32  day ahead inc hosp",2022-06-22,"quantile",0.025,0
2022-05-21,"39","32  day ahead inc hosp",2022-06-22,"quantile",0.05,0
2022-05-21,"39","32  day ahead inc hosp",2022-06-22,"quantile",0.1,0
2022-05-21,"39","32  day ahead inc hosp",2022-06-22,"quantile",0.15,27.0914269959127
2022-05-21,"39","32  day ahead inc hosp",2022-06-22,"quantile",0.2,68.9320529252819
2022-05-21,"39","32  day ahead inc hosp",2022-06-22,"quantile",0.25,104.827584412706
2022-05-21,"39","32  day ahead inc hosp",2022-06-22,"quantile",0.3,137.062881086451
2022-05-21,"39","32  day ahead inc hosp",2022-06-22,"quantile",0.35,166.933687474226
2022-05-21,"39","32  day ahead inc hosp",2022-06-22,"quantile",0.4,195.278161663699
2022-05-21,"39","32  day ahead inc hosp",2022-06-22,"quantile",0.45,222.701768469941
2022-05-21,"39","32  day ahead inc hosp",2022-06-22,"quantile",0.5,249.690584351016
2022-05-21,"39","32  day ahead inc hosp",2022-06-22,"quantile",0.55,276.679400232092
2022-05-21,"39","32  day ahead inc hosp",2022-06-22,"quantile",0.6,304.103007038334
2022-05-21,"39","32  day ahead inc hosp",2022-06-22,"quantile",0.65,332.447481227807
2022-05-21,"39","32  day ahead inc hosp",2022-06-22,"quantile",0.7,362.318287615582
2022-05-21,"39","32  day ahead inc hosp",2022-06-22,"quantile",0.75,394.553584289327
2022-05-21,"39","32  day ahead inc hosp",2022-06-22,"quantile",0.8,430.449115776751
2022-05-21,"39","32  day ahead inc hosp",2022-06-22,"quantile",0.85,472.28974170612
2022-05-21,"39","32  day ahead inc hosp",2022-06-22,"quantile",0.9,524.934803120033
2022-05-21,"39","32  day ahead inc hosp",2022-06-22,"quantile",0.95,602.962714565496
2022-05-21,"39","32  day ahead inc hosp",2022-06-22,"quantile",0.975,670.640291131552
2022-05-21,"39","32  day ahead inc hosp",2022-06-22,"quantile",0.99,749.330099756103
2022-05-21,"39","33  day ahead inc hosp",2022-06-23,"quantile",0.01,0
2022-05-21,"39","33  day ahead inc hosp",2022-06-23,"quantile",0.025,0
2022-05-21,"39","33  day ahead inc hosp",2022-06-23,"quantile",0.05,0
2022-05-21,"39","33  day ahead inc hosp",2022-06-23,"quantile",0.1,0
2022-05-21,"39","33  day ahead inc hosp",2022-06-23,"quantile",0.15,19.3657786549045
2022-05-21,"39","33  day ahead inc hosp",2022-06-23,"quantile",0.2,62.181444324068
2022-05-21,"39","33  day ahead inc hosp",2022-06-23,"quantile",0.25,98.9134730890504
2022-05-21,"39","33  day ahead inc hosp",2022-06-23,"quantile",0.3,131.899970171079
2022-05-21,"39","33  day ahead inc hosp",2022-06-23,"quantile",0.35,162.466875688368
2022-05-21,"39","33  day ahead inc hosp",2022-06-23,"quantile",0.4,191.471879880068
2022-05-21,"39","33  day ahead inc hosp",2022-06-23,"quantile",0.45,219.534557107717
2022-05-21,"39","33  day ahead inc hosp",2022-06-23,"quantile",0.5,247.15231119011
2022-05-21,"39","33  day ahead inc hosp",2022-06-23,"quantile",0.55,274.770065272504
2022-05-21,"39","33  day ahead inc hosp",2022-06-23,"quantile",0.6,302.832742500152
2022-05-21,"39","33  day ahead inc hosp",2022-06-23,"quantile",0.65,331.837746691852
2022-05-21,"39","33  day ahead inc hosp",2022-06-23,"quantile",0.7,362.404652209142
2022-05-21,"39","33  day ahead inc hosp",2022-06-23,"quantile",0.75,395.39114929117
2022-05-21,"39","33  day ahead inc hosp",2022-06-23,"quantile",0.8,432.123178056152
2022-05-21,"39","33  day ahead inc hosp",2022-06-23,"quantile",0.85,474.938843725316
2022-05-21,"39","33  day ahead inc hosp",2022-06-23,"quantile",0.9,528.81072777494
2022-05-21,"39","33  day ahead inc hosp",2022-06-23,"quantile",0.95,608.656975174575
2022-05-21,"39","33  day ahead inc hosp",2022-06-23,"quantile",0.975,677.911687005202
2022-05-21,"39","33  day ahead inc hosp",2022-06-23,"quantile",0.99,758.435256211042
2022-05-21,"39","34  day ahead inc hosp",2022-06-24,"quantile",0.01,0
2022-05-21,"39","34  day ahead inc hosp",2022-06-24,"quantile",0.025,0
2022-05-21,"39","34  day ahead inc hosp",2022-06-24,"quantile",0.05,0
2022-05-21,"39","34  day ahead inc hosp",2022-06-24,"quantile",0.1,0
2022-05-21,"39","34  day ahead inc hosp",2022-06-24,"quantile",0.15,11.01213925633
2022-05-21,"39","34  day ahead inc hosp",2022-06-24,"quantile",0.2,54.7873852534859
2022-05-21,"39","34  day ahead inc hosp",2022-06-24,"quantile",0.25,92.3426484972333
2022-05-21,"39","34  day ahead inc hosp",2022-06-24,"quantile",0.3,126.068435584324
2022-05-21,"39","34  day ahead inc hosp",2022-06-24,"quantile",0.35,157.320403467539
2022-05-21,"39","34  day ahead inc hosp",2022-06-24,"quantile",0.4,186.975464852107
2022-05-21,"39","34  day ahead inc hosp",2022-06-24,"quantile",0.45,215.667079936907
2022-05-21,"39","34  day ahead inc hosp",2022-06-24,"quantile",0.5,243.903800304341
2022-05-21,"39","34  day ahead inc hosp",2022-06-24,"quantile",0.55,272.140520671776
2022-05-21,"39","34  day ahead inc hosp",2022-06-24,"quantile",0.6,300.832135756575
2022-05-21,"39","34  day ahead inc hosp",2022-06-24,"quantile",0.65,330.487197141144
2022-05-21,"39","34  day ahead inc hosp",2022-06-24,"quantile",0.7,361.739165024358
2022-05-21,"39","34  day ahead inc hosp",2022-06-24,"quantile",0.75,395.464952111449
2022-05-21,"39","34  day ahead inc hosp",2022-06-24,"quantile",0.8,433.020215355197
2022-05-21,"39","34  day ahead inc hosp",2022-06-24,"quantile",0.85,476.795461352353
2022-05-21,"39","34  day ahead inc hosp",2022-06-24,"quantile",0.9,531.8747165676
2022-05-21,"39","34  day ahead inc hosp",2022-06-24,"quantile",0.95,613.510469912576
2022-05-21,"39","34  day ahead inc hosp",2022-06-24,"quantile",0.975,684.317311274645
2022-05-21,"39","34  day ahead inc hosp",2022-06-24,"quantile",0.99,766.645566493
2022-05-21,"39","35  day ahead inc hosp",2022-06-25,"quantile",0.01,0
2022-05-21,"39","35  day ahead inc hosp",2022-06-25,"quantile",0.025,0
2022-05-21,"39","35  day ahead inc hosp",2022-06-25,"quantile",0.05,0
2022-05-21,"39","35  day ahead inc hosp",2022-06-25,"quantile",0.1,0
2022-05-21,"39","35  day ahead inc hosp",2022-06-25,"quantile",0.15,5.61458294064136
2022-05-21,"39","35  day ahead inc hosp",2022-06-25,"quantile",0.2,50.3331507864293
2022-05-21,"39","35  day ahead inc hosp",2022-06-25,"quantile",0.25,88.6977001813329
2022-05-21,"39","35  day ahead inc hosp",2022-06-25,"quantile",0.3,123.150251244202
2022-05-21,"39","35  day ahead inc hosp",2022-06-25,"quantile",0.35,155.075674260459
2022-05-21,"39","35  day ahead inc hosp",2022-06-25,"quantile",0.4,185.369778708964
2022-05-21,"39","35  day ahead inc hosp",2022-06-25,"quantile",0.45,214.679675353707
2022-05-21,"39","35  day ahead inc hosp",2022-06-25,"quantile",0.5,243.524874660541
2022-05-21,"39","35  day ahead inc hosp",2022-06-25,"quantile",0.55,272.370073967375
2022-05-21,"39","35  day ahead inc hosp",2022-06-25,"quantile",0.6,301.679970612118
2022-05-21,"39","35  day ahead inc hosp",2022-06-25,"quantile",0.65,331.974075060623
2022-05-21,"39","35  day ahead inc hosp",2022-06-25,"quantile",0.7,363.89949807688
2022-05-21,"39","35  day ahead inc hosp",2022-06-25,"quantile",0.75,398.352049139749
2022-05-21,"39","35  day ahead inc hosp",2022-06-25,"quantile",0.8,436.716598534653
2022-05-21,"39","35  day ahead inc hosp",2022-06-25,"quantile",0.85,481.435166380441
2022-05-21,"39","35  day ahead inc hosp",2022-06-25,"quantile",0.9,537.701335881774
2022-05-21,"39","35  day ahead inc hosp",2022-06-25,"quantile",0.95,621.096274995
2022-05-21,"39","35  day ahead inc hosp",2022-06-25,"quantile",0.975,693.428947656653
2022-05-21,"39","35  day ahead inc hosp",2022-06-25,"quantile",0.99,777.531311509652
2022-05-21,"39","36  day ahead inc hosp",2022-06-26,"quantile",0.01,0
2022-05-21,"39","36  day ahead inc hosp",2022-06-26,"quantile",0.025,0
2022-05-21,"39","36  day ahead inc hosp",2022-06-26,"quantile",0.05,0
2022-05-21,"39","36  day ahead inc hosp",2022-06-26,"quantile",0.1,0
2022-05-21,"39","36  day ahead inc hosp",2022-06-26,"quantile",0.15,0
2022-05-21,"39","36  day ahead inc hosp",2022-06-26,"quantile",0.2,43.5628295644292
2022-05-21,"39","36  day ahead inc hosp",2022-06-26,"quantile",0.25,82.7224731607853
2022-05-21,"39","36  day ahead inc hosp",2022-06-26,"quantile",0.3,117.889043389978
2022-05-21,"39","36  day ahead inc hosp",2022-06-26,"quantile",0.35,150.476111573962
2022-05-21,"39","36  day ahead inc hosp",2022-06-26,"quantile",0.4,181.398052584217
2022-05-21,"39","36  day ahead inc hosp",2022-06-26,"quantile",0.45,211.315388368347
2022-05-21,"39","36  day ahead inc hosp",2022-06-26,"quantile",0.5,240.758396096506
2022-05-21,"39","36  day ahead inc hosp",2022-06-26,"quantile",0.55,270.201403824665
2022-05-21,"39","36  day ahead inc hosp",2022-06-26,"quantile",0.6,300.118739608795
2022-05-21,"39","36  day ahead inc hosp",2022-06-26,"quantile",0.65,331.04068061905
2022-05-21,"39","36  day ahead inc hosp",2022-06-26,"quantile",0.7,363.627748803034
2022-05-21,"39","36  day ahead inc hosp",2022-06-26,"quantile",0.75,398.794319032227
2022-05-21,"39","36  day ahead inc hosp",2022-06-26,"quantile",0.8,437.953962628583
2022-05-21,"39","36  day ahead inc hosp",2022-06-26,"quantile",0.85,483.599309872337
2022-05-21,"39","36  day ahead inc hosp",2022-06-26,"quantile",0.9,541.031579479472
2022-05-21,"39","36  day ahead inc hosp",2022-06-26,"quantile",0.95,626.15485461033
2022-05-21,"39","36  day ahead inc hosp",2022-06-26,"quantile",0.975,699.986601013651
2022-05-21,"39","36  day ahead inc hosp",2022-06-26,"quantile",0.99,785.831962057615
2022-05-21,"39","37  day ahead inc hosp",2022-06-27,"quantile",0.01,0
2022-05-21,"39","37  day ahead inc hosp",2022-06-27,"quantile",0.025,0
2022-05-21,"39","37  day ahead inc hosp",2022-06-27,"quantile",0.05,0
2022-05-21,"39","37  day ahead inc hosp",2022-06-27,"quantile",0.1,0
2022-05-21,"39","37  day ahead inc hosp",2022-06-27,"quantile",0.15,3.68709260997088
2022-05-21,"39","37  day ahead inc hosp",2022-06-27,"quantile",0.2,50.2427546237648
2022-05-21,"39","37  day ahead inc hosp",2022-06-27,"quantile",0.25,90.1833672368512
2022-05-21,"39","37  day ahead inc hosp",2022-06-27,"quantile",0.3,126.05127177993
2022-05-21,"39","37  day ahead inc hosp",2022-06-27,"quantile",0.35,159.288230725436
2022-05-21,"39","37  day ahead inc hosp",2022-06-27,"quantile",0.4,190.826854515419
2022-05-21,"39","37  day ahead inc hosp",2022-06-27,"quantile",0.45,221.340838025748
2022-05-21,"39","37  day ahead inc hosp",2022-06-27,"quantile",0.5,251.371033855823
2022-05-21,"39","37  day ahead inc hosp",2022-06-27,"quantile",0.55,281.401229685897
2022-05-21,"39","37  day ahead inc hosp",2022-06-27,"quantile",0.6,311.915213196226
2022-05-21,"39","37  day ahead inc hosp",2022-06-27,"quantile",0.65,343.453836986209
2022-05-21,"39","37  day ahead inc hosp",2022-06-27,"quantile",0.7,376.690795931715
2022-05-21,"39","37  day ahead inc hosp",2022-06-27,"quantile",0.75,412.558700474794
2022-05-21,"39","37  day ahead inc hosp",2022-06-27,"quantile",0.8,452.49931308788
2022-05-21,"39","37  day ahead inc hosp",2022-06-27,"quantile",0.85,499.054975101674
2022-05-21,"39","37  day ahead inc hosp",2022-06-27,"quantile",0.9,557.632628553106
2022-05-21,"39","37  day ahead inc hosp",2022-06-27,"quantile",0.95,644.453535081354
2022-05-21,"39","37  day ahead inc hosp",2022-06-27,"quantile",0.975,719.757723547387
2022-05-21,"39","37  day ahead inc hosp",2022-06-27,"quantile",0.99,807.315116700132
2022-05-21,"40","1  day ahead inc hosp",2022-05-22,"quantile",0.01,0
2022-05-21,"40","1  day ahead inc hosp",2022-05-22,"quantile",0.025,0
2022-05-21,"40","1  day ahead inc hosp",2022-05-22,"quantile",0.05,0
2022-05-21,"40","1  day ahead inc hosp",2022-05-22,"quantile",0.1,6.96834787109908
2022-05-21,"40","1  day ahead inc hosp",2022-05-22,"quantile",0.15,11.8225848674328
2022-05-21,"40","1  day ahead inc hosp",2022-05-22,"quantile",0.2,15.6805785496744
2022-05-21,"40","1  day ahead inc hosp",2022-05-22,"quantile",0.25,18.9903936067666
2022-05-21,"40","1  day ahead inc hosp",2022-05-22,"quantile",0.3,21.9627098221702
2022-05-21,"40","1  day ahead inc hosp",2022-05-22,"quantile",0.35,24.717003759408
2022-05-21,"40","1  day ahead inc hosp",2022-05-22,"quantile",0.4,27.3305593628554
2022-05-21,"40","1  day ahead inc hosp",2022-05-22,"quantile",0.45,29.8592046556233
2022-05-21,"40","1  day ahead inc hosp",2022-05-22,"quantile",0.5,32.3477592326065
2022-05-21,"40","1  day ahead inc hosp",2022-05-22,"quantile",0.55,34.8363138095897
2022-05-21,"40","1  day ahead inc hosp",2022-05-22,"quantile",0.6,37.3649591023577
2022-05-21,"40","1  day ahead inc hosp",2022-05-22,"quantile",0.65,39.978514705805
2022-05-21,"40","1  day ahead inc hosp",2022-05-22,"quantile",0.7,42.7328086430429
2022-05-21,"40","1  day ahead inc hosp",2022-05-22,"quantile",0.75,45.7051248584464
2022-05-21,"40","1  day ahead inc hosp",2022-05-22,"quantile",0.8,49.0149399155386
2022-05-21,"40","1  day ahead inc hosp",2022-05-22,"quantile",0.85,52.8729335977803
2022-05-21,"40","1  day ahead inc hosp",2022-05-22,"quantile",0.9,57.727170594114
2022-05-21,"40","1  day ahead inc hosp",2022-05-22,"quantile",0.95,64.9218810629123
2022-05-21,"40","1  day ahead inc hosp",2022-05-22,"quantile",0.975,71.1622194187972
2022-05-21,"40","1  day ahead inc hosp",2022-05-22,"quantile",0.99,78.4179613630694
2022-05-21,"40","2  day ahead inc hosp",2022-05-23,"quantile",0.01,0
2022-05-21,"40","2  day ahead inc hosp",2022-05-23,"quantile",0.025,0
2022-05-21,"40","2  day ahead inc hosp",2022-05-23,"quantile",0.05,0
2022-05-21,"40","2  day ahead inc hosp",2022-05-23,"quantile",0.1,4.58312344549154
2022-05-21,"40","2  day ahead inc hosp",2022-05-23,"quantile",0.15,10.2557771151701
2022-05-21,"40","2  day ahead inc hosp",2022-05-23,"quantile",0.2,14.7642224250498
2022-05-21,"40","2  day ahead inc hosp",2022-05-23,"quantile",0.25,18.6320670613443
2022-05-21,"40","2  day ahead inc hosp",2022-05-23,"quantile",0.3,22.1055110855006
2022-05-21,"40","2  day ahead inc hosp",2022-05-23,"quantile",0.35,25.324174620521
2022-05-21,"40","2  day ahead inc hosp",2022-05-23,"quantile",0.4,28.378371561462
2022-05-21,"40","2  day ahead inc hosp",2022-05-23,"quantile",0.45,31.3333424477556
2022-05-21,"40","2  day ahead inc hosp",2022-05-23,"quantile",0.5,34.2414633870466
2022-05-21,"40","2  day ahead inc hosp",2022-05-23,"quantile",0.55,37.1495843263376
2022-05-21,"40","2  day ahead inc hosp",2022-05-23,"quantile",0.6,40.1045552126313
2022-05-21,"40","2  day ahead inc hosp",2022-05-23,"quantile",0.65,43.1587521535722
2022-05-21,"40","2  day ahead inc hosp",2022-05-23,"quantile",0.7,46.3774156885926
2022-05-21,"40","2  day ahead inc hosp",2022-05-23,"quantile",0.75,49.8508597127489
2022-05-21,"40","2  day ahead inc hosp",2022-05-23,"quantile",0.8,53.7187043490434
2022-05-21,"40","2  day ahead inc hosp",2022-05-23,"quantile",0.85,58.2271496589231
2022-05-21,"40","2  day ahead inc hosp",2022-05-23,"quantile",0.9,63.8998033286017
2022-05-21,"40","2  day ahead inc hosp",2022-05-23,"quantile",0.95,72.3075305932427
2022-05-21,"40","2  day ahead inc hosp",2022-05-23,"quantile",0.975,79.5999801175001
2022-05-21,"40","2  day ahead inc hosp",2022-05-23,"quantile",0.99,88.0790286677672
2022-05-21,"40","3  day ahead inc hosp",2022-05-24,"quantile",0.01,0
2022-05-21,"40","3  day ahead inc hosp",2022-05-24,"quantile",0.025,0
2022-05-21,"40","3  day ahead inc hosp",2022-05-24,"quantile",0.05,0
2022-05-21,"40","3  day ahead inc hosp",2022-05-24,"quantile",0.1,0.227437550455921
2022-05-21,"40","3  day ahead inc hosp",2022-05-24,"quantile",0.15,6.34721759278015
2022-05-21,"40","3  day ahead inc hosp",2022-05-24,"quantile",0.2,11.2110247694442
2022-05-21,"40","3  day ahead inc hosp",2022-05-24,"quantile",0.25,15.383738245419
2022-05-21,"40","3  day ahead inc hosp",2022-05-24,"quantile",0.3,19.1309639099759
2022-05-21,"40","3  day ahead inc hosp",2022-05-24,"quantile",0.35,22.6033269364481
2022-05-21,"40","3  day ahead inc hosp",2022-05-24,"quantile",0.4,25.8982598854497
2022-05-21,"40","3  day ahead inc hosp",2022-05-24,"quantile",0.45,29.086145645557
2022-05-21,"40","3  day ahead inc hosp",2022-05-24,"quantile",0.5,32.2234886813335
2022-05-21,"40","3  day ahead inc hosp",2022-05-24,"quantile",0.55,35.3608317171101
2022-05-21,"40","3  day ahead inc hosp",2022-05-24,"quantile",0.6,38.5487174772174
2022-05-21,"40","3  day ahead inc hosp",2022-05-24,"quantile",0.65,41.8436504262189
2022-05-21,"40","3  day ahead inc hosp",2022-05-24,"quantile",0.7,45.3160134526912
2022-05-21,"40","3  day ahead inc hosp",2022-05-24,"quantile",0.75,49.0632391172481
2022-05-21,"40","3  day ahead inc hosp",2022-05-24,"quantile",0.8,53.2359525932229
2022-05-21,"40","3  day ahead inc hosp",2022-05-24,"quantile",0.85,58.0997597698869
2022-05-21,"40","3  day ahead inc hosp",2022-05-24,"quantile",0.9,64.2195398122111
2022-05-21,"40","3  day ahead inc hosp",2022-05-24,"quantile",0.95,73.2899757160428
2022-05-21,"40","3  day ahead inc hosp",2022-05-24,"quantile",0.975,81.1572261524222
2022-05-21,"40","3  day ahead inc hosp",2022-05-24,"quantile",0.99,90.3046049838119
2022-05-21,"40","4  day ahead inc hosp",2022-05-25,"quantile",0.01,0
2022-05-21,"40","4  day ahead inc hosp",2022-05-25,"quantile",0.025,0
2022-05-21,"40","4  day ahead inc hosp",2022-05-25,"quantile",0.05,0
2022-05-21,"40","4  day ahead inc hosp",2022-05-25,"quantile",0.1,0
2022-05-21,"40","4  day ahead inc hosp",2022-05-25,"quantile",0.15,5.6357985448008
2022-05-21,"40","4  day ahead inc hosp",2022-05-25,"quantile",0.2,10.8735977467319
2022-05-21,"40","4  day ahead inc hosp",2022-05-25,"quantile",0.25,15.3671630795045
2022-05-21,"40","4  day ahead inc hosp",2022-05-25,"quantile",0.3,19.4025236278094
2022-05-21,"40","4  day ahead inc hosp",2022-05-25,"quantile",0.35,23.1418865647559
2022-05-21,"40","4  day ahead inc hosp",2022-05-25,"quantile",0.4,26.6901763188192
2022-05-21,"40","4  day ahead inc hosp",2022-05-25,"quantile",0.45,30.1231877198983
2022-05-21,"40","4  day ahead inc hosp",2022-05-25,"quantile",0.5,33.5017700222184
2022-05-21,"40","4  day ahead inc hosp",2022-05-25,"quantile",0.55,36.8803523245385
2022-05-21,"40","4  day ahead inc hosp",2022-05-25,"quantile",0.6,40.3133637256176
2022-05-21,"40","4  day ahead inc hosp",2022-05-25,"quantile",0.65,43.861653479681
2022-05-21,"40","4  day ahead inc hosp",2022-05-25,"quantile",0.7,47.6010164166275
2022-05-21,"40","4  day ahead inc hosp",2022-05-25,"quantile",0.75,51.6363769649323
2022-05-21,"40","4  day ahead inc hosp",2022-05-25,"quantile",0.8,56.1299422977049
2022-05-21,"40","4  day ahead inc hosp",2022-05-25,"quantile",0.85,61.3677414996361
2022-05-21,"40","4  day ahead inc hosp",2022-05-25,"quantile",0.9,67.958088908035
2022-05-21,"40","4  day ahead inc hosp",2022-05-25,"quantile",0.95,77.7259765344608
2022-05-21,"40","4  day ahead inc hosp",2022-05-25,"quantile",0.975,86.1981623264401
2022-05-21,"40","4  day ahead inc hosp",2022-05-25,"quantile",0.99,96.0489092418795
2022-05-21,"40","5  day ahead inc hosp",2022-05-26,"quantile",0.01,0
2022-05-21,"40","5  day ahead inc hosp",2022-05-26,"quantile",0.025,0
2022-05-21,"40","5  day ahead inc hosp",2022-05-26,"quantile",0.05,0
2022-05-21,"40","5  day ahead inc hosp",2022-05-26,"quantile",0.1,0
2022-05-21,"40","5  day ahead inc hosp",2022-05-26,"quantile",0.15,3.17754721230019
2022-05-21,"40","5  day ahead inc hosp",2022-05-26,"quantile",0.2,8.89463474067507
2022-05-21,"40","5  day ahead inc hosp",2022-05-26,"quantile",0.25,13.7993867808946
2022-05-21,"40","5  day ahead inc hosp",2022-05-26,"quantile",0.3,18.2040057007463
2022-05-21,"40","5  day ahead inc hosp",2022-05-26,"quantile",0.35,22.2855415494291
2022-05-21,"40","5  day ahead inc hosp",2022-05-26,"quantile",0.4,26.1585199355682
2022-05-21,"40","5  day ahead inc hosp",2022-05-26,"quantile",0.45,29.9056713457715
2022-05-21,"40","5  day ahead inc hosp",2022-05-26,"quantile",0.5,33.5934130860545
2022-05-21,"40","5  day ahead inc hosp",2022-05-26,"quantile",0.55,37.2811548263375
2022-05-21,"40","5  day ahead inc hosp",2022-05-26,"quantile",0.6,41.0283062365408
2022-05-21,"40","5  day ahead inc hosp",2022-05-26,"quantile",0.65,44.90128462268
2022-05-21,"40","5  day ahead inc hosp",2022-05-26,"quantile",0.7,48.9828204713628
2022-05-21,"40","5  day ahead inc hosp",2022-05-26,"quantile",0.75,53.3874393912144
2022-05-21,"40","5  day ahead inc hosp",2022-05-26,"quantile",0.8,58.292191431434
2022-05-21,"40","5  day ahead inc hosp",2022-05-26,"quantile",0.85,64.0092789598089
2022-05-21,"40","5  day ahead inc hosp",2022-05-26,"quantile",0.9,71.2026805247876
2022-05-21,"40","5  day ahead inc hosp",2022-05-26,"quantile",0.95,81.8643852550905
2022-05-21,"40","5  day ahead inc hosp",2022-05-26,"quantile",0.975,91.1118240861824
2022-05-21,"40","5  day ahead inc hosp",2022-05-26,"quantile",0.99,101.863970200274
2022-05-21,"40","6  day ahead inc hosp",2022-05-27,"quantile",0.01,0
2022-05-21,"40","6  day ahead inc hosp",2022-05-27,"quantile",0.025,0
2022-05-21,"40","6  day ahead inc hosp",2022-05-27,"quantile",0.05,0
2022-05-21,"40","6  day ahead inc hosp",2022-05-27,"quantile",0.1,0
2022-05-21,"40","6  day ahead inc hosp",2022-05-27,"quantile",0.15,0
2022-05-21,"40","6  day ahead inc hosp",2022-05-27,"quantile",0.2,5.63697315415893
2022-05-21,"40","6  day ahead inc hosp",2022-05-27,"quantile",0.25,11.027954254314
2022-05-21,"40","6  day ahead inc hosp",2022-05-27,"quantile",0.3,15.8692218975286
2022-05-21,"40","6  day ahead inc hosp",2022-05-27,"quantile",0.35,20.3553778620755
2022-05-21,"40","6  day ahead inc hosp",2022-05-27,"quantile",0.4,24.6123011702822
2022-05-21,"40","6  day ahead inc hosp",2022-05-27,"quantile",0.45,28.7309237359443
2022-05-21,"40","6  day ahead inc hosp",2022-05-27,"quantile",0.5,32.7842470968596
2022-05-21,"40","6  day ahead inc hosp",2022-05-27,"quantile",0.55,36.8375704577748
2022-05-21,"40","6  day ahead inc hosp",2022-05-27,"quantile",0.6,40.9561930234369
2022-05-21,"40","6  day ahead inc hosp",2022-05-27,"quantile",0.65,45.2131163316436
2022-05-21,"40","6  day ahead inc hosp",2022-05-27,"quantile",0.7,49.6992722961905
2022-05-21,"40","6  day ahead inc hosp",2022-05-27,"quantile",0.75,54.5405399394051
2022-05-21,"40","6  day ahead inc hosp",2022-05-27,"quantile",0.8,59.9315210395602
2022-05-21,"40","6  day ahead inc hosp",2022-05-27,"quantile",0.85,66.2153679212512
2022-05-21,"40","6  day ahead inc hosp",2022-05-27,"quantile",0.9,74.1218821679714
2022-05-21,"40","6  day ahead inc hosp",2022-05-27,"quantile",0.95,85.8405273156116
2022-05-21,"40","6  day ahead inc hosp",2022-05-27,"quantile",0.975,96.0047043330139
2022-05-21,"40","6  day ahead inc hosp",2022-05-27,"quantile",0.99,107.822756705867
2022-05-21,"40","7  day ahead inc hosp",2022-05-28,"quantile",0.01,0
2022-05-21,"40","7  day ahead inc hosp",2022-05-28,"quantile",0.025,0
2022-05-21,"40","7  day ahead inc hosp",2022-05-28,"quantile",0.05,0
2022-05-21,"40","7  day ahead inc hosp",2022-05-28,"quantile",0.1,0
2022-05-21,"40","7  day ahead inc hosp",2022-05-28,"quantile",0.15,0
2022-05-21,"40","7  day ahead inc hosp",2022-05-28,"quantile",0.2,4.0880654747658
2022-05-21,"40","7  day ahead inc hosp",2022-05-28,"quantile",0.25,10.0240982946022
2022-05-21,"40","7  day ahead inc hosp",2022-05-28,"quantile",0.3,15.3548392276222
2022-05-21,"40","7  day ahead inc hosp",2022-05-28,"quantile",0.35,20.2945651412762
2022-05-21,"40","7  day ahead inc hosp",2022-05-28,"quantile",0.4,24.9818819764835
2022-05-21,"40","7  day ahead inc hosp",2022-05-28,"quantile",0.45,29.5169152604224
2022-05-21,"40","7  day ahead inc hosp",2022-05-28,"quantile",0.5,33.9800473049978
2022-05-21,"40","7  day ahead inc hosp",2022-05-28,"quantile",0.55,38.4431793495732
2022-05-21,"40","7  day ahead inc hosp",2022-05-28,"quantile",0.6,42.9782126335121
2022-05-21,"40","7  day ahead inc hosp",2022-05-28,"quantile",0.65,47.6655294687195
2022-05-21,"40","7  day ahead inc hosp",2022-05-28,"quantile",0.7,52.6052553823735
2022-05-21,"40","7  day ahead inc hosp",2022-05-28,"quantile",0.75,57.9359963153935
2022-05-21,"40","7  day ahead inc hosp",2022-05-28,"quantile",0.8,63.8720291352299
2022-05-21,"40","7  day ahead inc hosp",2022-05-28,"quantile",0.85,70.7912003642797
2022-05-21,"40","7  day ahead inc hosp",2022-05-28,"quantile",0.9,79.497097711552
2022-05-21,"40","7  day ahead inc hosp",2022-05-28,"quantile",0.95,92.4005490329464
2022-05-21,"40","7  day ahead inc hosp",2022-05-28,"quantile",0.975,103.592368711222
2022-05-21,"40","7  day ahead inc hosp",2022-05-28,"quantile",0.99,116.605277762189
2022-05-21,"40","8  day ahead inc hosp",2022-05-29,"quantile",0.01,0
2022-05-21,"40","8  day ahead inc hosp",2022-05-29,"quantile",0.025,0
2022-05-21,"40","8  day ahead inc hosp",2022-05-29,"quantile",0.05,0
2022-05-21,"40","8  day ahead inc hosp",2022-05-29,"quantile",0.1,0
2022-05-21,"40","8  day ahead inc hosp",2022-05-29,"quantile",0.15,0.596690168559938
2022-05-21,"40","8  day ahead inc hosp",2022-05-29,"quantile",0.2,8.20275059427388
2022-05-21,"40","8  day ahead inc hosp",2022-05-29,"quantile",0.25,14.7280731830743
2022-05-21,"40","8  day ahead inc hosp",2022-05-29,"quantile",0.3,20.5880145413899
2022-05-21,"40","8  day ahead inc hosp",2022-05-29,"quantile",0.35,26.0181235157095
2022-05-21,"40","8  day ahead inc hosp",2022-05-29,"quantile",0.4,31.1707659208245
2022-05-21,"40","8  day ahead inc hosp",2022-05-29,"quantile",0.45,36.1560070788179
2022-05-21,"40","8  day ahead inc hosp",2022-05-29,"quantile",0.5,41.062209121695
2022-05-21,"40","8  day ahead inc hosp",2022-05-29,"quantile",0.55,45.9684111645721
2022-05-21,"40","8  day ahead inc hosp",2022-05-29,"quantile",0.6,50.9536523225656
2022-05-21,"40","8  day ahead inc hosp",2022-05-29,"quantile",0.65,56.1062947276805
2022-05-21,"40","8  day ahead inc hosp",2022-05-29,"quantile",0.7,61.5364037020001
2022-05-21,"40","8  day ahead inc hosp",2022-05-29,"quantile",0.75,67.3963450603158
2022-05-21,"40","8  day ahead inc hosp",2022-05-29,"quantile",0.8,73.9216676491162
2022-05-21,"40","8  day ahead inc hosp",2022-05-29,"quantile",0.85,81.5277280748301
2022-05-21,"40","8  day ahead inc hosp",2022-05-29,"quantile",0.9,91.0978888775292
2022-05-21,"40","8  day ahead inc hosp",2022-05-29,"quantile",0.95,105.282308832152
2022-05-21,"40","8  day ahead inc hosp",2022-05-29,"quantile",0.975,117.585177763804
2022-05-21,"40","8  day ahead inc hosp",2022-05-29,"quantile",0.99,131.88992168175
2022-05-21,"40","9  day ahead inc hosp",2022-05-30,"quantile",0.01,0
2022-05-21,"40","9  day ahead inc hosp",2022-05-30,"quantile",0.025,0
2022-05-21,"40","9  day ahead inc hosp",2022-05-30,"quantile",0.05,0
2022-05-21,"40","9  day ahead inc hosp",2022-05-30,"quantile",0.1,0
2022-05-21,"40","9  day ahead inc hosp",2022-05-30,"quantile",0.15,0
2022-05-21,"40","9  day ahead inc hosp",2022-05-30,"quantile",0.2,5.62289578265648
2022-05-21,"40","9  day ahead inc hosp",2022-05-30,"quantile",0.25,12.7696562628639
2022-05-21,"40","9  day ahead inc hosp",2022-05-30,"quantile",0.3,19.1876680540084
2022-05-21,"40","9  day ahead inc hosp",2022-05-30,"quantile",0.35,25.1349124534643
2022-05-21,"40","9  day ahead inc hosp",2022-05-30,"quantile",0.4,30.7782658062502
2022-05-21,"40","9  day ahead inc hosp",2022-05-30,"quantile",0.45,36.2382754850668
2022-05-21,"40","9  day ahead inc hosp",2022-05-30,"quantile",0.5,41.6117187732388
2022-05-21,"40","9  day ahead inc hosp",2022-05-30,"quantile",0.55,46.9851620614108
2022-05-21,"40","9  day ahead inc hosp",2022-05-30,"quantile",0.6,52.4451717402274
2022-05-21,"40","9  day ahead inc hosp",2022-05-30,"quantile",0.65,58.0885250930133
2022-05-21,"40","9  day ahead inc hosp",2022-05-30,"quantile",0.7,64.0357694924692
2022-05-21,"40","9  day ahead inc hosp",2022-05-30,"quantile",0.75,70.4537812836138
2022-05-21,"40","9  day ahead inc hosp",2022-05-30,"quantile",0.8,77.6005417638212
2022-05-21,"40","9  day ahead inc hosp",2022-05-30,"quantile",0.85,85.9309639492099
2022-05-21,"40","9  day ahead inc hosp",2022-05-30,"quantile",0.9,96.4125372481835
2022-05-21,"40","9  day ahead inc hosp",2022-05-30,"quantile",0.95,111.947807817082
2022-05-21,"40","9  day ahead inc hosp",2022-05-30,"quantile",0.975,125.422338198892
2022-05-21,"40","9  day ahead inc hosp",2022-05-30,"quantile",0.99,141.089391761536
2022-05-21,"40","10  day ahead inc hosp",2022-05-31,"quantile",0.01,0
2022-05-21,"40","10  day ahead inc hosp",2022-05-31,"quantile",0.025,0
2022-05-21,"40","10  day ahead inc hosp",2022-05-31,"quantile",0.05,0
2022-05-21,"40","10  day ahead inc hosp",2022-05-31,"quantile",0.1,0
2022-05-21,"40","10  day ahead inc hosp",2022-05-31,"quantile",0.15,0
2022-05-21,"40","10  day ahead inc hosp",2022-05-31,"quantile",0.2,3.32788156731465
2022-05-21,"40","10  day ahead inc hosp",2022-05-31,"quantile",0.25,11.118606589733
2022-05-21,"40","10  day ahead inc hosp",2022-05-31,"quantile",0.3,18.1149184423439
2022-05-21,"40","10  day ahead inc hosp",2022-05-31,"quantile",0.35,24.5980440326862
2022-05-21,"40","10  day ahead inc hosp",2022-05-31,"quantile",0.4,30.7498962316872
2022-05-21,"40","10  day ahead inc hosp",2022-05-31,"quantile",0.45,36.7018844290262
2022-05-21,"40","10  day ahead inc hosp",2022-05-31,"quantile",0.5,42.5595061021808
2022-05-21,"40","10  day ahead inc hosp",2022-05-31,"quantile",0.55,48.4171277753354
2022-05-21,"40","10  day ahead inc hosp",2022-05-31,"quantile",0.6,54.3691159726744
2022-05-21,"40","10  day ahead inc hosp",2022-05-31,"quantile",0.65,60.5209681716754
2022-05-21,"40","10  day ahead inc hosp",2022-05-31,"quantile",0.7,67.0040937620177
2022-05-21,"40","10  day ahead inc hosp",2022-05-31,"quantile",0.75,74.0004056146286
2022-05-21,"40","10  day ahead inc hosp",2022-05-31,"quantile",0.8,81.7911306370469
2022-05-21,"40","10  day ahead inc hosp",2022-05-31,"quantile",0.85,90.8721721448399
2022-05-21,"40","10  day ahead inc hosp",2022-05-31,"quantile",0.9,102.29819594972
2022-05-21,"40","10  day ahead inc hosp",2022-05-31,"quantile",0.95,119.233284440002
2022-05-21,"40","10  day ahead inc hosp",2022-05-31,"quantile",0.975,133.921948108195
2022-05-21,"40","10  day ahead inc hosp",2022-05-31,"quantile",0.99,151.000694003778
2022-05-21,"40","11  day ahead inc hosp",2022-06-01,"quantile",0.01,0
2022-05-21,"40","11  day ahead inc hosp",2022-06-01,"quantile",0.025,0
2022-05-21,"40","11  day ahead inc hosp",2022-06-01,"quantile",0.05,0
2022-05-21,"40","11  day ahead inc hosp",2022-06-01,"quantile",0.1,0
2022-05-21,"40","11  day ahead inc hosp",2022-06-01,"quantile",0.15,0
2022-05-21,"40","11  day ahead inc hosp",2022-06-01,"quantile",0.2,0
2022-05-21,"40","11  day ahead inc hosp",2022-06-01,"quantile",0.25,7.42754745992008
2022-05-21,"40","11  day ahead inc hosp",2022-06-01,"quantile",0.3,15.015644181649
2022-05-21,"40","11  day ahead inc hosp",2022-06-01,"quantile",0.35,22.0471466468049
2022-05-21,"40","11  day ahead inc hosp",2022-06-01,"quantile",0.4,28.7193548741126
2022-05-21,"40","11  day ahead inc hosp",2022-06-01,"quantile",0.45,35.1747935508696
2022-05-21,"40","11  day ahead inc hosp",2022-06-01,"quantile",0.5,41.5278836862966
2022-05-21,"40","11  day ahead inc hosp",2022-06-01,"quantile",0.55,47.8809738217235
2022-05-21,"40","11  day ahead inc hosp",2022-06-01,"quantile",0.6,54.3364124984805
2022-05-21,"40","11  day ahead inc hosp",2022-06-01,"quantile",0.65,61.0086207257882
2022-05-21,"40","11  day ahead inc hosp",2022-06-01,"quantile",0.7,68.0401231909441
2022-05-21,"40","11  day ahead inc hosp",2022-06-01,"quantile",0.75,75.628219912673
2022-05-21,"40","11  day ahead inc hosp",2022-06-01,"quantile",0.8,84.0779254500903
2022-05-21,"40","11  day ahead inc hosp",2022-06-01,"quantile",0.85,93.9270892304975
2022-05-21,"40","11  day ahead inc hosp",2022-06-01,"quantile",0.9,106.319586249316
2022-05-21,"40","11  day ahead inc hosp",2022-06-01,"quantile",0.95,124.687133631776
2022-05-21,"40","11  day ahead inc hosp",2022-06-01,"quantile",0.975,140.61824176064
2022-05-21,"40","11  day ahead inc hosp",2022-06-01,"quantile",0.99,159.141597847626
2022-05-21,"40","12  day ahead inc hosp",2022-06-02,"quantile",0.01,0
2022-05-21,"40","12  day ahead inc hosp",2022-06-02,"quantile",0.025,0
2022-05-21,"40","12  day ahead inc hosp",2022-06-02,"quantile",0.05,0
2022-05-21,"40","12  day ahead inc hosp",2022-06-02,"quantile",0.1,0
2022-05-21,"40","12  day ahead inc hosp",2022-06-02,"quantile",0.15,0
2022-05-21,"40","12  day ahead inc hosp",2022-06-02,"quantile",0.2,0
2022-05-21,"40","12  day ahead inc hosp",2022-06-02,"quantile",0.25,4.80291444355451
2022-05-21,"40","12  day ahead inc hosp",2022-06-02,"quantile",0.3,12.9910574053874
2022-05-21,"40","12  day ahead inc hosp",2022-06-02,"quantile",0.35,20.5785921367658
2022-05-21,"40","12  day ahead inc hosp",2022-06-02,"quantile",0.4,27.7784206102047
2022-05-21,"40","12  day ahead inc hosp",2022-06-02,"quantile",0.45,34.744337981193
2022-05-21,"40","12  day ahead inc hosp",2022-06-02,"quantile",0.5,41.5998133640152
2022-05-21,"40","12  day ahead inc hosp",2022-06-02,"quantile",0.55,48.4552887468374
2022-05-21,"40","12  day ahead inc hosp",2022-06-02,"quantile",0.6,55.4212061178257
2022-05-21,"40","12  day ahead inc hosp",2022-06-02,"quantile",0.65,62.6210345912646
2022-05-21,"40","12  day ahead inc hosp",2022-06-02,"quantile",0.7,70.208569322643
2022-05-21,"40","12  day ahead inc hosp",2022-06-02,"quantile",0.75,78.3967122844759
2022-05-21,"40","12  day ahead inc hosp",2022-06-02,"quantile",0.8,87.5145977652503
2022-05-21,"40","12  day ahead inc hosp",2022-06-02,"quantile",0.85,98.1426068755644
2022-05-21,"40","12  day ahead inc hosp",2022-06-02,"quantile",0.9,111.515069162927
2022-05-21,"40","12  day ahead inc hosp",2022-06-02,"quantile",0.95,131.335072694926
2022-05-21,"40","12  day ahead inc hosp",2022-06-02,"quantile",0.975,148.525969922951
2022-05-21,"40","12  day ahead inc hosp",2022-06-02,"quantile",0.99,168.514103091952
2022-05-21,"40","13  day ahead inc hosp",2022-06-03,"quantile",0.01,0
2022-05-21,"40","13  day ahead inc hosp",2022-06-03,"quantile",0.025,0
2022-05-21,"40","13  day ahead inc hosp",2022-06-03,"quantile",0.05,0
2022-05-21,"40","13  day ahead inc hosp",2022-06-03,"quantile",0.1,0
2022-05-21,"40","13  day ahead inc hosp",2022-06-03,"quantile",0.15,0
2022-05-21,"40","13  day ahead inc hosp",2022-06-03,"quantile",0.2,0
2022-05-21,"40","13  day ahead inc hosp",2022-06-03,"quantile",0.25,2.83950991955525
2022-05-21,"40","13  day ahead inc hosp",2022-06-03,"quantile",0.3,11.6319247346059
2022-05-21,"40","13  day ahead inc hosp",2022-06-03,"quantile",0.35,19.7794073924991
2022-05-21,"40","13  day ahead inc hosp",2022-06-03,"quantile",0.4,27.5105716907734
2022-05-21,"40","13  day ahead inc hosp",2022-06-03,"quantile",0.45,34.9905626213893
2022-05-21,"40","13  day ahead inc hosp",2022-06-03,"quantile",0.5,42.3519611217702
2022-05-21,"40","13  day ahead inc hosp",2022-06-03,"quantile",0.55,49.7133596221511
2022-05-21,"40","13  day ahead inc hosp",2022-06-03,"quantile",0.6,57.193350552767
2022-05-21,"40","13  day ahead inc hosp",2022-06-03,"quantile",0.65,64.9245148510414
2022-05-21,"40","13  day ahead inc hosp",2022-06-03,"quantile",0.7,73.0719975089345
2022-05-21,"40","13  day ahead inc hosp",2022-06-03,"quantile",0.75,81.8644123239852
2022-05-21,"40","13  day ahead inc hosp",2022-06-03,"quantile",0.8,91.6551831687032
2022-05-21,"40","13  day ahead inc hosp",2022-06-03,"quantile",0.85,103.067522351299
2022-05-21,"40","13  day ahead inc hosp",2022-06-03,"quantile",0.9,117.426850965511
2022-05-21,"40","13  day ahead inc hosp",2022-06-03,"quantile",0.95,138.709539055034
2022-05-21,"40","13  day ahead inc hosp",2022-06-03,"quantile",0.975,157.169097000743
2022-05-21,"40","13  day ahead inc hosp",2022-06-03,"quantile",0.99,178.632322425546
2022-05-21,"40","14  day ahead inc hosp",2022-06-04,"quantile",0.01,0
2022-05-21,"40","14  day ahead inc hosp",2022-06-04,"quantile",0.025,0
2022-05-21,"40","14  day ahead inc hosp",2022-06-04,"quantile",0.05,0
2022-05-21,"40","14  day ahead inc hosp",2022-06-04,"quantile",0.1,0
2022-05-21,"40","14  day ahead inc hosp",2022-06-04,"quantile",0.15,0
2022-05-21,"40","14  day ahead inc hosp",2022-06-04,"quantile",0.2,0
2022-05-21,"40","14  day ahead inc hosp",2022-06-04,"quantile",0.25,0
2022-05-21,"40","14  day ahead inc hosp",2022-06-04,"quantile",0.3,8.1494742013676
2022-05-21,"40","14  day ahead inc hosp",2022-06-04,"quantile",0.35,16.8579312495206
2022-05-21,"40","14  day ahead inc hosp",2022-06-04,"quantile",0.4,25.1214053863463
2022-05-21,"40","14  day ahead inc hosp",2022-06-04,"quantile",0.45,33.1164122461322
2022-05-21,"40","14  day ahead inc hosp",2022-06-04,"quantile",0.5,40.9846612927012
2022-05-21,"40","14  day ahead inc hosp",2022-06-04,"quantile",0.55,48.8529103392702
2022-05-21,"40","14  day ahead inc hosp",2022-06-04,"quantile",0.6,56.8479171990561
2022-05-21,"40","14  day ahead inc hosp",2022-06-04,"quantile",0.65,65.1113913358818
2022-05-21,"40","14  day ahead inc hosp",2022-06-04,"quantile",0.7,73.8198483840348
2022-05-21,"40","14  day ahead inc hosp",2022-06-04,"quantile",0.75,83.217642768075
2022-05-21,"40","14  day ahead inc hosp",2022-06-04,"quantile",0.8,93.6825324707777
2022-05-21,"40","14  day ahead inc hosp",2022-06-04,"quantile",0.85,105.880639513608
2022-05-21,"40","14  day ahead inc hosp",2022-06-04,"quantile",0.9,121.228643520225
2022-05-21,"40","14  day ahead inc hosp",2022-06-04,"quantile",0.95,143.976697474938
2022-05-21,"40","14  day ahead inc hosp",2022-06-04,"quantile",0.975,163.707241772859
2022-05-21,"40","14  day ahead inc hosp",2022-06-04,"quantile",0.99,186.648263506197
2022-05-21,"40","15  day ahead inc hosp",2022-06-05,"quantile",0.01,0
2022-05-21,"40","15  day ahead inc hosp",2022-06-05,"quantile",0.025,0
2022-05-21,"40","15  day ahead inc hosp",2022-06-05,"quantile",0.05,0
2022-05-21,"40","15  day ahead inc hosp",2022-06-05,"quantile",0.1,0
2022-05-21,"40","15  day ahead inc hosp",2022-06-05,"quantile",0.15,0
2022-05-21,"40","15  day ahead inc hosp",2022-06-05,"quantile",0.2,0
2022-05-21,"40","15  day ahead inc hosp",2022-06-05,"quantile",0.25,8.37208242724362
2022-05-21,"40","15  day ahead inc hosp",2022-06-05,"quantile",0.3,18.373954826228
2022-05-21,"40","15  day ahead inc hosp",2022-06-05,"quantile",0.35,27.6421801808476
2022-05-21,"40","15  day ahead inc hosp",2022-06-05,"quantile",0.4,36.436819700648
2022-05-21,"40","15  day ahead inc hosp",2022-06-05,"quantile",0.45,44.9457352155889
2022-05-21,"40","15  day ahead inc hosp",2022-06-05,"quantile",0.5,53.3197450897421
2022-05-21,"40","15  day ahead inc hosp",2022-06-05,"quantile",0.55,61.6937549638952
2022-05-21,"40","15  day ahead inc hosp",2022-06-05,"quantile",0.6,70.2026704788361
2022-05-21,"40","15  day ahead inc hosp",2022-06-05,"quantile",0.65,78.9973099986366
2022-05-21,"40","15  day ahead inc hosp",2022-06-05,"quantile",0.7,88.2655353532561
2022-05-21,"40","15  day ahead inc hosp",2022-06-05,"quantile",0.75,98.2674077522406
2022-05-21,"40","15  day ahead inc hosp",2022-06-05,"quantile",0.8,109.404966970777
2022-05-21,"40","15  day ahead inc hosp",2022-06-05,"quantile",0.85,122.387152488556
2022-05-21,"40","15  day ahead inc hosp",2022-06-05,"quantile",0.9,138.721706255126
2022-05-21,"40","15  day ahead inc hosp",2022-06-05,"quantile",0.95,162.931975567535
2022-05-21,"40","15  day ahead inc hosp",2022-06-05,"quantile",0.975,183.930773622262
2022-05-21,"40","15  day ahead inc hosp",2022-06-05,"quantile",0.99,208.346414431434
2022-05-21,"40","16  day ahead inc hosp",2022-06-06,"quantile",0.01,0
2022-05-21,"40","16  day ahead inc hosp",2022-06-06,"quantile",0.025,0
2022-05-21,"40","16  day ahead inc hosp",2022-06-06,"quantile",0.05,0
2022-05-21,"40","16  day ahead inc hosp",2022-06-06,"quantile",0.1,0
2022-05-21,"40","16  day ahead inc hosp",2022-06-06,"quantile",0.15,0
2022-05-21,"40","16  day ahead inc hosp",2022-06-06,"quantile",0.2,0
2022-05-21,"40","16  day ahead inc hosp",2022-06-06,"quantile",0.25,4.8982756947748
2022-05-21,"40","16  day ahead inc hosp",2022-06-06,"quantile",0.3,15.5010643361425
2022-05-21,"40","16  day ahead inc hosp",2022-06-06,"quantile",0.35,25.3261281437526
2022-05-21,"40","16  day ahead inc hosp",2022-06-06,"quantile",0.4,34.64915290209
2022-05-21,"40","16  day ahead inc hosp",2022-06-06,"quantile",0.45,43.6692872502679
2022-05-21,"40","16  day ahead inc hosp",2022-06-06,"quantile",0.5,52.5464107761977
2022-05-21,"40","16  day ahead inc hosp",2022-06-06,"quantile",0.55,61.4235343021274
2022-05-21,"40","16  day ahead inc hosp",2022-06-06,"quantile",0.6,70.4436686503054
2022-05-21,"40","16  day ahead inc hosp",2022-06-06,"quantile",0.65,79.7666934086428
2022-05-21,"40","16  day ahead inc hosp",2022-06-06,"quantile",0.7,89.5917572162528
2022-05-21,"40","16  day ahead inc hosp",2022-06-06,"quantile",0.75,100.194545857621
2022-05-21,"40","16  day ahead inc hosp",2022-06-06,"quantile",0.8,112.001253808309
2022-05-21,"40","16  day ahead inc hosp",2022-06-06,"quantile",0.85,125.763413897654
2022-05-21,"40","16  day ahead inc hosp",2022-06-06,"quantile",0.9,143.079353776631
2022-05-21,"40","16  day ahead inc hosp",2022-06-06,"quantile",0.95,168.744185143218
2022-05-21,"40","16  day ahead inc hosp",2022-06-06,"quantile",0.975,191.004598855318
2022-05-21,"40","16  day ahead inc hosp",2022-06-06,"quantile",0.99,216.887140515166
2022-05-21,"40","17  day ahead inc hosp",2022-06-07,"quantile",0.01,0
2022-05-21,"40","17  day ahead inc hosp",2022-06-07,"quantile",0.025,0
2022-05-21,"40","17  day ahead inc hosp",2022-06-07,"quantile",0.05,0
2022-05-21,"40","17  day ahead inc hosp",2022-06-07,"quantile",0.1,0
2022-05-21,"40","17  day ahead inc hosp",2022-06-07,"quantile",0.15,0
2022-05-21,"40","17  day ahead inc hosp",2022-06-07,"quantile",0.2,0
2022-05-21,"40","17  day ahead inc hosp",2022-06-07,"quantile",0.25,3.36768896599908
2022-05-21,"40","17  day ahead inc hosp",2022-06-07,"quantile",0.3,14.5667996842961
2022-05-21,"40","17  day ahead inc hosp",2022-06-07,"quantile",0.35,24.9444447659361
2022-05-21,"40","17  day ahead inc hosp",2022-06-07,"quantile",0.4,34.7918151162873
2022-05-21,"40","17  day ahead inc hosp",2022-06-07,"quantile",0.45,44.3192598929407
2022-05-21,"40","17  day ahead inc hosp",2022-06-07,"quantile",0.5,53.6956506321663
2022-05-21,"40","17  day ahead inc hosp",2022-06-07,"quantile",0.55,63.0720413713919
2022-05-21,"40","17  day ahead inc hosp",2022-06-07,"quantile",0.6,72.5994861480453
2022-05-21,"40","17  day ahead inc hosp",2022-06-07,"quantile",0.65,82.4468564983966
2022-05-21,"40","17  day ahead inc hosp",2022-06-07,"quantile",0.7,92.8245015800366
2022-05-21,"40","17  day ahead inc hosp",2022-06-07,"quantile",0.75,104.023612298334
2022-05-21,"40","17  day ahead inc hosp",2022-06-07,"quantile",0.8,116.494353160079
2022-05-21,"40","17  day ahead inc hosp",2022-06-07,"quantile",0.85,131.030524706702
2022-05-21,"40","17  day ahead inc hosp",2022-06-07,"quantile",0.9,149.320347738675
2022-05-21,"40","17  day ahead inc hosp",2022-06-07,"quantile",0.95,176.428620643355
2022-05-21,"40","17  day ahead inc hosp",2022-06-07,"quantile",0.975,199.941004623571
2022-05-21,"40","17  day ahead inc hosp",2022-06-07,"quantile",0.99,227.279232284609
2022-05-21,"40","18  day ahead inc hosp",2022-06-08,"quantile",0.01,0
2022-05-21,"40","18  day ahead inc hosp",2022-06-08,"quantile",0.025,0
2022-05-21,"40","18  day ahead inc hosp",2022-06-08,"quantile",0.05,0
2022-05-21,"40","18  day ahead inc hosp",2022-06-08,"quantile",0.1,0
2022-05-21,"40","18  day ahead inc hosp",2022-06-08,"quantile",0.15,0
2022-05-21,"40","18  day ahead inc hosp",2022-06-08,"quantile",0.2,0
2022-05-21,"40","18  day ahead inc hosp",2022-06-08,"quantile",0.25,0.251697764755633
2022-05-21,"40","18  day ahead inc hosp",2022-06-08,"quantile",0.3,12.0414394838934
2022-05-21,"40","18  day ahead inc hosp",2022-06-08,"quantile",0.35,22.9663922094274
2022-05-21,"40","18  day ahead inc hosp",2022-06-08,"quantile",0.4,33.3331039925029
2022-05-21,"40","18  day ahead inc hosp",2022-06-08,"quantile",0.45,43.3630176156064
2022-05-21,"40","18  day ahead inc hosp",2022-06-08,"quantile",0.5,53.2339107475564
2022-05-21,"40","18  day ahead inc hosp",2022-06-08,"quantile",0.55,63.1048038795063
2022-05-21,"40","18  day ahead inc hosp",2022-06-08,"quantile",0.6,73.1347175026098
2022-05-21,"40","18  day ahead inc hosp",2022-06-08,"quantile",0.65,83.5014292856853
2022-05-21,"40","18  day ahead inc hosp",2022-06-08,"quantile",0.7,94.4263820112193
2022-05-21,"40","18  day ahead inc hosp",2022-06-08,"quantile",0.75,106.216123730357
2022-05-21,"40","18  day ahead inc hosp",2022-06-08,"quantile",0.8,119.344560220057
2022-05-21,"40","18  day ahead inc hosp",2022-06-08,"quantile",0.85,134.647356346518
2022-05-21,"40","18  day ahead inc hosp",2022-06-08,"quantile",0.9,153.901768152931
2022-05-21,"40","18  day ahead inc hosp",2022-06-08,"quantile",0.95,182.439706926579
2022-05-21,"40","18  day ahead inc hosp",2022-06-08,"quantile",0.975,207.192112836367
2022-05-21,"40","18  day ahead inc hosp",2022-06-08,"quantile",0.99,235.97213397287
2022-05-21,"40","19  day ahead inc hosp",2022-06-09,"quantile",0.01,0
2022-05-21,"40","19  day ahead inc hosp",2022-06-09,"quantile",0.025,0
2022-05-21,"40","19  day ahead inc hosp",2022-06-09,"quantile",0.05,0
2022-05-21,"40","19  day ahead inc hosp",2022-06-09,"quantile",0.1,0
2022-05-21,"40","19  day ahead inc hosp",2022-06-09,"quantile",0.15,0
2022-05-21,"40","19  day ahead inc hosp",2022-06-09,"quantile",0.2,0
2022-05-21,"40","19  day ahead inc hosp",2022-06-09,"quantile",0.25,0
2022-05-21,"40","19  day ahead inc hosp",2022-06-09,"quantile",0.3,10.7261882082508
2022-05-21,"40","19  day ahead inc hosp",2022-06-09,"quantile",0.35,22.1924037837729
2022-05-21,"40","19  day ahead inc hosp",2022-06-09,"quantile",0.4,33.0727210812776
2022-05-21,"40","19  day ahead inc hosp",2022-06-09,"quantile",0.45,43.5995539834996
2022-05-21,"40","19  day ahead inc hosp",2022-06-09,"quantile",0.5,53.9594879271356
2022-05-21,"40","19  day ahead inc hosp",2022-06-09,"quantile",0.55,64.3194218707716
2022-05-21,"40","19  day ahead inc hosp",2022-06-09,"quantile",0.6,74.8462547729936
2022-05-21,"40","19  day ahead inc hosp",2022-06-09,"quantile",0.65,85.7265720704983
2022-05-21,"40","19  day ahead inc hosp",2022-06-09,"quantile",0.7,97.1927876460204
2022-05-21,"40","19  day ahead inc hosp",2022-06-09,"quantile",0.75,109.566637082953
2022-05-21,"40","19  day ahead inc hosp",2022-06-09,"quantile",0.8,123.345505215592
2022-05-21,"40","19  day ahead inc hosp",2022-06-09,"quantile",0.85,139.406458860194
2022-05-21,"40","19  day ahead inc hosp",2022-06-09,"quantile",0.9,159.61480594404
2022-05-21,"40","19  day ahead inc hosp",2022-06-09,"quantile",0.95,189.566620499257
2022-05-21,"40","19  day ahead inc hosp",2022-06-09,"quantile",0.975,215.545352792635
2022-05-21,"40","19  day ahead inc hosp",2022-06-09,"quantile",0.99,245.751243372641
2022-05-21,"40","20  day ahead inc hosp",2022-06-10,"quantile",0.01,0
2022-05-21,"40","20  day ahead inc hosp",2022-06-10,"quantile",0.025,0
2022-05-21,"40","20  day ahead inc hosp",2022-06-10,"quantile",0.05,0
2022-05-21,"40","20  day ahead inc hosp",2022-06-10,"quantile",0.1,0
2022-05-21,"40","20  day ahead inc hosp",2022-06-10,"quantile",0.15,0
2022-05-21,"40","20  day ahead inc hosp",2022-06-10,"quantile",0.2,0
2022-05-21,"40","20  day ahead inc hosp",2022-06-10,"quantile",0.25,0
2022-05-21,"40","20  day ahead inc hosp",2022-06-10,"quantile",0.3,6.782818831586
2022-05-21,"40","20  day ahead inc hosp",2022-06-10,"quantile",0.35,18.7836759217684
2022-05-21,"40","20  day ahead inc hosp",2022-06-10,"quantile",0.4,30.1713157339779
2022-05-21,"40","20  day ahead inc hosp",2022-06-10,"quantile",0.45,41.1889890403725
2022-05-21,"40","20  day ahead inc hosp",2022-06-10,"quantile",0.5,52.0319812990144
2022-05-21,"40","20  day ahead inc hosp",2022-06-10,"quantile",0.55,62.8749735576562
2022-05-21,"40","20  day ahead inc hosp",2022-06-10,"quantile",0.6,73.8926468640508
2022-05-21,"40","20  day ahead inc hosp",2022-06-10,"quantile",0.65,85.2802866762603
2022-05-21,"40","20  day ahead inc hosp",2022-06-10,"quantile",0.7,97.2811437664427
2022-05-21,"40","20  day ahead inc hosp",2022-06-10,"quantile",0.75,110.231955459279
2022-05-21,"40","20  day ahead inc hosp",2022-06-10,"quantile",0.8,124.653298424196
2022-05-21,"40","20  day ahead inc hosp",2022-06-10,"quantile",0.85,141.463134952333
2022-05-21,"40","20  day ahead inc hosp",2022-06-10,"quantile",0.9,162.613747705487
2022-05-21,"40","20  day ahead inc hosp",2022-06-10,"quantile",0.95,193.962141925123
2022-05-21,"40","20  day ahead inc hosp",2022-06-10,"quantile",0.975,221.152198799903
2022-05-21,"40","20  day ahead inc hosp",2022-06-10,"quantile",0.99,252.766515986315
2022-05-21,"40","21  day ahead inc hosp",2022-06-11,"quantile",0.01,0
2022-05-21,"40","21  day ahead inc hosp",2022-06-11,"quantile",0.025,0
2022-05-21,"40","21  day ahead inc hosp",2022-06-11,"quantile",0.05,0
2022-05-21,"40","21  day ahead inc hosp",2022-06-11,"quantile",0.1,0
2022-05-21,"40","21  day ahead inc hosp",2022-06-11,"quantile",0.15,0
2022-05-21,"40","21  day ahead inc hosp",2022-06-11,"quantile",0.2,0
2022-05-21,"40","21  day ahead inc hosp",2022-06-11,"quantile",0.25,0
2022-05-21,"40","21  day ahead inc hosp",2022-06-11,"quantile",0.3,4.87004258862984
2022-05-21,"40","21  day ahead inc hosp",2022-06-11,"quantile",0.35,17.3984984711621
2022-05-21,"40","21  day ahead inc hosp",2022-06-11,"quantile",0.4,29.2867779433133
2022-05-21,"40","21  day ahead inc hosp",2022-06-11,"quantile",0.45,40.788825914557
2022-05-21,"40","21  day ahead inc hosp",2022-06-11,"quantile",0.5,52.1085132607355
2022-05-21,"40","21  day ahead inc hosp",2022-06-11,"quantile",0.55,63.428200606914
2022-05-21,"40","21  day ahead inc hosp",2022-06-11,"quantile",0.6,74.9302485781577
2022-05-21,"40","21  day ahead inc hosp",2022-06-11,"quantile",0.65,86.8185280503089
2022-05-21,"40","21  day ahead inc hosp",2022-06-11,"quantile",0.7,99.3469839328412
2022-05-21,"40","21  day ahead inc hosp",2022-06-11,"quantile",0.75,112.867157676883
2022-05-21,"40","21  day ahead inc hosp",2022-06-11,"quantile",0.8,127.922512285733
2022-05-21,"40","21  day ahead inc hosp",2022-06-11,"quantile",0.85,145.471366817768
2022-05-21,"40","21  day ahead inc hosp",2022-06-11,"quantile",0.9,167.551832969072
2022-05-21,"40","21  day ahead inc hosp",2022-06-11,"quantile",0.95,200.278409997494
2022-05-21,"40","21  day ahead inc hosp",2022-06-11,"quantile",0.975,228.66383492501
2022-05-21,"40","21  day ahead inc hosp",2022-06-11,"quantile",0.99,261.668025804875
2022-05-21,"40","22  day ahead inc hosp",2022-06-12,"quantile",0.01,0
2022-05-21,"40","22  day ahead inc hosp",2022-06-12,"quantile",0.025,0
2022-05-21,"40","22  day ahead inc hosp",2022-06-12,"quantile",0.05,0
2022-05-21,"40","22  day ahead inc hosp",2022-06-12,"quantile",0.1,0
2022-05-21,"40","22  day ahead inc hosp",2022-06-12,"quantile",0.15,0
2022-05-21,"40","22  day ahead inc hosp",2022-06-12,"quantile",0.2,0
2022-05-21,"40","22  day ahead inc hosp",2022-06-12,"quantile",0.25,12.1990798489976
2022-05-21,"40","22  day ahead inc hosp",2022-06-12,"quantile",0.3,26.4298141754539
2022-05-21,"40","22  day ahead inc hosp",2022-06-12,"quantile",0.35,39.6167103322884
2022-05-21,"40","22  day ahead inc hosp",2022-06-12,"quantile",0.4,52.1297852357376
2022-05-21,"40","22  day ahead inc hosp",2022-06-12,"quantile",0.45,64.2363300174608
2022-05-21,"40","22  day ahead inc hosp",2022-06-12,"quantile",0.5,76.1509301055699
2022-05-21,"40","22  day ahead inc hosp",2022-06-12,"quantile",0.55,88.0655301936789
2022-05-21,"40","22  day ahead inc hosp",2022-06-12,"quantile",0.6,100.172074975402
2022-05-21,"40","22  day ahead inc hosp",2022-06-12,"quantile",0.65,112.685149878851
2022-05-21,"40","22  day ahead inc hosp",2022-06-12,"quantile",0.7,125.872046035686
2022-05-21,"40","22  day ahead inc hosp",2022-06-12,"quantile",0.75,140.102780362142
2022-05-21,"40","22  day ahead inc hosp",2022-06-12,"quantile",0.8,155.94937787525
2022-05-21,"40","22  day ahead inc hosp",2022-06-12,"quantile",0.85,174.420522648006
2022-05-21,"40","22  day ahead inc hosp",2022-06-12,"quantile",0.9,197.661440520232
2022-05-21,"40","22  day ahead inc hosp",2022-06-12,"quantile",0.95,232.107981809024
2022-05-21,"40","22  day ahead inc hosp",2022-06-12,"quantile",0.975,261.985219227297
2022-05-21,"40","22  day ahead inc hosp",2022-06-12,"quantile",0.99,296.723964524706
2022-05-21,"40","23  day ahead inc hosp",2022-06-13,"quantile",0.01,0
2022-05-21,"40","23  day ahead inc hosp",2022-06-13,"quantile",0.025,0
2022-05-21,"40","23  day ahead inc hosp",2022-06-13,"quantile",0.05,0
2022-05-21,"40","23  day ahead inc hosp",2022-06-13,"quantile",0.1,0
2022-05-21,"40","23  day ahead inc hosp",2022-06-13,"quantile",0.15,0
2022-05-21,"40","23  day ahead inc hosp",2022-06-13,"quantile",0.2,0
2022-05-21,"40","23  day ahead inc hosp",2022-06-13,"quantile",0.25,10.5999893360158
2022-05-21,"40","23  day ahead inc hosp",2022-06-13,"quantile",0.3,25.4635412154328
2022-05-21,"40","23  day ahead inc hosp",2022-06-13,"quantile",0.35,39.2368371437534
2022-05-21,"40","23  day ahead inc hosp",2022-06-13,"quantile",0.4,52.3063480861843
2022-05-21,"40","23  day ahead inc hosp",2022-06-13,"quantile",0.45,64.9512511752041
2022-05-21,"40","23  day ahead inc hosp",2022-06-13,"quantile",0.5,77.3956741030414
2022-05-21,"40","23  day ahead inc hosp",2022-06-13,"quantile",0.55,89.8400970308787
2022-05-21,"40","23  day ahead inc hosp",2022-06-13,"quantile",0.6,102.485000119898
2022-05-21,"40","23  day ahead inc hosp",2022-06-13,"quantile",0.65,115.554511062329
2022-05-21,"40","23  day ahead inc hosp",2022-06-13,"quantile",0.7,129.32780699065
2022-05-21,"40","23  day ahead inc hosp",2022-06-13,"quantile",0.75,144.191358870067
2022-05-21,"40","23  day ahead inc hosp",2022-06-13,"quantile",0.8,160.742628737458
2022-05-21,"40","23  day ahead inc hosp",2022-06-13,"quantile",0.85,180.035155201933
2022-05-21,"40","23  day ahead inc hosp",2022-06-13,"quantile",0.9,204.309558798724
2022-05-21,"40","23  day ahead inc hosp",2022-06-13,"quantile",0.95,240.287881615178
2022-05-21,"40","23  day ahead inc hosp",2022-06-13,"quantile",0.975,271.493711068024
2022-05-21,"40","23  day ahead inc hosp",2022-06-13,"quantile",0.99,307.777231728933
2022-05-21,"40","24  day ahead inc hosp",2022-06-14,"quantile",0.01,0
2022-05-21,"40","24  day ahead inc hosp",2022-06-14,"quantile",0.025,0
2022-05-21,"40","24  day ahead inc hosp",2022-06-14,"quantile",0.05,0
2022-05-21,"40","24  day ahead inc hosp",2022-06-14,"quantile",0.1,0
2022-05-21,"40","24  day ahead inc hosp",2022-06-14,"quantile",0.15,0
2022-05-21,"40","24  day ahead inc hosp",2022-06-14,"quantile",0.2,0
2022-05-21,"40","24  day ahead inc hosp",2022-06-14,"quantile",0.25,6.64642642241307
2022-05-21,"40","24  day ahead inc hosp",2022-06-14,"quantile",0.3,22.1110495551276
2022-05-21,"40","24  day ahead inc hosp",2022-06-14,"quantile",0.35,36.4413275771521
2022-05-21,"40","24  day ahead inc hosp",2022-06-14,"quantile",0.4,50.0393600591102
2022-05-21,"40","24  day ahead inc hosp",2022-06-14,"quantile",0.45,63.1956138541526
2022-05-21,"40","24  day ahead inc hosp",2022-06-14,"quantile",0.5,76.1432802157588
2022-05-21,"40","24  day ahead inc hosp",2022-06-14,"quantile",0.55,89.090946577365
2022-05-21,"40","24  day ahead inc hosp",2022-06-14,"quantile",0.6,102.247200372407
2022-05-21,"40","24  day ahead inc hosp",2022-06-14,"quantile",0.65,115.845232854366
2022-05-21,"40","24  day ahead inc hosp",2022-06-14,"quantile",0.7,130.17551087639
2022-05-21,"40","24  day ahead inc hosp",2022-06-14,"quantile",0.75,145.640134009105
2022-05-21,"40","24  day ahead inc hosp",2022-06-14,"quantile",0.8,162.860725220651
2022-05-21,"40","24  day ahead inc hosp",2022-06-14,"quantile",0.85,182.933427457065
2022-05-21,"40","24  day ahead inc hosp",2022-06-14,"quantile",0.9,208.189470322272
2022-05-21,"40","24  day ahead inc hosp",2022-06-14,"quantile",0.95,245.622730408247
2022-05-21,"40","24  day ahead inc hosp",2022-06-14,"quantile",0.975,278.09050096182
2022-05-21,"40","24  day ahead inc hosp",2022-06-14,"quantile",0.99,315.841300871635
2022-05-21,"40","25  day ahead inc hosp",2022-06-15,"quantile",0.01,0
2022-05-21,"40","25  day ahead inc hosp",2022-06-15,"quantile",0.025,0
2022-05-21,"40","25  day ahead inc hosp",2022-06-15,"quantile",0.05,0
2022-05-21,"40","25  day ahead inc hosp",2022-06-15,"quantile",0.1,0
2022-05-21,"40","25  day ahead inc hosp",2022-06-15,"quantile",0.15,0
2022-05-21,"40","25  day ahead inc hosp",2022-06-15,"quantile",0.2,0
2022-05-21,"40","25  day ahead inc hosp",2022-06-15,"quantile",0.25,5.26031223653561
2022-05-21,"40","25  day ahead inc hosp",2022-06-15,"quantile",0.3,21.3186453747082
2022-05-21,"40","25  day ahead inc hosp",2022-06-15,"quantile",0.35,36.1990841972682
2022-05-21,"40","25  day ahead inc hosp",2022-06-15,"quantile",0.4,50.3191654785925
2022-05-21,"40","25  day ahead inc hosp",2022-06-15,"quantile",0.45,63.9805075286431
2022-05-21,"40","25  day ahead inc hosp",2022-06-15,"quantile",0.5,77.4252541617988
2022-05-21,"40","25  day ahead inc hosp",2022-06-15,"quantile",0.55,90.8700007949544
2022-05-21,"40","25  day ahead inc hosp",2022-06-15,"quantile",0.6,104.531342845005
2022-05-21,"40","25  day ahead inc hosp",2022-06-15,"quantile",0.65,118.651424126329
2022-05-21,"40","25  day ahead inc hosp",2022-06-15,"quantile",0.7,133.531862948889
2022-05-21,"40","25  day ahead inc hosp",2022-06-15,"quantile",0.75,149.590196087062
2022-05-21,"40","25  day ahead inc hosp",2022-06-15,"quantile",0.8,167.471911544214
2022-05-21,"40","25  day ahead inc hosp",2022-06-15,"quantile",0.85,188.315234833083
2022-05-21,"40","25  day ahead inc hosp",2022-06-15,"quantile",0.9,214.540894947845
2022-05-21,"40","25  day ahead inc hosp",2022-06-15,"quantile",0.95,253.411273860399
2022-05-21,"40","25  day ahead inc hosp",2022-06-15,"quantile",0.975,287.125530672779
2022-05-21,"40","25  day ahead inc hosp",2022-06-15,"quantile",0.99,326.325640237809
2022-05-21,"40","26  day ahead inc hosp",2022-06-16,"quantile",0.01,0
2022-05-21,"40","26  day ahead inc hosp",2022-06-16,"quantile",0.025,0
2022-05-21,"40","26  day ahead inc hosp",2022-06-16,"quantile",0.05,0
2022-05-21,"40","26  day ahead inc hosp",2022-06-16,"quantile",0.1,0
2022-05-21,"40","26  day ahead inc hosp",2022-06-16,"quantile",0.15,0
2022-05-21,"40","26  day ahead inc hosp",2022-06-16,"quantile",0.2,0
2022-05-21,"40","26  day ahead inc hosp",2022-06-16,"quantile",0.25,1.97769769874932
2022-05-21,"40","26  day ahead inc hosp",2022-06-16,"quantile",0.3,18.6302878541641
2022-05-21,"40","26  day ahead inc hosp",2022-06-16,"quantile",0.35,34.0613943651984
2022-05-21,"40","26  day ahead inc hosp",2022-06-16,"quantile",0.4,48.7040054329741
2022-05-21,"40","26  day ahead inc hosp",2022-06-16,"quantile",0.45,62.8709010986045
2022-05-21,"40","26  day ahead inc hosp",2022-06-16,"quantile",0.5,76.8131859857651
2022-05-21,"40","26  day ahead inc hosp",2022-06-16,"quantile",0.55,90.7554708729256
2022-05-21,"40","26  day ahead inc hosp",2022-06-16,"quantile",0.6,104.922366538556
2022-05-21,"40","26  day ahead inc hosp",2022-06-16,"quantile",0.65,119.564977606332
2022-05-21,"40","26  day ahead inc hosp",2022-06-16,"quantile",0.7,134.996084117366
2022-05-21,"40","26  day ahead inc hosp",2022-06-16,"quantile",0.75,151.648674272781
2022-05-21,"40","26  day ahead inc hosp",2022-06-16,"quantile",0.8,170.192123099101
2022-05-21,"40","26  day ahead inc hosp",2022-06-16,"quantile",0.85,191.806777448328
2022-05-21,"40","26  day ahead inc hosp",2022-06-16,"quantile",0.9,219.002948164714
2022-05-21,"40","26  day ahead inc hosp",2022-06-16,"quantile",0.95,259.311769986186
2022-05-21,"40","26  day ahead inc hosp",2022-06-16,"quantile",0.975,294.273661501338
2022-05-21,"40","26  day ahead inc hosp",2022-06-16,"quantile",0.99,334.924416035883
2022-05-21,"40","27  day ahead inc hosp",2022-06-17,"quantile",0.01,0
2022-05-21,"40","27  day ahead inc hosp",2022-06-17,"quantile",0.025,0
2022-05-21,"40","27  day ahead inc hosp",2022-06-17,"quantile",0.05,0
2022-05-21,"40","27  day ahead inc hosp",2022-06-17,"quantile",0.1,0
2022-05-21,"40","27  day ahead inc hosp",2022-06-17,"quantile",0.15,0
2022-05-21,"40","27  day ahead inc hosp",2022-06-17,"quantile",0.2,0
2022-05-21,"40","27  day ahead inc hosp",2022-06-17,"quantile",0.25,0
2022-05-21,"40","27  day ahead inc hosp",2022-06-17,"quantile",0.3,16.2162857553442
2022-05-21,"40","27  day ahead inc hosp",2022-06-17,"quantile",0.35,32.1970952602417
2022-05-21,"40","27  day ahead inc hosp",2022-06-17,"quantile",0.4,47.3613207136207
2022-05-21,"40","27  day ahead inc hosp",2022-06-17,"quantile",0.45,62.0328843339163
2022-05-21,"40","27  day ahead inc hosp",2022-06-17,"quantile",0.5,76.4718358559863
2022-05-21,"40","27  day ahead inc hosp",2022-06-17,"quantile",0.55,90.9107873780564
2022-05-21,"40","27  day ahead inc hosp",2022-06-17,"quantile",0.6,105.582350998352
2022-05-21,"40","27  day ahead inc hosp",2022-06-17,"quantile",0.65,120.746576451731
2022-05-21,"40","27  day ahead inc hosp",2022-06-17,"quantile",0.7,136.727385956628
2022-05-21,"40","27  day ahead inc hosp",2022-06-17,"quantile",0.75,153.973192072121
2022-05-21,"40","27  day ahead inc hosp",2022-06-17,"quantile",0.8,173.177215001088
2022-05-21,"40","27  day ahead inc hosp",2022-06-17,"quantile",0.85,195.561849143961
2022-05-21,"40","27  day ahead inc hosp",2022-06-17,"quantile",0.9,223.726830259894
2022-05-21,"40","27  day ahead inc hosp",2022-06-17,"quantile",0.95,265.471575034688
2022-05-21,"40","27  day ahead inc hosp",2022-06-17,"quantile",0.975,301.678915566945
2022-05-21,"40","27  day ahead inc hosp",2022-06-17,"quantile",0.99,343.777773739065
2022-05-21,"40","28  day ahead inc hosp",2022-06-18,"quantile",0.01,0
2022-05-21,"40","28  day ahead inc hosp",2022-06-18,"quantile",0.025,0
2022-05-21,"40","28  day ahead inc hosp",2022-06-18,"quantile",0.05,0
2022-05-21,"40","28  day ahead inc hosp",2022-06-18,"quantile",0.1,0
2022-05-21,"40","28  day ahead inc hosp",2022-06-18,"quantile",0.15,0
2022-05-21,"40","28  day ahead inc hosp",2022-06-18,"quantile",0.2,0
2022-05-21,"40","28  day ahead inc hosp",2022-06-18,"quantile",0.25,0
2022-05-21,"40","28  day ahead inc hosp",2022-06-18,"quantile",0.3,14.2916909775105
2022-05-21,"40","28  day ahead inc hosp",2022-06-18,"quantile",0.35,30.820032725712
2022-05-21,"40","28  day ahead inc hosp",2022-06-18,"quantile",0.4,46.5038127346917
2022-05-21,"40","28  day ahead inc hosp",2022-06-18,"quantile",0.45,61.6780514002868
2022-05-21,"40","28  day ahead inc hosp",2022-06-18,"quantile",0.5,76.6117082447258
2022-05-21,"40","28  day ahead inc hosp",2022-06-18,"quantile",0.55,91.5453650891648
2022-05-21,"40","28  day ahead inc hosp",2022-06-18,"quantile",0.6,106.71960375476
2022-05-21,"40","28  day ahead inc hosp",2022-06-18,"quantile",0.65,122.40338376374
2022-05-21,"40","28  day ahead inc hosp",2022-06-18,"quantile",0.7,138.931725511941
2022-05-21,"40","28  day ahead inc hosp",2022-06-18,"quantile",0.75,156.768405006352
2022-05-21,"40","28  day ahead inc hosp",2022-06-18,"quantile",0.8,176.630393462756
2022-05-21,"40","28  day ahead inc hosp",2022-06-18,"quantile",0.85,199.781966786277
2022-05-21,"40","28  day ahead inc hosp",2022-06-18,"quantile",0.9,228.911932516306
2022-05-21,"40","28  day ahead inc hosp",2022-06-18,"quantile",0.95,272.086929854069
2022-05-21,"40","28  day ahead inc hosp",2022-06-18,"quantile",0.975,309.534801185446
2022-05-21,"40","28  day ahead inc hosp",2022-06-18,"quantile",0.99,353.076044503854
2022-05-21,"40","29  day ahead inc hosp",2022-06-19,"quantile",0.01,0
2022-05-21,"40","29  day ahead inc hosp",2022-06-19,"quantile",0.025,0
2022-05-21,"40","29  day ahead inc hosp",2022-06-19,"quantile",0.05,0
2022-05-21,"40","29  day ahead inc hosp",2022-06-19,"quantile",0.1,0
2022-05-21,"40","29  day ahead inc hosp",2022-06-19,"quantile",0.15,0
2022-05-21,"40","29  day ahead inc hosp",2022-06-19,"quantile",0.2,0
2022-05-21,"40","29  day ahead inc hosp",2022-06-19,"quantile",0.25,4.26155279477115
2022-05-21,"40","29  day ahead inc hosp",2022-06-19,"quantile",0.3,22.6857038137148
2022-05-21,"40","29  day ahead inc hosp",2022-06-19,"quantile",0.35,39.7584254801552
2022-05-21,"40","29  day ahead inc hosp",2022-06-19,"quantile",0.4,55.9587687965153
2022-05-21,"40","29  day ahead inc hosp",2022-06-19,"quantile",0.45,71.6327884401394
2022-05-21,"40","29  day ahead inc hosp",2022-06-19,"quantile",0.5,87.05830242402
2022-05-21,"40","29  day ahead inc hosp",2022-06-19,"quantile",0.55,102.483816407901
2022-05-21,"40","29  day ahead inc hosp",2022-06-19,"quantile",0.6,118.157836051525
2022-05-21,"40","29  day ahead inc hosp",2022-06-19,"quantile",0.65,134.358179367885
2022-05-21,"40","29  day ahead inc hosp",2022-06-19,"quantile",0.7,151.430901034325
2022-05-21,"40","29  day ahead inc hosp",2022-06-19,"quantile",0.75,169.855052053269
2022-05-21,"40","29  day ahead inc hosp",2022-06-19,"quantile",0.8,190.371217910932
2022-05-21,"40","29  day ahead inc hosp",2022-06-19,"quantile",0.85,214.285314891391
2022-05-21,"40","29  day ahead inc hosp",2022-06-19,"quantile",0.9,244.374709498436
2022-05-21,"40","29  day ahead inc hosp",2022-06-19,"quantile",0.95,288.971724959902
2022-05-21,"40","29  day ahead inc hosp",2022-06-19,"quantile",0.975,327.65298494237
2022-05-21,"40","29  day ahead inc hosp",2022-06-19,"quantile",0.99,372.628309116486
2022-05-21,"40","30  day ahead inc hosp",2022-06-20,"quantile",0.01,0
2022-05-21,"40","30  day ahead inc hosp",2022-06-20,"quantile",0.025,0
2022-05-21,"40","30  day ahead inc hosp",2022-06-20,"quantile",0.05,0
2022-05-21,"40","30  day ahead inc hosp",2022-06-20,"quantile",0.1,0
2022-05-21,"40","30  day ahead inc hosp",2022-06-20,"quantile",0.15,0
2022-05-21,"40","30  day ahead inc hosp",2022-06-20,"quantile",0.2,0
2022-05-21,"40","30  day ahead inc hosp",2022-06-20,"quantile",0.25,1.95340266320525
2022-05-21,"40","30  day ahead inc hosp",2022-06-20,"quantile",0.3,20.9607681593377
2022-05-21,"40","30  day ahead inc hosp",2022-06-20,"quantile",0.35,38.5739249552256
2022-05-21,"40","30  day ahead inc hosp",2022-06-20,"quantile",0.4,55.2870883601648
2022-05-21,"40","30  day ahead inc hosp",2022-06-20,"quantile",0.45,71.4572673743077
2022-05-21,"40","30  day ahead inc hosp",2022-06-20,"quantile",0.5,87.3710743093385
2022-05-21,"40","30  day ahead inc hosp",2022-06-20,"quantile",0.55,103.284881244369
2022-05-21,"40","30  day ahead inc hosp",2022-06-20,"quantile",0.6,119.455060258512
2022-05-21,"40","30  day ahead inc hosp",2022-06-20,"quantile",0.65,136.168223663451
2022-05-21,"40","30  day ahead inc hosp",2022-06-20,"quantile",0.7,153.781380459339
2022-05-21,"40","30  day ahead inc hosp",2022-06-20,"quantile",0.75,172.788745955472
2022-05-21,"40","30  day ahead inc hosp",2022-06-20,"quantile",0.8,193.954348790301
2022-05-21,"40","30  day ahead inc hosp",2022-06-20,"quantile",0.85,218.625443884462
2022-05-21,"40","30  day ahead inc hosp",2022-06-20,"quantile",0.9,249.667314973416
2022-05-21,"40","30  day ahead inc hosp",2022-06-20,"quantile",0.95,295.676044061729
2022-05-21,"40","30  day ahead inc hosp",2022-06-20,"quantile",0.975,335.581755081018
2022-05-21,"40","30  day ahead inc hosp",2022-06-20,"quantile",0.99,381.980768202734
2022-05-21,"40","31  day ahead inc hosp",2022-06-21,"quantile",0.01,0
2022-05-21,"40","31  day ahead inc hosp",2022-06-21,"quantile",0.025,0
2022-05-21,"40","31  day ahead inc hosp",2022-06-21,"quantile",0.05,0
2022-05-21,"40","31  day ahead inc hosp",2022-06-21,"quantile",0.1,0
2022-05-21,"40","31  day ahead inc hosp",2022-06-21,"quantile",0.15,0
2022-05-21,"40","31  day ahead inc hosp",2022-06-21,"quantile",0.2,0
2022-05-21,"40","31  day ahead inc hosp",2022-06-21,"quantile",0.25,1.0049094588833
2022-05-21,"40","31  day ahead inc hosp",2022-06-21,"quantile",0.3,20.5905486729621
2022-05-21,"40","31  day ahead inc hosp",2022-06-21,"quantile",0.35,38.739562248539
2022-05-21,"40","31  day ahead inc hosp",2022-06-21,"quantile",0.4,55.9612013358543
2022-05-21,"40","31  day ahead inc hosp",2022-06-21,"quantile",0.45,72.6233364572373
2022-05-21,"40","31  day ahead inc hosp",2022-06-21,"quantile",0.5,89.0212997212908
2022-05-21,"40","31  day ahead inc hosp",2022-06-21,"quantile",0.55,105.419262985344
2022-05-21,"40","31  day ahead inc hosp",2022-06-21,"quantile",0.6,122.081398106727
2022-05-21,"40","31  day ahead inc hosp",2022-06-21,"quantile",0.65,139.303037194043
2022-05-21,"40","31  day ahead inc hosp",2022-06-21,"quantile",0.7,157.45205076962
2022-05-21,"40","31  day ahead inc hosp",2022-06-21,"quantile",0.75,177.037689983698
2022-05-21,"40","31  day ahead inc hosp",2022-06-21,"quantile",0.8,198.84722802598
2022-05-21,"40","31  day ahead inc hosp",2022-06-21,"quantile",0.85,224.268908249301
2022-05-21,"40","31  day ahead inc hosp",2022-06-21,"quantile",0.9,256.255186821253
2022-05-21,"40","31  day ahead inc hosp",2022-06-21,"quantile",0.95,303.663670064517
2022-05-21,"40","31  day ahead inc hosp",2022-06-21,"quantile",0.975,344.783459062319
2022-05-21,"40","31  day ahead inc hosp",2022-06-21,"quantile",0.99,392.594100209624
2022-05-21,"40","32  day ahead inc hosp",2022-06-22,"quantile",0.01,0
2022-05-21,"40","32  day ahead inc hosp",2022-06-22,"quantile",0.025,0
2022-05-21,"40","32  day ahead inc hosp",2022-06-22,"quantile",0.05,0
2022-05-21,"40","32  day ahead inc hosp",2022-06-22,"quantile",0.1,0
2022-05-21,"40","32  day ahead inc hosp",2022-06-22,"quantile",0.15,0
2022-05-21,"40","32  day ahead inc hosp",2022-06-22,"quantile",0.2,0
2022-05-21,"40","32  day ahead inc hosp",2022-06-22,"quantile",0.25,0
2022-05-21,"40","32  day ahead inc hosp",2022-06-22,"quantile",0.3,17.0822223706918
2022-05-21,"40","32  day ahead inc hosp",2022-06-22,"quantile",0.35,35.7620140716702
2022-05-21,"40","32  day ahead inc hosp",2022-06-22,"quantile",0.4,53.4873096950855
2022-05-21,"40","32  day ahead inc hosp",2022-06-22,"quantile",0.45,70.6367383439149
2022-05-21,"40","32  day ahead inc hosp",2022-06-22,"quantile",0.5,87.5142692806385
2022-05-21,"40","32  day ahead inc hosp",2022-06-22,"quantile",0.55,104.391800217362
2022-05-21,"40","32  day ahead inc hosp",2022-06-22,"quantile",0.6,121.541228866192
2022-05-21,"40","32  day ahead inc hosp",2022-06-22,"quantile",0.65,139.266524489607
2022-05-21,"40","32  day ahead inc hosp",2022-06-22,"quantile",0.7,157.946316190585
2022-05-21,"40","32  day ahead inc hosp",2022-06-22,"quantile",0.75,178.104748456118
2022-05-21,"40","32  day ahead inc hosp",2022-06-22,"quantile",0.8,200.552118723813
2022-05-21,"40","32  day ahead inc hosp",2022-06-22,"quantile",0.85,226.71727030536
2022-05-21,"40","32  day ahead inc hosp",2022-06-22,"quantile",0.9,259.639005612097
2022-05-21,"40","32  day ahead inc hosp",2022-06-22,"quantile",0.95,308.433976653125
2022-05-21,"40","32  day ahead inc hosp",2022-06-22,"quantile",0.975,350.756337043046
2022-05-21,"40","32  day ahead inc hosp",2022-06-22,"quantile",0.99,399.965227322555
2022-05-21,"40","33  day ahead inc hosp",2022-06-23,"quantile",0.01,0
2022-05-21,"40","33  day ahead inc hosp",2022-06-23,"quantile",0.025,0
2022-05-21,"40","33  day ahead inc hosp",2022-06-23,"quantile",0.05,0
2022-05-21,"40","33  day ahead inc hosp",2022-06-23,"quantile",0.1,0
2022-05-21,"40","33  day ahead inc hosp",2022-06-23,"quantile",0.15,0
2022-05-21,"40","33  day ahead inc hosp",2022-06-23,"quantile",0.2,0
2022-05-21,"40","33  day ahead inc hosp",2022-06-23,"quantile",0.25,0
2022-05-21,"40","33  day ahead inc hosp",2022-06-23,"quantile",0.3,15.0515263703357
2022-05-21,"40","33  day ahead inc hosp",2022-06-23,"quantile",0.35,34.2566288042148
2022-05-21,"40","33  day ahead inc hosp",2022-06-23,"quantile",0.4,52.4803929429043
2022-05-21,"40","33  day ahead inc hosp",2022-06-23,"quantile",0.45,70.1120956489906
2022-05-21,"40","33  day ahead inc hosp",2022-06-23,"quantile",0.5,87.4642543699983
2022-05-21,"40","33  day ahead inc hosp",2022-06-23,"quantile",0.55,104.816413091006
2022-05-21,"40","33  day ahead inc hosp",2022-06-23,"quantile",0.6,122.448115797092
2022-05-21,"40","33  day ahead inc hosp",2022-06-23,"quantile",0.65,140.671879935782
2022-05-21,"40","33  day ahead inc hosp",2022-06-23,"quantile",0.7,159.876982369661
2022-05-21,"40","33  day ahead inc hosp",2022-06-23,"quantile",0.75,180.602307510503
2022-05-21,"40","33  day ahead inc hosp",2022-06-23,"quantile",0.8,203.680939877677
2022-05-21,"40","33  day ahead inc hosp",2022-06-23,"quantile",0.85,230.581904533255
2022-05-21,"40","33  day ahead inc hosp",2022-06-23,"quantile",0.9,264.429460704549
2022-05-21,"40","33  day ahead inc hosp",2022-06-23,"quantile",0.95,314.596637732119
2022-05-21,"40","33  day ahead inc hosp",2022-06-23,"quantile",0.975,358.109182172826
2022-05-21,"40","33  day ahead inc hosp",2022-06-23,"quantile",0.99,408.7019186232
2022-05-21,"40","34  day ahead inc hosp",2022-06-24,"quantile",0.01,0
2022-05-21,"40","34  day ahead inc hosp",2022-06-24,"quantile",0.025,0
2022-05-21,"40","34  day ahead inc hosp",2022-06-24,"quantile",0.05,0
2022-05-21,"40","34  day ahead inc hosp",2022-06-24,"quantile",0.1,0
2022-05-21,"40","34  day ahead inc hosp",2022-06-24,"quantile",0.15,0
2022-05-21,"40","34  day ahead inc hosp",2022-06-24,"quantile",0.2,0
2022-05-21,"40","34  day ahead inc hosp",2022-06-24,"quantile",0.25,0
2022-05-21,"40","34  day ahead inc hosp",2022-06-24,"quantile",0.3,14.4277852050526
2022-05-21,"40","34  day ahead inc hosp",2022-06-24,"quantile",0.35,34.1524355069034
2022-05-21,"40","34  day ahead inc hosp",2022-06-24,"quantile",0.4,52.8691997656014
2022-05-21,"40","34  day ahead inc hosp",2022-06-24,"quantile",0.45,70.9778857932397
2022-05-21,"40","34  day ahead inc hosp",2022-06-24,"quantile",0.5,88.7994654454424
2022-05-21,"40","34  day ahead inc hosp",2022-06-24,"quantile",0.55,106.621045097645
2022-05-21,"40","34  day ahead inc hosp",2022-06-24,"quantile",0.6,124.729731125283
2022-05-21,"40","34  day ahead inc hosp",2022-06-24,"quantile",0.65,143.446495383981
2022-05-21,"40","34  day ahead inc hosp",2022-06-24,"quantile",0.7,163.171145685832
2022-05-21,"40","34  day ahead inc hosp",2022-06-24,"quantile",0.75,184.45714466463
2022-05-21,"40","34  day ahead inc hosp",2022-06-24,"quantile",0.8,208.160113938278
2022-05-21,"40","34  day ahead inc hosp",2022-06-24,"quantile",0.85,235.788819509653
2022-05-21,"40","34  day ahead inc hosp",2022-06-24,"quantile",0.9,270.552039927227
2022-05-21,"40","34  day ahead inc hosp",2022-06-24,"quantile",0.95,322.076369303063
2022-05-21,"40","34  day ahead inc hosp",2022-06-24,"quantile",0.975,366.766041008362
2022-05-21,"40","34  day ahead inc hosp",2022-06-24,"quantile",0.99,418.727442293935
2022-05-21,"40","35  day ahead inc hosp",2022-06-25,"quantile",0.01,0
2022-05-21,"40","35  day ahead inc hosp",2022-06-25,"quantile",0.025,0
2022-05-21,"40","35  day ahead inc hosp",2022-06-25,"quantile",0.05,0
2022-05-21,"40","35  day ahead inc hosp",2022-06-25,"quantile",0.1,0
2022-05-21,"40","35  day ahead inc hosp",2022-06-25,"quantile",0.15,0
2022-05-21,"40","35  day ahead inc hosp",2022-06-25,"quantile",0.2,0
2022-05-21,"40","35  day ahead inc hosp",2022-06-25,"quantile",0.25,0
2022-05-21,"40","35  day ahead inc hosp",2022-06-25,"quantile",0.3,11.3510014658581
2022-05-21,"40","35  day ahead inc hosp",2022-06-25,"quantile",0.35,31.5892191447509
2022-05-21,"40","35  day ahead inc hosp",2022-06-25,"quantile",0.4,50.7933086223983
2022-05-21,"40","35  day ahead inc hosp",2022-06-25,"quantile",0.45,69.3734874391392
2022-05-21,"40","35  day ahead inc hosp",2022-06-25,"quantile",0.5,87.659084540405
2022-05-21,"40","35  day ahead inc hosp",2022-06-25,"quantile",0.55,105.944681641671
2022-05-21,"40","35  day ahead inc hosp",2022-06-25,"quantile",0.6,124.524860458412
2022-05-21,"40","35  day ahead inc hosp",2022-06-25,"quantile",0.65,143.728949936059
2022-05-21,"40","35  day ahead inc hosp",2022-06-25,"quantile",0.7,163.967167614952
2022-05-21,"40","35  day ahead inc hosp",2022-06-25,"quantile",0.75,185.807386541681
2022-05-21,"40","35  day ahead inc hosp",2022-06-25,"quantile",0.8,210.127506009208
2022-05-21,"40","35  day ahead inc hosp",2022-06-25,"quantile",0.85,238.475575505124
2022-05-21,"40","35  day ahead inc hosp",2022-06-25,"quantile",0.9,274.143920001157
2022-05-21,"40","35  day ahead inc hosp",2022-06-25,"quantile",0.95,327.009779608782
2022-05-21,"40","35  day ahead inc hosp",2022-06-25,"quantile",0.975,372.863028722417
2022-05-21,"40","35  day ahead inc hosp",2022-06-25,"quantile",0.99,426.177340207019
2022-05-21,"40","36  day ahead inc hosp",2022-06-26,"quantile",0.01,0
2022-05-21,"40","36  day ahead inc hosp",2022-06-26,"quantile",0.025,0
2022-05-21,"40","36  day ahead inc hosp",2022-06-26,"quantile",0.05,0
2022-05-21,"40","36  day ahead inc hosp",2022-06-26,"quantile",0.1,0
2022-05-21,"40","36  day ahead inc hosp",2022-06-26,"quantile",0.15,0
2022-05-21,"40","36  day ahead inc hosp",2022-06-26,"quantile",0.2,0
2022-05-21,"40","36  day ahead inc hosp",2022-06-26,"quantile",0.25,0
2022-05-21,"40","36  day ahead inc hosp",2022-06-26,"quantile",0.3,19.4337199181576
2022-05-21,"40","36  day ahead inc hosp",2022-06-26,"quantile",0.35,40.1793717208086
2022-05-21,"40","36  day ahead inc hosp",2022-06-26,"quantile",0.4,59.8649665598115
2022-05-21,"40","36  day ahead inc hosp",2022-06-26,"quantile",0.45,78.9110073860798
2022-05-21,"40","36  day ahead inc hosp",2022-06-26,"quantile",0.5,97.6550804307165
2022-05-21,"40","36  day ahead inc hosp",2022-06-26,"quantile",0.55,116.399153475353
2022-05-21,"40","36  day ahead inc hosp",2022-06-26,"quantile",0.6,135.445194301622
2022-05-21,"40","36  day ahead inc hosp",2022-06-26,"quantile",0.65,155.130789140624
2022-05-21,"40","36  day ahead inc hosp",2022-06-26,"quantile",0.7,175.876440943275
2022-05-21,"40","36  day ahead inc hosp",2022-06-26,"quantile",0.75,198.264261073313
2022-05-21,"40","36  day ahead inc hosp",2022-06-26,"quantile",0.8,223.19416044871
2022-05-21,"40","36  day ahead inc hosp",2022-06-26,"quantile",0.85,252.253002900681
2022-05-21,"40","36  day ahead inc hosp",2022-06-26,"quantile",0.9,288.815662075132
2022-05-21,"40","36  day ahead inc hosp",2022-06-26,"quantile",0.95,343.007030755361
2022-05-21,"40","36  day ahead inc hosp",2022-06-26,"quantile",0.975,390.009961311039
2022-05-21,"40","36  day ahead inc hosp",2022-06-26,"quantile",0.99,444.661025930784
2022-05-21,"40","37  day ahead inc hosp",2022-06-27,"quantile",0.01,0
2022-05-21,"40","37  day ahead inc hosp",2022-06-27,"quantile",0.025,0
2022-05-21,"40","37  day ahead inc hosp",2022-06-27,"quantile",0.05,0
2022-05-21,"40","37  day ahead inc hosp",2022-06-27,"quantile",0.1,0
2022-05-21,"40","37  day ahead inc hosp",2022-06-27,"quantile",0.15,0
2022-05-21,"40","37  day ahead inc hosp",2022-06-27,"quantile",0.2,0
2022-05-21,"40","37  day ahead inc hosp",2022-06-27,"quantile",0.25,0
2022-05-21,"40","37  day ahead inc hosp",2022-06-27,"quantile",0.3,16.645518466788
2022-05-21,"40","37  day ahead inc hosp",2022-06-27,"quantile",0.35,37.8923723125929
2022-05-21,"40","37  day ahead inc hosp",2022-06-27,"quantile",0.4,58.0535588778942
2022-05-21,"40","37  day ahead inc hosp",2022-06-27,"quantile",0.45,77.5597402033344
2022-05-21,"40","37  day ahead inc hosp",2022-06-27,"quantile",0.5,96.7566583933715
2022-05-21,"40","37  day ahead inc hosp",2022-06-27,"quantile",0.55,115.953576583409
2022-05-21,"40","37  day ahead inc hosp",2022-06-27,"quantile",0.6,135.459757908849
2022-05-21,"40","37  day ahead inc hosp",2022-06-27,"quantile",0.65,155.62094447415
2022-05-21,"40","37  day ahead inc hosp",2022-06-27,"quantile",0.7,176.867798319955
2022-05-21,"40","37  day ahead inc hosp",2022-06-27,"quantile",0.75,199.79649425846
2022-05-21,"40","37  day ahead inc hosp",2022-06-27,"quantile",0.8,225.328684495644
2022-05-21,"40","37  day ahead inc hosp",2022-06-27,"quantile",0.85,255.08957050581
2022-05-21,"40","37  day ahead inc hosp",2022-06-27,"quantile",0.9,292.53556078288
2022-05-21,"40","37  day ahead inc hosp",2022-06-27,"quantile",0.95,348.036159221818
2022-05-21,"40","37  day ahead inc hosp",2022-06-27,"quantile",0.975,396.174651342532
2022-05-21,"40","37  day ahead inc hosp",2022-06-27,"quantile",0.99,452.14605168894
2022-05-21,"41","1  day ahead inc hosp",2022-05-22,"quantile",0.01,25.9355972717359
2022-05-21,"41","1  day ahead inc hosp",2022-05-22,"quantile",0.025,29.4717458706269
2022-05-21,"41","1  day ahead inc hosp",2022-05-22,"quantile",0.05,32.5130287474508
2022-05-21,"41","1  day ahead inc hosp",2022-05-22,"quantile",0.1,36.0194331288457
2022-05-21,"41","1  day ahead inc hosp",2022-05-22,"quantile",0.15,38.3851875182808
2022-05-21,"41","1  day ahead inc hosp",2022-05-22,"quantile",0.2,40.2654141110635
2022-05-21,"41","1  day ahead inc hosp",2022-05-22,"quantile",0.25,41.8784811091206
2022-05-21,"41","1  day ahead inc hosp",2022-05-22,"quantile",0.3,43.3270651273074
2022-05-21,"41","1  day ahead inc hosp",2022-05-22,"quantile",0.35,44.669394102332
2022-05-21,"41","1  day ahead inc hosp",2022-05-22,"quantile",0.4,45.9431330329936
2022-05-21,"41","1  day ahead inc hosp",2022-05-22,"quantile",0.45,47.1754901892693
2022-05-21,"41","1  day ahead inc hosp",2022-05-22,"quantile",0.5,48.3883087884216
2022-05-21,"41","1  day ahead inc hosp",2022-05-22,"quantile",0.55,49.6011273875739
2022-05-21,"41","1  day ahead inc hosp",2022-05-22,"quantile",0.6,50.8334845438496
2022-05-21,"41","1  day ahead inc hosp",2022-05-22,"quantile",0.65,52.1072234745113
2022-05-21,"41","1  day ahead inc hosp",2022-05-22,"quantile",0.7,53.4495524495358
2022-05-21,"41","1  day ahead inc hosp",2022-05-22,"quantile",0.75,54.8981364677226
2022-05-21,"41","1  day ahead inc hosp",2022-05-22,"quantile",0.8,56.5112034657798
2022-05-21,"41","1  day ahead inc hosp",2022-05-22,"quantile",0.85,58.3914300585624
2022-05-21,"41","1  day ahead inc hosp",2022-05-22,"quantile",0.9,60.7571844479975
2022-05-21,"41","1  day ahead inc hosp",2022-05-22,"quantile",0.95,64.2635888293924
2022-05-21,"41","1  day ahead inc hosp",2022-05-22,"quantile",0.975,67.3048717062164
2022-05-21,"41","1  day ahead inc hosp",2022-05-22,"quantile",0.99,70.8410203051073
2022-05-21,"41","2  day ahead inc hosp",2022-05-23,"quantile",0.01,24.3222825447896
2022-05-21,"41","2  day ahead inc hosp",2022-05-23,"quantile",0.025,28.1616500869504
2022-05-21,"41","2  day ahead inc hosp",2022-05-23,"quantile",0.05,31.463717982929
2022-05-21,"41","2  day ahead inc hosp",2022-05-23,"quantile",0.1,35.2707907897224
2022-05-21,"41","2  day ahead inc hosp",2022-05-23,"quantile",0.15,37.8394047383473
2022-05-21,"41","2  day ahead inc hosp",2022-05-23,"quantile",0.2,39.8808576779951
2022-05-21,"41","2  day ahead inc hosp",2022-05-23,"quantile",0.25,41.6322425257965
2022-05-21,"41","2  day ahead inc hosp",2022-05-23,"quantile",0.3,43.2050402479464
2022-05-21,"41","2  day ahead inc hosp",2022-05-23,"quantile",0.35,44.6624717312352
2022-05-21,"41","2  day ahead inc hosp",2022-05-23,"quantile",0.4,46.0454316863408
2022-05-21,"41","2  day ahead inc hosp",2022-05-23,"quantile",0.45,47.3834614477707
2022-05-21,"41","2  day ahead inc hosp",2022-05-23,"quantile",0.5,48.7002772528459
2022-05-21,"41","2  day ahead inc hosp",2022-05-23,"quantile",0.55,50.0170930579212
2022-05-21,"41","2  day ahead inc hosp",2022-05-23,"quantile",0.6,51.355122819351
2022-05-21,"41","2  day ahead inc hosp",2022-05-23,"quantile",0.65,52.7380827744567
2022-05-21,"41","2  day ahead inc hosp",2022-05-23,"quantile",0.7,54.1955142577455
2022-05-21,"41","2  day ahead inc hosp",2022-05-23,"quantile",0.75,55.7683119798954
2022-05-21,"41","2  day ahead inc hosp",2022-05-23,"quantile",0.8,57.5196968276967
2022-05-21,"41","2  day ahead inc hosp",2022-05-23,"quantile",0.85,59.5611497673446
2022-05-21,"41","2  day ahead inc hosp",2022-05-23,"quantile",0.9,62.1297637159694
2022-05-21,"41","2  day ahead inc hosp",2022-05-23,"quantile",0.95,65.9368365227629
2022-05-21,"41","2  day ahead inc hosp",2022-05-23,"quantile",0.975,69.2389044187414
2022-05-21,"41","2  day ahead inc hosp",2022-05-23,"quantile",0.99,73.0782719609023
2022-05-21,"41","3  day ahead inc hosp",2022-05-24,"quantile",0.01,24.6598272591673
2022-05-21,"41","3  day ahead inc hosp",2022-05-24,"quantile",0.025,28.6491882408266
2022-05-21,"41","3  day ahead inc hosp",2022-05-24,"quantile",0.05,32.080258769592
2022-05-21,"41","3  day ahead inc hosp",2022-05-24,"quantile",0.1,36.0360633501585
2022-05-21,"41","3  day ahead inc hosp",2022-05-24,"quantile",0.15,38.7050259204423
2022-05-21,"41","3  day ahead inc hosp",2022-05-24,"quantile",0.2,40.8262327634686
2022-05-21,"41","3  day ahead inc hosp",2022-05-24,"quantile",0.25,42.6460393589465
2022-05-21,"41","3  day ahead inc hosp",2022-05-24,"quantile",0.3,44.2802819251729
2022-05-21,"41","3  day ahead inc hosp",2022-05-24,"quantile",0.35,45.794651213611
2022-05-21,"41","3  day ahead inc hosp",2022-05-24,"quantile",0.4,47.2316395778431
2022-05-21,"41","3  day ahead inc hosp",2022-05-24,"quantile",0.45,48.6219424503686
2022-05-21,"41","3  day ahead inc hosp",2022-05-24,"quantile",0.5,49.990202596112
2022-05-21,"41","3  day ahead inc hosp",2022-05-24,"quantile",0.55,51.3584627418554
2022-05-21,"41","3  day ahead inc hosp",2022-05-24,"quantile",0.6,52.7487656143809
2022-05-21,"41","3  day ahead inc hosp",2022-05-24,"quantile",0.65,54.185753978613
2022-05-21,"41","3  day ahead inc hosp",2022-05-24,"quantile",0.7,55.7001232670511
2022-05-21,"41","3  day ahead inc hosp",2022-05-24,"quantile",0.75,57.3343658332775
2022-05-21,"41","3  day ahead inc hosp",2022-05-24,"quantile",0.8,59.1541724287554
2022-05-21,"41","3  day ahead inc hosp",2022-05-24,"quantile",0.85,61.2753792717817
2022-05-21,"41","3  day ahead inc hosp",2022-05-24,"quantile",0.9,63.9443418420655
2022-05-21,"41","3  day ahead inc hosp",2022-05-24,"quantile",0.95,67.900146422632
2022-05-21,"41","3  day ahead inc hosp",2022-05-24,"quantile",0.975,71.3312169513974
2022-05-21,"41","3  day ahead inc hosp",2022-05-24,"quantile",0.99,75.3205779330567
2022-05-21,"41","4  day ahead inc hosp",2022-05-25,"quantile",0.01,27.6912528181569
2022-05-21,"41","4  day ahead inc hosp",2022-05-25,"quantile",0.025,31.7912859910202
2022-05-21,"41","4  day ahead inc hosp",2022-05-25,"quantile",0.05,35.3175407097698
2022-05-21,"41","4  day ahead inc hosp",2022-05-25,"quantile",0.1,39.3830865654223
2022-05-21,"41","4  day ahead inc hosp",2022-05-25,"quantile",0.15,42.1260910530088
2022-05-21,"41","4  day ahead inc hosp",2022-05-25,"quantile",0.2,44.3061440647307
2022-05-21,"41","4  day ahead inc hosp",2022-05-25,"quantile",0.25,46.1764354331872
2022-05-21,"41","4  day ahead inc hosp",2022-05-25,"quantile",0.3,47.856014885846
2022-05-21,"41","4  day ahead inc hosp",2022-05-25,"quantile",0.35,49.4123955561103
2022-05-21,"41","4  day ahead inc hosp",2022-05-25,"quantile",0.4,50.8892486133936
2022-05-21,"41","4  day ahead inc hosp",2022-05-25,"quantile",0.45,52.3181210377964
2022-05-21,"41","4  day ahead inc hosp",2022-05-25,"quantile",0.5,53.7243392297439
2022-05-21,"41","4  day ahead inc hosp",2022-05-25,"quantile",0.55,55.1305574216913
2022-05-21,"41","4  day ahead inc hosp",2022-05-25,"quantile",0.6,56.5594298460941
2022-05-21,"41","4  day ahead inc hosp",2022-05-25,"quantile",0.65,58.0362829033774
2022-05-21,"41","4  day ahead inc hosp",2022-05-25,"quantile",0.7,59.5926635736417
2022-05-21,"41","4  day ahead inc hosp",2022-05-25,"quantile",0.75,61.2722430263005
2022-05-21,"41","4  day ahead inc hosp",2022-05-25,"quantile",0.8,63.142534394757
2022-05-21,"41","4  day ahead inc hosp",2022-05-25,"quantile",0.85,65.322587406479
2022-05-21,"41","4  day ahead inc hosp",2022-05-25,"quantile",0.9,68.0655918940655
2022-05-21,"41","4  day ahead inc hosp",2022-05-25,"quantile",0.95,72.131137749718
2022-05-21,"41","4  day ahead inc hosp",2022-05-25,"quantile",0.975,75.6573924684675
2022-05-21,"41","4  day ahead inc hosp",2022-05-25,"quantile",0.99,79.7574256413308
2022-05-21,"41","5  day ahead inc hosp",2022-05-26,"quantile",0.01,26.1117502603474
2022-05-21,"41","5  day ahead inc hosp",2022-05-26,"quantile",0.025,30.3703503437676
2022-05-21,"41","5  day ahead inc hosp",2022-05-26,"quantile",0.05,34.0329813533946
2022-05-21,"41","5  day ahead inc hosp",2022-05-26,"quantile",0.1,38.2557603383606
2022-05-21,"41","5  day ahead inc hosp",2022-05-26,"quantile",0.15,41.104849271829
2022-05-21,"41","5  day ahead inc hosp",2022-05-26,"quantile",0.2,43.3692148381925
2022-05-21,"41","5  day ahead inc hosp",2022-05-26,"quantile",0.25,45.3118388711992
2022-05-21,"41","5  day ahead inc hosp",2022-05-26,"quantile",0.3,47.0563752921591
2022-05-21,"41","5  day ahead inc hosp",2022-05-26,"quantile",0.35,48.6729482740778
2022-05-21,"41","5  day ahead inc hosp",2022-05-26,"quantile",0.4,50.2069179489022
2022-05-21,"41","5  day ahead inc hosp",2022-05-26,"quantile",0.45,51.6910513617811
2022-05-21,"41","5  day ahead inc hosp",2022-05-26,"quantile",0.5,53.1516544001103
2022-05-21,"41","5  day ahead inc hosp",2022-05-26,"quantile",0.55,54.6122574384395
2022-05-21,"41","5  day ahead inc hosp",2022-05-26,"quantile",0.6,56.0963908513185
2022-05-21,"41","5  day ahead inc hosp",2022-05-26,"quantile",0.65,57.6303605261428
2022-05-21,"41","5  day ahead inc hosp",2022-05-26,"quantile",0.7,59.2469335080616
2022-05-21,"41","5  day ahead inc hosp",2022-05-26,"quantile",0.75,60.9914699290214
2022-05-21,"41","5  day ahead inc hosp",2022-05-26,"quantile",0.8,62.9340939620282
2022-05-21,"41","5  day ahead inc hosp",2022-05-26,"quantile",0.85,65.1984595283917
2022-05-21,"41","5  day ahead inc hosp",2022-05-26,"quantile",0.9,68.0475484618601
2022-05-21,"41","5  day ahead inc hosp",2022-05-26,"quantile",0.95,72.2703274468261
2022-05-21,"41","5  day ahead inc hosp",2022-05-26,"quantile",0.975,75.932958456453
2022-05-21,"41","5  day ahead inc hosp",2022-05-26,"quantile",0.99,80.1915585398732
2022-05-21,"41","6  day ahead inc hosp",2022-05-27,"quantile",0.01,22.5332025186393
2022-05-21,"41","6  day ahead inc hosp",2022-05-27,"quantile",0.025,26.9613203925781
2022-05-21,"41","6  day ahead inc hosp",2022-05-27,"quantile",0.05,30.7697460539861
2022-05-21,"41","6  day ahead inc hosp",2022-05-27,"quantile",0.1,35.1606169351991
2022-05-21,"41","6  day ahead inc hosp",2022-05-27,"quantile",0.15,38.1231166730473
2022-05-21,"41","6  day ahead inc hosp",2022-05-27,"quantile",0.2,40.4776175515362
2022-05-21,"41","6  day ahead inc hosp",2022-05-27,"quantile",0.25,42.4975696565462
2022-05-21,"41","6  day ahead inc hosp",2022-05-27,"quantile",0.3,44.3115490760894
2022-05-21,"41","6  day ahead inc hosp",2022-05-27,"quantile",0.35,45.9924713452714
2022-05-21,"41","6  day ahead inc hosp",2022-05-27,"quantile",0.4,47.5875022009779
2022-05-21,"41","6  day ahead inc hosp",2022-05-27,"quantile",0.45,49.1307130130157
2022-05-21,"41","6  day ahead inc hosp",2022-05-27,"quantile",0.5,50.6494568006597
2022-05-21,"41","6  day ahead inc hosp",2022-05-27,"quantile",0.55,52.1682005883038
2022-05-21,"41","6  day ahead inc hosp",2022-05-27,"quantile",0.6,53.7114114003416
2022-05-21,"41","6  day ahead inc hosp",2022-05-27,"quantile",0.65,55.3064422560481
2022-05-21,"41","6  day ahead inc hosp",2022-05-27,"quantile",0.7,56.9873645252301
2022-05-21,"41","6  day ahead inc hosp",2022-05-27,"quantile",0.75,58.8013439447733
2022-05-21,"41","6  day ahead inc hosp",2022-05-27,"quantile",0.8,60.8212960497833
2022-05-21,"41","6  day ahead inc hosp",2022-05-27,"quantile",0.85,63.1757969282722
2022-05-21,"41","6  day ahead inc hosp",2022-05-27,"quantile",0.9,66.1382966661204
2022-05-21,"41","6  day ahead inc hosp",2022-05-27,"quantile",0.95,70.5291675473334
2022-05-21,"41","6  day ahead inc hosp",2022-05-27,"quantile",0.975,74.3375932087414
2022-05-21,"41","6  day ahead inc hosp",2022-05-27,"quantile",0.99,78.7657110826802
2022-05-21,"41","7  day ahead inc hosp",2022-05-28,"quantile",0.01,24.9333137936381
2022-05-21,"41","7  day ahead inc hosp",2022-05-28,"quantile",0.025,29.5920323033254
2022-05-21,"41","7  day ahead inc hosp",2022-05-28,"quantile",0.05,33.5987872332224
2022-05-21,"41","7  day ahead inc hosp",2022-05-28,"quantile",0.1,38.2183190592256
2022-05-21,"41","7  day ahead inc hosp",2022-05-28,"quantile",0.15,41.3350952509535
2022-05-21,"41","7  day ahead inc hosp",2022-05-28,"quantile",0.2,43.8122101643228
2022-05-21,"41","7  day ahead inc hosp",2022-05-28,"quantile",0.25,45.9373541934996
2022-05-21,"41","7  day ahead inc hosp",2022-05-28,"quantile",0.3,47.8457992120377
2022-05-21,"41","7  day ahead inc hosp",2022-05-28,"quantile",0.35,49.6142579368768
2022-05-21,"41","7  day ahead inc hosp",2022-05-28,"quantile",0.4,51.2923523287935
2022-05-21,"41","7  day ahead inc hosp",2022-05-28,"quantile",0.45,52.915928073401
2022-05-21,"41","7  day ahead inc hosp",2022-05-28,"quantile",0.5,54.513762637971
2022-05-21,"41","7  day ahead inc hosp",2022-05-28,"quantile",0.55,56.1115972025411
2022-05-21,"41","7  day ahead inc hosp",2022-05-28,"quantile",0.6,57.7351729471486
2022-05-21,"41","7  day ahead inc hosp",2022-05-28,"quantile",0.65,59.4132673390652
2022-05-21,"41","7  day ahead inc hosp",2022-05-28,"quantile",0.7,61.1817260639044
2022-05-21,"41","7  day ahead inc hosp",2022-05-28,"quantile",0.75,63.0901710824425
2022-05-21,"41","7  day ahead inc hosp",2022-05-28,"quantile",0.8,65.2153151116192
2022-05-21,"41","7  day ahead inc hosp",2022-05-28,"quantile",0.85,67.6924300249886
2022-05-21,"41","7  day ahead inc hosp",2022-05-28,"quantile",0.9,70.8092062167164
2022-05-21,"41","7  day ahead inc hosp",2022-05-28,"quantile",0.95,75.4287380427197
2022-05-21,"41","7  day ahead inc hosp",2022-05-28,"quantile",0.975,79.4354929726167
2022-05-21,"41","7  day ahead inc hosp",2022-05-28,"quantile",0.99,84.094211482304
2022-05-21,"41","8  day ahead inc hosp",2022-05-29,"quantile",0.01,22.8485736060661
2022-05-21,"41","8  day ahead inc hosp",2022-05-29,"quantile",0.025,27.7454628926947
2022-05-21,"41","8  day ahead inc hosp",2022-05-29,"quantile",0.05,31.9570578301352
2022-05-21,"41","8  day ahead inc hosp",2022-05-29,"quantile",0.1,36.8127570660854
2022-05-21,"41","8  day ahead inc hosp",2022-05-29,"quantile",0.15,40.0888742880971
2022-05-21,"41","8  day ahead inc hosp",2022-05-29,"quantile",0.2,42.6926284011227
2022-05-21,"41","8  day ahead inc hosp",2022-05-29,"quantile",0.25,44.9264175874362
2022-05-21,"41","8  day ahead inc hosp",2022-05-29,"quantile",0.3,46.932429314903
2022-05-21,"41","8  day ahead inc hosp",2022-05-29,"quantile",0.35,48.7912981359108
2022-05-21,"41","8  day ahead inc hosp",2022-05-29,"quantile",0.4,50.555182867869
2022-05-21,"41","8  day ahead inc hosp",2022-05-29,"quantile",0.45,52.2617617593102
2022-05-21,"41","8  day ahead inc hosp",2022-05-29,"quantile",0.5,53.9412834871798
2022-05-21,"41","8  day ahead inc hosp",2022-05-29,"quantile",0.55,55.6208052150494
2022-05-21,"41","8  day ahead inc hosp",2022-05-29,"quantile",0.6,57.3273841064905
2022-05-21,"41","8  day ahead inc hosp",2022-05-29,"quantile",0.65,59.0912688384487
2022-05-21,"41","8  day ahead inc hosp",2022-05-29,"quantile",0.7,60.9501376594566
2022-05-21,"41","8  day ahead inc hosp",2022-05-29,"quantile",0.75,62.9561493869233
2022-05-21,"41","8  day ahead inc hosp",2022-05-29,"quantile",0.8,65.1899385732369
2022-05-21,"41","8  day ahead inc hosp",2022-05-29,"quantile",0.85,67.7936926862624
2022-05-21,"41","8  day ahead inc hosp",2022-05-29,"quantile",0.9,71.0698099082742
2022-05-21,"41","8  day ahead inc hosp",2022-05-29,"quantile",0.95,75.9255091442243
2022-05-21,"41","8  day ahead inc hosp",2022-05-29,"quantile",0.975,80.1371040816648
2022-05-21,"41","8  day ahead inc hosp",2022-05-29,"quantile",0.99,85.0339933682935
2022-05-21,"41","9  day ahead inc hosp",2022-05-30,"quantile",0.01,20.0385745118815
2022-05-21,"41","9  day ahead inc hosp",2022-05-30,"quantile",0.025,25.2250106410932
2022-05-21,"41","9  day ahead inc hosp",2022-05-30,"quantile",0.05,29.685631836837
2022-05-21,"41","9  day ahead inc hosp",2022-05-30,"quantile",0.1,34.8284424000008
2022-05-21,"41","9  day ahead inc hosp",2022-05-30,"quantile",0.15,38.2982722714195
2022-05-21,"41","9  day ahead inc hosp",2022-05-30,"quantile",0.2,41.0559830573777
2022-05-21,"41","9  day ahead inc hosp",2022-05-30,"quantile",0.25,43.4218533605055
2022-05-21,"41","9  day ahead inc hosp",2022-05-30,"quantile",0.3,45.5464780130098
2022-05-21,"41","9  day ahead inc hosp",2022-05-30,"quantile",0.35,47.5152593859246
2022-05-21,"41","9  day ahead inc hosp",2022-05-30,"quantile",0.4,49.3834403812705
2022-05-21,"41","9  day ahead inc hosp",2022-05-30,"quantile",0.45,51.1909271145502
2022-05-21,"41","9  day ahead inc hosp",2022-05-30,"quantile",0.5,52.9697568285493
2022-05-21,"41","9  day ahead inc hosp",2022-05-30,"quantile",0.55,54.7485865425483
2022-05-21,"41","9  day ahead inc hosp",2022-05-30,"quantile",0.6,56.556073275828
2022-05-21,"41","9  day ahead inc hosp",2022-05-30,"quantile",0.65,58.4242542711739
2022-05-21,"41","9  day ahead inc hosp",2022-05-30,"quantile",0.7,60.3930356440887
2022-05-21,"41","9  day ahead inc hosp",2022-05-30,"quantile",0.75,62.517660296593
2022-05-21,"41","9  day ahead inc hosp",2022-05-30,"quantile",0.8,64.8835305997208
2022-05-21,"41","9  day ahead inc hosp",2022-05-30,"quantile",0.85,67.641241385679
2022-05-21,"41","9  day ahead inc hosp",2022-05-30,"quantile",0.9,71.1110712570977
2022-05-21,"41","9  day ahead inc hosp",2022-05-30,"quantile",0.95,76.2538818202615
2022-05-21,"41","9  day ahead inc hosp",2022-05-30,"quantile",0.975,80.7145030160053
2022-05-21,"41","9  day ahead inc hosp",2022-05-30,"quantile",0.99,85.900939145217
2022-05-21,"41","10  day ahead inc hosp",2022-05-31,"quantile",0.01,20.9578667729532
2022-05-21,"41","10  day ahead inc hosp",2022-05-31,"quantile",0.025,26.4317035229255
2022-05-21,"41","10  day ahead inc hosp",2022-05-31,"quantile",0.05,31.1395051078028
2022-05-21,"41","10  day ahead inc hosp",2022-05-31,"quantile",0.1,36.5672988292441
2022-05-21,"41","10  day ahead inc hosp",2022-05-31,"quantile",0.15,40.2294054845921
2022-05-21,"41","10  day ahead inc hosp",2022-05-31,"quantile",0.2,43.1399317631193
2022-05-21,"41","10  day ahead inc hosp",2022-05-31,"quantile",0.25,45.6369041519217
2022-05-21,"41","10  day ahead inc hosp",2022-05-31,"quantile",0.3,47.8792625292422
2022-05-21,"41","10  day ahead inc hosp",2022-05-31,"quantile",0.35,49.9571417440316
2022-05-21,"41","10  day ahead inc hosp",2022-05-31,"quantile",0.4,51.9288459226153
2022-05-21,"41","10  day ahead inc hosp",2022-05-31,"quantile",0.45,53.8364925337416
2022-05-21,"41","10  day ahead inc hosp",2022-05-31,"quantile",0.5,55.7138941285649
2022-05-21,"41","10  day ahead inc hosp",2022-05-31,"quantile",0.55,57.5912957233882
2022-05-21,"41","10  day ahead inc hosp",2022-05-31,"quantile",0.6,59.4989423345145
2022-05-21,"41","10  day ahead inc hosp",2022-05-31,"quantile",0.65,61.4706465130982
2022-05-21,"41","10  day ahead inc hosp",2022-05-31,"quantile",0.7,63.5485257278876
2022-05-21,"41","10  day ahead inc hosp",2022-05-31,"quantile",0.75,65.7908841052081
2022-05-21,"41","10  day ahead inc hosp",2022-05-31,"quantile",0.8,68.2878564940105
2022-05-21,"41","10  day ahead inc hosp",2022-05-31,"quantile",0.85,71.1983827725377
2022-05-21,"41","10  day ahead inc hosp",2022-05-31,"quantile",0.9,74.8604894278857
2022-05-21,"41","10  day ahead inc hosp",2022-05-31,"quantile",0.95,80.288283149327
2022-05-21,"41","10  day ahead inc hosp",2022-05-31,"quantile",0.975,84.9960847342043
2022-05-21,"41","10  day ahead inc hosp",2022-05-31,"quantile",0.99,90.4699214841766
2022-05-21,"41","11  day ahead inc hosp",2022-06-01,"quantile",0.01,19.606186303732
2022-05-21,"41","11  day ahead inc hosp",2022-06-01,"quantile",0.025,25.4056831877159
2022-05-21,"41","11  day ahead inc hosp",2022-06-01,"quantile",0.05,30.3935704538182
2022-05-21,"41","11  day ahead inc hosp",2022-06-01,"quantile",0.1,36.1442850279358
2022-05-21,"41","11  day ahead inc hosp",2022-06-01,"quantile",0.15,40.0242648495142
2022-05-21,"41","11  day ahead inc hosp",2022-06-01,"quantile",0.2,43.1079498138414
2022-05-21,"41","11  day ahead inc hosp",2022-06-01,"quantile",0.25,45.7534769367185
2022-05-21,"41","11  day ahead inc hosp",2022-06-01,"quantile",0.3,48.1292420565152
2022-05-21,"41","11  day ahead inc hosp",2022-06-01,"quantile",0.35,50.3307424997878
2022-05-21,"41","11  day ahead inc hosp",2022-06-01,"quantile",0.4,52.4197511352558
2022-05-21,"41","11  day ahead inc hosp",2022-06-01,"quantile",0.45,54.440891165971
2022-05-21,"41","11  day ahead inc hosp",2022-06-01,"quantile",0.5,56.4299867850939
2022-05-21,"41","11  day ahead inc hosp",2022-06-01,"quantile",0.55,58.4190824042168
2022-05-21,"41","11  day ahead inc hosp",2022-06-01,"quantile",0.6,60.440222434932
2022-05-21,"41","11  day ahead inc hosp",2022-06-01,"quantile",0.65,62.5292310704
2022-05-21,"41","11  day ahead inc hosp",2022-06-01,"quantile",0.7,64.7307315136726
2022-05-21,"41","11  day ahead inc hosp",2022-06-01,"quantile",0.75,67.1064966334693
2022-05-21,"41","11  day ahead inc hosp",2022-06-01,"quantile",0.8,69.7520237563464
2022-05-21,"41","11  day ahead inc hosp",2022-06-01,"quantile",0.85,72.8357087206736
2022-05-21,"41","11  day ahead inc hosp",2022-06-01,"quantile",0.9,76.715688542252
2022-05-21,"41","11  day ahead inc hosp",2022-06-01,"quantile",0.95,82.4664031163696
2022-05-21,"41","11  day ahead inc hosp",2022-06-01,"quantile",0.975,87.4542903824719
2022-05-21,"41","11  day ahead inc hosp",2022-06-01,"quantile",0.99,93.2537872664558
2022-05-21,"41","12  day ahead inc hosp",2022-06-02,"quantile",0.01,15.9433133501297
2022-05-21,"41","12  day ahead inc hosp",2022-06-02,"quantile",0.025,22.0590475824335
2022-05-21,"41","12  day ahead inc hosp",2022-06-02,"quantile",0.05,27.3189164142311
2022-05-21,"41","12  day ahead inc hosp",2022-06-02,"quantile",0.1,33.3832083148382
2022-05-21,"41","12  day ahead inc hosp",2022-06-02,"quantile",0.15,37.4747572698874
2022-05-21,"41","12  day ahead inc hosp",2022-06-02,"quantile",0.2,40.7265906746191
2022-05-21,"41","12  day ahead inc hosp",2022-06-02,"quantile",0.25,43.5163741871423
2022-05-21,"41","12  day ahead inc hosp",2022-06-02,"quantile",0.3,46.0216860032723
2022-05-21,"41","12  day ahead inc hosp",2022-06-02,"quantile",0.35,48.3432307670149
2022-05-21,"41","12  day ahead inc hosp",2022-06-02,"quantile",0.4,50.5461497234492
2022-05-21,"41","12  day ahead inc hosp",2022-06-02,"quantile",0.45,52.6774993079728
2022-05-21,"41","12  day ahead inc hosp",2022-06-02,"quantile",0.5,54.7750571500659
2022-05-21,"41","12  day ahead inc hosp",2022-06-02,"quantile",0.55,56.8726149921591
2022-05-21,"41","12  day ahead inc hosp",2022-06-02,"quantile",0.6,59.0039645766827
2022-05-21,"41","12  day ahead inc hosp",2022-06-02,"quantile",0.65,61.206883533117
2022-05-21,"41","12  day ahead inc hosp",2022-06-02,"quantile",0.7,63.5284282968596
2022-05-21,"41","12  day ahead inc hosp",2022-06-02,"quantile",0.75,66.0337401129896
2022-05-21,"41","12  day ahead inc hosp",2022-06-02,"quantile",0.8,68.8235236255127
2022-05-21,"41","12  day ahead inc hosp",2022-06-02,"quantile",0.85,72.0753570302445
2022-05-21,"41","12  day ahead inc hosp",2022-06-02,"quantile",0.9,76.1669059852937
2022-05-21,"41","12  day ahead inc hosp",2022-06-02,"quantile",0.95,82.2311978859007
2022-05-21,"41","12  day ahead inc hosp",2022-06-02,"quantile",0.975,87.4910667176984
2022-05-21,"41","12  day ahead inc hosp",2022-06-02,"quantile",0.99,93.6068009500022
2022-05-21,"41","13  day ahead inc hosp",2022-06-03,"quantile",0.01,16.4957579801847
2022-05-21,"41","13  day ahead inc hosp",2022-06-03,"quantile",0.025,22.954955489271
2022-05-21,"41","13  day ahead inc hosp",2022-06-03,"quantile",0.05,28.5102216872381
2022-05-21,"41","13  day ahead inc hosp",2022-06-03,"quantile",0.1,34.9150878326425
2022-05-21,"41","13  day ahead inc hosp",2022-06-03,"quantile",0.15,39.2364206137766
2022-05-21,"41","13  day ahead inc hosp",2022-06-03,"quantile",0.2,42.6708789191851
2022-05-21,"41","13  day ahead inc hosp",2022-06-03,"quantile",0.25,45.6173383352594
2022-05-21,"41","13  day ahead inc hosp",2022-06-03,"quantile",0.3,48.2633499550507
2022-05-21,"41","13  day ahead inc hosp",2022-06-03,"quantile",0.35,50.7152740553479
2022-05-21,"41","13  day ahead inc hosp",2022-06-03,"quantile",0.4,53.0419102523495
2022-05-21,"41","13  day ahead inc hosp",2022-06-03,"quantile",0.45,55.2929576988898
2022-05-21,"41","13  day ahead inc hosp",2022-06-03,"quantile",0.5,57.5083156386198
2022-05-21,"41","13  day ahead inc hosp",2022-06-03,"quantile",0.55,59.7236735783497
2022-05-21,"41","13  day ahead inc hosp",2022-06-03,"quantile",0.6,61.9747210248901
2022-05-21,"41","13  day ahead inc hosp",2022-06-03,"quantile",0.65,64.3013572218916
2022-05-21,"41","13  day ahead inc hosp",2022-06-03,"quantile",0.7,66.7532813221888
2022-05-21,"41","13  day ahead inc hosp",2022-06-03,"quantile",0.75,69.3992929419801
2022-05-21,"41","13  day ahead inc hosp",2022-06-03,"quantile",0.8,72.3457523580544
2022-05-21,"41","13  day ahead inc hosp",2022-06-03,"quantile",0.85,75.7802106634629
2022-05-21,"41","13  day ahead inc hosp",2022-06-03,"quantile",0.9,80.101543444597
2022-05-21,"41","13  day ahead inc hosp",2022-06-03,"quantile",0.95,86.5064095900014
2022-05-21,"41","13  day ahead inc hosp",2022-06-03,"quantile",0.975,92.0616757879685
2022-05-21,"41","13  day ahead inc hosp",2022-06-03,"quantile",0.99,98.5208732970548
2022-05-21,"41","14  day ahead inc hosp",2022-06-04,"quantile",0.01,12.8143954436536
2022-05-21,"41","14  day ahead inc hosp",2022-06-04,"quantile",0.025,19.6035791776741
2022-05-21,"41","14  day ahead inc hosp",2022-06-04,"quantile",0.05,25.4426517337211
2022-05-21,"41","14  day ahead inc hosp",2022-06-04,"quantile",0.1,32.1747284339286
2022-05-21,"41","14  day ahead inc hosp",2022-06-04,"quantile",0.15,36.7168286229528
2022-05-21,"41","14  day ahead inc hosp",2022-06-04,"quantile",0.2,40.3267458656831
2022-05-21,"41","14  day ahead inc hosp",2022-06-04,"quantile",0.25,43.4237334268195
2022-05-21,"41","14  day ahead inc hosp",2022-06-04,"quantile",0.3,46.2049239731445
2022-05-21,"41","14  day ahead inc hosp",2022-06-04,"quantile",0.35,48.7821114945624
2022-05-21,"41","14  day ahead inc hosp",2022-06-04,"quantile",0.4,51.2276104286708
2022-05-21,"41","14  day ahead inc hosp",2022-06-04,"quantile",0.45,53.5936589489493
2022-05-21,"41","14  day ahead inc hosp",2022-06-04,"quantile",0.5,55.9221946638412
2022-05-21,"41","14  day ahead inc hosp",2022-06-04,"quantile",0.55,58.2507303787331
2022-05-21,"41","14  day ahead inc hosp",2022-06-04,"quantile",0.6,60.6167788990115
2022-05-21,"41","14  day ahead inc hosp",2022-06-04,"quantile",0.65,63.06227783312
2022-05-21,"41","14  day ahead inc hosp",2022-06-04,"quantile",0.7,65.6394653545379
2022-05-21,"41","14  day ahead inc hosp",2022-06-04,"quantile",0.75,68.4206559008628
2022-05-21,"41","14  day ahead inc hosp",2022-06-04,"quantile",0.8,71.5176434619992
2022-05-21,"41","14  day ahead inc hosp",2022-06-04,"quantile",0.85,75.1275607047295
2022-05-21,"41","14  day ahead inc hosp",2022-06-04,"quantile",0.9,79.6696608937537
2022-05-21,"41","14  day ahead inc hosp",2022-06-04,"quantile",0.95,86.4017375939613
2022-05-21,"41","14  day ahead inc hosp",2022-06-04,"quantile",0.975,92.2408101500082
2022-05-21,"41","14  day ahead inc hosp",2022-06-04,"quantile",0.99,99.0299938840288
2022-05-21,"41","15  day ahead inc hosp",2022-06-05,"quantile",0.01,11.3113020293882
2022-05-21,"41","15  day ahead inc hosp",2022-06-05,"quantile",0.025,18.4494891260743
2022-05-21,"41","15  day ahead inc hosp",2022-06-05,"quantile",0.05,24.5887238277849
2022-05-21,"41","15  day ahead inc hosp",2022-06-05,"quantile",0.1,31.6668682583916
2022-05-21,"41","15  day ahead inc hosp",2022-06-05,"quantile",0.15,36.4424587021558
2022-05-21,"41","15  day ahead inc hosp",2022-06-05,"quantile",0.2,40.2379465975618
2022-05-21,"41","15  day ahead inc hosp",2022-06-05,"quantile",0.25,43.4941372551697
2022-05-21,"41","15  day ahead inc hosp",2022-06-05,"quantile",0.3,46.4182971025046
2022-05-21,"41","15  day ahead inc hosp",2022-06-05,"quantile",0.35,49.1279669879934
2022-05-21,"41","15  day ahead inc hosp",2022-06-05,"quantile",0.4,51.6991787301265
2022-05-21,"41","15  day ahead inc hosp",2022-06-05,"quantile",0.45,54.1868558470313
2022-05-21,"41","15  day ahead inc hosp",2022-06-05,"quantile",0.5,56.6350917831017
2022-05-21,"41","15  day ahead inc hosp",2022-06-05,"quantile",0.55,59.0833277191721
2022-05-21,"41","15  day ahead inc hosp",2022-06-05,"quantile",0.6,61.5710048360769
2022-05-21,"41","15  day ahead inc hosp",2022-06-05,"quantile",0.65,64.14221657821
2022-05-21,"41","15  day ahead inc hosp",2022-06-05,"quantile",0.7,66.8518864636988
2022-05-21,"41","15  day ahead inc hosp",2022-06-05,"quantile",0.75,69.7760463110337
2022-05-21,"41","15  day ahead inc hosp",2022-06-05,"quantile",0.8,73.0322369686416
2022-05-21,"41","15  day ahead inc hosp",2022-06-05,"quantile",0.85,76.8277248640476
2022-05-21,"41","15  day ahead inc hosp",2022-06-05,"quantile",0.9,81.6033153078118
2022-05-21,"41","15  day ahead inc hosp",2022-06-05,"quantile",0.95,88.6814597384185
2022-05-21,"41","15  day ahead inc hosp",2022-06-05,"quantile",0.975,94.8206944401291
2022-05-21,"41","15  day ahead inc hosp",2022-06-05,"quantile",0.99,101.958881536815
2022-05-21,"41","16  day ahead inc hosp",2022-06-06,"quantile",0.01,11.0074758179086
2022-05-21,"41","16  day ahead inc hosp",2022-06-06,"quantile",0.025,18.479456159253
2022-05-21,"41","16  day ahead inc hosp",2022-06-06,"quantile",0.05,24.9057714660314
2022-05-21,"41","16  day ahead inc hosp",2022-06-06,"quantile",0.1,32.3149014485227
2022-05-21,"41","16  day ahead inc hosp",2022-06-06,"quantile",0.15,37.3138062727861
2022-05-21,"41","16  day ahead inc hosp",2022-06-06,"quantile",0.2,41.2867773586029
2022-05-21,"41","16  day ahead inc hosp",2022-06-06,"quantile",0.25,44.6952327901803
2022-05-21,"41","16  day ahead inc hosp",2022-06-06,"quantile",0.3,47.7561311104805
2022-05-21,"41","16  day ahead inc hosp",2022-06-06,"quantile",0.35,50.5925095692779
2022-05-21,"41","16  day ahead inc hosp",2022-06-06,"quantile",0.4,53.2839553566223
2022-05-21,"41","16  day ahead inc hosp",2022-06-06,"quantile",0.45,55.8879603037264
2022-05-21,"41","16  day ahead inc hosp",2022-06-06,"quantile",0.5,58.4506797361974
2022-05-21,"41","16  day ahead inc hosp",2022-06-06,"quantile",0.55,61.0133991686684
2022-05-21,"41","16  day ahead inc hosp",2022-06-06,"quantile",0.6,63.6174041157725
2022-05-21,"41","16  day ahead inc hosp",2022-06-06,"quantile",0.65,66.3088499031169
2022-05-21,"41","16  day ahead inc hosp",2022-06-06,"quantile",0.7,69.1452283619142
2022-05-21,"41","16  day ahead inc hosp",2022-06-06,"quantile",0.75,72.2061266822145
2022-05-21,"41","16  day ahead inc hosp",2022-06-06,"quantile",0.8,75.6145821137919
2022-05-21,"41","16  day ahead inc hosp",2022-06-06,"quantile",0.85,79.5875531996087
2022-05-21,"41","16  day ahead inc hosp",2022-06-06,"quantile",0.9,84.5864580238721
2022-05-21,"41","16  day ahead inc hosp",2022-06-06,"quantile",0.95,91.9955880063634
2022-05-21,"41","16  day ahead inc hosp",2022-06-06,"quantile",0.975,98.4219033131417
2022-05-21,"41","16  day ahead inc hosp",2022-06-06,"quantile",0.99,105.893883654486
2022-05-21,"41","17  day ahead inc hosp",2022-06-07,"quantile",0.01,9.9376369182917
2022-05-21,"41","17  day ahead inc hosp",2022-06-07,"quantile",0.025,17.7565537660416
2022-05-21,"41","17  day ahead inc hosp",2022-06-07,"quantile",0.05,24.4812536080759
2022-05-21,"41","17  day ahead inc hosp",2022-06-07,"quantile",0.1,32.2344018500112
2022-05-21,"41","17  day ahead inc hosp",2022-06-07,"quantile",0.15,37.4654141606911
2022-05-21,"41","17  day ahead inc hosp",2022-06-07,"quantile",0.2,41.6228569187547
2022-05-21,"41","17  day ahead inc hosp",2022-06-07,"quantile",0.25,45.1895726194508
2022-05-21,"41","17  day ahead inc hosp",2022-06-07,"quantile",0.3,48.3925935526587
2022-05-21,"41","17  day ahead inc hosp",2022-06-07,"quantile",0.35,51.3606697928185
2022-05-21,"41","17  day ahead inc hosp",2022-06-07,"quantile",0.4,54.1770838959218
2022-05-21,"41","17  day ahead inc hosp",2022-06-07,"quantile",0.45,56.901997134769
2022-05-21,"41","17  day ahead inc hosp",2022-06-07,"quantile",0.5,59.5837079036973
2022-05-21,"41","17  day ahead inc hosp",2022-06-07,"quantile",0.55,62.2654186726256
2022-05-21,"41","17  day ahead inc hosp",2022-06-07,"quantile",0.6,64.9903319114728
2022-05-21,"41","17  day ahead inc hosp",2022-06-07,"quantile",0.65,67.8067460145761
2022-05-21,"41","17  day ahead inc hosp",2022-06-07,"quantile",0.7,70.7748222547359
2022-05-21,"41","17  day ahead inc hosp",2022-06-07,"quantile",0.75,73.9778431879438
2022-05-21,"41","17  day ahead inc hosp",2022-06-07,"quantile",0.8,77.5445588886399
2022-05-21,"41","17  day ahead inc hosp",2022-06-07,"quantile",0.85,81.7020016467035
2022-05-21,"41","17  day ahead inc hosp",2022-06-07,"quantile",0.9,86.9330139573834
2022-05-21,"41","17  day ahead inc hosp",2022-06-07,"quantile",0.95,94.6861621993187
2022-05-21,"41","17  day ahead inc hosp",2022-06-07,"quantile",0.975,101.410862041353
2022-05-21,"41","17  day ahead inc hosp",2022-06-07,"quantile",0.99,109.229778889103
2022-05-21,"41","18  day ahead inc hosp",2022-06-08,"quantile",0.01,7.36832058110502
2022-05-21,"41","18  day ahead inc hosp",2022-06-08,"quantile",0.025,15.5186465514526
2022-05-21,"41","18  day ahead inc hosp",2022-06-08,"quantile",0.05,22.5283765220555
2022-05-21,"41","18  day ahead inc hosp",2022-06-08,"quantile",0.1,30.6101462477926
2022-05-21,"41","18  day ahead inc hosp",2022-06-08,"quantile",0.15,36.0628779134595
2022-05-21,"41","18  day ahead inc hosp",2022-06-08,"quantile",0.2,40.3965361862202
2022-05-21,"41","18  day ahead inc hosp",2022-06-08,"quantile",0.25,44.1144291079994
2022-05-21,"41","18  day ahead inc hosp",2022-06-08,"quantile",0.3,47.4532118580685
2022-05-21,"41","18  day ahead inc hosp",2022-06-08,"quantile",0.35,50.5470916541054
2022-05-21,"41","18  day ahead inc hosp",2022-06-08,"quantile",0.4,53.4828810293794
2022-05-21,"41","18  day ahead inc hosp",2022-06-08,"quantile",0.45,56.3232912255708
2022-05-21,"41","18  day ahead inc hosp",2022-06-08,"quantile",0.5,59.1186677912196
2022-05-21,"41","18  day ahead inc hosp",2022-06-08,"quantile",0.55,61.9140443568684
2022-05-21,"41","18  day ahead inc hosp",2022-06-08,"quantile",0.6,64.7544545530597
2022-05-21,"41","18  day ahead inc hosp",2022-06-08,"quantile",0.65,67.6902439283338
2022-05-21,"41","18  day ahead inc hosp",2022-06-08,"quantile",0.7,70.7841237243707
2022-05-21,"41","18  day ahead inc hosp",2022-06-08,"quantile",0.75,74.1229064744398
2022-05-21,"41","18  day ahead inc hosp",2022-06-08,"quantile",0.8,77.840799396219
2022-05-21,"41","18  day ahead inc hosp",2022-06-08,"quantile",0.85,82.1744576689797
2022-05-21,"41","18  day ahead inc hosp",2022-06-08,"quantile",0.9,87.6271893346466
2022-05-21,"41","18  day ahead inc hosp",2022-06-08,"quantile",0.95,95.7089590603836
2022-05-21,"41","18  day ahead inc hosp",2022-06-08,"quantile",0.975,102.718689030987
2022-05-21,"41","18  day ahead inc hosp",2022-06-08,"quantile",0.99,110.869015001334
2022-05-21,"41","19  day ahead inc hosp",2022-06-09,"quantile",0.01,3.23384746620778
2022-05-21,"41","19  day ahead inc hosp",2022-06-09,"quantile",0.025,11.7245622690758
2022-05-21,"41","19  day ahead inc hosp",2022-06-09,"quantile",0.05,19.0270454141723
2022-05-21,"41","19  day ahead inc hosp",2022-06-09,"quantile",0.1,27.4463408010486
2022-05-21,"41","19  day ahead inc hosp",2022-06-09,"quantile",0.15,33.1267994278796
2022-05-21,"41","19  day ahead inc hosp",2022-06-09,"quantile",0.2,37.6414478702818
2022-05-21,"41","19  day ahead inc hosp",2022-06-09,"quantile",0.25,41.5146142419433
2022-05-21,"41","19  day ahead inc hosp",2022-06-09,"quantile",0.3,44.9928373489343
2022-05-21,"41","19  day ahead inc hosp",2022-06-09,"quantile",0.35,48.2159294164267
2022-05-21,"41","19  day ahead inc hosp",2022-06-09,"quantile",0.4,51.2743286016165
2022-05-21,"41","19  day ahead inc hosp",2022-06-09,"quantile",0.45,54.233365207853
2022-05-21,"41","19  day ahead inc hosp",2022-06-09,"quantile",0.5,57.1454874066333
2022-05-21,"41","19  day ahead inc hosp",2022-06-09,"quantile",0.55,60.0576096054136
2022-05-21,"41","19  day ahead inc hosp",2022-06-09,"quantile",0.6,63.0166462116501
2022-05-21,"41","19  day ahead inc hosp",2022-06-09,"quantile",0.65,66.0750453968399
2022-05-21,"41","19  day ahead inc hosp",2022-06-09,"quantile",0.7,69.2981374643323
2022-05-21,"41","19  day ahead inc hosp",2022-06-09,"quantile",0.75,72.7763605713234
2022-05-21,"41","19  day ahead inc hosp",2022-06-09,"quantile",0.8,76.6495269429848
2022-05-21,"41","19  day ahead inc hosp",2022-06-09,"quantile",0.85,81.164175385387
2022-05-21,"41","19  day ahead inc hosp",2022-06-09,"quantile",0.9,86.844634012218
2022-05-21,"41","19  day ahead inc hosp",2022-06-09,"quantile",0.95,95.2639293990943
2022-05-21,"41","19  day ahead inc hosp",2022-06-09,"quantile",0.975,102.566412544191
2022-05-21,"41","19  day ahead inc hosp",2022-06-09,"quantile",0.99,111.057127347059
2022-05-21,"41","20  day ahead inc hosp",2022-06-10,"quantile",0.01,2.61247917294363
2022-05-21,"41","20  day ahead inc hosp",2022-06-10,"quantile",0.025,11.4285293957192
2022-05-21,"41","20  day ahead inc hosp",2022-06-10,"quantile",0.05,19.0108189499976
2022-05-21,"41","20  day ahead inc hosp",2022-06-10,"quantile",0.1,27.7527132067701
2022-05-21,"41","20  day ahead inc hosp",2022-06-10,"quantile",0.15,33.6508277595784
2022-05-21,"41","20  day ahead inc hosp",2022-06-10,"quantile",0.2,38.3384622321141
2022-05-21,"41","20  day ahead inc hosp",2022-06-10,"quantile",0.25,42.3600352146619
2022-05-21,"41","20  day ahead inc hosp",2022-06-10,"quantile",0.3,45.971532044928
2022-05-21,"41","20  day ahead inc hosp",2022-06-10,"quantile",0.35,49.31812207879
2022-05-21,"41","20  day ahead inc hosp",2022-06-10,"quantile",0.4,52.4937087571721
2022-05-21,"41","20  day ahead inc hosp",2022-06-10,"quantile",0.45,55.566125619272
2022-05-21,"41","20  day ahead inc hosp",2022-06-10,"quantile",0.5,58.5898304727944
2022-05-21,"41","20  day ahead inc hosp",2022-06-10,"quantile",0.55,61.6135353263169
2022-05-21,"41","20  day ahead inc hosp",2022-06-10,"quantile",0.6,64.6859521884168
2022-05-21,"41","20  day ahead inc hosp",2022-06-10,"quantile",0.65,67.8615388667988
2022-05-21,"41","20  day ahead inc hosp",2022-06-10,"quantile",0.7,71.2081289006608
2022-05-21,"41","20  day ahead inc hosp",2022-06-10,"quantile",0.75,74.8196257309269
2022-05-21,"41","20  day ahead inc hosp",2022-06-10,"quantile",0.8,78.8411987134747
2022-05-21,"41","20  day ahead inc hosp",2022-06-10,"quantile",0.85,83.5288331860105
2022-05-21,"41","20  day ahead inc hosp",2022-06-10,"quantile",0.9,89.4269477388188
2022-05-21,"41","20  day ahead inc hosp",2022-06-10,"quantile",0.95,98.1688419955912
2022-05-21,"41","20  day ahead inc hosp",2022-06-10,"quantile",0.975,105.75113154987
2022-05-21,"41","20  day ahead inc hosp",2022-06-10,"quantile",0.99,114.567181772645
2022-05-21,"41","21  day ahead inc hosp",2022-06-11,"quantile",0.01,0.395055863696541
2022-05-21,"41","21  day ahead inc hosp",2022-06-11,"quantile",0.025,9.54246511733294
2022-05-21,"41","21  day ahead inc hosp",2022-06-11,"quantile",0.05,17.4097417185228
2022-05-21,"41","21  day ahead inc hosp",2022-06-11,"quantile",0.1,26.4802077887053
2022-05-21,"41","21  day ahead inc hosp",2022-06-11,"quantile",0.15,32.6000081841232
2022-05-21,"41","21  day ahead inc hosp",2022-06-11,"quantile",0.2,37.4638315367809
2022-05-21,"41","21  day ahead inc hosp",2022-06-11,"quantile",0.25,41.6365588903179
2022-05-21,"41","21  day ahead inc hosp",2022-06-11,"quantile",0.3,45.3837970173545
2022-05-21,"41","21  day ahead inc hosp",2022-06-11,"quantile",0.35,48.8561715921716
2022-05-21,"41","21  day ahead inc hosp",2022-06-11,"quantile",0.4,52.151115499423
2022-05-21,"41","21  day ahead inc hosp",2022-06-11,"quantile",0.45,55.3390118617639
2022-05-21,"41","21  day ahead inc hosp",2022-06-11,"quantile",0.5,58.4763653316796
2022-05-21,"41","21  day ahead inc hosp",2022-06-11,"quantile",0.55,61.6137188015954
2022-05-21,"41","21  day ahead inc hosp",2022-06-11,"quantile",0.6,64.8016151639363
2022-05-21,"41","21  day ahead inc hosp",2022-06-11,"quantile",0.65,68.0965590711877
2022-05-21,"41","21  day ahead inc hosp",2022-06-11,"quantile",0.7,71.5689336460048
2022-05-21,"41","21  day ahead inc hosp",2022-06-11,"quantile",0.75,75.3161717730414
2022-05-21,"41","21  day ahead inc hosp",2022-06-11,"quantile",0.8,79.4888991265784
2022-05-21,"41","21  day ahead inc hosp",2022-06-11,"quantile",0.85,84.3527224792361
2022-05-21,"41","21  day ahead inc hosp",2022-06-11,"quantile",0.9,90.472522874654
2022-05-21,"41","21  day ahead inc hosp",2022-06-11,"quantile",0.95,99.5429889448365
2022-05-21,"41","21  day ahead inc hosp",2022-06-11,"quantile",0.975,107.410265546026
2022-05-21,"41","21  day ahead inc hosp",2022-06-11,"quantile",0.99,116.557674799663
2022-05-21,"41","22  day ahead inc hosp",2022-06-12,"quantile",0.01,0
2022-05-21,"41","22  day ahead inc hosp",2022-06-12,"quantile",0.025,4.44182521088393
2022-05-21,"41","22  day ahead inc hosp",2022-06-12,"quantile",0.05,12.7538263316798
2022-05-21,"41","22  day ahead inc hosp",2022-06-12,"quantile",0.1,22.3370312910803
2022-05-21,"41","22  day ahead inc hosp",2022-06-12,"quantile",0.15,28.8027741808203
2022-05-21,"41","22  day ahead inc hosp",2022-06-12,"quantile",0.2,33.9415416613648
2022-05-21,"41","22  day ahead inc hosp",2022-06-12,"quantile",0.25,38.3501465951395
2022-05-21,"41","22  day ahead inc hosp",2022-06-12,"quantile",0.3,42.3092100793326
2022-05-21,"41","22  day ahead inc hosp",2022-06-12,"quantile",0.35,45.977872415844
2022-05-21,"41","22  day ahead inc hosp",2022-06-12,"quantile",0.4,49.4590742139213
2022-05-21,"41","22  day ahead inc hosp",2022-06-12,"quantile",0.45,52.8271772411812
2022-05-21,"41","22  day ahead inc hosp",2022-06-12,"quantile",0.5,56.1418802674264
2022-05-21,"41","22  day ahead inc hosp",2022-06-12,"quantile",0.55,59.4565832936717
2022-05-21,"41","22  day ahead inc hosp",2022-06-12,"quantile",0.6,62.8246863209316
2022-05-21,"41","22  day ahead inc hosp",2022-06-12,"quantile",0.65,66.3058881190089
2022-05-21,"41","22  day ahead inc hosp",2022-06-12,"quantile",0.7,69.9745504555203
2022-05-21,"41","22  day ahead inc hosp",2022-06-12,"quantile",0.75,73.9336139397134
2022-05-21,"41","22  day ahead inc hosp",2022-06-12,"quantile",0.8,78.3422188734881
2022-05-21,"41","22  day ahead inc hosp",2022-06-12,"quantile",0.85,83.4809863540326
2022-05-21,"41","22  day ahead inc hosp",2022-06-12,"quantile",0.9,89.9467292437726
2022-05-21,"41","22  day ahead inc hosp",2022-06-12,"quantile",0.95,99.5299342031731
2022-05-21,"41","22  day ahead inc hosp",2022-06-12,"quantile",0.975,107.841935323969
2022-05-21,"41","22  day ahead inc hosp",2022-06-12,"quantile",0.99,117.506432941493
2022-05-21,"41","23  day ahead inc hosp",2022-06-13,"quantile",0.01,0
2022-05-21,"41","23  day ahead inc hosp",2022-06-13,"quantile",0.025,2.60904740356482
2022-05-21,"41","23  day ahead inc hosp",2022-06-13,"quantile",0.05,11.2575406439964
2022-05-21,"41","23  day ahead inc hosp",2022-06-13,"quantile",0.1,21.2286994670729
2022-05-21,"41","23  day ahead inc hosp",2022-06-13,"quantile",0.15,27.9561929868199
2022-05-21,"41","23  day ahead inc hosp",2022-06-13,"quantile",0.2,33.3029915704303
2022-05-21,"41","23  day ahead inc hosp",2022-06-13,"quantile",0.25,37.8900686671948
2022-05-21,"41","23  day ahead inc hosp",2022-06-13,"quantile",0.3,42.0094056696668
2022-05-21,"41","23  day ahead inc hosp",2022-06-13,"quantile",0.35,45.8265853063927
2022-05-21,"41","23  day ahead inc hosp",2022-06-13,"quantile",0.4,49.4487154988351
2022-05-21,"41","23  day ahead inc hosp",2022-06-13,"quantile",0.45,52.9531683785942
2022-05-21,"41","23  day ahead inc hosp",2022-06-13,"quantile",0.5,56.4020594819409
2022-05-21,"41","23  day ahead inc hosp",2022-06-13,"quantile",0.55,59.8509505852875
2022-05-21,"41","23  day ahead inc hosp",2022-06-13,"quantile",0.6,63.3554034650467
2022-05-21,"41","23  day ahead inc hosp",2022-06-13,"quantile",0.65,66.977533657489
2022-05-21,"41","23  day ahead inc hosp",2022-06-13,"quantile",0.7,70.7947132942149
2022-05-21,"41","23  day ahead inc hosp",2022-06-13,"quantile",0.75,74.914050296687
2022-05-21,"41","23  day ahead inc hosp",2022-06-13,"quantile",0.8,79.5011273934514
2022-05-21,"41","23  day ahead inc hosp",2022-06-13,"quantile",0.85,84.8479259770618
2022-05-21,"41","23  day ahead inc hosp",2022-06-13,"quantile",0.9,91.5754194968088
2022-05-21,"41","23  day ahead inc hosp",2022-06-13,"quantile",0.95,101.546578319885
2022-05-21,"41","23  day ahead inc hosp",2022-06-13,"quantile",0.975,110.195071560317
2022-05-21,"41","23  day ahead inc hosp",2022-06-13,"quantile",0.99,120.250813986555
2022-05-21,"41","24  day ahead inc hosp",2022-06-14,"quantile",0.01,0
2022-05-21,"41","24  day ahead inc hosp",2022-06-14,"quantile",0.025,0.97454597838253
2022-05-21,"41","24  day ahead inc hosp",2022-06-14,"quantile",0.05,9.92615561567023
2022-05-21,"41","24  day ahead inc hosp",2022-06-14,"quantile",0.1,20.246788231569
2022-05-21,"41","24  day ahead inc hosp",2022-06-14,"quantile",0.15,27.2100700602026
2022-05-21,"41","24  day ahead inc hosp",2022-06-14,"quantile",0.2,32.7442657170746
2022-05-21,"41","24  day ahead inc hosp",2022-06-14,"quantile",0.25,37.4921128165456
2022-05-21,"41","24  day ahead inc hosp",2022-06-14,"quantile",0.3,41.7558262502541
2022-05-21,"41","24  day ahead inc hosp",2022-06-14,"quantile",0.35,45.70679216691
2022-05-21,"41","24  day ahead inc hosp",2022-06-14,"quantile",0.4,49.455872456017
2022-05-21,"41","24  day ahead inc hosp",2022-06-14,"quantile",0.45,53.0831510234808
2022-05-21,"41","24  day ahead inc hosp",2022-06-14,"quantile",0.5,56.6529204596575
2022-05-21,"41","24  day ahead inc hosp",2022-06-14,"quantile",0.55,60.2226898958342
2022-05-21,"41","24  day ahead inc hosp",2022-06-14,"quantile",0.6,63.849968463298
2022-05-21,"41","24  day ahead inc hosp",2022-06-14,"quantile",0.65,67.599048752405
2022-05-21,"41","24  day ahead inc hosp",2022-06-14,"quantile",0.7,71.5500146690609
2022-05-21,"41","24  day ahead inc hosp",2022-06-14,"quantile",0.75,75.8137281027694
2022-05-21,"41","24  day ahead inc hosp",2022-06-14,"quantile",0.8,80.5615752022404
2022-05-21,"41","24  day ahead inc hosp",2022-06-14,"quantile",0.85,86.0957708591124
2022-05-21,"41","24  day ahead inc hosp",2022-06-14,"quantile",0.9,93.059052687746
2022-05-21,"41","24  day ahead inc hosp",2022-06-14,"quantile",0.95,103.379685303645
2022-05-21,"41","24  day ahead inc hosp",2022-06-14,"quantile",0.975,112.331294940932
2022-05-21,"41","24  day ahead inc hosp",2022-06-14,"quantile",0.99,122.739475685293
2022-05-21,"41","25  day ahead inc hosp",2022-06-15,"quantile",0.01,0
2022-05-21,"41","25  day ahead inc hosp",2022-06-15,"quantile",0.025,0
2022-05-21,"41","25  day ahead inc hosp",2022-06-15,"quantile",0.05,8.54167364597158
2022-05-21,"41","25  day ahead inc hosp",2022-06-15,"quantile",0.1,19.2055903518124
2022-05-21,"41","25  day ahead inc hosp",2022-06-15,"quantile",0.15,26.4004843261852
2022-05-21,"41","25  day ahead inc hosp",2022-06-15,"quantile",0.2,32.1187579742361
2022-05-21,"41","25  day ahead inc hosp",2022-06-15,"quantile",0.25,37.0245275995236
2022-05-21,"41","25  day ahead inc hosp",2022-06-15,"quantile",0.3,41.4300603422161
2022-05-21,"41","25  day ahead inc hosp",2022-06-15,"quantile",0.35,45.5124429839478
2022-05-21,"41","25  day ahead inc hosp",2022-06-15,"quantile",0.4,49.3862248938821
2022-05-21,"41","25  day ahead inc hosp",2022-06-15,"quantile",0.45,53.1341537226565
2022-05-21,"41","25  day ahead inc hosp",2022-06-15,"quantile",0.5,56.8226605558328
2022-05-21,"41","25  day ahead inc hosp",2022-06-15,"quantile",0.55,60.5111673890091
2022-05-21,"41","25  day ahead inc hosp",2022-06-15,"quantile",0.6,64.2590962177835
2022-05-21,"41","25  day ahead inc hosp",2022-06-15,"quantile",0.65,68.1328781277179
2022-05-21,"41","25  day ahead inc hosp",2022-06-15,"quantile",0.7,72.2152607694495
2022-05-21,"41","25  day ahead inc hosp",2022-06-15,"quantile",0.75,76.620793512142
2022-05-21,"41","25  day ahead inc hosp",2022-06-15,"quantile",0.8,81.5265631374295
2022-05-21,"41","25  day ahead inc hosp",2022-06-15,"quantile",0.85,87.2448367854804
2022-05-21,"41","25  day ahead inc hosp",2022-06-15,"quantile",0.9,94.4397307598532
2022-05-21,"41","25  day ahead inc hosp",2022-06-15,"quantile",0.95,105.103647465694
2022-05-21,"41","25  day ahead inc hosp",2022-06-15,"quantile",0.975,114.353004855684
2022-05-21,"41","25  day ahead inc hosp",2022-06-15,"quantile",0.99,125.107381709117
2022-05-21,"41","26  day ahead inc hosp",2022-06-16,"quantile",0.01,0
2022-05-21,"41","26  day ahead inc hosp",2022-06-16,"quantile",0.025,0
2022-05-21,"41","26  day ahead inc hosp",2022-06-16,"quantile",0.05,7.19401381299826
2022-05-21,"41","26  day ahead inc hosp",2022-06-16,"quantile",0.1,18.1971051983589
2022-05-21,"41","26  day ahead inc hosp",2022-06-16,"quantile",0.15,25.6208387187683
2022-05-21,"41","26  day ahead inc hosp",2022-06-16,"quantile",0.2,31.5209867836479
2022-05-21,"41","26  day ahead inc hosp",2022-06-16,"quantile",0.25,36.5827884641693
2022-05-21,"41","26  day ahead inc hosp",2022-06-16,"quantile",0.3,41.1284428148351
2022-05-21,"41","26  day ahead inc hosp",2022-06-16,"quantile",0.35,45.3406690086482
2022-05-21,"41","26  day ahead inc hosp",2022-06-16,"quantile",0.4,49.3376597520792
2022-05-21,"41","26  day ahead inc hosp",2022-06-16,"quantile",0.45,53.2047945531457
2022-05-21,"41","26  day ahead inc hosp",2022-06-16,"quantile",0.5,57.01061739296
2022-05-21,"41","26  day ahead inc hosp",2022-06-16,"quantile",0.55,60.8164402327743
2022-05-21,"41","26  day ahead inc hosp",2022-06-16,"quantile",0.6,64.6835750338408
2022-05-21,"41","26  day ahead inc hosp",2022-06-16,"quantile",0.65,68.6805657772718
2022-05-21,"41","26  day ahead inc hosp",2022-06-16,"quantile",0.7,72.8927919710848
2022-05-21,"41","26  day ahead inc hosp",2022-06-16,"quantile",0.75,77.4384463217507
2022-05-21,"41","26  day ahead inc hosp",2022-06-16,"quantile",0.8,82.5002480022721
2022-05-21,"41","26  day ahead inc hosp",2022-06-16,"quantile",0.85,88.4003960671516
2022-05-21,"41","26  day ahead inc hosp",2022-06-16,"quantile",0.9,95.824129587561
2022-05-21,"41","26  day ahead inc hosp",2022-06-16,"quantile",0.95,106.827220972922
2022-05-21,"41","26  day ahead inc hosp",2022-06-16,"quantile",0.975,116.370761814926
2022-05-21,"41","26  day ahead inc hosp",2022-06-16,"quantile",0.99,127.467190507595
2022-05-21,"41","27  day ahead inc hosp",2022-06-17,"quantile",0.01,0
2022-05-21,"41","27  day ahead inc hosp",2022-06-17,"quantile",0.025,0
2022-05-21,"41","27  day ahead inc hosp",2022-06-17,"quantile",0.05,5.77333916733141
2022-05-21,"41","27  day ahead inc hosp",2022-06-17,"quantile",0.1,17.1181419412078
2022-05-21,"41","27  day ahead inc hosp",2022-06-17,"quantile",0.15,24.7724265131703
2022-05-21,"41","27  day ahead inc hosp",2022-06-17,"quantile",0.2,30.8558092452072
2022-05-21,"41","27  day ahead inc hosp",2022-06-17,"quantile",0.25,36.0748099546254
2022-05-21,"41","27  day ahead inc hosp",2022-06-17,"quantile",0.3,40.7616338916809
2022-05-21,"41","27  day ahead inc hosp",2022-06-17,"quantile",0.35,45.104674745758
2022-05-21,"41","27  day ahead inc hosp",2022-06-17,"quantile",0.4,49.2257958093861
2022-05-21,"41","27  day ahead inc hosp",2022-06-17,"quantile",0.45,53.2130281317917
2022-05-21,"41","27  day ahead inc hosp",2022-06-17,"quantile",0.5,57.1370443921176
2022-05-21,"41","27  day ahead inc hosp",2022-06-17,"quantile",0.55,61.0610606524436
2022-05-21,"41","27  day ahead inc hosp",2022-06-17,"quantile",0.6,65.0482929748492
2022-05-21,"41","27  day ahead inc hosp",2022-06-17,"quantile",0.65,69.1694140384773
2022-05-21,"41","27  day ahead inc hosp",2022-06-17,"quantile",0.7,73.5124548925544
2022-05-21,"41","27  day ahead inc hosp",2022-06-17,"quantile",0.75,78.1992788296099
2022-05-21,"41","27  day ahead inc hosp",2022-06-17,"quantile",0.8,83.4182795390281
2022-05-21,"41","27  day ahead inc hosp",2022-06-17,"quantile",0.85,89.501662271065
2022-05-21,"41","27  day ahead inc hosp",2022-06-17,"quantile",0.9,97.1559468430275
2022-05-21,"41","27  day ahead inc hosp",2022-06-17,"quantile",0.95,108.500749616904
2022-05-21,"41","27  day ahead inc hosp",2022-06-17,"quantile",0.975,118.340674127667
2022-05-21,"41","27  day ahead inc hosp",2022-06-17,"quantile",0.99,129.781712887029
2022-05-21,"41","28  day ahead inc hosp",2022-06-18,"quantile",0.01,0
2022-05-21,"41","28  day ahead inc hosp",2022-06-18,"quantile",0.025,0
2022-05-21,"41","28  day ahead inc hosp",2022-06-18,"quantile",0.05,4.38485531150783
2022-05-21,"41","28  day ahead inc hosp",2022-06-18,"quantile",0.1,16.0690224202213
2022-05-21,"41","28  day ahead inc hosp",2022-06-18,"quantile",0.15,23.9522744977625
2022-05-21,"41","28  day ahead inc hosp",2022-06-18,"quantile",0.2,30.2176333448158
2022-05-21,"41","28  day ahead inc hosp",2022-06-18,"quantile",0.25,35.5927533574576
2022-05-21,"41","28  day ahead inc hosp",2022-06-18,"quantile",0.3,40.4197772538777
2022-05-21,"41","28  day ahead inc hosp",2022-06-18,"quantile",0.35,44.8927342642769
2022-05-21,"41","28  day ahead inc hosp",2022-06-18,"quantile",0.4,49.137133055726
2022-05-21,"41","28  day ahead inc hosp",2022-06-18,"quantile",0.45,53.24363800648
2022-05-21,"41","28  day ahead inc hosp",2022-06-18,"quantile",0.5,57.2850358726935
2022-05-21,"41","28  day ahead inc hosp",2022-06-18,"quantile",0.55,61.326433738907
2022-05-21,"41","28  day ahead inc hosp",2022-06-18,"quantile",0.6,65.432938689661
2022-05-21,"41","28  day ahead inc hosp",2022-06-18,"quantile",0.65,69.6773374811101
2022-05-21,"41","28  day ahead inc hosp",2022-06-18,"quantile",0.7,74.1502944915093
2022-05-21,"41","28  day ahead inc hosp",2022-06-18,"quantile",0.75,78.9773183879294
2022-05-21,"41","28  day ahead inc hosp",2022-06-18,"quantile",0.8,84.3524384005711
2022-05-21,"41","28  day ahead inc hosp",2022-06-18,"quantile",0.85,90.6177972476245
2022-05-21,"41","28  day ahead inc hosp",2022-06-18,"quantile",0.9,98.5010493251657
2022-05-21,"41","28  day ahead inc hosp",2022-06-18,"quantile",0.95,110.185216433879
2022-05-21,"41","28  day ahead inc hosp",2022-06-18,"quantile",0.975,120.31948889436
2022-05-21,"41","28  day ahead inc hosp",2022-06-18,"quantile",0.99,132.102770757089
2022-05-21,"41","29  day ahead inc hosp",2022-06-19,"quantile",0.01,0
2022-05-21,"41","29  day ahead inc hosp",2022-06-19,"quantile",0.025,0
2022-05-21,"41","29  day ahead inc hosp",2022-06-19,"quantile",0.05,2.96327636337256
2022-05-21,"41","29  day ahead inc hosp",2022-06-19,"quantile",0.1,14.9881206951109
2022-05-21,"41","29  day ahead inc hosp",2022-06-19,"quantile",0.15,23.1012260776582
2022-05-21,"41","29  day ahead inc hosp",2022-06-19,"quantile",0.2,29.5492650450324
2022-05-21,"41","29  day ahead inc hosp",2022-06-19,"quantile",0.25,35.0811083347631
2022-05-21,"41","29  day ahead inc hosp",2022-06-19,"quantile",0.3,40.0488745777455
2022-05-21,"41","29  day ahead inc hosp",2022-06-19,"quantile",0.35,44.6522503470373
2022-05-21,"41","29  day ahead inc hosp",2022-06-19,"quantile",0.4,49.0204037869973
2022-05-21,"41","29  day ahead inc hosp",2022-06-19,"quantile",0.45,53.2466427923864
2022-05-21,"41","29  day ahead inc hosp",2022-06-19,"quantile",0.5,57.4058763750348
2022-05-21,"41","29  day ahead inc hosp",2022-06-19,"quantile",0.55,61.5651099576832
2022-05-21,"41","29  day ahead inc hosp",2022-06-19,"quantile",0.6,65.7913489630724
2022-05-21,"41","29  day ahead inc hosp",2022-06-19,"quantile",0.65,70.1595024030323
2022-05-21,"41","29  day ahead inc hosp",2022-06-19,"quantile",0.7,74.7628781723241
2022-05-21,"41","29  day ahead inc hosp",2022-06-19,"quantile",0.75,79.7306444153066
2022-05-21,"41","29  day ahead inc hosp",2022-06-19,"quantile",0.8,85.2624877050372
2022-05-21,"41","29  day ahead inc hosp",2022-06-19,"quantile",0.85,91.7105266724114
2022-05-21,"41","29  day ahead inc hosp",2022-06-19,"quantile",0.9,99.8236320549588
2022-05-21,"41","29  day ahead inc hosp",2022-06-19,"quantile",0.95,111.848476386697
2022-05-21,"41","29  day ahead inc hosp",2022-06-19,"quantile",0.975,122.278235531602
2022-05-21,"41","29  day ahead inc hosp",2022-06-19,"quantile",0.99,134.405084522887
2022-05-21,"41","30  day ahead inc hosp",2022-06-20,"quantile",0.01,0
2022-05-21,"41","30  day ahead inc hosp",2022-06-20,"quantile",0.025,0
2022-05-21,"41","30  day ahead inc hosp",2022-06-20,"quantile",0.05,1.55424177785853
2022-05-21,"41","30  day ahead inc hosp",2022-06-20,"quantile",0.1,13.9162898398628
2022-05-21,"41","30  day ahead inc hosp",2022-06-20,"quantile",0.15,22.2569049783423
2022-05-21,"41","30  day ahead inc hosp",2022-06-20,"quantile",0.2,28.8857614875252
2022-05-21,"41","30  day ahead inc hosp",2022-06-20,"quantile",0.25,34.5727301278287
2022-05-21,"41","30  day ahead inc hosp",2022-06-20,"quantile",0.3,39.679803729976
2022-05-21,"41","30  day ahead inc hosp",2022-06-20,"quantile",0.35,44.4122685284808
2022-05-21,"41","30  day ahead inc hosp",2022-06-20,"quantile",0.4,48.9029148335201
2022-05-21,"41","30  day ahead inc hosp",2022-06-20,"quantile",0.45,53.247667103472
2022-05-21,"41","30  day ahead inc hosp",2022-06-20,"quantile",0.5,57.5235349676482
2022-05-21,"41","30  day ahead inc hosp",2022-06-20,"quantile",0.55,61.7994028318244
2022-05-21,"41","30  day ahead inc hosp",2022-06-20,"quantile",0.6,66.1441551017763
2022-05-21,"41","30  day ahead inc hosp",2022-06-20,"quantile",0.65,70.6348014068156
2022-05-21,"41","30  day ahead inc hosp",2022-06-20,"quantile",0.7,75.3672662053204
2022-05-21,"41","30  day ahead inc hosp",2022-06-20,"quantile",0.75,80.4743398074677
2022-05-21,"41","30  day ahead inc hosp",2022-06-20,"quantile",0.8,86.1613084477711
2022-05-21,"41","30  day ahead inc hosp",2022-06-20,"quantile",0.85,92.7901649569541
2022-05-21,"41","30  day ahead inc hosp",2022-06-20,"quantile",0.9,101.130780095434
2022-05-21,"41","30  day ahead inc hosp",2022-06-20,"quantile",0.95,113.492828157438
2022-05-21,"41","30  day ahead inc hosp",2022-06-20,"quantile",0.975,124.215061249814
2022-05-21,"41","30  day ahead inc hosp",2022-06-20,"quantile",0.99,136.681974411863
2022-05-21,"41","31  day ahead inc hosp",2022-06-21,"quantile",0.01,0
2022-05-21,"41","31  day ahead inc hosp",2022-06-21,"quantile",0.025,0
2022-05-21,"41","31  day ahead inc hosp",2022-06-21,"quantile",0.05,0.102300132809653
2022-05-21,"41","31  day ahead inc hosp",2022-06-21,"quantile",0.1,12.8011949807677
2022-05-21,"41","31  day ahead inc hosp",2022-06-21,"quantile",0.15,21.3690790465466
2022-05-21,"41","31  day ahead inc hosp",2022-06-21,"quantile",0.2,28.1785616945754
2022-05-21,"41","31  day ahead inc hosp",2022-06-21,"quantile",0.25,34.0204914787523
2022-05-21,"41","31  day ahead inc hosp",2022-06-21,"quantile",0.3,39.2667249773735
2022-05-21,"41","31  day ahead inc hosp",2022-06-21,"quantile",0.35,44.1281421589316
2022-05-21,"41","31  day ahead inc hosp",2022-06-21,"quantile",0.4,48.7411516652076
2022-05-21,"41","31  day ahead inc hosp",2022-06-21,"quantile",0.45,53.2042917484537
2022-05-21,"41","31  day ahead inc hosp",2022-06-21,"quantile",0.5,57.5966704318717
2022-05-21,"41","31  day ahead inc hosp",2022-06-21,"quantile",0.55,61.9890491152898
2022-05-21,"41","31  day ahead inc hosp",2022-06-21,"quantile",0.6,66.4521891985359
2022-05-21,"41","31  day ahead inc hosp",2022-06-21,"quantile",0.65,71.0651987048118
2022-05-21,"41","31  day ahead inc hosp",2022-06-21,"quantile",0.7,75.92661588637
2022-05-21,"41","31  day ahead inc hosp",2022-06-21,"quantile",0.75,81.1728493849911
2022-05-21,"41","31  day ahead inc hosp",2022-06-21,"quantile",0.8,87.014779169168
2022-05-21,"41","31  day ahead inc hosp",2022-06-21,"quantile",0.85,93.8242618171969
2022-05-21,"41","31  day ahead inc hosp",2022-06-21,"quantile",0.9,102.392145882976
2022-05-21,"41","31  day ahead inc hosp",2022-06-21,"quantile",0.95,115.091040730934
2022-05-21,"41","31  day ahead inc hosp",2022-06-21,"quantile",0.975,126.105438174824
2022-05-21,"41","31  day ahead inc hosp",2022-06-21,"quantile",0.99,138.912055535428
2022-05-21,"41","32  day ahead inc hosp",2022-06-22,"quantile",0.01,0
2022-05-21,"41","32  day ahead inc hosp",2022-06-22,"quantile",0.025,0
2022-05-21,"41","32  day ahead inc hosp",2022-06-22,"quantile",0.05,0
2022-05-21,"41","32  day ahead inc hosp",2022-06-22,"quantile",0.1,11.722311671047
2022-05-21,"41","32  day ahead inc hosp",2022-06-22,"quantile",0.15,20.5145025435244
2022-05-21,"41","32  day ahead inc hosp",2022-06-22,"quantile",0.2,27.5022571308467
2022-05-21,"41","32  day ahead inc hosp",2022-06-22,"quantile",0.25,33.4971283653029
2022-05-21,"41","32  day ahead inc hosp",2022-06-22,"quantile",0.3,38.8807080131291
2022-05-21,"41","32  day ahead inc hosp",2022-06-22,"quantile",0.35,43.8693968705938
2022-05-21,"41","32  day ahead inc hosp",2022-06-22,"quantile",0.4,48.6031747513807
2022-05-21,"41","32  day ahead inc hosp",2022-06-22,"quantile",0.45,53.1831596346072
2022-05-21,"41","32  day ahead inc hosp",2022-06-22,"quantile",0.5,57.6905305878463
2022-05-21,"41","32  day ahead inc hosp",2022-06-22,"quantile",0.55,62.1979015410855
2022-05-21,"41","32  day ahead inc hosp",2022-06-22,"quantile",0.6,66.7778864243119
2022-05-21,"41","32  day ahead inc hosp",2022-06-22,"quantile",0.65,71.5116643050989
2022-05-21,"41","32  day ahead inc hosp",2022-06-22,"quantile",0.7,76.5003531625635
2022-05-21,"41","32  day ahead inc hosp",2022-06-22,"quantile",0.75,81.8839328103897
2022-05-21,"41","32  day ahead inc hosp",2022-06-22,"quantile",0.8,87.8788040448459
2022-05-21,"41","32  day ahead inc hosp",2022-06-22,"quantile",0.85,94.8665586321683
2022-05-21,"41","32  day ahead inc hosp",2022-06-22,"quantile",0.9,103.658749504646
2022-05-21,"41","32  day ahead inc hosp",2022-06-22,"quantile",0.95,116.690100829614
2022-05-21,"41","32  day ahead inc hosp",2022-06-22,"quantile",0.975,127.992854686754
2022-05-21,"41","32  day ahead inc hosp",2022-06-22,"quantile",0.99,141.134748694744
2022-05-21,"41","33  day ahead inc hosp",2022-06-23,"quantile",0.01,0
2022-05-21,"41","33  day ahead inc hosp",2022-06-23,"quantile",0.025,0
2022-05-21,"41","33  day ahead inc hosp",2022-06-23,"quantile",0.05,0
2022-05-21,"41","33  day ahead inc hosp",2022-06-23,"quantile",0.1,10.6104691669219
2022-05-21,"41","33  day ahead inc hosp",2022-06-23,"quantile",0.15,19.6259142459563
2022-05-21,"41","33  day ahead inc hosp",2022-06-23,"quantile",0.2,26.7911041993478
2022-05-21,"41","33  day ahead inc hosp",2022-06-23,"quantile",0.25,32.9381991787468
2022-05-21,"41","33  day ahead inc hosp",2022-06-23,"quantile",0.3,38.4584804542043
2022-05-21,"41","33  day ahead inc hosp",2022-06-23,"quantile",0.35,43.5738437422843
2022-05-21,"41","33  day ahead inc hosp",2022-06-23,"quantile",0.4,48.4278232702057
2022-05-21,"41","33  day ahead inc hosp",2022-06-23,"quantile",0.45,53.1241046381171
2022-05-21,"41","33  day ahead inc hosp",2022-06-23,"quantile",0.5,57.7459282392138
2022-05-21,"41","33  day ahead inc hosp",2022-06-23,"quantile",0.55,62.3677518403105
2022-05-21,"41","33  day ahead inc hosp",2022-06-23,"quantile",0.6,67.0640332082218
2022-05-21,"41","33  day ahead inc hosp",2022-06-23,"quantile",0.65,71.9180127361432
2022-05-21,"41","33  day ahead inc hosp",2022-06-23,"quantile",0.7,77.0333760242233
2022-05-21,"41","33  day ahead inc hosp",2022-06-23,"quantile",0.75,82.5536572996808
2022-05-21,"41","33  day ahead inc hosp",2022-06-23,"quantile",0.8,88.7007522790798
2022-05-21,"41","33  day ahead inc hosp",2022-06-23,"quantile",0.85,95.8659422324713
2022-05-21,"41","33  day ahead inc hosp",2022-06-23,"quantile",0.9,104.881387311506
2022-05-21,"41","33  day ahead inc hosp",2022-06-23,"quantile",0.95,118.243635001512
2022-05-21,"41","33  day ahead inc hosp",2022-06-23,"quantile",0.975,129.833392107431
2022-05-21,"41","33  day ahead inc hosp",2022-06-23,"quantile",0.99,143.308989416676
2022-05-21,"41","34  day ahead inc hosp",2022-06-24,"quantile",0.01,0
2022-05-21,"41","34  day ahead inc hosp",2022-06-24,"quantile",0.025,0
2022-05-21,"41","34  day ahead inc hosp",2022-06-24,"quantile",0.05,0
2022-05-21,"41","34  day ahead inc hosp",2022-06-24,"quantile",0.1,9.53560201798015
2022-05-21,"41","34  day ahead inc hosp",2022-06-24,"quantile",0.15,18.7709916458831
2022-05-21,"41","34  day ahead inc hosp",2022-06-24,"quantile",0.2,26.1109865543313
2022-05-21,"41","34  day ahead inc hosp",2022-06-24,"quantile",0.25,32.4080486202406
2022-05-21,"41","34  day ahead inc hosp",2022-06-24,"quantile",0.3,38.063004974312
2022-05-21,"41","34  day ahead inc hosp",2022-06-24,"quantile",0.35,43.3031647933268
2022-05-21,"41","34  day ahead inc hosp",2022-06-24,"quantile",0.4,48.2755640252258
2022-05-21,"41","34  day ahead inc hosp",2022-06-24,"quantile",0.45,53.0864178271957
2022-05-21,"41","34  day ahead inc hosp",2022-06-24,"quantile",0.5,57.8209973596947
2022-05-21,"41","34  day ahead inc hosp",2022-06-24,"quantile",0.55,62.5555768921938
2022-05-21,"41","34  day ahead inc hosp",2022-06-24,"quantile",0.6,67.3664306941636
2022-05-21,"41","34  day ahead inc hosp",2022-06-24,"quantile",0.65,72.3388299260627
2022-05-21,"41","34  day ahead inc hosp",2022-06-24,"quantile",0.7,77.5789897450775
2022-05-21,"41","34  day ahead inc hosp",2022-06-24,"quantile",0.75,83.2339460991488
2022-05-21,"41","34  day ahead inc hosp",2022-06-24,"quantile",0.8,89.5310081650581
2022-05-21,"41","34  day ahead inc hosp",2022-06-24,"quantile",0.85,96.8710030735063
2022-05-21,"41","34  day ahead inc hosp",2022-06-24,"quantile",0.9,106.106392701409
2022-05-21,"41","34  day ahead inc hosp",2022-06-24,"quantile",0.95,119.794631345194
2022-05-21,"41","34  day ahead inc hosp",2022-06-24,"quantile",0.975,131.667136987188
2022-05-21,"41","34  day ahead inc hosp",2022-06-24,"quantile",0.99,145.471490574679
2022-05-21,"41","35  day ahead inc hosp",2022-06-25,"quantile",0.01,0
2022-05-21,"41","35  day ahead inc hosp",2022-06-25,"quantile",0.025,0
2022-05-21,"41","35  day ahead inc hosp",2022-06-25,"quantile",0.05,0
2022-05-21,"41","35  day ahead inc hosp",2022-06-25,"quantile",0.1,8.43565213170216
2022-05-21,"41","35  day ahead inc hosp",2022-06-25,"quantile",0.15,17.8894060513382
2022-05-21,"41","35  day ahead inc hosp",2022-06-25,"quantile",0.2,25.402949976567
2022-05-21,"41","35  day ahead inc hosp",2022-06-25,"quantile",0.25,31.8489016457765
2022-05-21,"41","35  day ahead inc hosp",2022-06-25,"quantile",0.3,37.6375654652382
2022-05-21,"41","35  day ahead inc hosp",2022-06-25,"quantile",0.35,43.0016251773327
2022-05-21,"41","35  day ahead inc hosp",2022-06-25,"quantile",0.4,48.0915932915676
2022-05-21,"41","35  day ahead inc hosp",2022-06-25,"quantile",0.45,53.0161963478109
2022-05-21,"41","35  day ahead inc hosp",2022-06-25,"quantile",0.5,57.8627216831318
2022-05-21,"41","35  day ahead inc hosp",2022-06-25,"quantile",0.55,62.7092470184527
2022-05-21,"41","35  day ahead inc hosp",2022-06-25,"quantile",0.6,67.633850074696
2022-05-21,"41","35  day ahead inc hosp",2022-06-25,"quantile",0.65,72.7238181889308
2022-05-21,"41","35  day ahead inc hosp",2022-06-25,"quantile",0.7,78.0878779010254
2022-05-21,"41","35  day ahead inc hosp",2022-06-25,"quantile",0.75,83.876541720487
2022-05-21,"41","35  day ahead inc hosp",2022-06-25,"quantile",0.8,90.3224933896965
2022-05-21,"41","35  day ahead inc hosp",2022-06-25,"quantile",0.85,97.8360373149253
2022-05-21,"41","35  day ahead inc hosp",2022-06-25,"quantile",0.9,107.289791234561
2022-05-21,"41","35  day ahead inc hosp",2022-06-25,"quantile",0.95,121.301678653
2022-05-21,"41","35  day ahead inc hosp",2022-06-25,"quantile",0.975,133.454901339977
2022-05-21,"41","35  day ahead inc hosp",2022-06-25,"quantile",0.99,147.585649158293
2022-05-21,"41","36  day ahead inc hosp",2022-06-26,"quantile",0.01,0
2022-05-21,"41","36  day ahead inc hosp",2022-06-26,"quantile",0.025,0
2022-05-21,"41","36  day ahead inc hosp",2022-06-26,"quantile",0.05,0
2022-05-21,"41","36  day ahead inc hosp",2022-06-26,"quantile",0.1,7.46647576694917
2022-05-21,"41","36  day ahead inc hosp",2022-06-26,"quantile",0.15,17.1351379347195
2022-05-21,"41","36  day ahead inc hosp",2022-06-26,"quantile",0.2,24.8194841228353
2022-05-21,"41","36  day ahead inc hosp",2022-06-26,"quantile",0.25,31.41196892508
2022-05-21,"41","36  day ahead inc hosp",2022-06-26,"quantile",0.3,37.3322240268041
2022-05-21,"41","36  day ahead inc hosp",2022-06-26,"quantile",0.35,42.8182226729363
2022-05-21,"41","36  day ahead inc hosp",2022-06-26,"quantile",0.4,48.0238989111384
2022-05-21,"41","36  day ahead inc hosp",2022-06-26,"quantile",0.45,53.0604509163993
2022-05-21,"41","36  day ahead inc hosp",2022-06-26,"quantile",0.5,58.0171502924458
2022-05-21,"41","36  day ahead inc hosp",2022-06-26,"quantile",0.55,62.9738496684924
2022-05-21,"41","36  day ahead inc hosp",2022-06-26,"quantile",0.6,68.0104016737532
2022-05-21,"41","36  day ahead inc hosp",2022-06-26,"quantile",0.65,73.2160779119554
2022-05-21,"41","36  day ahead inc hosp",2022-06-26,"quantile",0.7,78.7020765580875
2022-05-21,"41","36  day ahead inc hosp",2022-06-26,"quantile",0.75,84.6223316598116
2022-05-21,"41","36  day ahead inc hosp",2022-06-26,"quantile",0.8,91.2148164620563
2022-05-21,"41","36  day ahead inc hosp",2022-06-26,"quantile",0.85,98.8991626501721
2022-05-21,"41","36  day ahead inc hosp",2022-06-26,"quantile",0.9,108.567824817942
2022-05-21,"41","36  day ahead inc hosp",2022-06-26,"quantile",0.95,122.898238633805
2022-05-21,"41","36  day ahead inc hosp",2022-06-26,"quantile",0.975,135.327735467437
2022-05-21,"41","36  day ahead inc hosp",2022-06-26,"quantile",0.99,149.779711687114
2022-05-21,"41","37  day ahead inc hosp",2022-06-27,"quantile",0.01,0
2022-05-21,"41","37  day ahead inc hosp",2022-06-27,"quantile",0.025,0
2022-05-21,"41","37  day ahead inc hosp",2022-06-27,"quantile",0.05,0
2022-05-21,"41","37  day ahead inc hosp",2022-06-27,"quantile",0.1,6.3840232983306
2022-05-21,"41","37  day ahead inc hosp",2022-06-27,"quantile",0.15,16.2656907777238
2022-05-21,"41","37  day ahead inc hosp",2022-06-27,"quantile",0.2,24.1193268351117
2022-05-21,"41","37  day ahead inc hosp",2022-06-27,"quantile",0.25,30.8570472713361
2022-05-21,"41","37  day ahead inc hosp",2022-06-27,"quantile",0.3,36.9077284610699
2022-05-21,"41","37  day ahead inc hosp",2022-06-27,"quantile",0.35,42.5145863151158
2022-05-21,"41","37  day ahead inc hosp",2022-06-27,"quantile",0.4,47.8349461227803
2022-05-21,"41","37  day ahead inc hosp",2022-06-27,"quantile",0.45,52.9824558087182
2022-05-21,"41","37  day ahead inc hosp",2022-06-27,"quantile",0.5,58.0483536733349
2022-05-21,"41","37  day ahead inc hosp",2022-06-27,"quantile",0.55,63.1142515379515
2022-05-21,"41","37  day ahead inc hosp",2022-06-27,"quantile",0.6,68.2617612238894
2022-05-21,"41","37  day ahead inc hosp",2022-06-27,"quantile",0.65,73.582121031554
2022-05-21,"41","37  day ahead inc hosp",2022-06-27,"quantile",0.7,79.1889788855999
2022-05-21,"41","37  day ahead inc hosp",2022-06-27,"quantile",0.75,85.2396600753337
2022-05-21,"41","37  day ahead inc hosp",2022-06-27,"quantile",0.8,91.977380511558
2022-05-21,"41","37  day ahead inc hosp",2022-06-27,"quantile",0.85,99.8310165689459
2022-05-21,"41","37  day ahead inc hosp",2022-06-27,"quantile",0.9,109.712684048339
2022-05-21,"41","37  day ahead inc hosp",2022-06-27,"quantile",0.95,124.358803823058
2022-05-21,"41","37  day ahead inc hosp",2022-06-27,"quantile",0.975,137.062128493512
2022-05-21,"41","37  day ahead inc hosp",2022-06-27,"quantile",0.99,151.832488750693
2022-05-21,"42","1  day ahead inc hosp",2022-05-22,"quantile",0.01,134.747619838075
2022-05-21,"42","1  day ahead inc hosp",2022-05-22,"quantile",0.025,147.239324695789
2022-05-21,"42","1  day ahead inc hosp",2022-05-22,"quantile",0.05,157.982880014142
2022-05-21,"42","1  day ahead inc hosp",2022-05-22,"quantile",0.1,170.369511237139
2022-05-21,"42","1  day ahead inc hosp",2022-05-22,"quantile",0.15,178.726712517632
2022-05-21,"42","1  day ahead inc hosp",2022-05-22,"quantile",0.2,185.368751166695
2022-05-21,"42","1  day ahead inc hosp",2022-05-22,"quantile",0.25,191.067028909256
2022-05-21,"42","1  day ahead inc hosp",2022-05-22,"quantile",0.3,196.184258434753
2022-05-21,"42","1  day ahead inc hosp",2022-05-22,"quantile",0.35,200.926134209777
2022-05-21,"42","1  day ahead inc hosp",2022-05-22,"quantile",0.4,205.425710611231
2022-05-21,"42","1  day ahead inc hosp",2022-05-22,"quantile",0.45,209.779102852811
2022-05-21,"42","1  day ahead inc hosp",2022-05-22,"quantile",0.5,214.06347370513
2022-05-21,"42","1  day ahead inc hosp",2022-05-22,"quantile",0.55,218.347844557449
2022-05-21,"42","1  day ahead inc hosp",2022-05-22,"quantile",0.6,222.701236799029
2022-05-21,"42","1  day ahead inc hosp",2022-05-22,"quantile",0.65,227.200813200484
2022-05-21,"42","1  day ahead inc hosp",2022-05-22,"quantile",0.7,231.942688975507
2022-05-21,"42","1  day ahead inc hosp",2022-05-22,"quantile",0.75,237.059918501004
2022-05-21,"42","1  day ahead inc hosp",2022-05-22,"quantile",0.8,242.758196243565
2022-05-21,"42","1  day ahead inc hosp",2022-05-22,"quantile",0.85,249.400234892629
2022-05-21,"42","1  day ahead inc hosp",2022-05-22,"quantile",0.9,257.757436173121
2022-05-21,"42","1  day ahead inc hosp",2022-05-22,"quantile",0.95,270.144067396118
2022-05-21,"42","1  day ahead inc hosp",2022-05-22,"quantile",0.975,280.887622714472
2022-05-21,"42","1  day ahead inc hosp",2022-05-22,"quantile",0.99,293.379327572185
2022-05-21,"42","2  day ahead inc hosp",2022-05-23,"quantile",0.01,122.60589811753
2022-05-21,"42","2  day ahead inc hosp",2022-05-23,"quantile",0.025,137.769179165531
2022-05-21,"42","2  day ahead inc hosp",2022-05-23,"quantile",0.05,150.810437392693
2022-05-21,"42","2  day ahead inc hosp",2022-05-23,"quantile",0.1,165.846172915716
2022-05-21,"42","2  day ahead inc hosp",2022-05-23,"quantile",0.15,175.990712290785
2022-05-21,"42","2  day ahead inc hosp",2022-05-23,"quantile",0.2,184.053270597648
2022-05-21,"42","2  day ahead inc hosp",2022-05-23,"quantile",0.25,190.970227721132
2022-05-21,"42","2  day ahead inc hosp",2022-05-23,"quantile",0.3,197.181868995567
2022-05-21,"42","2  day ahead inc hosp",2022-05-23,"quantile",0.35,202.937880355937
2022-05-21,"42","2  day ahead inc hosp",2022-05-23,"quantile",0.4,208.39977225535
2022-05-21,"42","2  day ahead inc hosp",2022-05-23,"quantile",0.45,213.684215877992
2022-05-21,"42","2  day ahead inc hosp",2022-05-23,"quantile",0.5,218.88487664348
2022-05-21,"42","2  day ahead inc hosp",2022-05-23,"quantile",0.55,224.085537408969
2022-05-21,"42","2  day ahead inc hosp",2022-05-23,"quantile",0.6,229.369981031611
2022-05-21,"42","2  day ahead inc hosp",2022-05-23,"quantile",0.65,234.831872931024
2022-05-21,"42","2  day ahead inc hosp",2022-05-23,"quantile",0.7,240.587884291393
2022-05-21,"42","2  day ahead inc hosp",2022-05-23,"quantile",0.75,246.799525565829
2022-05-21,"42","2  day ahead inc hosp",2022-05-23,"quantile",0.8,253.716482689313
2022-05-21,"42","2  day ahead inc hosp",2022-05-23,"quantile",0.85,261.779040996175
2022-05-21,"42","2  day ahead inc hosp",2022-05-23,"quantile",0.9,271.923580371245
2022-05-21,"42","2  day ahead inc hosp",2022-05-23,"quantile",0.95,286.959315894268
2022-05-21,"42","2  day ahead inc hosp",2022-05-23,"quantile",0.975,300.00057412143
2022-05-21,"42","2  day ahead inc hosp",2022-05-23,"quantile",0.99,315.163855169431
2022-05-21,"42","3  day ahead inc hosp",2022-05-24,"quantile",0.01,118.539444466759
2022-05-21,"42","3  day ahead inc hosp",2022-05-24,"quantile",0.025,135.379341249019
2022-05-21,"42","3  day ahead inc hosp",2022-05-24,"quantile",0.05,149.862581502958
2022-05-21,"42","3  day ahead inc hosp",2022-05-24,"quantile",0.1,166.560829952719
2022-05-21,"42","3  day ahead inc hosp",2022-05-24,"quantile",0.15,177.82705890666
2022-05-21,"42","3  day ahead inc hosp",2022-05-24,"quantile",0.2,186.781100532527
2022-05-21,"42","3  day ahead inc hosp",2022-05-24,"quantile",0.25,194.462870964536
2022-05-21,"42","3  day ahead inc hosp",2022-05-24,"quantile",0.3,201.361338227577
2022-05-21,"42","3  day ahead inc hosp",2022-05-24,"quantile",0.35,207.753796223924
2022-05-21,"42","3  day ahead inc hosp",2022-05-24,"quantile",0.4,213.819613742626
2022-05-21,"42","3  day ahead inc hosp",2022-05-24,"quantile",0.45,219.688362391105
2022-05-21,"42","3  day ahead inc hosp",2022-05-24,"quantile",0.5,225.464064246998
2022-05-21,"42","3  day ahead inc hosp",2022-05-24,"quantile",0.55,231.239766102892
2022-05-21,"42","3  day ahead inc hosp",2022-05-24,"quantile",0.6,237.108514751371
2022-05-21,"42","3  day ahead inc hosp",2022-05-24,"quantile",0.65,243.174332270073
2022-05-21,"42","3  day ahead inc hosp",2022-05-24,"quantile",0.7,249.56679026642
2022-05-21,"42","3  day ahead inc hosp",2022-05-24,"quantile",0.75,256.46525752946
2022-05-21,"42","3  day ahead inc hosp",2022-05-24,"quantile",0.8,264.14702796147
2022-05-21,"42","3  day ahead inc hosp",2022-05-24,"quantile",0.85,273.101069587337
2022-05-21,"42","3  day ahead inc hosp",2022-05-24,"quantile",0.9,284.367298541278
2022-05-21,"42","3  day ahead inc hosp",2022-05-24,"quantile",0.95,301.065546991039
2022-05-21,"42","3  day ahead inc hosp",2022-05-24,"quantile",0.975,315.548787244978
2022-05-21,"42","3  day ahead inc hosp",2022-05-24,"quantile",0.99,332.388684027238
2022-05-21,"42","4  day ahead inc hosp",2022-05-25,"quantile",0.01,111.63731331746
2022-05-21,"42","4  day ahead inc hosp",2022-05-25,"quantile",0.025,130.226767434282
2022-05-21,"42","4  day ahead inc hosp",2022-05-25,"quantile",0.05,146.214723515293
2022-05-21,"42","4  day ahead inc hosp",2022-05-25,"quantile",0.1,164.647812945813
2022-05-21,"42","4  day ahead inc hosp",2022-05-25,"quantile",0.15,177.084530873297
2022-05-21,"42","4  day ahead inc hosp",2022-05-25,"quantile",0.2,186.96884003008
2022-05-21,"42","4  day ahead inc hosp",2022-05-25,"quantile",0.25,195.448697171023
2022-05-21,"42","4  day ahead inc hosp",2022-05-25,"quantile",0.3,203.063870964594
2022-05-21,"42","4  day ahead inc hosp",2022-05-25,"quantile",0.35,210.120464372101
2022-05-21,"42","4  day ahead inc hosp",2022-05-25,"quantile",0.4,216.816481450052
2022-05-21,"42","4  day ahead inc hosp",2022-05-25,"quantile",0.45,223.294955465343
2022-05-21,"42","4  day ahead inc hosp",2022-05-25,"quantile",0.5,229.670715722715
2022-05-21,"42","4  day ahead inc hosp",2022-05-25,"quantile",0.55,236.046475980087
2022-05-21,"42","4  day ahead inc hosp",2022-05-25,"quantile",0.6,242.524949995378
2022-05-21,"42","4  day ahead inc hosp",2022-05-25,"quantile",0.65,249.220967073329
2022-05-21,"42","4  day ahead inc hosp",2022-05-25,"quantile",0.7,256.277560480836
2022-05-21,"42","4  day ahead inc hosp",2022-05-25,"quantile",0.75,263.892734274407
2022-05-21,"42","4  day ahead inc hosp",2022-05-25,"quantile",0.8,272.372591415351
2022-05-21,"42","4  day ahead inc hosp",2022-05-25,"quantile",0.85,282.256900572133
2022-05-21,"42","4  day ahead inc hosp",2022-05-25,"quantile",0.9,294.693618499617
2022-05-21,"42","4  day ahead inc hosp",2022-05-25,"quantile",0.95,313.126707930138
2022-05-21,"42","4  day ahead inc hosp",2022-05-25,"quantile",0.975,329.114664011148
2022-05-21,"42","4  day ahead inc hosp",2022-05-25,"quantile",0.99,347.70411812797
2022-05-21,"42","5  day ahead inc hosp",2022-05-26,"quantile",0.01,103.182621191154
2022-05-21,"42","5  day ahead inc hosp",2022-05-26,"quantile",0.025,122.998985703999
2022-05-21,"42","5  day ahead inc hosp",2022-05-26,"quantile",0.05,140.042152411619
2022-05-21,"42","5  day ahead inc hosp",2022-05-26,"quantile",0.1,159.691832114828
2022-05-21,"42","5  day ahead inc hosp",2022-05-26,"quantile",0.15,172.949377723519
2022-05-21,"42","5  day ahead inc hosp",2022-05-26,"quantile",0.2,183.486054700559
2022-05-21,"42","5  day ahead inc hosp",2022-05-26,"quantile",0.25,192.525585343351
2022-05-21,"42","5  day ahead inc hosp",2022-05-26,"quantile",0.3,200.643363239018
2022-05-21,"42","5  day ahead inc hosp",2022-05-26,"quantile",0.35,208.165694250102
2022-05-21,"42","5  day ahead inc hosp",2022-05-26,"quantile",0.4,215.303650769268
2022-05-21,"42","5  day ahead inc hosp",2022-05-26,"quantile",0.45,222.209706308458
2022-05-21,"42","5  day ahead inc hosp",2022-05-26,"quantile",0.5,229.00626894621
2022-05-21,"42","5  day ahead inc hosp",2022-05-26,"quantile",0.55,235.802831583961
2022-05-21,"42","5  day ahead inc hosp",2022-05-26,"quantile",0.6,242.708887123152
2022-05-21,"42","5  day ahead inc hosp",2022-05-26,"quantile",0.65,249.846843642317
2022-05-21,"42","5  day ahead inc hosp",2022-05-26,"quantile",0.7,257.369174653402
2022-05-21,"42","5  day ahead inc hosp",2022-05-26,"quantile",0.75,265.486952549068
2022-05-21,"42","5  day ahead inc hosp",2022-05-26,"quantile",0.8,274.52648319186
2022-05-21,"42","5  day ahead inc hosp",2022-05-26,"quantile",0.85,285.0631601689
2022-05-21,"42","5  day ahead inc hosp",2022-05-26,"quantile",0.9,298.320705777591
2022-05-21,"42","5  day ahead inc hosp",2022-05-26,"quantile",0.95,317.9703854808
2022-05-21,"42","5  day ahead inc hosp",2022-05-26,"quantile",0.975,335.01355218842
2022-05-21,"42","5  day ahead inc hosp",2022-05-26,"quantile",0.99,354.829916701265
2022-05-21,"42","6  day ahead inc hosp",2022-05-27,"quantile",0.01,90.0317819936199
2022-05-21,"42","6  day ahead inc hosp",2022-05-27,"quantile",0.025,110.917243517389
2022-05-21,"42","6  day ahead inc hosp",2022-05-27,"quantile",0.05,128.879892634207
2022-05-21,"42","6  day ahead inc hosp",2022-05-27,"quantile",0.1,149.589676667991
2022-05-21,"42","6  day ahead inc hosp",2022-05-27,"quantile",0.15,163.562469635665
2022-05-21,"42","6  day ahead inc hosp",2022-05-27,"quantile",0.2,174.667602539822
2022-05-21,"42","6  day ahead inc hosp",2022-05-27,"quantile",0.25,184.194817751804
2022-05-21,"42","6  day ahead inc hosp",2022-05-27,"quantile",0.3,192.75055146313
2022-05-21,"42","6  day ahead inc hosp",2022-05-27,"quantile",0.35,200.678713805886
2022-05-21,"42","6  day ahead inc hosp",2022-05-27,"quantile",0.4,208.201764572475
2022-05-21,"42","6  day ahead inc hosp",2022-05-27,"quantile",0.45,215.480403252708
2022-05-21,"42","6  day ahead inc hosp",2022-05-27,"quantile",0.5,222.643641866563
2022-05-21,"42","6  day ahead inc hosp",2022-05-27,"quantile",0.55,229.806880480419
2022-05-21,"42","6  day ahead inc hosp",2022-05-27,"quantile",0.6,237.085519160652
2022-05-21,"42","6  day ahead inc hosp",2022-05-27,"quantile",0.65,244.608569927241
2022-05-21,"42","6  day ahead inc hosp",2022-05-27,"quantile",0.7,252.536732269997
2022-05-21,"42","6  day ahead inc hosp",2022-05-27,"quantile",0.75,261.092465981322
2022-05-21,"42","6  day ahead inc hosp",2022-05-27,"quantile",0.8,270.619681193305
2022-05-21,"42","6  day ahead inc hosp",2022-05-27,"quantile",0.85,281.724814097461
2022-05-21,"42","6  day ahead inc hosp",2022-05-27,"quantile",0.9,295.697607065135
2022-05-21,"42","6  day ahead inc hosp",2022-05-27,"quantile",0.95,316.40739109892
2022-05-21,"42","6  day ahead inc hosp",2022-05-27,"quantile",0.975,334.370040215738
2022-05-21,"42","6  day ahead inc hosp",2022-05-27,"quantile",0.99,355.255501739507
2022-05-21,"42","7  day ahead inc hosp",2022-05-28,"quantile",0.01,76.1800278623599
2022-05-21,"42","7  day ahead inc hosp",2022-05-28,"quantile",0.025,98.3143976776075
2022-05-21,"42","7  day ahead inc hosp",2022-05-28,"quantile",0.05,117.351176824704
2022-05-21,"42","7  day ahead inc hosp",2022-05-28,"quantile",0.1,139.299363991935
2022-05-21,"42","7  day ahead inc hosp",2022-05-28,"quantile",0.15,154.107701674414
2022-05-21,"42","7  day ahead inc hosp",2022-05-28,"quantile",0.2,165.87689903059
2022-05-21,"42","7  day ahead inc hosp",2022-05-28,"quantile",0.25,175.973822412986
2022-05-21,"42","7  day ahead inc hosp",2022-05-28,"quantile",0.3,185.041171668914
2022-05-21,"42","7  day ahead inc hosp",2022-05-28,"quantile",0.35,193.443422059702
2022-05-21,"42","7  day ahead inc hosp",2022-05-28,"quantile",0.4,201.416336022702
2022-05-21,"42","7  day ahead inc hosp",2022-05-28,"quantile",0.45,209.130222551687
2022-05-21,"42","7  day ahead inc hosp",2022-05-28,"quantile",0.5,216.721808324091
2022-05-21,"42","7  day ahead inc hosp",2022-05-28,"quantile",0.55,224.313394096495
2022-05-21,"42","7  day ahead inc hosp",2022-05-28,"quantile",0.6,232.02728062548
2022-05-21,"42","7  day ahead inc hosp",2022-05-28,"quantile",0.65,240.000194588481
2022-05-21,"42","7  day ahead inc hosp",2022-05-28,"quantile",0.7,248.402444979269
2022-05-21,"42","7  day ahead inc hosp",2022-05-28,"quantile",0.75,257.469794235196
2022-05-21,"42","7  day ahead inc hosp",2022-05-28,"quantile",0.8,267.566717617592
2022-05-21,"42","7  day ahead inc hosp",2022-05-28,"quantile",0.85,279.335914973769
2022-05-21,"42","7  day ahead inc hosp",2022-05-28,"quantile",0.9,294.144252656248
2022-05-21,"42","7  day ahead inc hosp",2022-05-28,"quantile",0.95,316.092439823479
2022-05-21,"42","7  day ahead inc hosp",2022-05-28,"quantile",0.975,335.129218970575
2022-05-21,"42","7  day ahead inc hosp",2022-05-28,"quantile",0.99,357.263588785822
2022-05-21,"42","8  day ahead inc hosp",2022-05-29,"quantile",0.01,67.9915794363568
2022-05-21,"42","8  day ahead inc hosp",2022-05-29,"quantile",0.025,91.5691700110858
2022-05-21,"42","8  day ahead inc hosp",2022-05-29,"quantile",0.05,111.847198630748
2022-05-21,"42","8  day ahead inc hosp",2022-05-29,"quantile",0.1,135.226466945404
2022-05-21,"42","8  day ahead inc hosp",2022-05-29,"quantile",0.15,151.000348283977
2022-05-21,"42","8  day ahead inc hosp",2022-05-29,"quantile",0.2,163.536929129661
2022-05-21,"42","8  day ahead inc hosp",2022-05-29,"quantile",0.25,174.292199216933
2022-05-21,"42","8  day ahead inc hosp",2022-05-29,"quantile",0.3,183.950764160899
2022-05-21,"42","8  day ahead inc hosp",2022-05-29,"quantile",0.35,192.900863995406
2022-05-21,"42","8  day ahead inc hosp",2022-05-29,"quantile",0.4,201.393633506181
2022-05-21,"42","8  day ahead inc hosp",2022-05-29,"quantile",0.45,209.610486293878
2022-05-21,"42","8  day ahead inc hosp",2022-05-29,"quantile",0.5,217.697063984984
2022-05-21,"42","8  day ahead inc hosp",2022-05-29,"quantile",0.55,225.783641676091
2022-05-21,"42","8  day ahead inc hosp",2022-05-29,"quantile",0.6,234.000494463787
2022-05-21,"42","8  day ahead inc hosp",2022-05-29,"quantile",0.65,242.493263974563
2022-05-21,"42","8  day ahead inc hosp",2022-05-29,"quantile",0.7,251.44336380907
2022-05-21,"42","8  day ahead inc hosp",2022-05-29,"quantile",0.75,261.101928753036
2022-05-21,"42","8  day ahead inc hosp",2022-05-29,"quantile",0.8,271.857198840308
2022-05-21,"42","8  day ahead inc hosp",2022-05-29,"quantile",0.85,284.393779685991
2022-05-21,"42","8  day ahead inc hosp",2022-05-29,"quantile",0.9,300.167661024565
2022-05-21,"42","8  day ahead inc hosp",2022-05-29,"quantile",0.95,323.546929339221
2022-05-21,"42","8  day ahead inc hosp",2022-05-29,"quantile",0.975,343.824957958883
2022-05-21,"42","8  day ahead inc hosp",2022-05-29,"quantile",0.99,367.402548533612
2022-05-21,"42","9  day ahead inc hosp",2022-05-30,"quantile",0.01,67.8902461972912
2022-05-21,"42","9  day ahead inc hosp",2022-05-30,"quantile",0.025,92.9574338216116
2022-05-21,"42","9  day ahead inc hosp",2022-05-30,"quantile",0.05,114.516598081815
2022-05-21,"42","9  day ahead inc hosp",2022-05-30,"quantile",0.1,139.372933741107
2022-05-21,"42","9  day ahead inc hosp",2022-05-30,"quantile",0.15,156.143385404712
2022-05-21,"42","9  day ahead inc hosp",2022-05-30,"quantile",0.2,169.47200875281
2022-05-21,"42","9  day ahead inc hosp",2022-05-30,"quantile",0.25,180.906780782351
2022-05-21,"42","9  day ahead inc hosp",2022-05-30,"quantile",0.3,191.175559471365
2022-05-21,"42","9  day ahead inc hosp",2022-05-30,"quantile",0.35,200.691113280686
2022-05-21,"42","9  day ahead inc hosp",2022-05-30,"quantile",0.4,209.720443317696
2022-05-21,"42","9  day ahead inc hosp",2022-05-30,"quantile",0.45,218.456424624089
2022-05-21,"42","9  day ahead inc hosp",2022-05-30,"quantile",0.5,227.053900247356
2022-05-21,"42","9  day ahead inc hosp",2022-05-30,"quantile",0.55,235.651375870623
2022-05-21,"42","9  day ahead inc hosp",2022-05-30,"quantile",0.6,244.387357177016
2022-05-21,"42","9  day ahead inc hosp",2022-05-30,"quantile",0.65,253.416687214026
2022-05-21,"42","9  day ahead inc hosp",2022-05-30,"quantile",0.7,262.932241023347
2022-05-21,"42","9  day ahead inc hosp",2022-05-30,"quantile",0.75,273.201019712361
2022-05-21,"42","9  day ahead inc hosp",2022-05-30,"quantile",0.8,284.635791741902
2022-05-21,"42","9  day ahead inc hosp",2022-05-30,"quantile",0.85,297.96441509
2022-05-21,"42","9  day ahead inc hosp",2022-05-30,"quantile",0.9,314.734866753606
2022-05-21,"42","9  day ahead inc hosp",2022-05-30,"quantile",0.95,339.591202412897
2022-05-21,"42","9  day ahead inc hosp",2022-05-30,"quantile",0.975,361.150366673101
2022-05-21,"42","9  day ahead inc hosp",2022-05-30,"quantile",0.99,386.217554297421
2022-05-21,"42","10  day ahead inc hosp",2022-05-31,"quantile",0.01,64.8001277036324
2022-05-21,"42","10  day ahead inc hosp",2022-05-31,"quantile",0.025,91.1923975574577
2022-05-21,"42","10  day ahead inc hosp",2022-05-31,"quantile",0.05,113.891205636996
2022-05-21,"42","10  day ahead inc hosp",2022-05-31,"quantile",0.1,140.061477632759
2022-05-21,"42","10  day ahead inc hosp",2022-05-31,"quantile",0.15,157.718435904655
2022-05-21,"42","10  day ahead inc hosp",2022-05-31,"quantile",0.2,171.751626602191
2022-05-21,"42","10  day ahead inc hosp",2022-05-31,"quantile",0.25,183.790854681683
2022-05-21,"42","10  day ahead inc hosp",2022-05-31,"quantile",0.3,194.602453585053
2022-05-21,"42","10  day ahead inc hosp",2022-05-31,"quantile",0.35,204.621011219358
2022-05-21,"42","10  day ahead inc hosp",2022-05-31,"quantile",0.4,214.127642697427
2022-05-21,"42","10  day ahead inc hosp",2022-05-31,"quantile",0.45,223.325418671808
2022-05-21,"42","10  day ahead inc hosp",2022-05-31,"quantile",0.5,232.377367383071
2022-05-21,"42","10  day ahead inc hosp",2022-05-31,"quantile",0.55,241.429316094335
2022-05-21,"42","10  day ahead inc hosp",2022-05-31,"quantile",0.6,250.627092068716
2022-05-21,"42","10  day ahead inc hosp",2022-05-31,"quantile",0.65,260.133723546784
2022-05-21,"42","10  day ahead inc hosp",2022-05-31,"quantile",0.7,270.15228118109
2022-05-21,"42","10  day ahead inc hosp",2022-05-31,"quantile",0.75,280.96388008446
2022-05-21,"42","10  day ahead inc hosp",2022-05-31,"quantile",0.8,293.003108163952
2022-05-21,"42","10  day ahead inc hosp",2022-05-31,"quantile",0.85,307.036298861488
2022-05-21,"42","10  day ahead inc hosp",2022-05-31,"quantile",0.9,324.693257133384
2022-05-21,"42","10  day ahead inc hosp",2022-05-31,"quantile",0.95,350.863529129147
2022-05-21,"42","10  day ahead inc hosp",2022-05-31,"quantile",0.975,373.562337208685
2022-05-21,"42","10  day ahead inc hosp",2022-05-31,"quantile",0.99,399.95460706251
2022-05-21,"42","11  day ahead inc hosp",2022-06-01,"quantile",0.01,60.2739538882209
2022-05-21,"42","11  day ahead inc hosp",2022-06-01,"quantile",0.025,87.7165300256065
2022-05-21,"42","11  day ahead inc hosp",2022-06-01,"quantile",0.05,111.318659452165
2022-05-21,"42","11  day ahead inc hosp",2022-06-01,"quantile",0.1,138.53040310883
2022-05-21,"42","11  day ahead inc hosp",2022-06-01,"quantile",0.15,156.890037365939
2022-05-21,"42","11  day ahead inc hosp",2022-06-01,"quantile",0.2,171.481692661239
2022-05-21,"42","11  day ahead inc hosp",2022-06-01,"quantile",0.25,184.000033638983
2022-05-21,"42","11  day ahead inc hosp",2022-06-01,"quantile",0.3,195.24189073259
2022-05-21,"42","11  day ahead inc hosp",2022-06-01,"quantile",0.35,205.659146701438
2022-05-21,"42","11  day ahead inc hosp",2022-06-01,"quantile",0.4,215.544103910192
2022-05-21,"42","11  day ahead inc hosp",2022-06-01,"quantile",0.45,225.10791440734
2022-05-21,"42","11  day ahead inc hosp",2022-06-01,"quantile",0.5,234.520094302301
2022-05-21,"42","11  day ahead inc hosp",2022-06-01,"quantile",0.55,243.932274197261
2022-05-21,"42","11  day ahead inc hosp",2022-06-01,"quantile",0.6,253.496084694409
2022-05-21,"42","11  day ahead inc hosp",2022-06-01,"quantile",0.65,263.381041903164
2022-05-21,"42","11  day ahead inc hosp",2022-06-01,"quantile",0.7,273.798297872012
2022-05-21,"42","11  day ahead inc hosp",2022-06-01,"quantile",0.75,285.040154965619
2022-05-21,"42","11  day ahead inc hosp",2022-06-01,"quantile",0.8,297.558495943363
2022-05-21,"42","11  day ahead inc hosp",2022-06-01,"quantile",0.85,312.150151238663
2022-05-21,"42","11  day ahead inc hosp",2022-06-01,"quantile",0.9,330.509785495772
2022-05-21,"42","11  day ahead inc hosp",2022-06-01,"quantile",0.95,357.721529152436
2022-05-21,"42","11  day ahead inc hosp",2022-06-01,"quantile",0.975,381.323658578995
2022-05-21,"42","11  day ahead inc hosp",2022-06-01,"quantile",0.99,408.76623471638
2022-05-21,"42","12  day ahead inc hosp",2022-06-02,"quantile",0.01,56.8848066651601
2022-05-21,"42","12  day ahead inc hosp",2022-06-02,"quantile",0.025,85.1729158511617
2022-05-21,"42","12  day ahead inc hosp",2022-06-02,"quantile",0.05,109.502250345785
2022-05-21,"42","12  day ahead inc hosp",2022-06-02,"quantile",0.1,137.552414872888
2022-05-21,"42","12  day ahead inc hosp",2022-06-02,"quantile",0.15,156.47772771087
2022-05-21,"42","12  day ahead inc hosp",2022-06-02,"quantile",0.2,171.518966409872
2022-05-21,"42","12  day ahead inc hosp",2022-06-02,"quantile",0.25,184.423009916327
2022-05-21,"42","12  day ahead inc hosp",2022-06-02,"quantile",0.3,196.011239801353
2022-05-21,"42","12  day ahead inc hosp",2022-06-02,"quantile",0.35,206.749461781317
2022-05-21,"42","12  day ahead inc hosp",2022-06-02,"quantile",0.4,216.938984347286
2022-05-21,"42","12  day ahead inc hosp",2022-06-02,"quantile",0.45,226.797465352244
2022-05-21,"42","12  day ahead inc hosp",2022-06-02,"quantile",0.5,236.499643865442
2022-05-21,"42","12  day ahead inc hosp",2022-06-02,"quantile",0.55,246.20182237864
2022-05-21,"42","12  day ahead inc hosp",2022-06-02,"quantile",0.6,256.060303383598
2022-05-21,"42","12  day ahead inc hosp",2022-06-02,"quantile",0.65,266.249825949567
2022-05-21,"42","12  day ahead inc hosp",2022-06-02,"quantile",0.7,276.988047929531
2022-05-21,"42","12  day ahead inc hosp",2022-06-02,"quantile",0.75,288.576277814558
2022-05-21,"42","12  day ahead inc hosp",2022-06-02,"quantile",0.8,301.480321321012
2022-05-21,"42","12  day ahead inc hosp",2022-06-02,"quantile",0.85,316.521560020014
2022-05-21,"42","12  day ahead inc hosp",2022-06-02,"quantile",0.9,335.446872857996
2022-05-21,"42","12  day ahead inc hosp",2022-06-02,"quantile",0.95,363.497037385099
2022-05-21,"42","12  day ahead inc hosp",2022-06-02,"quantile",0.975,387.826371879723
2022-05-21,"42","12  day ahead inc hosp",2022-06-02,"quantile",0.99,416.114481065724
2022-05-21,"42","13  day ahead inc hosp",2022-06-03,"quantile",0.01,43.5812171069569
2022-05-21,"42","13  day ahead inc hosp",2022-06-03,"quantile",0.025,72.6709487524305
2022-05-21,"42","13  day ahead inc hosp",2022-06-03,"quantile",0.05,97.6897227860015
2022-05-21,"42","13  day ahead inc hosp",2022-06-03,"quantile",0.1,126.534766947122
2022-05-21,"42","13  day ahead inc hosp",2022-06-03,"quantile",0.15,145.996381300475
2022-05-21,"42","13  day ahead inc hosp",2022-06-03,"quantile",0.2,161.463855442791
2022-05-21,"42","13  day ahead inc hosp",2022-06-03,"quantile",0.25,174.733571006885
2022-05-21,"42","13  day ahead inc hosp",2022-06-03,"quantile",0.3,186.650185701243
2022-05-21,"42","13  day ahead inc hosp",2022-06-03,"quantile",0.35,197.692705146171
2022-05-21,"42","13  day ahead inc hosp",2022-06-03,"quantile",0.4,208.170976249076
2022-05-21,"42","13  day ahead inc hosp",2022-06-03,"quantile",0.45,218.308824805181
2022-05-21,"42","13  day ahead inc hosp",2022-06-03,"quantile",0.5,228.285941602548
2022-05-21,"42","13  day ahead inc hosp",2022-06-03,"quantile",0.55,238.263058399915
2022-05-21,"42","13  day ahead inc hosp",2022-06-03,"quantile",0.6,248.40090695602
2022-05-21,"42","13  day ahead inc hosp",2022-06-03,"quantile",0.65,258.879178058926
2022-05-21,"42","13  day ahead inc hosp",2022-06-03,"quantile",0.7,269.921697503853
2022-05-21,"42","13  day ahead inc hosp",2022-06-03,"quantile",0.75,281.838312198211
2022-05-21,"42","13  day ahead inc hosp",2022-06-03,"quantile",0.8,295.108027762305
2022-05-21,"42","13  day ahead inc hosp",2022-06-03,"quantile",0.85,310.575501904621
2022-05-21,"42","13  day ahead inc hosp",2022-06-03,"quantile",0.9,330.037116257974
2022-05-21,"42","13  day ahead inc hosp",2022-06-03,"quantile",0.95,358.882160419094
2022-05-21,"42","13  day ahead inc hosp",2022-06-03,"quantile",0.975,383.900934452666
2022-05-21,"42","13  day ahead inc hosp",2022-06-03,"quantile",0.99,412.990666098139
2022-05-21,"42","14  day ahead inc hosp",2022-06-04,"quantile",0.01,34.8062961218175
2022-05-21,"42","14  day ahead inc hosp",2022-06-04,"quantile",0.025,64.8015328895239
2022-05-21,"42","14  day ahead inc hosp",2022-06-04,"quantile",0.05,90.5990912830019
2022-05-21,"42","14  day ahead inc hosp",2022-06-04,"quantile",0.1,120.342023934716
2022-05-21,"42","14  day ahead inc hosp",2022-06-04,"quantile",0.15,140.409439389938
2022-05-21,"42","14  day ahead inc hosp",2022-06-04,"quantile",0.2,156.358385043733
2022-05-21,"42","14  day ahead inc hosp",2022-06-04,"quantile",0.25,170.04116029364
2022-05-21,"42","14  day ahead inc hosp",2022-06-04,"quantile",0.3,182.328715352003
2022-05-21,"42","14  day ahead inc hosp",2022-06-04,"quantile",0.35,193.714966325348
2022-05-21,"42","14  day ahead inc hosp",2022-06-04,"quantile",0.4,204.519405035142
2022-05-21,"42","14  day ahead inc hosp",2022-06-04,"quantile",0.45,214.972824525619
2022-05-21,"42","14  day ahead inc hosp",2022-06-04,"quantile",0.5,225.260508999416
2022-05-21,"42","14  day ahead inc hosp",2022-06-04,"quantile",0.55,235.548193473214
2022-05-21,"42","14  day ahead inc hosp",2022-06-04,"quantile",0.6,246.00161296369
2022-05-21,"42","14  day ahead inc hosp",2022-06-04,"quantile",0.65,256.806051673484
2022-05-21,"42","14  day ahead inc hosp",2022-06-04,"quantile",0.7,268.192302646829
2022-05-21,"42","14  day ahead inc hosp",2022-06-04,"quantile",0.75,280.479857705193
2022-05-21,"42","14  day ahead inc hosp",2022-06-04,"quantile",0.8,294.1626329551
2022-05-21,"42","14  day ahead inc hosp",2022-06-04,"quantile",0.85,310.111578608894
2022-05-21,"42","14  day ahead inc hosp",2022-06-04,"quantile",0.9,330.178994064116
2022-05-21,"42","14  day ahead inc hosp",2022-06-04,"quantile",0.95,359.92192671583
2022-05-21,"42","14  day ahead inc hosp",2022-06-04,"quantile",0.975,385.719485109308
2022-05-21,"42","14  day ahead inc hosp",2022-06-04,"quantile",0.99,415.714721877015
2022-05-21,"42","15  day ahead inc hosp",2022-06-05,"quantile",0.01,26.8892970218477
2022-05-21,"42","15  day ahead inc hosp",2022-06-05,"quantile",0.025,57.9467641425101
2022-05-21,"42","15  day ahead inc hosp",2022-06-05,"quantile",0.05,84.6578992405138
2022-05-21,"42","15  day ahead inc hosp",2022-06-05,"quantile",0.1,115.454127323541
2022-05-21,"42","15  day ahead inc hosp",2022-06-05,"quantile",0.15,136.232196205738
2022-05-21,"42","15  day ahead inc hosp",2022-06-05,"quantile",0.2,152.745946675121
2022-05-21,"42","15  day ahead inc hosp",2022-06-05,"quantile",0.25,166.913274165628
2022-05-21,"42","15  day ahead inc hosp",2022-06-05,"quantile",0.3,179.635972111768
2022-05-21,"42","15  day ahead inc hosp",2022-06-05,"quantile",0.35,191.425447819891
2022-05-21,"42","15  day ahead inc hosp",2022-06-05,"quantile",0.4,202.612507371556
2022-05-21,"42","15  day ahead inc hosp",2022-06-05,"quantile",0.45,213.436116954578
2022-05-21,"42","15  day ahead inc hosp",2022-06-05,"quantile",0.5,224.088122296863
2022-05-21,"42","15  day ahead inc hosp",2022-06-05,"quantile",0.55,234.740127639148
2022-05-21,"42","15  day ahead inc hosp",2022-06-05,"quantile",0.6,245.56373722217
2022-05-21,"42","15  day ahead inc hosp",2022-06-05,"quantile",0.65,256.750796773836
2022-05-21,"42","15  day ahead inc hosp",2022-06-05,"quantile",0.7,268.540272481959
2022-05-21,"42","15  day ahead inc hosp",2022-06-05,"quantile",0.75,281.262970428098
2022-05-21,"42","15  day ahead inc hosp",2022-06-05,"quantile",0.8,295.430297918605
2022-05-21,"42","15  day ahead inc hosp",2022-06-05,"quantile",0.85,311.944048387988
2022-05-21,"42","15  day ahead inc hosp",2022-06-05,"quantile",0.9,332.722117270186
2022-05-21,"42","15  day ahead inc hosp",2022-06-05,"quantile",0.95,363.518345353213
2022-05-21,"42","15  day ahead inc hosp",2022-06-05,"quantile",0.975,390.229480451216
2022-05-21,"42","15  day ahead inc hosp",2022-06-05,"quantile",0.99,421.286947571879
2022-05-21,"42","16  day ahead inc hosp",2022-06-06,"quantile",0.01,29.3527328443267
2022-05-21,"42","16  day ahead inc hosp",2022-06-06,"quantile",0.025,61.5384030272294
2022-05-21,"42","16  day ahead inc hosp",2022-06-06,"quantile",0.05,89.2198549993169
2022-05-21,"42","16  day ahead inc hosp",2022-06-06,"quantile",0.1,121.134796295296
2022-05-21,"42","16  day ahead inc hosp",2022-06-06,"quantile",0.15,142.66765567117
2022-05-21,"42","16  day ahead inc hosp",2022-06-06,"quantile",0.2,159.781289697581
2022-05-21,"42","16  day ahead inc hosp",2022-06-06,"quantile",0.25,174.463263865374
2022-05-21,"42","16  day ahead inc hosp",2022-06-06,"quantile",0.3,187.64813043354
2022-05-21,"42","16  day ahead inc hosp",2022-06-06,"quantile",0.35,199.865874246864
2022-05-21,"42","16  day ahead inc hosp",2022-06-06,"quantile",0.4,211.459318349936
2022-05-21,"42","16  day ahead inc hosp",2022-06-06,"quantile",0.45,222.676109689494
2022-05-21,"42","16  day ahead inc hosp",2022-06-06,"quantile",0.5,233.715063040111
2022-05-21,"42","16  day ahead inc hosp",2022-06-06,"quantile",0.55,244.754016390727
2022-05-21,"42","16  day ahead inc hosp",2022-06-06,"quantile",0.6,255.970807730285
2022-05-21,"42","16  day ahead inc hosp",2022-06-06,"quantile",0.65,267.564251833357
2022-05-21,"42","16  day ahead inc hosp",2022-06-06,"quantile",0.7,279.781995646681
2022-05-21,"42","16  day ahead inc hosp",2022-06-06,"quantile",0.75,292.966862214847
2022-05-21,"42","16  day ahead inc hosp",2022-06-06,"quantile",0.8,307.64883638264
2022-05-21,"42","16  day ahead inc hosp",2022-06-06,"quantile",0.85,324.762470409051
2022-05-21,"42","16  day ahead inc hosp",2022-06-06,"quantile",0.9,346.295329784925
2022-05-21,"42","16  day ahead inc hosp",2022-06-06,"quantile",0.95,378.210271080904
2022-05-21,"42","16  day ahead inc hosp",2022-06-06,"quantile",0.975,405.891723052992
2022-05-21,"42","16  day ahead inc hosp",2022-06-06,"quantile",0.99,438.077393235894
2022-05-21,"42","17  day ahead inc hosp",2022-06-07,"quantile",0.01,26.4236951549642
2022-05-21,"42","17  day ahead inc hosp",2022-06-07,"quantile",0.025,59.6406330335438
2022-05-21,"42","17  day ahead inc hosp",2022-06-07,"quantile",0.05,88.209032116753
2022-05-21,"42","17  day ahead inc hosp",2022-06-07,"quantile",0.1,121.146566628314
2022-05-21,"42","17  day ahead inc hosp",2022-06-07,"quantile",0.15,143.369364791968
2022-05-21,"42","17  day ahead inc hosp",2022-06-07,"quantile",0.2,161.031340295402
2022-05-21,"42","17  day ahead inc hosp",2022-06-07,"quantile",0.25,176.18374262523
2022-05-21,"42","17  day ahead inc hosp",2022-06-07,"quantile",0.3,189.791068222096
2022-05-21,"42","17  day ahead inc hosp",2022-06-07,"quantile",0.35,202.400283284493
2022-05-21,"42","17  day ahead inc hosp",2022-06-07,"quantile",0.4,214.365195320878
2022-05-21,"42","17  day ahead inc hosp",2022-06-07,"quantile",0.45,225.941386184879
2022-05-21,"42","17  day ahead inc hosp",2022-06-07,"quantile",0.5,237.334040916262
2022-05-21,"42","17  day ahead inc hosp",2022-06-07,"quantile",0.55,248.726695647645
2022-05-21,"42","17  day ahead inc hosp",2022-06-07,"quantile",0.6,260.302886511647
2022-05-21,"42","17  day ahead inc hosp",2022-06-07,"quantile",0.65,272.267798548032
2022-05-21,"42","17  day ahead inc hosp",2022-06-07,"quantile",0.7,284.877013610429
2022-05-21,"42","17  day ahead inc hosp",2022-06-07,"quantile",0.75,298.484339207295
2022-05-21,"42","17  day ahead inc hosp",2022-06-07,"quantile",0.8,313.636741537123
2022-05-21,"42","17  day ahead inc hosp",2022-06-07,"quantile",0.85,331.298717040557
2022-05-21,"42","17  day ahead inc hosp",2022-06-07,"quantile",0.9,353.521515204211
2022-05-21,"42","17  day ahead inc hosp",2022-06-07,"quantile",0.95,386.459049715772
2022-05-21,"42","17  day ahead inc hosp",2022-06-07,"quantile",0.975,415.027448798981
2022-05-21,"42","17  day ahead inc hosp",2022-06-07,"quantile",0.99,448.244386677561
2022-05-21,"42","18  day ahead inc hosp",2022-06-08,"quantile",0.01,22.3813543684229
2022-05-21,"42","18  day ahead inc hosp",2022-06-08,"quantile",0.025,56.4430652812395
2022-05-21,"42","18  day ahead inc hosp",2022-06-08,"quantile",0.05,85.7380157782196
2022-05-21,"42","18  day ahead inc hosp",2022-06-08,"quantile",0.1,119.51321753868
2022-05-21,"42","18  day ahead inc hosp",2022-06-08,"quantile",0.15,142.301185818332
2022-05-21,"42","18  day ahead inc hosp",2022-06-08,"quantile",0.2,160.412340613705
2022-05-21,"42","18  day ahead inc hosp",2022-06-08,"quantile",0.25,175.950098780333
2022-05-21,"42","18  day ahead inc hosp",2022-06-08,"quantile",0.3,189.903485828569
2022-05-21,"42","18  day ahead inc hosp",2022-06-08,"quantile",0.35,202.833378399126
2022-05-21,"42","18  day ahead inc hosp",2022-06-08,"quantile",0.4,215.102582031633
2022-05-21,"42","18  day ahead inc hosp",2022-06-08,"quantile",0.45,226.97317853642
2022-05-21,"42","18  day ahead inc hosp",2022-06-08,"quantile",0.5,238.655571218382
2022-05-21,"42","18  day ahead inc hosp",2022-06-08,"quantile",0.55,250.337963900344
2022-05-21,"42","18  day ahead inc hosp",2022-06-08,"quantile",0.6,262.208560405131
2022-05-21,"42","18  day ahead inc hosp",2022-06-08,"quantile",0.65,274.477764037638
2022-05-21,"42","18  day ahead inc hosp",2022-06-08,"quantile",0.7,287.407656608195
2022-05-21,"42","18  day ahead inc hosp",2022-06-08,"quantile",0.75,301.361043656431
2022-05-21,"42","18  day ahead inc hosp",2022-06-08,"quantile",0.8,316.898801823059
2022-05-21,"42","18  day ahead inc hosp",2022-06-08,"quantile",0.85,335.009956618432
2022-05-21,"42","18  day ahead inc hosp",2022-06-08,"quantile",0.9,357.797924898084
2022-05-21,"42","18  day ahead inc hosp",2022-06-08,"quantile",0.95,391.573126658545
2022-05-21,"42","18  day ahead inc hosp",2022-06-08,"quantile",0.975,420.868077155525
2022-05-21,"42","18  day ahead inc hosp",2022-06-08,"quantile",0.99,454.929788068341
2022-05-21,"42","19  day ahead inc hosp",2022-06-09,"quantile",0.01,17.2756079464376
2022-05-21,"42","19  day ahead inc hosp",2022-06-09,"quantile",0.025,52.0361946147065
2022-05-21,"42","19  day ahead inc hosp",2022-06-09,"quantile",0.05,81.9322168168606
2022-05-21,"42","19  day ahead inc hosp",2022-06-09,"quantile",0.1,116.400415758417
2022-05-21,"42","19  day ahead inc hosp",2022-06-09,"quantile",0.15,139.655945946143
2022-05-21,"42","19  day ahead inc hosp",2022-06-09,"quantile",0.2,158.138704124039
2022-05-21,"42","19  day ahead inc hosp",2022-06-09,"quantile",0.25,173.99526490468
2022-05-21,"42","19  day ahead inc hosp",2022-06-09,"quantile",0.3,188.234946553308
2022-05-21,"42","19  day ahead inc hosp",2022-06-09,"quantile",0.35,201.430133737553
2022-05-21,"42","19  day ahead inc hosp",2022-06-09,"quantile",0.4,213.951076015233
2022-05-21,"42","19  day ahead inc hosp",2022-06-09,"quantile",0.45,226.065232572572
2022-05-21,"42","19  day ahead inc hosp",2022-06-09,"quantile",0.5,237.987323754471
2022-05-21,"42","19  day ahead inc hosp",2022-06-09,"quantile",0.55,249.90941493637
2022-05-21,"42","19  day ahead inc hosp",2022-06-09,"quantile",0.6,262.02357149371
2022-05-21,"42","19  day ahead inc hosp",2022-06-09,"quantile",0.65,274.54451377139
2022-05-21,"42","19  day ahead inc hosp",2022-06-09,"quantile",0.7,287.739700955635
2022-05-21,"42","19  day ahead inc hosp",2022-06-09,"quantile",0.75,301.979382604263
2022-05-21,"42","19  day ahead inc hosp",2022-06-09,"quantile",0.8,317.835943384904
2022-05-21,"42","19  day ahead inc hosp",2022-06-09,"quantile",0.85,336.318701562799
2022-05-21,"42","19  day ahead inc hosp",2022-06-09,"quantile",0.9,359.574231750526
2022-05-21,"42","19  day ahead inc hosp",2022-06-09,"quantile",0.95,394.042430692082
2022-05-21,"42","19  day ahead inc hosp",2022-06-09,"quantile",0.975,423.938452894236
2022-05-21,"42","19  day ahead inc hosp",2022-06-09,"quantile",0.99,458.699039562505
2022-05-21,"42","20  day ahead inc hosp",2022-06-10,"quantile",0.01,12.1722959048903
2022-05-21,"42","20  day ahead inc hosp",2022-06-10,"quantile",0.025,47.6007736387904
2022-05-21,"42","20  day ahead inc hosp",2022-06-10,"quantile",0.05,78.0712190035133
2022-05-21,"42","20  day ahead inc hosp",2022-06-10,"quantile",0.1,113.201691063218
2022-05-21,"42","20  day ahead inc hosp",2022-06-10,"quantile",0.15,136.904053779611
2022-05-21,"42","20  day ahead inc hosp",2022-06-10,"quantile",0.2,155.741940286411
2022-05-21,"42","20  day ahead inc hosp",2022-06-10,"quantile",0.25,171.903169552025
2022-05-21,"42","20  day ahead inc hosp",2022-06-10,"quantile",0.3,186.416452916336
2022-05-21,"42","20  day ahead inc hosp",2022-06-10,"quantile",0.35,199.865172864966
2022-05-21,"42","20  day ahead inc hosp",2022-06-10,"quantile",0.4,212.626692943026
2022-05-21,"42","20  day ahead inc hosp",2022-06-10,"quantile",0.45,224.973611306417
2022-05-21,"42","20  day ahead inc hosp",2022-06-10,"quantile",0.5,237.12477394387
2022-05-21,"42","20  day ahead inc hosp",2022-06-10,"quantile",0.55,249.275936581324
2022-05-21,"42","20  day ahead inc hosp",2022-06-10,"quantile",0.6,261.622854944715
2022-05-21,"42","20  day ahead inc hosp",2022-06-10,"quantile",0.65,274.384375022774
2022-05-21,"42","20  day ahead inc hosp",2022-06-10,"quantile",0.7,287.833094971405
2022-05-21,"42","20  day ahead inc hosp",2022-06-10,"quantile",0.75,302.346378335715
2022-05-21,"42","20  day ahead inc hosp",2022-06-10,"quantile",0.8,318.50760760133
2022-05-21,"42","20  day ahead inc hosp",2022-06-10,"quantile",0.85,337.34549410813
2022-05-21,"42","20  day ahead inc hosp",2022-06-10,"quantile",0.9,361.047856824523
2022-05-21,"42","20  day ahead inc hosp",2022-06-10,"quantile",0.95,396.178328884227
2022-05-21,"42","20  day ahead inc hosp",2022-06-10,"quantile",0.975,426.64877424895
2022-05-21,"42","20  day ahead inc hosp",2022-06-10,"quantile",0.99,462.07725198285
2022-05-21,"42","21  day ahead inc hosp",2022-06-11,"quantile",0.01,2.81755045603748
2022-05-21,"42","21  day ahead inc hosp",2022-06-11,"quantile",0.025,38.995605755658
2022-05-21,"42","21  day ahead inc hosp",2022-06-11,"quantile",0.05,70.1107291794962
2022-05-21,"42","21  day ahead inc hosp",2022-06-11,"quantile",0.1,105.984473753671
2022-05-21,"42","21  day ahead inc hosp",2022-06-11,"quantile",0.15,130.188318906882
2022-05-21,"42","21  day ahead inc hosp",2022-06-11,"quantile",0.2,149.424767757149
2022-05-21,"42","21  day ahead inc hosp",2022-06-11,"quantile",0.25,165.927928024794
2022-05-21,"42","21  day ahead inc hosp",2022-06-11,"quantile",0.3,180.74827599675
2022-05-21,"42","21  day ahead inc hosp",2022-06-11,"quantile",0.35,194.481537066138
2022-05-21,"42","21  day ahead inc hosp",2022-06-11,"quantile",0.4,207.51305884246
2022-05-21,"42","21  day ahead inc hosp",2022-06-11,"quantile",0.45,220.121206973624
2022-05-21,"42","21  day ahead inc hosp",2022-06-11,"quantile",0.5,232.529457679576
2022-05-21,"42","21  day ahead inc hosp",2022-06-11,"quantile",0.55,244.937708385529
2022-05-21,"42","21  day ahead inc hosp",2022-06-11,"quantile",0.6,257.545856516693
2022-05-21,"42","21  day ahead inc hosp",2022-06-11,"quantile",0.65,270.577378293014
2022-05-21,"42","21  day ahead inc hosp",2022-06-11,"quantile",0.7,284.310639362403
2022-05-21,"42","21  day ahead inc hosp",2022-06-11,"quantile",0.75,299.130987334358
2022-05-21,"42","21  day ahead inc hosp",2022-06-11,"quantile",0.8,315.634147602003
2022-05-21,"42","21  day ahead inc hosp",2022-06-11,"quantile",0.85,334.87059645227
2022-05-21,"42","21  day ahead inc hosp",2022-06-11,"quantile",0.9,359.074441605482
2022-05-21,"42","21  day ahead inc hosp",2022-06-11,"quantile",0.95,394.948186179656
2022-05-21,"42","21  day ahead inc hosp",2022-06-11,"quantile",0.975,426.063309603495
2022-05-21,"42","21  day ahead inc hosp",2022-06-11,"quantile",0.99,462.241364903115
2022-05-21,"42","22  day ahead inc hosp",2022-06-12,"quantile",0.01,14.9493623718765
2022-05-21,"42","22  day ahead inc hosp",2022-06-12,"quantile",0.025,52.3282030951455
2022-05-21,"42","22  day ahead inc hosp",2022-06-12,"quantile",0.05,84.4760682280927
2022-05-21,"42","22  day ahead inc hosp",2022-06-12,"quantile",0.1,121.540497852075
2022-05-21,"42","22  day ahead inc hosp",2022-06-12,"quantile",0.15,146.547692555601
2022-05-21,"42","22  day ahead inc hosp",2022-06-12,"quantile",0.2,166.422618161759
2022-05-21,"42","22  day ahead inc hosp",2022-06-12,"quantile",0.25,183.473534634911
2022-05-21,"42","22  day ahead inc hosp",2022-06-12,"quantile",0.3,198.785784608528
2022-05-21,"42","22  day ahead inc hosp",2022-06-12,"quantile",0.35,212.97486619051
2022-05-21,"42","22  day ahead inc hosp",2022-06-12,"quantile",0.4,226.438917058497
2022-05-21,"42","22  day ahead inc hosp",2022-06-12,"quantile",0.45,239.465542091465
2022-05-21,"42","22  day ahead inc hosp",2022-06-12,"quantile",0.5,252.285634906046
2022-05-21,"42","22  day ahead inc hosp",2022-06-12,"quantile",0.55,265.105727720627
2022-05-21,"42","22  day ahead inc hosp",2022-06-12,"quantile",0.6,278.132352753596
2022-05-21,"42","22  day ahead inc hosp",2022-06-12,"quantile",0.65,291.596403621583
2022-05-21,"42","22  day ahead inc hosp",2022-06-12,"quantile",0.7,305.785485203564
2022-05-21,"42","22  day ahead inc hosp",2022-06-12,"quantile",0.75,321.097735177182
2022-05-21,"42","22  day ahead inc hosp",2022-06-12,"quantile",0.8,338.148651650333
2022-05-21,"42","22  day ahead inc hosp",2022-06-12,"quantile",0.85,358.023577256492
2022-05-21,"42","22  day ahead inc hosp",2022-06-12,"quantile",0.9,383.030771960018
2022-05-21,"42","22  day ahead inc hosp",2022-06-12,"quantile",0.95,420.095201584
2022-05-21,"42","22  day ahead inc hosp",2022-06-12,"quantile",0.975,452.243066716947
2022-05-21,"42","22  day ahead inc hosp",2022-06-12,"quantile",0.99,489.621907440216
2022-05-21,"42","23  day ahead inc hosp",2022-06-13,"quantile",0.01,7.87389317958505
2022-05-21,"42","23  day ahead inc hosp",2022-06-13,"quantile",0.025,46.4005992262818
2022-05-21,"42","23  day ahead inc hosp",2022-06-13,"quantile",0.05,79.5356918626591
2022-05-21,"42","23  day ahead inc hosp",2022-06-13,"quantile",0.1,117.738331572207
2022-05-21,"42","23  day ahead inc hosp",2022-06-13,"quantile",0.15,143.513471216801
2022-05-21,"42","23  day ahead inc hosp",2022-06-13,"quantile",0.2,163.998735117769
2022-05-21,"42","23  day ahead inc hosp",2022-06-13,"quantile",0.25,181.573267502315
2022-05-21,"42","23  day ahead inc hosp",2022-06-13,"quantile",0.3,197.355740747396
2022-05-21,"42","23  day ahead inc hosp",2022-06-13,"quantile",0.35,211.980554267663
2022-05-21,"42","23  day ahead inc hosp",2022-06-13,"quantile",0.4,225.858072134765
2022-05-21,"42","23  day ahead inc hosp",2022-06-13,"quantile",0.45,239.284731274391
2022-05-21,"42","23  day ahead inc hosp",2022-06-13,"quantile",0.5,252.498515806004
2022-05-21,"42","23  day ahead inc hosp",2022-06-13,"quantile",0.55,265.712300337616
2022-05-21,"42","23  day ahead inc hosp",2022-06-13,"quantile",0.6,279.138959477243
2022-05-21,"42","23  day ahead inc hosp",2022-06-13,"quantile",0.65,293.016477344344
2022-05-21,"42","23  day ahead inc hosp",2022-06-13,"quantile",0.7,307.641290864612
2022-05-21,"42","23  day ahead inc hosp",2022-06-13,"quantile",0.75,323.423764109692
2022-05-21,"42","23  day ahead inc hosp",2022-06-13,"quantile",0.8,340.998296494238
2022-05-21,"42","23  day ahead inc hosp",2022-06-13,"quantile",0.85,361.483560395206
2022-05-21,"42","23  day ahead inc hosp",2022-06-13,"quantile",0.9,387.2587000398
2022-05-21,"42","23  day ahead inc hosp",2022-06-13,"quantile",0.95,425.461339749348
2022-05-21,"42","23  day ahead inc hosp",2022-06-13,"quantile",0.975,458.596432385725
2022-05-21,"42","23  day ahead inc hosp",2022-06-13,"quantile",0.99,497.123138432422
2022-05-21,"42","24  day ahead inc hosp",2022-06-14,"quantile",0.01,7.52517953655823
2022-05-21,"42","24  day ahead inc hosp",2022-06-14,"quantile",0.025,47.0865193868089
2022-05-21,"42","24  day ahead inc hosp",2022-06-14,"quantile",0.05,81.1114541727832
2022-05-21,"42","24  day ahead inc hosp",2022-06-14,"quantile",0.1,120.340024891865
2022-05-21,"42","24  day ahead inc hosp",2022-06-14,"quantile",0.15,146.807355317972
2022-05-21,"42","24  day ahead inc hosp",2022-06-14,"quantile",0.2,167.842750509193
2022-05-21,"42","24  day ahead inc hosp",2022-06-14,"quantile",0.25,185.889246556158
2022-05-21,"42","24  day ahead inc hosp",2022-06-14,"quantile",0.3,202.09555775674
2022-05-21,"42","24  day ahead inc hosp",2022-06-14,"quantile",0.35,217.113120307262
2022-05-21,"42","24  day ahead inc hosp",2022-06-14,"quantile",0.4,231.363318597063
2022-05-21,"42","24  day ahead inc hosp",2022-06-14,"quantile",0.45,245.150550358648
2022-05-21,"42","24  day ahead inc hosp",2022-06-14,"quantile",0.5,258.719190769522
2022-05-21,"42","24  day ahead inc hosp",2022-06-14,"quantile",0.55,272.287831180397
2022-05-21,"42","24  day ahead inc hosp",2022-06-14,"quantile",0.6,286.075062941981
2022-05-21,"42","24  day ahead inc hosp",2022-06-14,"quantile",0.65,300.325261231783
2022-05-21,"42","24  day ahead inc hosp",2022-06-14,"quantile",0.7,315.342823782305
2022-05-21,"42","24  day ahead inc hosp",2022-06-14,"quantile",0.75,331.549134982887
2022-05-21,"42","24  day ahead inc hosp",2022-06-14,"quantile",0.8,349.595631029851
2022-05-21,"42","24  day ahead inc hosp",2022-06-14,"quantile",0.85,370.631026221072
2022-05-21,"42","24  day ahead inc hosp",2022-06-14,"quantile",0.9,397.09835664718
2022-05-21,"42","24  day ahead inc hosp",2022-06-14,"quantile",0.95,436.326927366261
2022-05-21,"42","24  day ahead inc hosp",2022-06-14,"quantile",0.975,470.351862152236
2022-05-21,"42","24  day ahead inc hosp",2022-06-14,"quantile",0.99,509.913202002486
2022-05-21,"42","25  day ahead inc hosp",2022-06-15,"quantile",0.01,4.5188618321236
2022-05-21,"42","25  day ahead inc hosp",2022-06-15,"quantile",0.025,44.9696017436838
2022-05-21,"42","25  day ahead inc hosp",2022-06-15,"quantile",0.05,79.7594696486891
2022-05-21,"42","25  day ahead inc hosp",2022-06-15,"quantile",0.1,119.869959264722
2022-05-21,"42","25  day ahead inc hosp",2022-06-15,"quantile",0.15,146.932316183683
2022-05-21,"42","25  day ahead inc hosp",2022-06-15,"quantile",0.2,168.4406195687
2022-05-21,"42","25  day ahead inc hosp",2022-06-15,"quantile",0.25,186.892828737398
2022-05-21,"42","25  day ahead inc hosp",2022-06-15,"quantile",0.3,203.463482860387
2022-05-21,"42","25  day ahead inc hosp",2022-06-15,"quantile",0.35,218.818663426469
2022-05-21,"42","25  day ahead inc hosp",2022-06-15,"quantile",0.4,233.3892281973
2022-05-21,"42","25  day ahead inc hosp",2022-06-15,"quantile",0.45,247.486418236851
2022-05-21,"42","25  day ahead inc hosp",2022-06-15,"quantile",0.5,261.360102654299
2022-05-21,"42","25  day ahead inc hosp",2022-06-15,"quantile",0.55,275.233787071747
2022-05-21,"42","25  day ahead inc hosp",2022-06-15,"quantile",0.6,289.330977111298
2022-05-21,"42","25  day ahead inc hosp",2022-06-15,"quantile",0.65,303.901541882129
2022-05-21,"42","25  day ahead inc hosp",2022-06-15,"quantile",0.7,319.256722448211
2022-05-21,"42","25  day ahead inc hosp",2022-06-15,"quantile",0.75,335.827376571201
2022-05-21,"42","25  day ahead inc hosp",2022-06-15,"quantile",0.8,354.279585739898
2022-05-21,"42","25  day ahead inc hosp",2022-06-15,"quantile",0.85,375.787889124916
2022-05-21,"42","25  day ahead inc hosp",2022-06-15,"quantile",0.9,402.850246043876
2022-05-21,"42","25  day ahead inc hosp",2022-06-15,"quantile",0.95,442.960735659909
2022-05-21,"42","25  day ahead inc hosp",2022-06-15,"quantile",0.975,477.750603564914
2022-05-21,"42","25  day ahead inc hosp",2022-06-15,"quantile",0.99,518.201343476475
2022-05-21,"42","26  day ahead inc hosp",2022-06-16,"quantile",0.01,2.16090231154618
2022-05-21,"42","26  day ahead inc hosp",2022-06-16,"quantile",0.025,43.3500446326627
2022-05-21,"42","26  day ahead inc hosp",2022-06-16,"quantile",0.05,78.774979345973
2022-05-21,"42","26  day ahead inc hosp",2022-06-16,"quantile",0.1,119.617660319833
2022-05-21,"42","26  day ahead inc hosp",2022-06-16,"quantile",0.15,147.174023271834
2022-05-21,"42","26  day ahead inc hosp",2022-06-16,"quantile",0.2,169.074946991601
2022-05-21,"42","26  day ahead inc hosp",2022-06-16,"quantile",0.25,187.863989447937
2022-05-21,"42","26  day ahead inc hosp",2022-06-16,"quantile",0.3,204.737130273496
2022-05-21,"42","26  day ahead inc hosp",2022-06-16,"quantile",0.35,220.372609849039
2022-05-21,"42","26  day ahead inc hosp",2022-06-16,"quantile",0.4,235.209150969348
2022-05-21,"42","26  day ahead inc hosp",2022-06-16,"quantile",0.45,249.563676205139
2022-05-21,"42","26  day ahead inc hosp",2022-06-16,"quantile",0.5,263.690615866512
2022-05-21,"42","26  day ahead inc hosp",2022-06-16,"quantile",0.55,277.817555527885
2022-05-21,"42","26  day ahead inc hosp",2022-06-16,"quantile",0.6,292.172080763676
2022-05-21,"42","26  day ahead inc hosp",2022-06-16,"quantile",0.65,307.008621883985
2022-05-21,"42","26  day ahead inc hosp",2022-06-16,"quantile",0.7,322.644101459529
2022-05-21,"42","26  day ahead inc hosp",2022-06-16,"quantile",0.75,339.517242285088
2022-05-21,"42","26  day ahead inc hosp",2022-06-16,"quantile",0.8,358.306284741423
2022-05-21,"42","26  day ahead inc hosp",2022-06-16,"quantile",0.85,380.207208461191
2022-05-21,"42","26  day ahead inc hosp",2022-06-16,"quantile",0.9,407.763571413191
2022-05-21,"42","26  day ahead inc hosp",2022-06-16,"quantile",0.95,448.606252387051
2022-05-21,"42","26  day ahead inc hosp",2022-06-16,"quantile",0.975,484.031187100362
2022-05-21,"42","26  day ahead inc hosp",2022-06-16,"quantile",0.99,525.220329421478
2022-05-21,"42","27  day ahead inc hosp",2022-06-17,"quantile",0.01,0
2022-05-21,"42","27  day ahead inc hosp",2022-06-17,"quantile",0.025,34.197871207593
2022-05-21,"42","27  day ahead inc hosp",2022-06-17,"quantile",0.05,70.2274280745365
2022-05-21,"42","27  day ahead inc hosp",2022-06-17,"quantile",0.1,111.767199669182
2022-05-21,"42","27  day ahead inc hosp",2022-06-17,"quantile",0.15,139.793886353581
2022-05-21,"42","27  day ahead inc hosp",2022-06-17,"quantile",0.2,162.068608466293
2022-05-21,"42","27  day ahead inc hosp",2022-06-17,"quantile",0.25,181.178336660135
2022-05-21,"42","27  day ahead inc hosp",2022-06-17,"quantile",0.3,198.339463189184
2022-05-21,"42","27  day ahead inc hosp",2022-06-17,"quantile",0.35,214.241804437461
2022-05-21,"42","27  day ahead inc hosp",2022-06-17,"quantile",0.4,229.331571188734
2022-05-21,"42","27  day ahead inc hosp",2022-06-17,"quantile",0.45,243.931095153038
2022-05-21,"42","27  day ahead inc hosp",2022-06-17,"quantile",0.5,258.299149180646
2022-05-21,"42","27  day ahead inc hosp",2022-06-17,"quantile",0.55,272.667203208254
2022-05-21,"42","27  day ahead inc hosp",2022-06-17,"quantile",0.6,287.266727172559
2022-05-21,"42","27  day ahead inc hosp",2022-06-17,"quantile",0.65,302.356493923832
2022-05-21,"42","27  day ahead inc hosp",2022-06-17,"quantile",0.7,318.258835172108
2022-05-21,"42","27  day ahead inc hosp",2022-06-17,"quantile",0.75,335.419961701157
2022-05-21,"42","27  day ahead inc hosp",2022-06-17,"quantile",0.8,354.529689895
2022-05-21,"42","27  day ahead inc hosp",2022-06-17,"quantile",0.85,376.804412007712
2022-05-21,"42","27  day ahead inc hosp",2022-06-17,"quantile",0.9,404.831098692111
2022-05-21,"42","27  day ahead inc hosp",2022-06-17,"quantile",0.95,446.370870286756
2022-05-21,"42","27  day ahead inc hosp",2022-06-17,"quantile",0.975,482.4004271537
2022-05-21,"42","27  day ahead inc hosp",2022-06-17,"quantile",0.99,524.292573393893
2022-05-21,"42","28  day ahead inc hosp",2022-06-18,"quantile",0.01,0
2022-05-21,"42","28  day ahead inc hosp",2022-06-18,"quantile",0.025,23.1668197850068
2022-05-21,"42","28  day ahead inc hosp",2022-06-18,"quantile",0.05,59.8728702131559
2022-05-21,"42","28  day ahead inc hosp",2022-06-18,"quantile",0.1,102.192595558593
2022-05-21,"42","28  day ahead inc hosp",2022-06-18,"quantile",0.15,130.745513335812
2022-05-21,"42","28  day ahead inc hosp",2022-06-18,"quantile",0.2,153.438467239233
2022-05-21,"42","28  day ahead inc hosp",2022-06-18,"quantile",0.25,172.907001069438
2022-05-21,"42","28  day ahead inc hosp",2022-06-18,"quantile",0.3,190.390346149295
2022-05-21,"42","28  day ahead inc hosp",2022-06-18,"quantile",0.35,206.591270905059
2022-05-21,"42","28  day ahead inc hosp",2022-06-18,"quantile",0.4,221.964364206393
2022-05-21,"42","28  day ahead inc hosp",2022-06-18,"quantile",0.45,236.838009886793
2022-05-21,"42","28  day ahead inc hosp",2022-06-18,"quantile",0.5,251.475839534252
2022-05-21,"42","28  day ahead inc hosp",2022-06-18,"quantile",0.55,266.113669181711
2022-05-21,"42","28  day ahead inc hosp",2022-06-18,"quantile",0.6,280.98731486211
2022-05-21,"42","28  day ahead inc hosp",2022-06-18,"quantile",0.65,296.360408163444
2022-05-21,"42","28  day ahead inc hosp",2022-06-18,"quantile",0.7,312.561332919208
2022-05-21,"42","28  day ahead inc hosp",2022-06-18,"quantile",0.75,330.044677999066
2022-05-21,"42","28  day ahead inc hosp",2022-06-18,"quantile",0.8,349.513211829271
2022-05-21,"42","28  day ahead inc hosp",2022-06-18,"quantile",0.85,372.206165732692
2022-05-21,"42","28  day ahead inc hosp",2022-06-18,"quantile",0.9,400.759083509911
2022-05-21,"42","28  day ahead inc hosp",2022-06-18,"quantile",0.95,443.078808855348
2022-05-21,"42","28  day ahead inc hosp",2022-06-18,"quantile",0.975,479.784859283497
2022-05-21,"42","28  day ahead inc hosp",2022-06-18,"quantile",0.99,522.46357548627
2022-05-21,"42","29  day ahead inc hosp",2022-06-19,"quantile",0.01,0
2022-05-21,"42","29  day ahead inc hosp",2022-06-19,"quantile",0.025,20.0621475148675
2022-05-21,"42","29  day ahead inc hosp",2022-06-19,"quantile",0.05,57.5521301946375
2022-05-21,"42","29  day ahead inc hosp",2022-06-19,"quantile",0.1,100.775679220123
2022-05-21,"42","29  day ahead inc hosp",2022-06-19,"quantile",0.15,129.938402543359
2022-05-21,"42","29  day ahead inc hosp",2022-06-19,"quantile",0.2,153.116010563524
2022-05-21,"42","29  day ahead inc hosp",2022-06-19,"quantile",0.25,173.000334471475
2022-05-21,"42","29  day ahead inc hosp",2022-06-19,"quantile",0.3,190.857071891682
2022-05-21,"42","29  day ahead inc hosp",2022-06-19,"quantile",0.35,207.404000297361
2022-05-21,"42","29  day ahead inc hosp",2022-06-19,"quantile",0.4,223.105417226694
2022-05-21,"42","29  day ahead inc hosp",2022-06-19,"quantile",0.45,238.296719816842
2022-05-21,"42","29  day ahead inc hosp",2022-06-19,"quantile",0.5,253.247170043756
2022-05-21,"42","29  day ahead inc hosp",2022-06-19,"quantile",0.55,268.197620270671
2022-05-21,"42","29  day ahead inc hosp",2022-06-19,"quantile",0.6,283.388922860818
2022-05-21,"42","29  day ahead inc hosp",2022-06-19,"quantile",0.65,299.090339790151
2022-05-21,"42","29  day ahead inc hosp",2022-06-19,"quantile",0.7,315.637268195831
2022-05-21,"42","29  day ahead inc hosp",2022-06-19,"quantile",0.75,333.494005616037
2022-05-21,"42","29  day ahead inc hosp",2022-06-19,"quantile",0.8,353.378329523988
2022-05-21,"42","29  day ahead inc hosp",2022-06-19,"quantile",0.85,376.555937544154
2022-05-21,"42","29  day ahead inc hosp",2022-06-19,"quantile",0.9,405.718660867389
2022-05-21,"42","29  day ahead inc hosp",2022-06-19,"quantile",0.95,448.942209892875
2022-05-21,"42","29  day ahead inc hosp",2022-06-19,"quantile",0.975,486.432192572645
2022-05-21,"42","29  day ahead inc hosp",2022-06-19,"quantile",0.99,530.022399434284
2022-05-21,"42","30  day ahead inc hosp",2022-06-20,"quantile",0.01,0
2022-05-21,"42","30  day ahead inc hosp",2022-06-20,"quantile",0.025,22.8914388809343
2022-05-21,"42","30  day ahead inc hosp",2022-06-20,"quantile",0.05,61.217933900741
2022-05-21,"42","30  day ahead inc hosp",2022-06-20,"quantile",0.1,105.405928080785
2022-05-21,"42","30  day ahead inc hosp",2022-06-20,"quantile",0.15,135.219357971089
2022-05-21,"42","30  day ahead inc hosp",2022-06-20,"quantile",0.2,158.914126942941
2022-05-21,"42","30  day ahead inc hosp",2022-06-20,"quantile",0.25,179.242128898555
2022-05-21,"42","30  day ahead inc hosp",2022-06-20,"quantile",0.3,197.49730291801
2022-05-21,"42","30  day ahead inc hosp",2022-06-20,"quantile",0.35,214.413442211816
2022-05-21,"42","30  day ahead inc hosp",2022-06-20,"quantile",0.4,230.46520416877
2022-05-21,"42","30  day ahead inc hosp",2022-06-20,"quantile",0.45,245.995469627651
2022-05-21,"42","30  day ahead inc hosp",2022-06-20,"quantile",0.5,261.279508595076
2022-05-21,"42","30  day ahead inc hosp",2022-06-20,"quantile",0.55,276.563547562501
2022-05-21,"42","30  day ahead inc hosp",2022-06-20,"quantile",0.6,292.093813021382
2022-05-21,"42","30  day ahead inc hosp",2022-06-20,"quantile",0.65,308.145574978336
2022-05-21,"42","30  day ahead inc hosp",2022-06-20,"quantile",0.7,325.061714272142
2022-05-21,"42","30  day ahead inc hosp",2022-06-20,"quantile",0.75,343.316888291596
2022-05-21,"42","30  day ahead inc hosp",2022-06-20,"quantile",0.8,363.644890247211
2022-05-21,"42","30  day ahead inc hosp",2022-06-20,"quantile",0.85,387.339659219063
2022-05-21,"42","30  day ahead inc hosp",2022-06-20,"quantile",0.9,417.153089109366
2022-05-21,"42","30  day ahead inc hosp",2022-06-20,"quantile",0.95,461.341083289411
2022-05-21,"42","30  day ahead inc hosp",2022-06-20,"quantile",0.975,499.667578309218
2022-05-21,"42","30  day ahead inc hosp",2022-06-20,"quantile",0.99,544.23041154564
2022-05-21,"42","31  day ahead inc hosp",2022-06-21,"quantile",0.01,0
2022-05-21,"42","31  day ahead inc hosp",2022-06-21,"quantile",0.025,18.1672154111161
2022-05-21,"42","31  day ahead inc hosp",2022-06-21,"quantile",0.05,57.2767416384916
2022-05-21,"42","31  day ahead inc hosp",2022-06-21,"quantile",0.1,102.367520652499
2022-05-21,"42","31  day ahead inc hosp",2022-06-21,"quantile",0.15,132.790055184296
2022-05-21,"42","31  day ahead inc hosp",2022-06-21,"quantile",0.2,156.968921216198
2022-05-21,"42","31  day ahead inc hosp",2022-06-21,"quantile",0.25,177.712235344516
2022-05-21,"42","31  day ahead inc hosp",2022-06-21,"quantile",0.3,196.340372530819
2022-05-21,"42","31  day ahead inc hosp",2022-06-21,"quantile",0.35,213.602117781335
2022-05-21,"42","31  day ahead inc hosp",2022-06-21,"quantile",0.4,229.981825994326
2022-05-21,"42","31  day ahead inc hosp",2022-06-21,"quantile",0.45,245.829383251213
2022-05-21,"42","31  day ahead inc hosp",2022-06-21,"quantile",0.5,261.425683475062
2022-05-21,"42","31  day ahead inc hosp",2022-06-21,"quantile",0.55,277.021983698911
2022-05-21,"42","31  day ahead inc hosp",2022-06-21,"quantile",0.6,292.869540955798
2022-05-21,"42","31  day ahead inc hosp",2022-06-21,"quantile",0.65,309.249249168789
2022-05-21,"42","31  day ahead inc hosp",2022-06-21,"quantile",0.7,326.510994419304
2022-05-21,"42","31  day ahead inc hosp",2022-06-21,"quantile",0.75,345.139131605608
2022-05-21,"42","31  day ahead inc hosp",2022-06-21,"quantile",0.8,365.882445733925
2022-05-21,"42","31  day ahead inc hosp",2022-06-21,"quantile",0.85,390.061311765827
2022-05-21,"42","31  day ahead inc hosp",2022-06-21,"quantile",0.9,420.483846297625
2022-05-21,"42","31  day ahead inc hosp",2022-06-21,"quantile",0.95,465.574625311632
2022-05-21,"42","31  day ahead inc hosp",2022-06-21,"quantile",0.975,504.684151539008
2022-05-21,"42","31  day ahead inc hosp",2022-06-21,"quantile",0.99,550.15742777586
2022-05-21,"42","32  day ahead inc hosp",2022-06-22,"quantile",0.01,0
2022-05-21,"42","32  day ahead inc hosp",2022-06-22,"quantile",0.025,19.6606065601671
2022-05-21,"42","32  day ahead inc hosp",2022-06-22,"quantile",0.05,59.4337625736767
2022-05-21,"42","32  day ahead inc hosp",2022-06-22,"quantile",0.1,105.289664229664
2022-05-21,"42","32  day ahead inc hosp",2022-06-22,"quantile",0.15,136.228423375578
2022-05-21,"42","32  day ahead inc hosp",2022-06-22,"quantile",0.2,160.817568366126
2022-05-21,"42","32  day ahead inc hosp",2022-06-22,"quantile",0.25,181.912865309031
2022-05-21,"42","32  day ahead inc hosp",2022-06-22,"quantile",0.3,200.85709394132
2022-05-21,"42","32  day ahead inc hosp",2022-06-22,"quantile",0.35,218.411745023584
2022-05-21,"42","32  day ahead inc hosp",2022-06-22,"quantile",0.4,235.06939222758
2022-05-21,"42","32  day ahead inc hosp",2022-06-22,"quantile",0.45,251.185858674827
2022-05-21,"42","32  day ahead inc hosp",2022-06-22,"quantile",0.5,267.046804635416
2022-05-21,"42","32  day ahead inc hosp",2022-06-22,"quantile",0.55,282.907750596006
2022-05-21,"42","32  day ahead inc hosp",2022-06-22,"quantile",0.6,299.024217043253
2022-05-21,"42","32  day ahead inc hosp",2022-06-22,"quantile",0.65,315.681864247249
2022-05-21,"42","32  day ahead inc hosp",2022-06-22,"quantile",0.7,333.236515329512
2022-05-21,"42","32  day ahead inc hosp",2022-06-22,"quantile",0.75,352.180743961802
2022-05-21,"42","32  day ahead inc hosp",2022-06-22,"quantile",0.8,373.276040904707
2022-05-21,"42","32  day ahead inc hosp",2022-06-22,"quantile",0.85,397.865185895255
2022-05-21,"42","32  day ahead inc hosp",2022-06-22,"quantile",0.9,428.803945041168
2022-05-21,"42","32  day ahead inc hosp",2022-06-22,"quantile",0.95,474.659846697156
2022-05-21,"42","32  day ahead inc hosp",2022-06-22,"quantile",0.975,514.433002710666
2022-05-21,"42","32  day ahead inc hosp",2022-06-22,"quantile",0.99,560.677891991574
2022-05-21,"42","33  day ahead inc hosp",2022-06-23,"quantile",0.01,0
2022-05-21,"42","33  day ahead inc hosp",2022-06-23,"quantile",0.025,16.6920687744308
2022-05-21,"42","33  day ahead inc hosp",2022-06-23,"quantile",0.05,57.0301354271844
2022-05-21,"42","33  day ahead inc hosp",2022-06-23,"quantile",0.1,103.537342871146
2022-05-21,"42","33  day ahead inc hosp",2022-06-23,"quantile",0.15,134.915534940125
2022-05-21,"42","33  day ahead inc hosp",2022-06-23,"quantile",0.2,159.853927287618
2022-05-21,"42","33  day ahead inc hosp",2022-06-23,"quantile",0.25,181.248847365207
2022-05-21,"42","33  day ahead inc hosp",2022-06-23,"quantile",0.3,200.462146832685
2022-05-21,"42","33  day ahead inc hosp",2022-06-23,"quantile",0.35,218.266132143322
2022-05-21,"42","33  day ahead inc hosp",2022-06-23,"quantile",0.4,235.160373147596
2022-05-21,"42","33  day ahead inc hosp",2022-06-23,"quantile",0.45,251.50574683469
2022-05-21,"42","33  day ahead inc hosp",2022-06-23,"quantile",0.5,267.591970797321
2022-05-21,"42","33  day ahead inc hosp",2022-06-23,"quantile",0.55,283.678194759953
2022-05-21,"42","33  day ahead inc hosp",2022-06-23,"quantile",0.6,300.023568447047
2022-05-21,"42","33  day ahead inc hosp",2022-06-23,"quantile",0.65,316.917809451321
2022-05-21,"42","33  day ahead inc hosp",2022-06-23,"quantile",0.7,334.721794761958
2022-05-21,"42","33  day ahead inc hosp",2022-06-23,"quantile",0.75,353.935094229436
2022-05-21,"42","33  day ahead inc hosp",2022-06-23,"quantile",0.8,375.330014307025
2022-05-21,"42","33  day ahead inc hosp",2022-06-23,"quantile",0.85,400.268406654518
2022-05-21,"42","33  day ahead inc hosp",2022-06-23,"quantile",0.9,431.646598723496
2022-05-21,"42","33  day ahead inc hosp",2022-06-23,"quantile",0.95,478.153806167458
2022-05-21,"42","33  day ahead inc hosp",2022-06-23,"quantile",0.975,518.491872820212
2022-05-21,"42","33  day ahead inc hosp",2022-06-23,"quantile",0.99,565.393592802625
2022-05-21,"42","34  day ahead inc hosp",2022-06-24,"quantile",0.01,0
2022-05-21,"42","34  day ahead inc hosp",2022-06-24,"quantile",0.025,9.92733715068309
2022-05-21,"42","34  day ahead inc hosp",2022-06-24,"quantile",0.05,50.807983321533
2022-05-21,"42","34  day ahead inc hosp",2022-06-24,"quantile",0.1,97.9407502009574
2022-05-21,"42","34  day ahead inc hosp",2022-06-24,"quantile",0.15,129.741004251193
2022-05-21,"42","34  day ahead inc hosp",2022-06-24,"quantile",0.2,155.014838081751
2022-05-21,"42","34  day ahead inc hosp",2022-06-24,"quantile",0.25,176.697537083535
2022-05-21,"42","34  day ahead inc hosp",2022-06-24,"quantile",0.3,196.169270919121
2022-05-21,"42","34  day ahead inc hosp",2022-06-24,"quantile",0.35,214.21273418623
2022-05-21,"42","34  day ahead inc hosp",2022-06-24,"quantile",0.4,231.334216352596
2022-05-21,"42","34  day ahead inc hosp",2022-06-24,"quantile",0.45,247.899448493854
2022-05-21,"42","34  day ahead inc hosp",2022-06-24,"quantile",0.5,264.202045137922
2022-05-21,"42","34  day ahead inc hosp",2022-06-24,"quantile",0.55,280.50464178199
2022-05-21,"42","34  day ahead inc hosp",2022-06-24,"quantile",0.6,297.069873923249
2022-05-21,"42","34  day ahead inc hosp",2022-06-24,"quantile",0.65,314.191356089615
2022-05-21,"42","34  day ahead inc hosp",2022-06-24,"quantile",0.7,332.234819356723
2022-05-21,"42","34  day ahead inc hosp",2022-06-24,"quantile",0.75,351.70655319231
2022-05-21,"42","34  day ahead inc hosp",2022-06-24,"quantile",0.8,373.389252194093
2022-05-21,"42","34  day ahead inc hosp",2022-06-24,"quantile",0.85,398.663086024652
2022-05-21,"42","34  day ahead inc hosp",2022-06-24,"quantile",0.9,430.463340074887
2022-05-21,"42","34  day ahead inc hosp",2022-06-24,"quantile",0.95,477.596106954311
2022-05-21,"42","34  day ahead inc hosp",2022-06-24,"quantile",0.975,518.476753125161
2022-05-21,"42","34  day ahead inc hosp",2022-06-24,"quantile",0.99,566.009339054746
2022-05-21,"42","35  day ahead inc hosp",2022-06-25,"quantile",0.01,0
2022-05-21,"42","35  day ahead inc hosp",2022-06-25,"quantile",0.025,0.628598384588884
2022-05-21,"42","35  day ahead inc hosp",2022-06-25,"quantile",0.05,42.1082237637102
2022-05-21,"42","35  day ahead inc hosp",2022-06-25,"quantile",0.1,89.9315753093136
2022-05-21,"42","35  day ahead inc hosp",2022-06-25,"quantile",0.15,122.197763555262
2022-05-21,"42","35  day ahead inc hosp",2022-06-25,"quantile",0.2,147.841907114158
2022-05-21,"42","35  day ahead inc hosp",2022-06-25,"quantile",0.25,169.842298889852
2022-05-21,"42","35  day ahead inc hosp",2022-06-25,"quantile",0.3,189.599330655118
2022-05-21,"42","35  day ahead inc hosp",2022-06-25,"quantile",0.35,207.907164971966
2022-05-21,"42","35  day ahead inc hosp",2022-06-25,"quantile",0.4,225.279509411634
2022-05-21,"42","35  day ahead inc hosp",2022-06-25,"quantile",0.45,242.087453705516
2022-05-21,"42","35  day ahead inc hosp",2022-06-25,"quantile",0.5,258.628914392727
2022-05-21,"42","35  day ahead inc hosp",2022-06-25,"quantile",0.55,275.170375079937
2022-05-21,"42","35  day ahead inc hosp",2022-06-25,"quantile",0.6,291.978319373819
2022-05-21,"42","35  day ahead inc hosp",2022-06-25,"quantile",0.65,309.350663813487
2022-05-21,"42","35  day ahead inc hosp",2022-06-25,"quantile",0.7,327.658498130335
2022-05-21,"42","35  day ahead inc hosp",2022-06-25,"quantile",0.75,347.415529895601
2022-05-21,"42","35  day ahead inc hosp",2022-06-25,"quantile",0.8,369.415921671295
2022-05-21,"42","35  day ahead inc hosp",2022-06-25,"quantile",0.85,395.060065230192
2022-05-21,"42","35  day ahead inc hosp",2022-06-25,"quantile",0.9,427.32625347614
2022-05-21,"42","35  day ahead inc hosp",2022-06-25,"quantile",0.95,475.149605021743
2022-05-21,"42","35  day ahead inc hosp",2022-06-25,"quantile",0.975,516.629230400864
2022-05-21,"42","35  day ahead inc hosp",2022-06-25,"quantile",0.99,564.85825910604
2022-05-21,"42","36  day ahead inc hosp",2022-06-26,"quantile",0.01,0
2022-05-21,"42","36  day ahead inc hosp",2022-06-26,"quantile",0.025,0
2022-05-21,"42","36  day ahead inc hosp",2022-06-26,"quantile",0.05,38.6535845475864
2022-05-21,"42","36  day ahead inc hosp",2022-06-26,"quantile",0.1,87.2702211950387
2022-05-21,"42","36  day ahead inc hosp",2022-06-26,"quantile",0.15,120.071635133075
2022-05-21,"42","36  day ahead inc hosp",2022-06-26,"quantile",0.2,146.141159105043
2022-05-21,"42","36  day ahead inc hosp",2022-06-26,"quantile",0.25,168.506489398563
2022-05-21,"42","36  day ahead inc hosp",2022-06-26,"quantile",0.3,188.591247231735
2022-05-21,"42","36  day ahead inc hosp",2022-06-26,"quantile",0.35,207.202768591446
2022-05-21,"42","36  day ahead inc hosp",2022-06-26,"quantile",0.4,224.86328233717
2022-05-21,"42","36  day ahead inc hosp",2022-06-26,"quantile",0.45,241.950033769618
2022-05-21,"42","36  day ahead inc hosp",2022-06-26,"quantile",0.5,258.765881213546
2022-05-21,"42","36  day ahead inc hosp",2022-06-26,"quantile",0.55,275.581728657474
2022-05-21,"42","36  day ahead inc hosp",2022-06-26,"quantile",0.6,292.668480089922
2022-05-21,"42","36  day ahead inc hosp",2022-06-26,"quantile",0.65,310.328993835646
2022-05-21,"42","36  day ahead inc hosp",2022-06-26,"quantile",0.7,328.940515195357
2022-05-21,"42","36  day ahead inc hosp",2022-06-26,"quantile",0.75,349.025273028529
2022-05-21,"42","36  day ahead inc hosp",2022-06-26,"quantile",0.8,371.390603322049
2022-05-21,"42","36  day ahead inc hosp",2022-06-26,"quantile",0.85,397.460127294017
2022-05-21,"42","36  day ahead inc hosp",2022-06-26,"quantile",0.9,430.261541232053
2022-05-21,"42","36  day ahead inc hosp",2022-06-26,"quantile",0.95,478.878177879506
2022-05-21,"42","36  day ahead inc hosp",2022-06-26,"quantile",0.975,521.045859778717
2022-05-21,"42","36  day ahead inc hosp",2022-06-26,"quantile",0.99,570.074902885059
2022-05-21,"42","37  day ahead inc hosp",2022-06-27,"quantile",0.01,0
2022-05-21,"42","37  day ahead inc hosp",2022-06-27,"quantile",0.025,0
2022-05-21,"42","37  day ahead inc hosp",2022-06-27,"quantile",0.05,42.6725473098637
2022-05-21,"42","37  day ahead inc hosp",2022-06-27,"quantile",0.1,92.1362639430328
2022-05-21,"42","37  day ahead inc hosp",2022-06-27,"quantile",0.15,125.509198725911
2022-05-21,"42","37  day ahead inc hosp",2022-06-27,"quantile",0.2,152.03294934778
2022-05-21,"42","37  day ahead inc hosp",2022-06-27,"quantile",0.25,174.787965661807
2022-05-21,"42","37  day ahead inc hosp",2022-06-27,"quantile",0.3,195.222673585147
2022-05-21,"42","37  day ahead inc hosp",2022-06-27,"quantile",0.35,214.158475856388
2022-05-21,"42","37  day ahead inc hosp",2022-06-27,"quantile",0.4,232.126700475654
2022-05-21,"42","37  day ahead inc hosp",2022-06-27,"quantile",0.45,249.511165739363
2022-05-21,"42","37  day ahead inc hosp",2022-06-27,"quantile",0.5,266.620006874236
2022-05-21,"42","37  day ahead inc hosp",2022-06-27,"quantile",0.55,283.728848009108
2022-05-21,"42","37  day ahead inc hosp",2022-06-27,"quantile",0.6,301.113313272817
2022-05-21,"42","37  day ahead inc hosp",2022-06-27,"quantile",0.65,319.081537892083
2022-05-21,"42","37  day ahead inc hosp",2022-06-27,"quantile",0.7,338.017340163324
2022-05-21,"42","37  day ahead inc hosp",2022-06-27,"quantile",0.75,358.452048086664
2022-05-21,"42","37  day ahead inc hosp",2022-06-27,"quantile",0.8,381.207064400691
2022-05-21,"42","37  day ahead inc hosp",2022-06-27,"quantile",0.85,407.73081502256
2022-05-21,"42","37  day ahead inc hosp",2022-06-27,"quantile",0.9,441.103749805438
2022-05-21,"42","37  day ahead inc hosp",2022-06-27,"quantile",0.95,490.567466438607
2022-05-21,"42","37  day ahead inc hosp",2022-06-27,"quantile",0.975,533.46986389702
2022-05-21,"42","37  day ahead inc hosp",2022-06-27,"quantile",0.99,583.353172621022
2022-05-21,"44","1  day ahead inc hosp",2022-05-22,"quantile",0.01,0.989454756385397
2022-05-21,"44","1  day ahead inc hosp",2022-05-22,"quantile",0.025,2.95686253348699
2022-05-21,"44","1  day ahead inc hosp",2022-05-22,"quantile",0.05,4.64894175948611
2022-05-21,"44","1  day ahead inc hosp",2022-05-22,"quantile",0.1,6.59980073972896
2022-05-21,"44","1  day ahead inc hosp",2022-05-22,"quantile",0.15,7.91603603197504
2022-05-21,"44","1  day ahead inc hosp",2022-05-22,"quantile",0.2,8.96213811674433
2022-05-21,"44","1  day ahead inc hosp",2022-05-22,"quantile",0.25,9.85960055878055
2022-05-21,"44","1  day ahead inc hosp",2022-05-22,"quantile",0.3,10.6655495689719
2022-05-21,"44","1  day ahead inc hosp",2022-05-22,"quantile",0.35,11.4123814373273
2022-05-21,"44","1  day ahead inc hosp",2022-05-22,"quantile",0.4,12.121051847549
2022-05-21,"44","1  day ahead inc hosp",2022-05-22,"quantile",0.45,12.8066986708143
2022-05-21,"44","1  day ahead inc hosp",2022-05-22,"quantile",0.5,13.4814748227368
2022-05-21,"44","1  day ahead inc hosp",2022-05-22,"quantile",0.55,14.1562509746593
2022-05-21,"44","1  day ahead inc hosp",2022-05-22,"quantile",0.6,14.8418977979245
2022-05-21,"44","1  day ahead inc hosp",2022-05-22,"quantile",0.65,15.5505682081462
2022-05-21,"44","1  day ahead inc hosp",2022-05-22,"quantile",0.7,16.2974000765016
2022-05-21,"44","1  day ahead inc hosp",2022-05-22,"quantile",0.75,17.103349086693
2022-05-21,"44","1  day ahead inc hosp",2022-05-22,"quantile",0.8,18.0008115287292
2022-05-21,"44","1  day ahead inc hosp",2022-05-22,"quantile",0.85,19.0469136134985
2022-05-21,"44","1  day ahead inc hosp",2022-05-22,"quantile",0.9,20.3631489057446
2022-05-21,"44","1  day ahead inc hosp",2022-05-22,"quantile",0.95,22.3140078859874
2022-05-21,"44","1  day ahead inc hosp",2022-05-22,"quantile",0.975,24.0060871119866
2022-05-21,"44","1  day ahead inc hosp",2022-05-22,"quantile",0.99,25.9734948890881
2022-05-21,"44","2  day ahead inc hosp",2022-05-23,"quantile",0.01,2.3543222118099
2022-05-21,"44","2  day ahead inc hosp",2022-05-23,"quantile",0.025,4.4715635578872
2022-05-21,"44","2  day ahead inc hosp",2022-05-23,"quantile",0.05,6.29250791920392
2022-05-21,"44","2  day ahead inc hosp",2022-05-23,"quantile",0.1,8.39194014744356
2022-05-21,"44","2  day ahead inc hosp",2022-05-23,"quantile",0.15,9.80841710475998
2022-05-21,"44","2  day ahead inc hosp",2022-05-23,"quantile",0.2,10.9341880872017
2022-05-21,"44","2  day ahead inc hosp",2022-05-23,"quantile",0.25,11.8999993495878
2022-05-21,"44","2  day ahead inc hosp",2022-05-23,"quantile",0.3,12.7673277128624
2022-05-21,"44","2  day ahead inc hosp",2022-05-23,"quantile",0.35,13.5710366992016
2022-05-21,"44","2  day ahead inc hosp",2022-05-23,"quantile",0.4,14.3336779323644
2022-05-21,"44","2  day ahead inc hosp",2022-05-23,"quantile",0.45,15.0715421514245
2022-05-21,"44","2  day ahead inc hosp",2022-05-23,"quantile",0.5,15.7977078120594
2022-05-21,"44","2  day ahead inc hosp",2022-05-23,"quantile",0.55,16.5238734726943
2022-05-21,"44","2  day ahead inc hosp",2022-05-23,"quantile",0.6,17.2617376917544
2022-05-21,"44","2  day ahead inc hosp",2022-05-23,"quantile",0.65,18.0243789249172
2022-05-21,"44","2  day ahead inc hosp",2022-05-23,"quantile",0.7,18.8280879112565
2022-05-21,"44","2  day ahead inc hosp",2022-05-23,"quantile",0.75,19.6954162745311
2022-05-21,"44","2  day ahead inc hosp",2022-05-23,"quantile",0.8,20.6612275369171
2022-05-21,"44","2  day ahead inc hosp",2022-05-23,"quantile",0.85,21.7869985193589
2022-05-21,"44","2  day ahead inc hosp",2022-05-23,"quantile",0.9,23.2034754766753
2022-05-21,"44","2  day ahead inc hosp",2022-05-23,"quantile",0.95,25.3029077049149
2022-05-21,"44","2  day ahead inc hosp",2022-05-23,"quantile",0.975,27.1238520662317
2022-05-21,"44","2  day ahead inc hosp",2022-05-23,"quantile",0.99,29.241093412309
2022-05-21,"44","3  day ahead inc hosp",2022-05-24,"quantile",0.01,1.23772284391089
2022-05-21,"44","3  day ahead inc hosp",2022-05-24,"quantile",0.025,3.41166297993384
2022-05-21,"44","3  day ahead inc hosp",2022-05-24,"quantile",0.05,5.28137142855517
2022-05-21,"44","3  day ahead inc hosp",2022-05-24,"quantile",0.1,7.43702552641521
2022-05-21,"44","3  day ahead inc hosp",2022-05-24,"quantile",0.15,8.8914351122506
2022-05-21,"44","3  day ahead inc hosp",2022-05-24,"quantile",0.2,10.0473537453504
2022-05-21,"44","3  day ahead inc hosp",2022-05-24,"quantile",0.25,11.0390290076034
2022-05-21,"44","3  day ahead inc hosp",2022-05-24,"quantile",0.3,11.929584042119
2022-05-21,"44","3  day ahead inc hosp",2022-05-24,"quantile",0.35,12.754816000829
2022-05-21,"44","3  day ahead inc hosp",2022-05-24,"quantile",0.4,13.5378804300356
2022-05-21,"44","3  day ahead inc hosp",2022-05-24,"quantile",0.45,14.2955043276238
2022-05-21,"44","3  day ahead inc hosp",2022-05-24,"quantile",0.5,15.0411163845491
2022-05-21,"44","3  day ahead inc hosp",2022-05-24,"quantile",0.55,15.7867284414743
2022-05-21,"44","3  day ahead inc hosp",2022-05-24,"quantile",0.6,16.5443523390625
2022-05-21,"44","3  day ahead inc hosp",2022-05-24,"quantile",0.65,17.3274167682691
2022-05-21,"44","3  day ahead inc hosp",2022-05-24,"quantile",0.7,18.1526487269791
2022-05-21,"44","3  day ahead inc hosp",2022-05-24,"quantile",0.75,19.0432037614947
2022-05-21,"44","3  day ahead inc hosp",2022-05-24,"quantile",0.8,20.0348790237477
2022-05-21,"44","3  day ahead inc hosp",2022-05-24,"quantile",0.85,21.1907976568475
2022-05-21,"44","3  day ahead inc hosp",2022-05-24,"quantile",0.9,22.6452072426829
2022-05-21,"44","3  day ahead inc hosp",2022-05-24,"quantile",0.95,24.800861340543
2022-05-21,"44","3  day ahead inc hosp",2022-05-24,"quantile",0.975,26.6705697891643
2022-05-21,"44","3  day ahead inc hosp",2022-05-24,"quantile",0.99,28.8445099251872
2022-05-21,"44","4  day ahead inc hosp",2022-05-25,"quantile",0.01,0
2022-05-21,"44","4  day ahead inc hosp",2022-05-25,"quantile",0.025,1.29046890598483
2022-05-21,"44","4  day ahead inc hosp",2022-05-25,"quantile",0.05,3.19465856367459
2022-05-21,"44","4  day ahead inc hosp",2022-05-25,"quantile",0.1,5.39006728727981
2022-05-21,"44","4  day ahead inc hosp",2022-05-25,"quantile",0.15,6.87129913036997
2022-05-21,"44","4  day ahead inc hosp",2022-05-25,"quantile",0.2,8.04853524325303
2022-05-21,"44","4  day ahead inc hosp",2022-05-25,"quantile",0.25,9.0584990050156
2022-05-21,"44","4  day ahead inc hosp",2022-05-25,"quantile",0.3,9.96547767732068
2022-05-21,"44","4  day ahead inc hosp",2022-05-25,"quantile",0.35,10.805928584054
2022-05-21,"44","4  day ahead inc hosp",2022-05-25,"quantile",0.4,11.6034343066705
2022-05-21,"44","4  day ahead inc hosp",2022-05-25,"quantile",0.45,12.3750303227605
2022-05-21,"44","4  day ahead inc hosp",2022-05-25,"quantile",0.5,13.1343929755274
2022-05-21,"44","4  day ahead inc hosp",2022-05-25,"quantile",0.55,13.8937556282944
2022-05-21,"44","4  day ahead inc hosp",2022-05-25,"quantile",0.6,14.6653516443844
2022-05-21,"44","4  day ahead inc hosp",2022-05-25,"quantile",0.65,15.4628573670009
2022-05-21,"44","4  day ahead inc hosp",2022-05-25,"quantile",0.7,16.3033082737342
2022-05-21,"44","4  day ahead inc hosp",2022-05-25,"quantile",0.75,17.2102869460393
2022-05-21,"44","4  day ahead inc hosp",2022-05-25,"quantile",0.8,18.2202507078018
2022-05-21,"44","4  day ahead inc hosp",2022-05-25,"quantile",0.85,19.3974868206849
2022-05-21,"44","4  day ahead inc hosp",2022-05-25,"quantile",0.9,20.8787186637751
2022-05-21,"44","4  day ahead inc hosp",2022-05-25,"quantile",0.95,23.0741273873803
2022-05-21,"44","4  day ahead inc hosp",2022-05-25,"quantile",0.975,24.97831704507
2022-05-21,"44","4  day ahead inc hosp",2022-05-25,"quantile",0.99,27.1923490384025
2022-05-21,"44","5  day ahead inc hosp",2022-05-26,"quantile",0.01,0
2022-05-21,"44","5  day ahead inc hosp",2022-05-26,"quantile",0.025,1.28634371786334
2022-05-21,"44","5  day ahead inc hosp",2022-05-26,"quantile",0.05,3.23094722657808
2022-05-21,"44","5  day ahead inc hosp",2022-05-26,"quantile",0.1,5.47295053215491
2022-05-21,"44","5  day ahead inc hosp",2022-05-26,"quantile",0.15,6.98561951849304
2022-05-21,"44","5  day ahead inc hosp",2022-05-26,"quantile",0.2,8.18784087625187
2022-05-21,"44","5  day ahead inc hosp",2022-05-26,"quantile",0.25,9.21923975338946
2022-05-21,"44","5  day ahead inc hosp",2022-05-26,"quantile",0.3,10.1454678217814
2022-05-21,"44","5  day ahead inc hosp",2022-05-26,"quantile",0.35,11.0037561627226
2022-05-21,"44","5  day ahead inc hosp",2022-05-26,"quantile",0.4,11.818187866076
2022-05-21,"44","5  day ahead inc hosp",2022-05-26,"quantile",0.45,12.6061599644117
2022-05-21,"44","5  day ahead inc hosp",2022-05-26,"quantile",0.5,13.3816390628273
2022-05-21,"44","5  day ahead inc hosp",2022-05-26,"quantile",0.55,14.1571181612429
2022-05-21,"44","5  day ahead inc hosp",2022-05-26,"quantile",0.6,14.9450902595786
2022-05-21,"44","5  day ahead inc hosp",2022-05-26,"quantile",0.65,15.759521962932
2022-05-21,"44","5  day ahead inc hosp",2022-05-26,"quantile",0.7,16.6178103038732
2022-05-21,"44","5  day ahead inc hosp",2022-05-26,"quantile",0.75,17.5440383722651
2022-05-21,"44","5  day ahead inc hosp",2022-05-26,"quantile",0.8,18.5754372494027
2022-05-21,"44","5  day ahead inc hosp",2022-05-26,"quantile",0.85,19.7776586071616
2022-05-21,"44","5  day ahead inc hosp",2022-05-26,"quantile",0.9,21.2903275934997
2022-05-21,"44","5  day ahead inc hosp",2022-05-26,"quantile",0.95,23.5323308990765
2022-05-21,"44","5  day ahead inc hosp",2022-05-26,"quantile",0.975,25.4769344077913
2022-05-21,"44","5  day ahead inc hosp",2022-05-26,"quantile",0.99,27.7379562368167
2022-05-21,"44","6  day ahead inc hosp",2022-05-27,"quantile",0.01,0
2022-05-21,"44","6  day ahead inc hosp",2022-05-27,"quantile",0.025,0
2022-05-21,"44","6  day ahead inc hosp",2022-05-27,"quantile",0.05,1.80223987251595
2022-05-21,"44","6  day ahead inc hosp",2022-05-27,"quantile",0.1,4.10636126681084
2022-05-21,"44","6  day ahead inc hosp",2022-05-27,"quantile",0.15,5.66094103270075
2022-05-21,"44","6  day ahead inc hosp",2022-05-27,"quantile",0.2,6.8964717494486
2022-05-21,"44","6  day ahead inc hosp",2022-05-27,"quantile",0.25,7.9564470906772
2022-05-21,"44","6  day ahead inc hosp",2022-05-27,"quantile",0.3,8.90833770701561
2022-05-21,"44","6  day ahead inc hosp",2022-05-27,"quantile",0.35,9.79040622311345
2022-05-21,"44","6  day ahead inc hosp",2022-05-27,"quantile",0.4,10.627402987222
2022-05-21,"44","6  day ahead inc hosp",2022-05-27,"quantile",0.45,11.4372070429817
2022-05-21,"44","6  day ahead inc hosp",2022-05-27,"quantile",0.5,12.2341719613845
2022-05-21,"44","6  day ahead inc hosp",2022-05-27,"quantile",0.55,13.0311368797873
2022-05-21,"44","6  day ahead inc hosp",2022-05-27,"quantile",0.6,13.840940935547
2022-05-21,"44","6  day ahead inc hosp",2022-05-27,"quantile",0.65,14.6779376996556
2022-05-21,"44","6  day ahead inc hosp",2022-05-27,"quantile",0.7,15.5600062157534
2022-05-21,"44","6  day ahead inc hosp",2022-05-27,"quantile",0.75,16.5118968320918
2022-05-21,"44","6  day ahead inc hosp",2022-05-27,"quantile",0.8,17.5718721733204
2022-05-21,"44","6  day ahead inc hosp",2022-05-27,"quantile",0.85,18.8074028900683
2022-05-21,"44","6  day ahead inc hosp",2022-05-27,"quantile",0.9,20.3619826559582
2022-05-21,"44","6  day ahead inc hosp",2022-05-27,"quantile",0.95,22.6661040502531
2022-05-21,"44","6  day ahead inc hosp",2022-05-27,"quantile",0.975,24.664585737013
2022-05-21,"44","6  day ahead inc hosp",2022-05-27,"quantile",0.99,26.9882525916811
2022-05-21,"44","7  day ahead inc hosp",2022-05-28,"quantile",0.01,0
2022-05-21,"44","7  day ahead inc hosp",2022-05-28,"quantile",0.025,0
2022-05-21,"44","7  day ahead inc hosp",2022-05-28,"quantile",0.05,1.56693805018265
2022-05-21,"44","7  day ahead inc hosp",2022-05-28,"quantile",0.1,3.95098799014505
2022-05-21,"44","7  day ahead inc hosp",2022-05-28,"quantile",0.15,5.55949516633522
2022-05-21,"44","7  day ahead inc hosp",2022-05-28,"quantile",0.2,6.837885679256
2022-05-21,"44","7  day ahead inc hosp",2022-05-28,"quantile",0.25,7.93463090929237
2022-05-21,"44","7  day ahead inc hosp",2022-05-28,"quantile",0.3,8.91954202220135
2022-05-21,"44","7  day ahead inc hosp",2022-05-28,"quantile",0.35,9.83220894940954
2022-05-21,"44","7  day ahead inc hosp",2022-05-28,"quantile",0.4,10.6982406134367
2022-05-21,"44","7  day ahead inc hosp",2022-05-28,"quantile",0.45,11.5361362708858
2022-05-21,"44","7  day ahead inc hosp",2022-05-28,"quantile",0.5,12.3607474092463
2022-05-21,"44","7  day ahead inc hosp",2022-05-28,"quantile",0.55,13.1853585476068
2022-05-21,"44","7  day ahead inc hosp",2022-05-28,"quantile",0.6,14.0232542050559
2022-05-21,"44","7  day ahead inc hosp",2022-05-28,"quantile",0.65,14.8892858690831
2022-05-21,"44","7  day ahead inc hosp",2022-05-28,"quantile",0.7,15.8019527962912
2022-05-21,"44","7  day ahead inc hosp",2022-05-28,"quantile",0.75,16.7868639092002
2022-05-21,"44","7  day ahead inc hosp",2022-05-28,"quantile",0.8,17.8836091392366
2022-05-21,"44","7  day ahead inc hosp",2022-05-28,"quantile",0.85,19.1619996521574
2022-05-21,"44","7  day ahead inc hosp",2022-05-28,"quantile",0.9,20.7705068283475
2022-05-21,"44","7  day ahead inc hosp",2022-05-28,"quantile",0.95,23.15455676831
2022-05-21,"44","7  day ahead inc hosp",2022-05-28,"quantile",0.975,25.2223645483744
2022-05-21,"44","7  day ahead inc hosp",2022-05-28,"quantile",0.99,27.6266379686381
2022-05-21,"44","8  day ahead inc hosp",2022-05-29,"quantile",0.01,0
2022-05-21,"44","8  day ahead inc hosp",2022-05-29,"quantile",0.025,0
2022-05-21,"44","8  day ahead inc hosp",2022-05-29,"quantile",0.05,0
2022-05-21,"44","8  day ahead inc hosp",2022-05-29,"quantile",0.1,2.1345513186587
2022-05-21,"44","8  day ahead inc hosp",2022-05-29,"quantile",0.15,3.80756352806993
2022-05-21,"44","8  day ahead inc hosp",2022-05-29,"quantile",0.2,5.13722059654365
2022-05-21,"44","8  day ahead inc hosp",2022-05-29,"quantile",0.25,6.27794796638377
2022-05-21,"44","8  day ahead inc hosp",2022-05-29,"quantile",0.3,7.3023564001617
2022-05-21,"44","8  day ahead inc hosp",2022-05-29,"quantile",0.35,8.25162348143248
2022-05-21,"44","8  day ahead inc hosp",2022-05-29,"quantile",0.4,9.15238511252817
2022-05-21,"44","8  day ahead inc hosp",2022-05-29,"quantile",0.45,10.0238824150427
2022-05-21,"44","8  day ahead inc hosp",2022-05-29,"quantile",0.5,10.8815624570809
2022-05-21,"44","8  day ahead inc hosp",2022-05-29,"quantile",0.55,11.7392424991192
2022-05-21,"44","8  day ahead inc hosp",2022-05-29,"quantile",0.6,12.6107398016337
2022-05-21,"44","8  day ahead inc hosp",2022-05-29,"quantile",0.65,13.5115014327294
2022-05-21,"44","8  day ahead inc hosp",2022-05-29,"quantile",0.7,14.4607685140002
2022-05-21,"44","8  day ahead inc hosp",2022-05-29,"quantile",0.75,15.4851769477781
2022-05-21,"44","8  day ahead inc hosp",2022-05-29,"quantile",0.8,16.6259043176182
2022-05-21,"44","8  day ahead inc hosp",2022-05-29,"quantile",0.85,17.9555613860919
2022-05-21,"44","8  day ahead inc hosp",2022-05-29,"quantile",0.9,19.6285735955032
2022-05-21,"44","8  day ahead inc hosp",2022-05-29,"quantile",0.95,22.1082297117104
2022-05-21,"44","8  day ahead inc hosp",2022-05-29,"quantile",0.975,24.2589615915379
2022-05-21,"44","8  day ahead inc hosp",2022-05-29,"quantile",0.99,26.7596521985834
2022-05-21,"44","9  day ahead inc hosp",2022-05-30,"quantile",0.01,0
2022-05-21,"44","9  day ahead inc hosp",2022-05-30,"quantile",0.025,0
2022-05-21,"44","9  day ahead inc hosp",2022-05-30,"quantile",0.05,0
2022-05-21,"44","9  day ahead inc hosp",2022-05-30,"quantile",0.1,2.45060307603881
2022-05-21,"44","9  day ahead inc hosp",2022-05-30,"quantile",0.15,4.19566734594165
2022-05-21,"44","9  day ahead inc hosp",2022-05-30,"quantile",0.2,5.5825891079973
2022-05-21,"44","9  day ahead inc hosp",2022-05-30,"quantile",0.25,6.77244448598573
2022-05-21,"44","9  day ahead inc hosp",2022-05-30,"quantile",0.3,7.84097138944575
2022-05-21,"44","9  day ahead inc hosp",2022-05-30,"quantile",0.35,8.83112080784333
2022-05-21,"44","9  day ahead inc hosp",2022-05-30,"quantile",0.4,9.77067577897991
2022-05-21,"44","9  day ahead inc hosp",2022-05-30,"quantile",0.45,10.6797060869356
2022-05-21,"44","9  day ahead inc hosp",2022-05-30,"quantile",0.5,11.5743240627939
2022-05-21,"44","9  day ahead inc hosp",2022-05-30,"quantile",0.55,12.4689420386523
2022-05-21,"44","9  day ahead inc hosp",2022-05-30,"quantile",0.6,13.377972346608
2022-05-21,"44","9  day ahead inc hosp",2022-05-30,"quantile",0.65,14.3175273177446
2022-05-21,"44","9  day ahead inc hosp",2022-05-30,"quantile",0.7,15.3076767361421
2022-05-21,"44","9  day ahead inc hosp",2022-05-30,"quantile",0.75,16.3762036396022
2022-05-21,"44","9  day ahead inc hosp",2022-05-30,"quantile",0.8,17.5660590175906
2022-05-21,"44","9  day ahead inc hosp",2022-05-30,"quantile",0.85,18.9529807796462
2022-05-21,"44","9  day ahead inc hosp",2022-05-30,"quantile",0.9,20.6980450495491
2022-05-21,"44","9  day ahead inc hosp",2022-05-30,"quantile",0.95,23.2844931732972
2022-05-21,"44","9  day ahead inc hosp",2022-05-30,"quantile",0.975,25.5278511933493
2022-05-21,"44","9  day ahead inc hosp",2022-05-30,"quantile",0.99,28.1362397059308
2022-05-21,"44","10  day ahead inc hosp",2022-05-31,"quantile",0.01,0
2022-05-21,"44","10  day ahead inc hosp",2022-05-31,"quantile",0.025,0
2022-05-21,"44","10  day ahead inc hosp",2022-05-31,"quantile",0.05,0
2022-05-21,"44","10  day ahead inc hosp",2022-05-31,"quantile",0.1,2.18339427301752
2022-05-21,"44","10  day ahead inc hosp",2022-05-31,"quantile",0.15,4.00465149240278
2022-05-21,"44","10  day ahead inc hosp",2022-05-31,"quantile",0.2,5.45212899534142
2022-05-21,"44","10  day ahead inc hosp",2022-05-31,"quantile",0.25,6.69393580702203
2022-05-21,"44","10  day ahead inc hosp",2022-05-31,"quantile",0.3,7.8091167035642
2022-05-21,"44","10  day ahead inc hosp",2022-05-31,"quantile",0.35,8.84249799938727
2022-05-21,"44","10  day ahead inc hosp",2022-05-31,"quantile",0.4,9.82307579454611
2022-05-21,"44","10  day ahead inc hosp",2022-05-31,"quantile",0.45,10.7717961594967
2022-05-21,"44","10  day ahead inc hosp",2022-05-31,"quantile",0.5,11.7054749214912
2022-05-21,"44","10  day ahead inc hosp",2022-05-31,"quantile",0.55,12.6391536834857
2022-05-21,"44","10  day ahead inc hosp",2022-05-31,"quantile",0.6,13.5878740484363
2022-05-21,"44","10  day ahead inc hosp",2022-05-31,"quantile",0.65,14.5684518435951
2022-05-21,"44","10  day ahead inc hosp",2022-05-31,"quantile",0.7,15.6018331394182
2022-05-21,"44","10  day ahead inc hosp",2022-05-31,"quantile",0.75,16.7170140359604
2022-05-21,"44","10  day ahead inc hosp",2022-05-31,"quantile",0.8,17.958820847641
2022-05-21,"44","10  day ahead inc hosp",2022-05-31,"quantile",0.85,19.4062983505796
2022-05-21,"44","10  day ahead inc hosp",2022-05-31,"quantile",0.9,21.2275555699649
2022-05-21,"44","10  day ahead inc hosp",2022-05-31,"quantile",0.95,23.92693312252
2022-05-21,"44","10  day ahead inc hosp",2022-05-31,"quantile",0.975,26.2682405804472
2022-05-21,"44","10  day ahead inc hosp",2022-05-31,"quantile",0.99,28.9905164825061
2022-05-21,"44","11  day ahead inc hosp",2022-06-01,"quantile",0.01,0
2022-05-21,"44","11  day ahead inc hosp",2022-06-01,"quantile",0.025,0
2022-05-21,"44","11  day ahead inc hosp",2022-06-01,"quantile",0.05,0.696439775018071
2022-05-21,"44","11  day ahead inc hosp",2022-06-01,"quantile",0.1,3.51038936760956
2022-05-21,"44","11  day ahead inc hosp",2022-06-01,"quantile",0.15,5.4089477984754
2022-05-21,"44","11  day ahead inc hosp",2022-06-01,"quantile",0.2,6.91786185380051
2022-05-21,"44","11  day ahead inc hosp",2022-06-01,"quantile",0.25,8.21237575701437
2022-05-21,"44","11  day ahead inc hosp",2022-06-01,"quantile",0.3,9.37488925073454
2022-05-21,"44","11  day ahead inc hosp",2022-06-01,"quantile",0.35,10.4521312518101
2022-05-21,"44","11  day ahead inc hosp",2022-06-01,"quantile",0.4,11.4743285671059
2022-05-21,"44","11  day ahead inc hosp",2022-06-01,"quantile",0.45,12.4633162994477
2022-05-21,"44","11  day ahead inc hosp",2022-06-01,"quantile",0.5,13.4366240049367
2022-05-21,"44","11  day ahead inc hosp",2022-06-01,"quantile",0.55,14.4099317104256
2022-05-21,"44","11  day ahead inc hosp",2022-06-01,"quantile",0.6,15.3989194427674
2022-05-21,"44","11  day ahead inc hosp",2022-06-01,"quantile",0.65,16.4211167580632
2022-05-21,"44","11  day ahead inc hosp",2022-06-01,"quantile",0.7,17.4983587591388
2022-05-21,"44","11  day ahead inc hosp",2022-06-01,"quantile",0.75,18.660872252859
2022-05-21,"44","11  day ahead inc hosp",2022-06-01,"quantile",0.8,19.9553861560728
2022-05-21,"44","11  day ahead inc hosp",2022-06-01,"quantile",0.85,21.4643002113979
2022-05-21,"44","11  day ahead inc hosp",2022-06-01,"quantile",0.9,23.3628586422638
2022-05-21,"44","11  day ahead inc hosp",2022-06-01,"quantile",0.95,26.1768082348553
2022-05-21,"44","11  day ahead inc hosp",2022-06-01,"quantile",0.975,28.6174898509299
2022-05-21,"44","11  day ahead inc hosp",2022-06-01,"quantile",0.99,31.4553096876805
2022-05-21,"44","12  day ahead inc hosp",2022-06-02,"quantile",0.01,0
2022-05-21,"44","12  day ahead inc hosp",2022-06-02,"quantile",0.025,0
2022-05-21,"44","12  day ahead inc hosp",2022-06-02,"quantile",0.05,0
2022-05-21,"44","12  day ahead inc hosp",2022-06-02,"quantile",0.1,2.77492666870287
2022-05-21,"44","12  day ahead inc hosp",2022-06-02,"quantile",0.15,4.74954131228541
2022-05-21,"44","12  day ahead inc hosp",2022-06-02,"quantile",0.2,6.31890243444675
2022-05-21,"44","12  day ahead inc hosp",2022-06-02,"quantile",0.25,7.66527453869721
2022-05-21,"44","12  day ahead inc hosp",2022-06-02,"quantile",0.3,8.87435829969333
2022-05-21,"44","12  day ahead inc hosp",2022-06-02,"quantile",0.35,9.9947545937573
2022-05-21,"44","12  day ahead inc hosp",2022-06-02,"quantile",0.4,11.0579011130315
2022-05-21,"44","12  day ahead inc hosp",2022-06-02,"quantile",0.45,12.0865076741238
2022-05-21,"44","12  day ahead inc hosp",2022-06-02,"quantile",0.5,13.0988060668015
2022-05-21,"44","12  day ahead inc hosp",2022-06-02,"quantile",0.55,14.1111044594793
2022-05-21,"44","12  day ahead inc hosp",2022-06-02,"quantile",0.6,15.1397110205715
2022-05-21,"44","12  day ahead inc hosp",2022-06-02,"quantile",0.65,16.2028575398458
2022-05-21,"44","12  day ahead inc hosp",2022-06-02,"quantile",0.7,17.3232538339097
2022-05-21,"44","12  day ahead inc hosp",2022-06-02,"quantile",0.75,18.5323375949059
2022-05-21,"44","12  day ahead inc hosp",2022-06-02,"quantile",0.8,19.8787096991563
2022-05-21,"44","12  day ahead inc hosp",2022-06-02,"quantile",0.85,21.4480708213177
2022-05-21,"44","12  day ahead inc hosp",2022-06-02,"quantile",0.9,23.4226854649002
2022-05-21,"44","12  day ahead inc hosp",2022-06-02,"quantile",0.95,26.3493618218139
2022-05-21,"44","12  day ahead inc hosp",2022-06-02,"quantile",0.975,28.8878170945472
2022-05-21,"44","12  day ahead inc hosp",2022-06-02,"quantile",0.99,31.8393199371231
2022-05-21,"44","13  day ahead inc hosp",2022-06-03,"quantile",0.01,0
2022-05-21,"44","13  day ahead inc hosp",2022-06-03,"quantile",0.025,0
2022-05-21,"44","13  day ahead inc hosp",2022-06-03,"quantile",0.05,0
2022-05-21,"44","13  day ahead inc hosp",2022-06-03,"quantile",0.1,0.87296224113609
2022-05-21,"44","13  day ahead inc hosp",2022-06-03,"quantile",0.15,2.92074084238348
2022-05-21,"44","13  day ahead inc hosp",2022-06-03,"quantile",0.2,4.54825035875219
2022-05-21,"44","13  day ahead inc hosp",2022-06-03,"quantile",0.25,5.94450860760138
2022-05-21,"44","13  day ahead inc hosp",2022-06-03,"quantile",0.3,7.19839166824326
2022-05-21,"44","13  day ahead inc hosp",2022-06-03,"quantile",0.35,8.36030118985934
2022-05-21,"44","13  day ahead inc hosp",2022-06-03,"quantile",0.4,9.46283970249315
2022-05-21,"44","13  day ahead inc hosp",2022-06-03,"quantile",0.45,10.5295584730406
2022-05-21,"44","13  day ahead inc hosp",2022-06-03,"quantile",0.5,11.5793648204916
2022-05-21,"44","13  day ahead inc hosp",2022-06-03,"quantile",0.55,12.6291711679426
2022-05-21,"44","13  day ahead inc hosp",2022-06-03,"quantile",0.6,13.69588993849
2022-05-21,"44","13  day ahead inc hosp",2022-06-03,"quantile",0.65,14.7984284511238
2022-05-21,"44","13  day ahead inc hosp",2022-06-03,"quantile",0.7,15.9603379727399
2022-05-21,"44","13  day ahead inc hosp",2022-06-03,"quantile",0.75,17.2142210333818
2022-05-21,"44","13  day ahead inc hosp",2022-06-03,"quantile",0.8,18.610479282231
2022-05-21,"44","13  day ahead inc hosp",2022-06-03,"quantile",0.85,20.2379887985997
2022-05-21,"44","13  day ahead inc hosp",2022-06-03,"quantile",0.9,22.2857673998471
2022-05-21,"44","13  day ahead inc hosp",2022-06-03,"quantile",0.95,25.3208837634081
2022-05-21,"44","13  day ahead inc hosp",2022-06-03,"quantile",0.975,27.9533945698183
2022-05-21,"44","13  day ahead inc hosp",2022-06-03,"quantile",0.99,31.0142572967259
2022-05-21,"44","14  day ahead inc hosp",2022-06-04,"quantile",0.01,0
2022-05-21,"44","14  day ahead inc hosp",2022-06-04,"quantile",0.025,0
2022-05-21,"44","14  day ahead inc hosp",2022-06-04,"quantile",0.05,0
2022-05-21,"44","14  day ahead inc hosp",2022-06-04,"quantile",0.1,0.725568470406722
2022-05-21,"44","14  day ahead inc hosp",2022-06-04,"quantile",0.15,2.8425753435232
2022-05-21,"44","14  day ahead inc hosp",2022-06-04,"quantile",0.2,4.52510529579259
2022-05-21,"44","14  day ahead inc hosp",2022-06-04,"quantile",0.25,5.96856617953205
2022-05-21,"44","14  day ahead inc hosp",2022-06-04,"quantile",0.3,7.26483866516416
2022-05-21,"44","14  day ahead inc hosp",2022-06-04,"quantile",0.35,8.46602830632087
2022-05-21,"44","14  day ahead inc hosp",2022-06-04,"quantile",0.4,9.60583981118746
2022-05-21,"44","14  day ahead inc hosp",2022-06-04,"quantile",0.45,10.708620633077
2022-05-21,"44","14  day ahead inc hosp",2022-06-04,"quantile",0.5,11.7939172816703
2022-05-21,"44","14  day ahead inc hosp",2022-06-04,"quantile",0.55,12.8792139302637
2022-05-21,"44","14  day ahead inc hosp",2022-06-04,"quantile",0.6,13.9819947521532
2022-05-21,"44","14  day ahead inc hosp",2022-06-04,"quantile",0.65,15.1218062570198
2022-05-21,"44","14  day ahead inc hosp",2022-06-04,"quantile",0.7,16.3229958981765
2022-05-21,"44","14  day ahead inc hosp",2022-06-04,"quantile",0.75,17.6192683838086
2022-05-21,"44","14  day ahead inc hosp",2022-06-04,"quantile",0.8,19.0627292675481
2022-05-21,"44","14  day ahead inc hosp",2022-06-04,"quantile",0.85,20.7452592198175
2022-05-21,"44","14  day ahead inc hosp",2022-06-04,"quantile",0.9,22.862266092934
2022-05-21,"44","14  day ahead inc hosp",2022-06-04,"quantile",0.95,25.9999891839229
2022-05-21,"44","14  day ahead inc hosp",2022-06-04,"quantile",0.975,28.7214960242273
2022-05-21,"44","14  day ahead inc hosp",2022-06-04,"quantile",0.99,31.8858358735559
2022-05-21,"44","15  day ahead inc hosp",2022-06-05,"quantile",0.01,0
2022-05-21,"44","15  day ahead inc hosp",2022-06-05,"quantile",0.025,0
2022-05-21,"44","15  day ahead inc hosp",2022-06-05,"quantile",0.05,0
2022-05-21,"44","15  day ahead inc hosp",2022-06-05,"quantile",0.1,0
2022-05-21,"44","15  day ahead inc hosp",2022-06-05,"quantile",0.15,1.30906116021569
2022-05-21,"44","15  day ahead inc hosp",2022-06-05,"quantile",0.2,3.04302427928325
2022-05-21,"44","15  day ahead inc hosp",2022-06-05,"quantile",0.25,4.53061024043953
2022-05-21,"44","15  day ahead inc hosp",2022-06-05,"quantile",0.3,5.86650840933479
2022-05-21,"44","15  day ahead inc hosp",2022-06-05,"quantile",0.35,7.10441715144213
2022-05-21,"44","15  day ahead inc hosp",2022-06-05,"quantile",0.4,8.27907149234217
2022-05-21,"44","15  day ahead inc hosp",2022-06-05,"quantile",0.45,9.41556316132689
2022-05-21,"44","15  day ahead inc hosp",2022-06-05,"quantile",0.5,10.5340361842709
2022-05-21,"44","15  day ahead inc hosp",2022-06-05,"quantile",0.55,11.6525092072149
2022-05-21,"44","15  day ahead inc hosp",2022-06-05,"quantile",0.6,12.7890008761996
2022-05-21,"44","15  day ahead inc hosp",2022-06-05,"quantile",0.65,13.9636552170996
2022-05-21,"44","15  day ahead inc hosp",2022-06-05,"quantile",0.7,15.201563959207
2022-05-21,"44","15  day ahead inc hosp",2022-06-05,"quantile",0.75,16.5374621281022
2022-05-21,"44","15  day ahead inc hosp",2022-06-05,"quantile",0.8,18.0250480892585
2022-05-21,"44","15  day ahead inc hosp",2022-06-05,"quantile",0.85,19.7590112083261
2022-05-21,"44","15  day ahead inc hosp",2022-06-05,"quantile",0.9,21.9407327496545
2022-05-21,"44","15  day ahead inc hosp",2022-06-05,"quantile",0.95,25.1743727275243
2022-05-21,"44","15  day ahead inc hosp",2022-06-05,"quantile",0.975,27.9790731627308
2022-05-21,"44","15  day ahead inc hosp",2022-06-05,"quantile",0.99,31.2401435451812
2022-05-21,"44","16  day ahead inc hosp",2022-06-06,"quantile",0.01,0
2022-05-21,"44","16  day ahead inc hosp",2022-06-06,"quantile",0.025,0
2022-05-21,"44","16  day ahead inc hosp",2022-06-06,"quantile",0.05,0
2022-05-21,"44","16  day ahead inc hosp",2022-06-06,"quantile",0.1,1.238023323677
2022-05-21,"44","16  day ahead inc hosp",2022-06-06,"quantile",0.15,3.47970341325508
2022-05-21,"44","16  day ahead inc hosp",2022-06-06,"quantile",0.2,5.26131968574676
2022-05-21,"44","16  day ahead inc hosp",2022-06-06,"quantile",0.25,6.78978780942369
2022-05-21,"44","16  day ahead inc hosp",2022-06-06,"quantile",0.3,8.16239942377886
2022-05-21,"44","16  day ahead inc hosp",2022-06-06,"quantile",0.35,9.43432864450193
2022-05-21,"44","16  day ahead inc hosp",2022-06-06,"quantile",0.4,10.6412650927384
2022-05-21,"44","16  day ahead inc hosp",2022-06-06,"quantile",0.45,11.808990074169
2022-05-21,"44","16  day ahead inc hosp",2022-06-06,"quantile",0.5,12.95820121719
2022-05-21,"44","16  day ahead inc hosp",2022-06-06,"quantile",0.55,14.1074123602111
2022-05-21,"44","16  day ahead inc hosp",2022-06-06,"quantile",0.6,15.2751373416416
2022-05-21,"44","16  day ahead inc hosp",2022-06-06,"quantile",0.65,16.4820737898781
2022-05-21,"44","16  day ahead inc hosp",2022-06-06,"quantile",0.7,17.7540030106012
2022-05-21,"44","16  day ahead inc hosp",2022-06-06,"quantile",0.75,19.1266146249563
2022-05-21,"44","16  day ahead inc hosp",2022-06-06,"quantile",0.8,20.6550827486333
2022-05-21,"44","16  day ahead inc hosp",2022-06-06,"quantile",0.85,22.436699021125
2022-05-21,"44","16  day ahead inc hosp",2022-06-06,"quantile",0.9,24.678379110703
2022-05-21,"44","16  day ahead inc hosp",2022-06-06,"quantile",0.95,28.0008866892093
2022-05-21,"44","16  day ahead inc hosp",2022-06-06,"quantile",0.975,30.8826665147892
2022-05-21,"44","16  day ahead inc hosp",2022-06-06,"quantile",0.99,34.2333583462502
2022-05-21,"44","17  day ahead inc hosp",2022-06-07,"quantile",0.01,0
2022-05-21,"44","17  day ahead inc hosp",2022-06-07,"quantile",0.025,0
2022-05-21,"44","17  day ahead inc hosp",2022-06-07,"quantile",0.05,0
2022-05-21,"44","17  day ahead inc hosp",2022-06-07,"quantile",0.1,1.17105568628883
2022-05-21,"44","17  day ahead inc hosp",2022-06-07,"quantile",0.15,3.46792488868604
2022-05-21,"44","17  day ahead inc hosp",2022-06-07,"quantile",0.2,5.29340371851589
2022-05-21,"44","17  day ahead inc hosp",2022-06-07,"quantile",0.25,6.8595020107928
2022-05-21,"44","17  day ahead inc hosp",2022-06-07,"quantile",0.3,8.26590667956001
2022-05-21,"44","17  day ahead inc hosp",2022-06-07,"quantile",0.35,9.56915020136769
2022-05-21,"44","17  day ahead inc hosp",2022-06-07,"quantile",0.4,10.8058008591013
2022-05-21,"44","17  day ahead inc hosp",2022-06-07,"quantile",0.45,12.0022746821001
2022-05-21,"44","17  day ahead inc hosp",2022-06-07,"quantile",0.5,13.1797788646677
2022-05-21,"44","17  day ahead inc hosp",2022-06-07,"quantile",0.55,14.3572830472353
2022-05-21,"44","17  day ahead inc hosp",2022-06-07,"quantile",0.6,15.553756870234
2022-05-21,"44","17  day ahead inc hosp",2022-06-07,"quantile",0.65,16.7904075279677
2022-05-21,"44","17  day ahead inc hosp",2022-06-07,"quantile",0.7,18.0936510497753
2022-05-21,"44","17  day ahead inc hosp",2022-06-07,"quantile",0.75,19.5000557185425
2022-05-21,"44","17  day ahead inc hosp",2022-06-07,"quantile",0.8,21.0661540108195
2022-05-21,"44","17  day ahead inc hosp",2022-06-07,"quantile",0.85,22.8916328406493
2022-05-21,"44","17  day ahead inc hosp",2022-06-07,"quantile",0.9,25.1885020430465
2022-05-21,"44","17  day ahead inc hosp",2022-06-07,"quantile",0.95,28.5928082004156
2022-05-21,"44","17  day ahead inc hosp",2022-06-07,"quantile",0.975,31.5455360942114
2022-05-21,"44","17  day ahead inc hosp",2022-06-07,"quantile",0.99,34.9787203876292
2022-05-21,"44","18  day ahead inc hosp",2022-06-08,"quantile",0.01,0
2022-05-21,"44","18  day ahead inc hosp",2022-06-08,"quantile",0.025,0
2022-05-21,"44","18  day ahead inc hosp",2022-06-08,"quantile",0.05,0
2022-05-21,"44","18  day ahead inc hosp",2022-06-08,"quantile",0.1,0.625114145606108
2022-05-21,"44","18  day ahead inc hosp",2022-06-08,"quantile",0.15,2.97253853665317
2022-05-21,"44","18  day ahead inc hosp",2022-06-08,"quantile",0.2,4.83819702778982
2022-05-21,"44","18  day ahead inc hosp",2022-06-08,"quantile",0.25,6.4387658918031
2022-05-21,"44","18  day ahead inc hosp",2022-06-08,"quantile",0.3,7.87612619934736
2022-05-21,"44","18  day ahead inc hosp",2022-06-08,"quantile",0.35,9.20805473379438
2022-05-21,"44","18  day ahead inc hosp",2022-06-08,"quantile",0.4,10.4719246634092
2022-05-21,"44","18  day ahead inc hosp",2022-06-08,"quantile",0.45,11.6947334469592
2022-05-21,"44","18  day ahead inc hosp",2022-06-08,"quantile",0.5,12.8981550592278
2022-05-21,"44","18  day ahead inc hosp",2022-06-08,"quantile",0.55,14.1015766714965
2022-05-21,"44","18  day ahead inc hosp",2022-06-08,"quantile",0.6,15.3243854550464
2022-05-21,"44","18  day ahead inc hosp",2022-06-08,"quantile",0.65,16.5882553846613
2022-05-21,"44","18  day ahead inc hosp",2022-06-08,"quantile",0.7,17.9201839191083
2022-05-21,"44","18  day ahead inc hosp",2022-06-08,"quantile",0.75,19.3575442266526
2022-05-21,"44","18  day ahead inc hosp",2022-06-08,"quantile",0.8,20.9581130906659
2022-05-21,"44","18  day ahead inc hosp",2022-06-08,"quantile",0.85,22.8237715818025
2022-05-21,"44","18  day ahead inc hosp",2022-06-08,"quantile",0.9,25.1711959728496
2022-05-21,"44","18  day ahead inc hosp",2022-06-08,"quantile",0.95,28.6504325354102
2022-05-21,"44","18  day ahead inc hosp",2022-06-08,"quantile",0.975,31.6681513810403
2022-05-21,"44","18  day ahead inc hosp",2022-06-08,"quantile",0.99,35.1769017012228
2022-05-21,"44","19  day ahead inc hosp",2022-06-09,"quantile",0.01,0
2022-05-21,"44","19  day ahead inc hosp",2022-06-09,"quantile",0.025,0
2022-05-21,"44","19  day ahead inc hosp",2022-06-09,"quantile",0.05,0
2022-05-21,"44","19  day ahead inc hosp",2022-06-09,"quantile",0.1,0
2022-05-21,"44","19  day ahead inc hosp",2022-06-09,"quantile",0.15,1.92710423209754
2022-05-21,"44","19  day ahead inc hosp",2022-06-09,"quantile",0.2,3.82943936206236
2022-05-21,"44","19  day ahead inc hosp",2022-06-09,"quantile",0.25,5.46147351644037
2022-05-21,"44","19  day ahead inc hosp",2022-06-09,"quantile",0.3,6.92709062720784
2022-05-21,"44","19  day ahead inc hosp",2022-06-09,"quantile",0.35,8.28520330094666
2022-05-21,"44","19  day ahead inc hosp",2022-06-09,"quantile",0.4,9.57391941819688
2022-05-21,"44","19  day ahead inc hosp",2022-06-09,"quantile",0.45,10.8207671758266
2022-05-21,"44","19  day ahead inc hosp",2022-06-09,"quantile",0.5,12.047846633323
2022-05-21,"44","19  day ahead inc hosp",2022-06-09,"quantile",0.55,13.2749260908195
2022-05-21,"44","19  day ahead inc hosp",2022-06-09,"quantile",0.6,14.5217738484492
2022-05-21,"44","19  day ahead inc hosp",2022-06-09,"quantile",0.65,15.8104899656994
2022-05-21,"44","19  day ahead inc hosp",2022-06-09,"quantile",0.7,17.1686026394382
2022-05-21,"44","19  day ahead inc hosp",2022-06-09,"quantile",0.75,18.6342197502057
2022-05-21,"44","19  day ahead inc hosp",2022-06-09,"quantile",0.8,20.2662539045837
2022-05-21,"44","19  day ahead inc hosp",2022-06-09,"quantile",0.85,22.1685890345486
2022-05-21,"44","19  day ahead inc hosp",2022-06-09,"quantile",0.9,24.5621610120783
2022-05-21,"44","19  day ahead inc hosp",2022-06-09,"quantile",0.95,28.1097952494594
2022-05-21,"44","19  day ahead inc hosp",2022-06-09,"quantile",0.975,31.1868388775789
2022-05-21,"44","19  day ahead inc hosp",2022-06-09,"quantile",0.99,34.7645670781414
2022-05-21,"44","20  day ahead inc hosp",2022-06-10,"quantile",0.01,0
2022-05-21,"44","20  day ahead inc hosp",2022-06-10,"quantile",0.025,0
2022-05-21,"44","20  day ahead inc hosp",2022-06-10,"quantile",0.05,0
2022-05-21,"44","20  day ahead inc hosp",2022-06-10,"quantile",0.1,0
2022-05-21,"44","20  day ahead inc hosp",2022-06-10,"quantile",0.15,1.34233549784769
2022-05-21,"44","20  day ahead inc hosp",2022-06-10,"quantile",0.2,3.27806412499943
2022-05-21,"44","20  day ahead inc hosp",2022-06-10,"quantile",0.25,4.93874692655044
2022-05-21,"44","20  day ahead inc hosp",2022-06-10,"quantile",0.3,6.43009140790293
2022-05-21,"44","20  day ahead inc hosp",2022-06-10,"quantile",0.35,7.81204432463346
2022-05-21,"44","20  day ahead inc hosp",2022-06-10,"quantile",0.4,9.12338250114035
2022-05-21,"44","20  day ahead inc hosp",2022-06-10,"quantile",0.45,10.3921173629039
2022-05-21,"44","20  day ahead inc hosp",2022-06-10,"quantile",0.5,11.6407369127671
2022-05-21,"44","20  day ahead inc hosp",2022-06-10,"quantile",0.55,12.8893564626303
2022-05-21,"44","20  day ahead inc hosp",2022-06-10,"quantile",0.6,14.1580913243938
2022-05-21,"44","20  day ahead inc hosp",2022-06-10,"quantile",0.65,15.4694295009007
2022-05-21,"44","20  day ahead inc hosp",2022-06-10,"quantile",0.7,16.8513824176313
2022-05-21,"44","20  day ahead inc hosp",2022-06-10,"quantile",0.75,18.3427268989838
2022-05-21,"44","20  day ahead inc hosp",2022-06-10,"quantile",0.8,20.0034097005348
2022-05-21,"44","20  day ahead inc hosp",2022-06-10,"quantile",0.85,21.9391383276865
2022-05-21,"44","20  day ahead inc hosp",2022-06-10,"quantile",0.9,24.3747269498333
2022-05-21,"44","20  day ahead inc hosp",2022-06-10,"quantile",0.95,27.9846361839068
2022-05-21,"44","20  day ahead inc hosp",2022-06-10,"quantile",0.975,31.1156940843387
2022-05-21,"44","20  day ahead inc hosp",2022-06-10,"quantile",0.99,34.7562255495412
2022-05-21,"44","21  day ahead inc hosp",2022-06-11,"quantile",0.01,0
2022-05-21,"44","21  day ahead inc hosp",2022-06-11,"quantile",0.025,0
2022-05-21,"44","21  day ahead inc hosp",2022-06-11,"quantile",0.05,0
2022-05-21,"44","21  day ahead inc hosp",2022-06-11,"quantile",0.1,0
2022-05-21,"44","21  day ahead inc hosp",2022-06-11,"quantile",0.15,1.61813313506992
2022-05-21,"44","21  day ahead inc hosp",2022-06-11,"quantile",0.2,3.58421020410023
2022-05-21,"44","21  day ahead inc hosp",2022-06-11,"quantile",0.25,5.27092926650655
2022-05-21,"44","21  day ahead inc hosp",2022-06-11,"quantile",0.3,6.78565511479158
2022-05-21,"44","21  day ahead inc hosp",2022-06-11,"quantile",0.35,8.18927435250535
2022-05-21,"44","21  day ahead inc hosp",2022-06-11,"quantile",0.4,9.52117174887119
2022-05-21,"44","21  day ahead inc hosp",2022-06-11,"quantile",0.45,10.8097978937781
2022-05-21,"44","21  day ahead inc hosp",2022-06-11,"quantile",0.5,12.0779933580056
2022-05-21,"44","21  day ahead inc hosp",2022-06-11,"quantile",0.55,13.3461888222331
2022-05-21,"44","21  day ahead inc hosp",2022-06-11,"quantile",0.6,14.63481496714
2022-05-21,"44","21  day ahead inc hosp",2022-06-11,"quantile",0.65,15.9667123635058
2022-05-21,"44","21  day ahead inc hosp",2022-06-11,"quantile",0.7,17.3703316012196
2022-05-21,"44","21  day ahead inc hosp",2022-06-11,"quantile",0.75,18.8850574495046
2022-05-21,"44","21  day ahead inc hosp",2022-06-11,"quantile",0.8,20.571776511911
2022-05-21,"44","21  day ahead inc hosp",2022-06-11,"quantile",0.85,22.5378535809413
2022-05-21,"44","21  day ahead inc hosp",2022-06-11,"quantile",0.9,25.0116274728116
2022-05-21,"44","21  day ahead inc hosp",2022-06-11,"quantile",0.95,28.6781330288284
2022-05-21,"44","21  day ahead inc hosp",2022-06-11,"quantile",0.975,31.8582797981115
2022-05-21,"44","21  day ahead inc hosp",2022-06-11,"quantile",0.99,35.5558876819964
2022-05-21,"44","22  day ahead inc hosp",2022-06-12,"quantile",0.01,0
2022-05-21,"44","22  day ahead inc hosp",2022-06-12,"quantile",0.025,0
2022-05-21,"44","22  day ahead inc hosp",2022-06-12,"quantile",0.05,0
2022-05-21,"44","22  day ahead inc hosp",2022-06-12,"quantile",0.1,0
2022-05-21,"44","22  day ahead inc hosp",2022-06-12,"quantile",0.15,1.88340328866856
2022-05-21,"44","22  day ahead inc hosp",2022-06-12,"quantile",0.2,3.91809387442065
2022-05-21,"44","22  day ahead inc hosp",2022-06-12,"quantile",0.25,5.66367722471087
2022-05-21,"44","22  day ahead inc hosp",2022-06-12,"quantile",0.3,7.23126502279295
2022-05-21,"44","22  day ahead inc hosp",2022-06-12,"quantile",0.35,8.68386873499906
2022-05-21,"44","22  day ahead inc hosp",2022-06-12,"quantile",0.4,10.0622476074559
2022-05-21,"44","22  day ahead inc hosp",2022-06-12,"quantile",0.45,11.3958451184067
2022-05-21,"44","22  day ahead inc hosp",2022-06-12,"quantile",0.5,12.7082989446597
2022-05-21,"44","22  day ahead inc hosp",2022-06-12,"quantile",0.55,14.0207527709127
2022-05-21,"44","22  day ahead inc hosp",2022-06-12,"quantile",0.6,15.3543502818634
2022-05-21,"44","22  day ahead inc hosp",2022-06-12,"quantile",0.65,16.7327291543203
2022-05-21,"44","22  day ahead inc hosp",2022-06-12,"quantile",0.7,18.1853328665264
2022-05-21,"44","22  day ahead inc hosp",2022-06-12,"quantile",0.75,19.7529206646085
2022-05-21,"44","22  day ahead inc hosp",2022-06-12,"quantile",0.8,21.4985040148987
2022-05-21,"44","22  day ahead inc hosp",2022-06-12,"quantile",0.85,23.5331946006508
2022-05-21,"44","22  day ahead inc hosp",2022-06-12,"quantile",0.9,26.0932999639418
2022-05-21,"44","22  day ahead inc hosp",2022-06-12,"quantile",0.95,29.8877617655406
2022-05-21,"44","22  day ahead inc hosp",2022-06-12,"quantile",0.975,33.1788914952423
2022-05-21,"44","22  day ahead inc hosp",2022-06-12,"quantile",0.99,37.0055410552485
2022-05-21,"44","23  day ahead inc hosp",2022-06-13,"quantile",0.01,0
2022-05-21,"44","23  day ahead inc hosp",2022-06-13,"quantile",0.025,0
2022-05-21,"44","23  day ahead inc hosp",2022-06-13,"quantile",0.05,0
2022-05-21,"44","23  day ahead inc hosp",2022-06-13,"quantile",0.1,0
2022-05-21,"44","23  day ahead inc hosp",2022-06-13,"quantile",0.15,2.59801299575365
2022-05-21,"44","23  day ahead inc hosp",2022-06-13,"quantile",0.2,4.67042177123538
2022-05-21,"44","23  day ahead inc hosp",2022-06-13,"quantile",0.25,6.44836396982235
2022-05-21,"44","23  day ahead inc hosp",2022-06-13,"quantile",0.3,8.04501101376714
2022-05-21,"44","23  day ahead inc hosp",2022-06-13,"quantile",0.35,9.52454244795842
2022-05-21,"44","23  day ahead inc hosp",2022-06-13,"quantile",0.4,10.9284730953115
2022-05-21,"44","23  day ahead inc hosp",2022-06-13,"quantile",0.45,12.2867922441827
2022-05-21,"44","23  day ahead inc hosp",2022-06-13,"quantile",0.5,13.6235757561268
2022-05-21,"44","23  day ahead inc hosp",2022-06-13,"quantile",0.55,14.9603592680709
2022-05-21,"44","23  day ahead inc hosp",2022-06-13,"quantile",0.6,16.318678416942
2022-05-21,"44","23  day ahead inc hosp",2022-06-13,"quantile",0.65,17.7226090642952
2022-05-21,"44","23  day ahead inc hosp",2022-06-13,"quantile",0.7,19.2021404984864
2022-05-21,"44","23  day ahead inc hosp",2022-06-13,"quantile",0.75,20.7987875424312
2022-05-21,"44","23  day ahead inc hosp",2022-06-13,"quantile",0.8,22.5767297410182
2022-05-21,"44","23  day ahead inc hosp",2022-06-13,"quantile",0.85,24.6491385164999
2022-05-21,"44","23  day ahead inc hosp",2022-06-13,"quantile",0.9,27.256701975138
2022-05-21,"44","23  day ahead inc hosp",2022-06-13,"quantile",0.95,31.1215038231089
2022-05-21,"44","23  day ahead inc hosp",2022-06-13,"quantile",0.975,34.4736430529474
2022-05-21,"44","23  day ahead inc hosp",2022-06-13,"quantile",0.99,38.3712293416847
2022-05-21,"44","24  day ahead inc hosp",2022-06-14,"quantile",0.01,0
2022-05-21,"44","24  day ahead inc hosp",2022-06-14,"quantile",0.025,0
2022-05-21,"44","24  day ahead inc hosp",2022-06-14,"quantile",0.05,0
2022-05-21,"44","24  day ahead inc hosp",2022-06-14,"quantile",0.1,0
2022-05-21,"44","24  day ahead inc hosp",2022-06-14,"quantile",0.15,2.08203150580784
2022-05-21,"44","24  day ahead inc hosp",2022-06-14,"quantile",0.2,4.18407463779302
2022-05-21,"44","24  day ahead inc hosp",2022-06-14,"quantile",0.25,5.98744047556681
2022-05-21,"44","24  day ahead inc hosp",2022-06-14,"quantile",0.3,7.60691873325198
2022-05-21,"44","24  day ahead inc hosp",2022-06-14,"quantile",0.35,9.10760668950474
2022-05-21,"44","24  day ahead inc hosp",2022-06-14,"quantile",0.4,10.5316128073934
2022-05-21,"44","24  day ahead inc hosp",2022-06-14,"quantile",0.45,11.9093552063392
2022-05-21,"44","24  day ahead inc hosp",2022-06-14,"quantile",0.5,13.2652540200662
2022-05-21,"44","24  day ahead inc hosp",2022-06-14,"quantile",0.55,14.6211528337932
2022-05-21,"44","24  day ahead inc hosp",2022-06-14,"quantile",0.6,15.9988952327391
2022-05-21,"44","24  day ahead inc hosp",2022-06-14,"quantile",0.65,17.4229013506277
2022-05-21,"44","24  day ahead inc hosp",2022-06-14,"quantile",0.7,18.9235893068805
2022-05-21,"44","24  day ahead inc hosp",2022-06-14,"quantile",0.75,20.5430675645656
2022-05-21,"44","24  day ahead inc hosp",2022-06-14,"quantile",0.8,22.3464334023394
2022-05-21,"44","24  day ahead inc hosp",2022-06-14,"quantile",0.85,24.4484765343246
2022-05-21,"44","24  day ahead inc hosp",2022-06-14,"quantile",0.9,27.0933267802283
2022-05-21,"44","24  day ahead inc hosp",2022-06-14,"quantile",0.95,31.0133932637928
2022-05-21,"44","24  day ahead inc hosp",2022-06-14,"quantile",0.975,34.4134663231737
2022-05-21,"44","24  day ahead inc hosp",2022-06-14,"quantile",0.99,38.3667860477804
2022-05-21,"44","25  day ahead inc hosp",2022-06-15,"quantile",0.01,0
2022-05-21,"44","25  day ahead inc hosp",2022-06-15,"quantile",0.025,0
2022-05-21,"44","25  day ahead inc hosp",2022-06-15,"quantile",0.05,0
2022-05-21,"44","25  day ahead inc hosp",2022-06-15,"quantile",0.1,0
2022-05-21,"44","25  day ahead inc hosp",2022-06-15,"quantile",0.15,1.60437004171956
2022-05-21,"44","25  day ahead inc hosp",2022-06-15,"quantile",0.2,3.73237296081884
2022-05-21,"44","25  day ahead inc hosp",2022-06-15,"quantile",0.25,5.55800998443324
2022-05-21,"44","25  day ahead inc hosp",2022-06-15,"quantile",0.3,7.19748845532321
2022-05-21,"44","25  day ahead inc hosp",2022-06-15,"quantile",0.35,8.71670958973782
2022-05-21,"44","25  day ahead inc hosp",2022-06-15,"quantile",0.4,10.1583018813386
2022-05-21,"44","25  day ahead inc hosp",2022-06-15,"quantile",0.45,11.5530591068741
2022-05-21,"44","25  day ahead inc hosp",2022-06-15,"quantile",0.5,12.9257029835435
2022-05-21,"44","25  day ahead inc hosp",2022-06-15,"quantile",0.55,14.2983468602128
2022-05-21,"44","25  day ahead inc hosp",2022-06-15,"quantile",0.6,15.6931040857483
2022-05-21,"44","25  day ahead inc hosp",2022-06-15,"quantile",0.65,17.1346963773491
2022-05-21,"44","25  day ahead inc hosp",2022-06-15,"quantile",0.7,18.6539175117637
2022-05-21,"44","25  day ahead inc hosp",2022-06-15,"quantile",0.75,20.2933959826537
2022-05-21,"44","25  day ahead inc hosp",2022-06-15,"quantile",0.8,22.1190330062681
2022-05-21,"44","25  day ahead inc hosp",2022-06-15,"quantile",0.85,24.2470359253674
2022-05-21,"44","25  day ahead inc hosp",2022-06-15,"quantile",0.9,26.9245495111842
2022-05-21,"44","25  day ahead inc hosp",2022-06-15,"quantile",0.95,30.893027984892
2022-05-21,"44","25  day ahead inc hosp",2022-06-15,"quantile",0.975,34.3350912258495
2022-05-21,"44","25  day ahead inc hosp",2022-06-15,"quantile",0.99,38.3372336110777
2022-05-21,"44","26  day ahead inc hosp",2022-06-16,"quantile",0.01,0
2022-05-21,"44","26  day ahead inc hosp",2022-06-16,"quantile",0.025,0
2022-05-21,"44","26  day ahead inc hosp",2022-06-16,"quantile",0.05,0
2022-05-21,"44","26  day ahead inc hosp",2022-06-16,"quantile",0.1,0
2022-05-21,"44","26  day ahead inc hosp",2022-06-16,"quantile",0.15,1.534209683713
2022-05-21,"44","26  day ahead inc hosp",2022-06-16,"quantile",0.2,3.68651766562998
2022-05-21,"44","26  day ahead inc hosp",2022-06-16,"quantile",0.25,5.53300626897814
2022-05-21,"44","26  day ahead inc hosp",2022-06-16,"quantile",0.3,7.1912101029142
2022-05-21,"44","26  day ahead inc hosp",2022-06-16,"quantile",0.35,8.72778307682796
2022-05-21,"44","26  day ahead inc hosp",2022-06-16,"quantile",0.4,10.1858405672734
2022-05-21,"44","26  day ahead inc hosp",2022-06-16,"quantile",0.45,11.5965280632412
2022-05-21,"44","26  day ahead inc hosp",2022-06-16,"quantile",0.5,12.9848496419237
2022-05-21,"44","26  day ahead inc hosp",2022-06-16,"quantile",0.55,14.3731712206062
2022-05-21,"44","26  day ahead inc hosp",2022-06-16,"quantile",0.6,15.7838587165741
2022-05-21,"44","26  day ahead inc hosp",2022-06-16,"quantile",0.65,17.2419162070195
2022-05-21,"44","26  day ahead inc hosp",2022-06-16,"quantile",0.7,18.7784891809333
2022-05-21,"44","26  day ahead inc hosp",2022-06-16,"quantile",0.75,20.4366930148693
2022-05-21,"44","26  day ahead inc hosp",2022-06-16,"quantile",0.8,22.2831816182175
2022-05-21,"44","26  day ahead inc hosp",2022-06-16,"quantile",0.85,24.4354896001345
2022-05-21,"44","26  day ahead inc hosp",2022-06-16,"quantile",0.9,27.1435845048558
2022-05-21,"44","26  day ahead inc hosp",2022-06-16,"quantile",0.95,31.157389099937
2022-05-21,"44","26  day ahead inc hosp",2022-06-16,"quantile",0.975,34.6387659915212
2022-05-21,"44","26  day ahead inc hosp",2022-06-16,"quantile",0.99,38.6866189917139
2022-05-21,"44","27  day ahead inc hosp",2022-06-17,"quantile",0.01,0
2022-05-21,"44","27  day ahead inc hosp",2022-06-17,"quantile",0.025,0
2022-05-21,"44","27  day ahead inc hosp",2022-06-17,"quantile",0.05,0
2022-05-21,"44","27  day ahead inc hosp",2022-06-17,"quantile",0.1,0
2022-05-21,"44","27  day ahead inc hosp",2022-06-17,"quantile",0.15,1.36076473594619
2022-05-21,"44","27  day ahead inc hosp",2022-06-17,"quantile",0.2,3.53642129970536
2022-05-21,"44","27  day ahead inc hosp",2022-06-17,"quantile",0.25,5.40294090727699
2022-05-21,"44","27  day ahead inc hosp",2022-06-17,"quantile",0.3,7.07913320208992
2022-05-21,"44","27  day ahead inc hosp",2022-06-17,"quantile",0.35,8.63237516582269
2022-05-21,"44","27  day ahead inc hosp",2022-06-17,"quantile",0.4,10.1062498975423
2022-05-21,"44","27  day ahead inc hosp",2022-06-17,"quantile",0.45,11.5322407574943
2022-05-21,"44","27  day ahead inc hosp",2022-06-17,"quantile",0.5,12.9356230711067
2022-05-21,"44","27  day ahead inc hosp",2022-06-17,"quantile",0.55,14.3390053847191
2022-05-21,"44","27  day ahead inc hosp",2022-06-17,"quantile",0.6,15.7649962446712
2022-05-21,"44","27  day ahead inc hosp",2022-06-17,"quantile",0.65,17.2388709763908
2022-05-21,"44","27  day ahead inc hosp",2022-06-17,"quantile",0.7,18.7921129401235
2022-05-21,"44","27  day ahead inc hosp",2022-06-17,"quantile",0.75,20.4683052349365
2022-05-21,"44","27  day ahead inc hosp",2022-06-17,"quantile",0.8,22.3348248425081
2022-05-21,"44","27  day ahead inc hosp",2022-06-17,"quantile",0.85,24.5104814062673
2022-05-21,"44","27  day ahead inc hosp",2022-06-17,"quantile",0.9,27.2479541584205
2022-05-21,"44","27  day ahead inc hosp",2022-06-17,"quantile",0.95,31.3053011488626
2022-05-21,"44","27  day ahead inc hosp",2022-06-17,"quantile",0.975,34.8244445747716
2022-05-21,"44","27  day ahead inc hosp",2022-06-17,"quantile",0.99,38.9162093328792
2022-05-21,"44","28  day ahead inc hosp",2022-06-18,"quantile",0.01,0
2022-05-21,"44","28  day ahead inc hosp",2022-06-18,"quantile",0.025,0
2022-05-21,"44","28  day ahead inc hosp",2022-06-18,"quantile",0.05,0
2022-05-21,"44","28  day ahead inc hosp",2022-06-18,"quantile",0.1,0
2022-05-21,"44","28  day ahead inc hosp",2022-06-18,"quantile",0.15,1.74640342016595
2022-05-21,"44","28  day ahead inc hosp",2022-06-18,"quantile",0.2,3.94461189493574
2022-05-21,"44","28  day ahead inc hosp",2022-06-18,"quantile",0.25,5.83047903409425
2022-05-21,"44","28  day ahead inc hosp",2022-06-18,"quantile",0.3,7.52404601023279
2022-05-21,"44","28  day ahead inc hosp",2022-06-18,"quantile",0.35,9.09338820555889
2022-05-21,"44","28  day ahead inc hosp",2022-06-18,"quantile",0.4,10.5825404826155
2022-05-21,"44","28  day ahead inc hosp",2022-06-18,"quantile",0.45,12.0233125444866
2022-05-21,"44","28  day ahead inc hosp",2022-06-18,"quantile",0.5,13.4412417096461
2022-05-21,"44","28  day ahead inc hosp",2022-06-18,"quantile",0.55,14.8591708748056
2022-05-21,"44","28  day ahead inc hosp",2022-06-18,"quantile",0.6,16.2999429366768
2022-05-21,"44","28  day ahead inc hosp",2022-06-18,"quantile",0.65,17.7890952137334
2022-05-21,"44","28  day ahead inc hosp",2022-06-18,"quantile",0.7,19.3584374090594
2022-05-21,"44","28  day ahead inc hosp",2022-06-18,"quantile",0.75,21.052004385198
2022-05-21,"44","28  day ahead inc hosp",2022-06-18,"quantile",0.8,22.9378715243565
2022-05-21,"44","28  day ahead inc hosp",2022-06-18,"quantile",0.85,25.1360799991263
2022-05-21,"44","28  day ahead inc hosp",2022-06-18,"quantile",0.9,27.9019282048915
2022-05-21,"44","28  day ahead inc hosp",2022-06-18,"quantile",0.95,32.001331892053
2022-05-21,"44","28  day ahead inc hosp",2022-06-18,"quantile",0.975,35.5569532302836
2022-05-21,"44","28  day ahead inc hosp",2022-06-18,"quantile",0.99,39.691131444742
2022-05-21,"44","29  day ahead inc hosp",2022-06-19,"quantile",0.01,0
2022-05-21,"44","29  day ahead inc hosp",2022-06-19,"quantile",0.025,0
2022-05-21,"44","29  day ahead inc hosp",2022-06-19,"quantile",0.05,0
2022-05-21,"44","29  day ahead inc hosp",2022-06-19,"quantile",0.1,0
2022-05-21,"44","29  day ahead inc hosp",2022-06-19,"quantile",0.15,0.775634782294301
2022-05-21,"44","29  day ahead inc hosp",2022-06-19,"quantile",0.2,2.99553969218755
2022-05-21,"44","29  day ahead inc hosp",2022-06-19,"quantile",0.25,4.90002044079477
2022-05-21,"44","29  day ahead inc hosp",2022-06-19,"quantile",0.3,6.61030301349605
2022-05-21,"44","29  day ahead inc hosp",2022-06-19,"quantile",0.35,8.19513470015938
2022-05-21,"44","29  day ahead inc hosp",2022-06-19,"quantile",0.4,9.69898498977435
2022-05-21,"44","29  day ahead inc hosp",2022-06-19,"quantile",0.45,11.1539775488944
2022-05-21,"44","29  day ahead inc hosp",2022-06-19,"quantile",0.5,12.5859017506916
2022-05-21,"44","29  day ahead inc hosp",2022-06-19,"quantile",0.55,14.0178259524887
2022-05-21,"44","29  day ahead inc hosp",2022-06-19,"quantile",0.6,15.4728185116088
2022-05-21,"44","29  day ahead inc hosp",2022-06-19,"quantile",0.65,16.9766688012238
2022-05-21,"44","29  day ahead inc hosp",2022-06-19,"quantile",0.7,18.5615004878871
2022-05-21,"44","29  day ahead inc hosp",2022-06-19,"quantile",0.75,20.2717830605884
2022-05-21,"44","29  day ahead inc hosp",2022-06-19,"quantile",0.8,22.1762638091956
2022-05-21,"44","29  day ahead inc hosp",2022-06-19,"quantile",0.85,24.3961687190888
2022-05-21,"44","29  day ahead inc hosp",2022-06-19,"quantile",0.9,27.1893159944585
2022-05-21,"44","29  day ahead inc hosp",2022-06-19,"quantile",0.95,31.3291810150941
2022-05-21,"44","29  day ahead inc hosp",2022-06-19,"quantile",0.975,34.9198965259539
2022-05-21,"44","29  day ahead inc hosp",2022-06-19,"quantile",0.99,39.0948793003293
2022-05-21,"44","30  day ahead inc hosp",2022-06-20,"quantile",0.01,0
2022-05-21,"44","30  day ahead inc hosp",2022-06-20,"quantile",0.025,0
2022-05-21,"44","30  day ahead inc hosp",2022-06-20,"quantile",0.05,0
2022-05-21,"44","30  day ahead inc hosp",2022-06-20,"quantile",0.1,0
2022-05-21,"44","30  day ahead inc hosp",2022-06-20,"quantile",0.15,1.04244100505551
2022-05-21,"44","30  day ahead inc hosp",2022-06-20,"quantile",0.2,3.28306386663216
2022-05-21,"44","30  day ahead inc hosp",2022-06-20,"quantile",0.25,5.20531877302233
2022-05-21,"44","30  day ahead inc hosp",2022-06-20,"quantile",0.3,6.93156308874615
2022-05-21,"44","30  day ahead inc hosp",2022-06-20,"quantile",0.35,8.53118570909511
2022-05-21,"44","30  day ahead inc hosp",2022-06-20,"quantile",0.4,10.0490711483692
2022-05-21,"44","30  day ahead inc hosp",2022-06-20,"quantile",0.45,11.5176428772119
2022-05-21,"44","30  day ahead inc hosp",2022-06-20,"quantile",0.5,12.962930956126
2022-05-21,"44","30  day ahead inc hosp",2022-06-20,"quantile",0.55,14.4082190350401
2022-05-21,"44","30  day ahead inc hosp",2022-06-20,"quantile",0.6,15.8767907638828
2022-05-21,"44","30  day ahead inc hosp",2022-06-20,"quantile",0.65,17.3946762031568
2022-05-21,"44","30  day ahead inc hosp",2022-06-20,"quantile",0.7,18.9942988235058
2022-05-21,"44","30  day ahead inc hosp",2022-06-20,"quantile",0.75,20.7205431392296
2022-05-21,"44","30  day ahead inc hosp",2022-06-20,"quantile",0.8,22.6427980456198
2022-05-21,"44","30  day ahead inc hosp",2022-06-20,"quantile",0.85,24.8834209071964
2022-05-21,"44","30  day ahead inc hosp",2022-06-20,"quantile",0.9,27.7026360965735
2022-05-21,"44","30  day ahead inc hosp",2022-06-20,"quantile",0.95,31.8811376926278
2022-05-21,"44","30  day ahead inc hosp",2022-06-20,"quantile",0.975,35.505364670637
2022-05-21,"44","30  day ahead inc hosp",2022-06-20,"quantile",0.99,39.7193117677692
2022-05-21,"44","31  day ahead inc hosp",2022-06-21,"quantile",0.01,0
2022-05-21,"44","31  day ahead inc hosp",2022-06-21,"quantile",0.025,0
2022-05-21,"44","31  day ahead inc hosp",2022-06-21,"quantile",0.05,0
2022-05-21,"44","31  day ahead inc hosp",2022-06-21,"quantile",0.1,0
2022-05-21,"44","31  day ahead inc hosp",2022-06-21,"quantile",0.15,1.5756830618339
2022-05-21,"44","31  day ahead inc hosp",2022-06-21,"quantile",0.2,3.83592835658
2022-05-21,"44","31  day ahead inc hosp",2022-06-21,"quantile",0.25,5.77501756341498
2022-05-21,"44","31  day ahead inc hosp",2022-06-21,"quantile",0.3,7.51637960122416
2022-05-21,"44","31  day ahead inc hosp",2022-06-21,"quantile",0.35,9.13001104407618
2022-05-21,"44","31  day ahead inc hosp",2022-06-21,"quantile",0.4,10.6611894859799
2022-05-21,"44","31  day ahead inc hosp",2022-06-21,"quantile",0.45,12.1426223487055
2022-05-21,"44","31  day ahead inc hosp",2022-06-21,"quantile",0.5,13.6005676530837
2022-05-21,"44","31  day ahead inc hosp",2022-06-21,"quantile",0.55,15.0585129574619
2022-05-21,"44","31  day ahead inc hosp",2022-06-21,"quantile",0.6,16.5399458201875
2022-05-21,"44","31  day ahead inc hosp",2022-06-21,"quantile",0.65,18.0711242620913
2022-05-21,"44","31  day ahead inc hosp",2022-06-21,"quantile",0.7,19.6847557049433
2022-05-21,"44","31  day ahead inc hosp",2022-06-21,"quantile",0.75,21.4261177427525
2022-05-21,"44","31  day ahead inc hosp",2022-06-21,"quantile",0.8,23.3652069495874
2022-05-21,"44","31  day ahead inc hosp",2022-06-21,"quantile",0.85,25.6254522443335
2022-05-21,"44","31  day ahead inc hosp",2022-06-21,"quantile",0.9,28.469356935274
2022-05-21,"44","31  day ahead inc hosp",2022-06-21,"quantile",0.95,32.6844520918614
2022-05-21,"44","31  day ahead inc hosp",2022-06-21,"quantile",0.975,36.3404185262898
2022-05-21,"44","31  day ahead inc hosp",2022-06-21,"quantile",0.99,40.5912696007539
2022-05-21,"44","32  day ahead inc hosp",2022-06-22,"quantile",0.01,0
2022-05-21,"44","32  day ahead inc hosp",2022-06-22,"quantile",0.025,0
2022-05-21,"44","32  day ahead inc hosp",2022-06-22,"quantile",0.05,0
2022-05-21,"44","32  day ahead inc hosp",2022-06-22,"quantile",0.1,0
2022-05-21,"44","32  day ahead inc hosp",2022-06-22,"quantile",0.15,2.59163461334268
2022-05-21,"44","32  day ahead inc hosp",2022-06-22,"quantile",0.2,4.87032316129289
2022-05-21,"44","32  day ahead inc hosp",2022-06-22,"quantile",0.25,6.8252350371586
2022-05-21,"44","32  day ahead inc hosp",2022-06-22,"quantile",0.3,8.58080632077752
2022-05-21,"44","32  day ahead inc hosp",2022-06-22,"quantile",0.35,10.2076047474732
2022-05-21,"44","32  day ahead inc hosp",2022-06-22,"quantile",0.4,11.7512773694424
2022-05-21,"44","32  day ahead inc hosp",2022-06-22,"quantile",0.45,13.2447984959753
2022-05-21,"44","32  day ahead inc hosp",2022-06-22,"quantile",0.5,14.7146404093052
2022-05-21,"44","32  day ahead inc hosp",2022-06-22,"quantile",0.55,16.1844823226351
2022-05-21,"44","32  day ahead inc hosp",2022-06-22,"quantile",0.6,17.678003449168
2022-05-21,"44","32  day ahead inc hosp",2022-06-22,"quantile",0.65,19.2216760711372
2022-05-21,"44","32  day ahead inc hosp",2022-06-22,"quantile",0.7,20.8484744978329
2022-05-21,"44","32  day ahead inc hosp",2022-06-22,"quantile",0.75,22.6040457814518
2022-05-21,"44","32  day ahead inc hosp",2022-06-22,"quantile",0.8,24.5589576573175
2022-05-21,"44","32  day ahead inc hosp",2022-06-22,"quantile",0.85,26.8376462052677
2022-05-21,"44","32  day ahead inc hosp",2022-06-22,"quantile",0.9,29.7047567201182
2022-05-21,"44","32  day ahead inc hosp",2022-06-22,"quantile",0.95,33.9542464034559
2022-05-21,"44","32  day ahead inc hosp",2022-06-22,"quantile",0.975,37.6400449604476
2022-05-21,"44","32  day ahead inc hosp",2022-06-22,"quantile",0.99,41.9255823244404
2022-05-21,"44","33  day ahead inc hosp",2022-06-23,"quantile",0.01,0
2022-05-21,"44","33  day ahead inc hosp",2022-06-23,"quantile",0.025,0
2022-05-21,"44","33  day ahead inc hosp",2022-06-23,"quantile",0.05,0
2022-05-21,"44","33  day ahead inc hosp",2022-06-23,"quantile",0.1,0
2022-05-21,"44","33  day ahead inc hosp",2022-06-23,"quantile",0.15,2.04345937360573
2022-05-21,"44","33  day ahead inc hosp",2022-06-23,"quantile",0.2,4.33936778419272
2022-05-21,"44","33  day ahead inc hosp",2022-06-23,"quantile",0.25,6.30905276891514
2022-05-21,"44","33  day ahead inc hosp",2022-06-23,"quantile",0.3,8.07789076086951
2022-05-21,"44","33  day ahead inc hosp",2022-06-23,"quantile",0.35,9.71698276997277
2022-05-21,"44","33  day ahead inc hosp",2022-06-23,"quantile",0.4,11.2723207994547
2022-05-21,"44","33  day ahead inc hosp",2022-06-23,"quantile",0.45,12.7771283427589
2022-05-21,"44","33  day ahead inc hosp",2022-06-23,"quantile",0.5,14.2580777309861
2022-05-21,"44","33  day ahead inc hosp",2022-06-23,"quantile",0.55,15.7390271192134
2022-05-21,"44","33  day ahead inc hosp",2022-06-23,"quantile",0.6,17.2438346625176
2022-05-21,"44","33  day ahead inc hosp",2022-06-23,"quantile",0.65,18.7991726919995
2022-05-21,"44","33  day ahead inc hosp",2022-06-23,"quantile",0.7,20.4382647011028
2022-05-21,"44","33  day ahead inc hosp",2022-06-23,"quantile",0.75,22.2071026930572
2022-05-21,"44","33  day ahead inc hosp",2022-06-23,"quantile",0.8,24.1767876777796
2022-05-21,"44","33  day ahead inc hosp",2022-06-23,"quantile",0.85,26.4726960883666
2022-05-21,"44","33  day ahead inc hosp",2022-06-23,"quantile",0.9,29.3614731224413
2022-05-21,"44","33  day ahead inc hosp",2022-06-23,"quantile",0.95,33.6430758511047
2022-05-21,"44","33  day ahead inc hosp",2022-06-23,"quantile",0.975,37.3567276857702
2022-05-21,"44","33  day ahead inc hosp",2022-06-23,"quantile",0.99,41.6746505044576
2022-05-21,"44","34  day ahead inc hosp",2022-06-24,"quantile",0.01,0
2022-05-21,"44","34  day ahead inc hosp",2022-06-24,"quantile",0.025,0
2022-05-21,"44","34  day ahead inc hosp",2022-06-24,"quantile",0.05,0
2022-05-21,"44","34  day ahead inc hosp",2022-06-24,"quantile",0.1,0
2022-05-21,"44","34  day ahead inc hosp",2022-06-24,"quantile",0.15,1.61671233033702
2022-05-21,"44","34  day ahead inc hosp",2022-06-24,"quantile",0.2,3.92860885111114
2022-05-21,"44","34  day ahead inc hosp",2022-06-24,"quantile",0.25,5.91201021076579
2022-05-21,"44","34  day ahead inc hosp",2022-06-24,"quantile",0.3,7.69316593133169
2022-05-21,"44","34  day ahead inc hosp",2022-06-24,"quantile",0.35,9.34367215170207
2022-05-21,"44","34  day ahead inc hosp",2022-06-24,"quantile",0.4,10.9098411514784
2022-05-21,"44","34  day ahead inc hosp",2022-06-24,"quantile",0.45,12.4251277838881
2022-05-21,"44","34  day ahead inc hosp",2022-06-24,"quantile",0.5,13.9163901192222
2022-05-21,"44","34  day ahead inc hosp",2022-06-24,"quantile",0.55,15.4076524545563
2022-05-21,"44","34  day ahead inc hosp",2022-06-24,"quantile",0.6,16.922939086966
2022-05-21,"44","34  day ahead inc hosp",2022-06-24,"quantile",0.65,18.4891080867423
2022-05-21,"44","34  day ahead inc hosp",2022-06-24,"quantile",0.7,20.1396143071127
2022-05-21,"44","34  day ahead inc hosp",2022-06-24,"quantile",0.75,21.9207700276786
2022-05-21,"44","34  day ahead inc hosp",2022-06-24,"quantile",0.8,23.9041713873332
2022-05-21,"44","34  day ahead inc hosp",2022-06-24,"quantile",0.85,26.2160679081074
2022-05-21,"44","34  day ahead inc hosp",2022-06-24,"quantile",0.9,29.1249616355631
2022-05-21,"44","34  day ahead inc hosp",2022-06-24,"quantile",0.95,33.4363803341876
2022-05-21,"44","34  day ahead inc hosp",2022-06-24,"quantile",0.975,37.1758930762201
2022-05-21,"44","34  day ahead inc hosp",2022-06-24,"quantile",0.99,41.5238847885473
2022-05-21,"44","35  day ahead inc hosp",2022-06-25,"quantile",0.01,0
2022-05-21,"44","35  day ahead inc hosp",2022-06-25,"quantile",0.025,0
2022-05-21,"44","35  day ahead inc hosp",2022-06-25,"quantile",0.05,0
2022-05-21,"44","35  day ahead inc hosp",2022-06-25,"quantile",0.1,0
2022-05-21,"44","35  day ahead inc hosp",2022-06-25,"quantile",0.15,1.33167119475722
2022-05-21,"44","35  day ahead inc hosp",2022-06-25,"quantile",0.2,3.65834442032899
2022-05-21,"44","35  day ahead inc hosp",2022-06-25,"quantile",0.25,5.65442287695727
2022-05-21,"44","35  day ahead inc hosp",2022-06-25,"quantile",0.3,7.44696302240764
2022-05-21,"44","35  day ahead inc hosp",2022-06-25,"quantile",0.35,9.10801860905195
2022-05-21,"44","35  day ahead inc hosp",2022-06-25,"quantile",0.4,10.6841979257974
2022-05-21,"44","35  day ahead inc hosp",2022-06-25,"quantile",0.45,12.2091696557233
2022-05-21,"44","35  day ahead inc hosp",2022-06-25,"quantile",0.5,13.7099635350115
2022-05-21,"44","35  day ahead inc hosp",2022-06-25,"quantile",0.55,15.2107574142997
2022-05-21,"44","35  day ahead inc hosp",2022-06-25,"quantile",0.6,16.7357291442256
2022-05-21,"44","35  day ahead inc hosp",2022-06-25,"quantile",0.65,18.3119084609711
2022-05-21,"44","35  day ahead inc hosp",2022-06-25,"quantile",0.7,19.9729640476154
2022-05-21,"44","35  day ahead inc hosp",2022-06-25,"quantile",0.75,21.7655041930657
2022-05-21,"44","35  day ahead inc hosp",2022-06-25,"quantile",0.8,23.761582649694
2022-05-21,"44","35  day ahead inc hosp",2022-06-25,"quantile",0.85,26.0882558752658
2022-05-21,"44","35  day ahead inc hosp",2022-06-25,"quantile",0.9,29.0157420715073
2022-05-21,"44","35  day ahead inc hosp",2022-06-25,"quantile",0.95,33.3547176096339
2022-05-21,"44","35  day ahead inc hosp",2022-06-25,"quantile",0.975,37.1181318002734
2022-05-21,"44","35  day ahead inc hosp",2022-06-25,"quantile",0.99,41.4939141119715
2022-05-21,"44","36  day ahead inc hosp",2022-06-26,"quantile",0.01,0
2022-05-21,"44","36  day ahead inc hosp",2022-06-26,"quantile",0.025,0
2022-05-21,"44","36  day ahead inc hosp",2022-06-26,"quantile",0.05,0
2022-05-21,"44","36  day ahead inc hosp",2022-06-26,"quantile",0.1,0
2022-05-21,"44","36  day ahead inc hosp",2022-06-26,"quantile",0.15,0.500778385052842
2022-05-21,"44","36  day ahead inc hosp",2022-06-26,"quantile",0.2,2.84105832476574
2022-05-21,"44","36  day ahead inc hosp",2022-06-26,"quantile",0.25,4.84881013056232
2022-05-21,"44","36  day ahead inc hosp",2022-06-26,"quantile",0.3,6.65183330434585
2022-05-21,"44","36  day ahead inc hosp",2022-06-26,"quantile",0.35,8.32260297902435
2022-05-21,"44","36  day ahead inc hosp",2022-06-26,"quantile",0.4,9.90800001537154
2022-05-21,"44","36  day ahead inc hosp",2022-06-26,"quantile",0.45,11.4418899956879
2022-05-21,"44","36  day ahead inc hosp",2022-06-26,"quantile",0.5,12.9514607298759
2022-05-21,"44","36  day ahead inc hosp",2022-06-26,"quantile",0.55,14.461031464064
2022-05-21,"44","36  day ahead inc hosp",2022-06-26,"quantile",0.6,15.9949214443803
2022-05-21,"44","36  day ahead inc hosp",2022-06-26,"quantile",0.65,17.5803184807275
2022-05-21,"44","36  day ahead inc hosp",2022-06-26,"quantile",0.7,19.251088155406
2022-05-21,"44","36  day ahead inc hosp",2022-06-26,"quantile",0.75,21.0541113291896
2022-05-21,"44","36  day ahead inc hosp",2022-06-26,"quantile",0.8,23.0618631349861
2022-05-21,"44","36  day ahead inc hosp",2022-06-26,"quantile",0.85,25.402143074699
2022-05-21,"44","36  day ahead inc hosp",2022-06-26,"quantile",0.9,28.3467496243217
2022-05-21,"44","36  day ahead inc hosp",2022-06-26,"quantile",0.95,32.7111001051622
2022-05-21,"44","36  day ahead inc hosp",2022-06-26,"quantile",0.975,36.4965232743398
2022-05-21,"44","36  day ahead inc hosp",2022-06-26,"quantile",0.99,40.89789577997
2022-05-21,"44","37  day ahead inc hosp",2022-06-27,"quantile",0.01,0
2022-05-21,"44","37  day ahead inc hosp",2022-06-27,"quantile",0.025,0
2022-05-21,"44","37  day ahead inc hosp",2022-06-27,"quantile",0.05,0
2022-05-21,"44","37  day ahead inc hosp",2022-06-27,"quantile",0.1,0
2022-05-21,"44","37  day ahead inc hosp",2022-06-27,"quantile",0.15,1.86988849954418
2022-05-21,"44","37  day ahead inc hosp",2022-06-27,"quantile",0.2,4.22266083438654
2022-05-21,"44","37  day ahead inc hosp",2022-06-27,"quantile",0.25,6.24113000286024
2022-05-21,"44","37  day ahead inc hosp",2022-06-27,"quantile",0.3,8.05377769956185
2022-05-21,"44","37  day ahead inc hosp",2022-06-27,"quantile",0.35,9.7334659290646
2022-05-21,"44","37  day ahead inc hosp",2022-06-27,"quantile",0.4,11.3273258017926
2022-05-21,"44","37  day ahead inc hosp",2022-06-27,"quantile",0.45,12.869403674247
2022-05-21,"44","37  day ahead inc hosp",2022-06-27,"quantile",0.5,14.3870324846367
2022-05-21,"44","37  day ahead inc hosp",2022-06-27,"quantile",0.55,15.9046612950264
2022-05-21,"44","37  day ahead inc hosp",2022-06-27,"quantile",0.6,17.4467391674808
2022-05-21,"44","37  day ahead inc hosp",2022-06-27,"quantile",0.65,19.0405990402088
2022-05-21,"44","37  day ahead inc hosp",2022-06-27,"quantile",0.7,20.7202872697115
2022-05-21,"44","37  day ahead inc hosp",2022-06-27,"quantile",0.75,22.5329349664131
2022-05-21,"44","37  day ahead inc hosp",2022-06-27,"quantile",0.8,24.5514041348868
2022-05-21,"44","37  day ahead inc hosp",2022-06-27,"quantile",0.85,26.9041764697292
2022-05-21,"44","37  day ahead inc hosp",2022-06-27,"quantile",0.9,29.86450130497
2022-05-21,"44","37  day ahead inc hosp",2022-06-27,"quantile",0.95,34.2521486528925
2022-05-21,"44","37  day ahead inc hosp",2022-06-27,"quantile",0.975,38.0577783799092
2022-05-21,"44","37  day ahead inc hosp",2022-06-27,"quantile",0.99,42.4826453758861
2022-05-21,"45","1  day ahead inc hosp",2022-05-22,"quantile",0.01,13.8941489664198
2022-05-21,"45","1  day ahead inc hosp",2022-05-22,"quantile",0.025,20.5833010145171
2022-05-21,"45","1  day ahead inc hosp",2022-05-22,"quantile",0.05,26.3363408021353
2022-05-21,"45","1  day ahead inc hosp",2022-05-22,"quantile",0.1,32.9692272302175
2022-05-21,"45","1  day ahead inc hosp",2022-05-22,"quantile",0.15,37.4444042135456
2022-05-21,"45","1  day ahead inc hosp",2022-05-22,"quantile",0.2,41.0011330138974
2022-05-21,"45","1  day ahead inc hosp",2022-05-22,"quantile",0.25,44.0524896274618
2022-05-21,"45","1  day ahead inc hosp",2022-05-22,"quantile",0.3,46.7927021725834
2022-05-21,"45","1  day ahead inc hosp",2022-05-22,"quantile",0.35,49.3319174689434
2022-05-21,"45","1  day ahead inc hosp",2022-05-22,"quantile",0.4,51.7413844747838
2022-05-21,"45","1  day ahead inc hosp",2022-05-22,"quantile",0.45,54.0725716874689
2022-05-21,"45","1  day ahead inc hosp",2022-05-22,"quantile",0.5,56.3667988076286
2022-05-21,"45","1  day ahead inc hosp",2022-05-22,"quantile",0.55,58.6610259277882
2022-05-21,"45","1  day ahead inc hosp",2022-05-22,"quantile",0.6,60.9922131404733
2022-05-21,"45","1  day ahead inc hosp",2022-05-22,"quantile",0.65,63.4016801463138
2022-05-21,"45","1  day ahead inc hosp",2022-05-22,"quantile",0.7,65.9408954426738
2022-05-21,"45","1  day ahead inc hosp",2022-05-22,"quantile",0.75,68.6811079877953
2022-05-21,"45","1  day ahead inc hosp",2022-05-22,"quantile",0.8,71.7324646013597
2022-05-21,"45","1  day ahead inc hosp",2022-05-22,"quantile",0.85,75.2891934017115
2022-05-21,"45","1  day ahead inc hosp",2022-05-22,"quantile",0.9,79.7643703850397
2022-05-21,"45","1  day ahead inc hosp",2022-05-22,"quantile",0.95,86.3972568131219
2022-05-21,"45","1  day ahead inc hosp",2022-05-22,"quantile",0.975,92.15029660074
2022-05-21,"45","1  day ahead inc hosp",2022-05-22,"quantile",0.99,98.8394486488373
2022-05-21,"45","2  day ahead inc hosp",2022-05-23,"quantile",0.01,5.41047727690496
2022-05-21,"45","2  day ahead inc hosp",2022-05-23,"quantile",0.025,13.7890396414829
2022-05-21,"45","2  day ahead inc hosp",2022-05-23,"quantile",0.05,20.9950655024391
2022-05-21,"45","2  day ahead inc hosp",2022-05-23,"quantile",0.1,29.3031518182013
2022-05-21,"45","2  day ahead inc hosp",2022-05-23,"quantile",0.15,34.9085782127178
2022-05-21,"45","2  day ahead inc hosp",2022-05-23,"quantile",0.2,39.3635934154466
2022-05-21,"45","2  day ahead inc hosp",2022-05-23,"quantile",0.25,43.1855997773126
2022-05-21,"45","2  day ahead inc hosp",2022-05-23,"quantile",0.3,46.6178796143408
2022-05-21,"45","2  day ahead inc hosp",2022-05-23,"quantile",0.35,49.7983983952967
2022-05-21,"45","2  day ahead inc hosp",2022-05-23,"quantile",0.4,52.816399694814
2022-05-21,"45","2  day ahead inc hosp",2022-05-23,"quantile",0.45,55.7363508791416
2022-05-21,"45","2  day ahead inc hosp",2022-05-23,"quantile",0.5,58.6100073406107
2022-05-21,"45","2  day ahead inc hosp",2022-05-23,"quantile",0.55,61.4836638020797
2022-05-21,"45","2  day ahead inc hosp",2022-05-23,"quantile",0.6,64.4036149864073
2022-05-21,"45","2  day ahead inc hosp",2022-05-23,"quantile",0.65,67.4216162859247
2022-05-21,"45","2  day ahead inc hosp",2022-05-23,"quantile",0.7,70.6021350668805
2022-05-21,"45","2  day ahead inc hosp",2022-05-23,"quantile",0.75,74.0344149039087
2022-05-21,"45","2  day ahead inc hosp",2022-05-23,"quantile",0.8,77.8564212657747
2022-05-21,"45","2  day ahead inc hosp",2022-05-23,"quantile",0.85,82.3114364685035
2022-05-21,"45","2  day ahead inc hosp",2022-05-23,"quantile",0.9,87.91686286302
2022-05-21,"45","2  day ahead inc hosp",2022-05-23,"quantile",0.95,96.2249491787822
2022-05-21,"45","2  day ahead inc hosp",2022-05-23,"quantile",0.975,103.430975039738
2022-05-21,"45","2  day ahead inc hosp",2022-05-23,"quantile",0.99,111.809537404316
2022-05-21,"45","3  day ahead inc hosp",2022-05-24,"quantile",0.01,0
2022-05-21,"45","3  day ahead inc hosp",2022-05-24,"quantile",0.025,6.73214862558697
2022-05-21,"45","3  day ahead inc hosp",2022-05-24,"quantile",0.05,14.9112701021264
2022-05-21,"45","3  day ahead inc hosp",2022-05-24,"quantile",0.1,24.3412733418283
2022-05-21,"45","3  day ahead inc hosp",2022-05-24,"quantile",0.15,30.7036517586145
2022-05-21,"45","3  day ahead inc hosp",2022-05-24,"quantile",0.2,35.7602684327758
2022-05-21,"45","3  day ahead inc hosp",2022-05-24,"quantile",0.25,40.0983952895202
2022-05-21,"45","3  day ahead inc hosp",2022-05-24,"quantile",0.3,43.9941672823236
2022-05-21,"45","3  day ahead inc hosp",2022-05-24,"quantile",0.35,47.6041806197446
2022-05-21,"45","3  day ahead inc hosp",2022-05-24,"quantile",0.4,51.0297302529832
2022-05-21,"45","3  day ahead inc hosp",2022-05-24,"quantile",0.45,54.3439891667045
2022-05-21,"45","3  day ahead inc hosp",2022-05-24,"quantile",0.5,57.6057017574887
2022-05-21,"45","3  day ahead inc hosp",2022-05-24,"quantile",0.55,60.867414348273
2022-05-21,"45","3  day ahead inc hosp",2022-05-24,"quantile",0.6,64.1816732619943
2022-05-21,"45","3  day ahead inc hosp",2022-05-24,"quantile",0.65,67.6072228952329
2022-05-21,"45","3  day ahead inc hosp",2022-05-24,"quantile",0.7,71.2172362326539
2022-05-21,"45","3  day ahead inc hosp",2022-05-24,"quantile",0.75,75.1130082254573
2022-05-21,"45","3  day ahead inc hosp",2022-05-24,"quantile",0.8,79.4511350822016
2022-05-21,"45","3  day ahead inc hosp",2022-05-24,"quantile",0.85,84.507751756363
2022-05-21,"45","3  day ahead inc hosp",2022-05-24,"quantile",0.9,90.8701301731491
2022-05-21,"45","3  day ahead inc hosp",2022-05-24,"quantile",0.95,100.300133412851
2022-05-21,"45","3  day ahead inc hosp",2022-05-24,"quantile",0.975,108.47925488939
2022-05-21,"45","3  day ahead inc hosp",2022-05-24,"quantile",0.99,117.989251203718
2022-05-21,"45","4  day ahead inc hosp",2022-05-25,"quantile",0.01,0
2022-05-21,"45","4  day ahead inc hosp",2022-05-25,"quantile",0.025,1.95265150900157
2022-05-21,"45","4  day ahead inc hosp",2022-05-25,"quantile",0.05,11.0960267868338
2022-05-21,"45","4  day ahead inc hosp",2022-05-25,"quantile",0.1,21.637752904863
2022-05-21,"45","4  day ahead inc hosp",2022-05-25,"quantile",0.15,28.7502054697404
2022-05-21,"45","4  day ahead inc hosp",2022-05-25,"quantile",0.2,34.4029572989702
2022-05-21,"45","4  day ahead inc hosp",2022-05-25,"quantile",0.25,39.2525150378826
2022-05-21,"45","4  day ahead inc hosp",2022-05-25,"quantile",0.3,43.6075677693088
2022-05-21,"45","4  day ahead inc hosp",2022-05-25,"quantile",0.35,47.6431731575767
2022-05-21,"45","4  day ahead inc hosp",2022-05-25,"quantile",0.4,51.4725680283316
2022-05-21,"45","4  day ahead inc hosp",2022-05-25,"quantile",0.45,55.1775518830128
2022-05-21,"45","4  day ahead inc hosp",2022-05-25,"quantile",0.5,58.8237946184354
2022-05-21,"45","4  day ahead inc hosp",2022-05-25,"quantile",0.55,62.470037353858
2022-05-21,"45","4  day ahead inc hosp",2022-05-25,"quantile",0.6,66.1750212085392
2022-05-21,"45","4  day ahead inc hosp",2022-05-25,"quantile",0.65,70.0044160792941
2022-05-21,"45","4  day ahead inc hosp",2022-05-25,"quantile",0.7,74.040021467562
2022-05-21,"45","4  day ahead inc hosp",2022-05-25,"quantile",0.75,78.3950741989882
2022-05-21,"45","4  day ahead inc hosp",2022-05-25,"quantile",0.8,83.2446319379006
2022-05-21,"45","4  day ahead inc hosp",2022-05-25,"quantile",0.85,88.8973837671305
2022-05-21,"45","4  day ahead inc hosp",2022-05-25,"quantile",0.9,96.0098363320078
2022-05-21,"45","4  day ahead inc hosp",2022-05-25,"quantile",0.95,106.551562450037
2022-05-21,"45","4  day ahead inc hosp",2022-05-25,"quantile",0.975,115.694937727869
2022-05-21,"45","4  day ahead inc hosp",2022-05-25,"quantile",0.99,126.326087472021
2022-05-21,"45","5  day ahead inc hosp",2022-05-26,"quantile",0.01,0
2022-05-21,"45","5  day ahead inc hosp",2022-05-26,"quantile",0.025,0
2022-05-21,"45","5  day ahead inc hosp",2022-05-26,"quantile",0.05,8.02959698574576
2022-05-21,"45","5  day ahead inc hosp",2022-05-26,"quantile",0.1,19.5479141126136
2022-05-21,"45","5  day ahead inc hosp",2022-05-26,"quantile",0.15,27.3192679947782
2022-05-21,"45","5  day ahead inc hosp",2022-05-26,"quantile",0.2,33.4956937033911
2022-05-21,"45","5  day ahead inc hosp",2022-05-26,"quantile",0.25,38.7945170020078
2022-05-21,"45","5  day ahead inc hosp",2022-05-26,"quantile",0.3,43.5530240911843
2022-05-21,"45","5  day ahead inc hosp",2022-05-26,"quantile",0.35,47.9624900686268
2022-05-21,"45","5  day ahead inc hosp",2022-05-26,"quantile",0.4,52.1466420786016
2022-05-21,"45","5  day ahead inc hosp",2022-05-26,"quantile",0.45,56.1948575710489
2022-05-21,"45","5  day ahead inc hosp",2022-05-26,"quantile",0.5,60.1788901362952
2022-05-21,"45","5  day ahead inc hosp",2022-05-26,"quantile",0.55,64.1629227015415
2022-05-21,"45","5  day ahead inc hosp",2022-05-26,"quantile",0.6,68.2111381939889
2022-05-21,"45","5  day ahead inc hosp",2022-05-26,"quantile",0.65,72.3952902039637
2022-05-21,"45","5  day ahead inc hosp",2022-05-26,"quantile",0.7,76.8047561814062
2022-05-21,"45","5  day ahead inc hosp",2022-05-26,"quantile",0.75,81.5632632705827
2022-05-21,"45","5  day ahead inc hosp",2022-05-26,"quantile",0.8,86.8620865691994
2022-05-21,"45","5  day ahead inc hosp",2022-05-26,"quantile",0.85,93.0385122778123
2022-05-21,"45","5  day ahead inc hosp",2022-05-26,"quantile",0.9,100.809866159977
2022-05-21,"45","5  day ahead inc hosp",2022-05-26,"quantile",0.95,112.328183286845
2022-05-21,"45","5  day ahead inc hosp",2022-05-26,"quantile",0.975,122.318605621942
2022-05-21,"45","5  day ahead inc hosp",2022-05-26,"quantile",0.99,133.934630626323
2022-05-21,"45","6  day ahead inc hosp",2022-05-27,"quantile",0.01,0
2022-05-21,"45","6  day ahead inc hosp",2022-05-27,"quantile",0.025,0
2022-05-21,"45","6  day ahead inc hosp",2022-05-27,"quantile",0.05,4.15468308232175
2022-05-21,"45","6  day ahead inc hosp",2022-05-27,"quantile",0.1,16.5378856284881
2022-05-21,"45","6  day ahead inc hosp",2022-05-27,"quantile",0.15,24.8927735970006
2022-05-21,"45","6  day ahead inc hosp",2022-05-27,"quantile",0.2,31.5329736990359
2022-05-21,"45","6  day ahead inc hosp",2022-05-27,"quantile",0.25,37.229674131954
2022-05-21,"45","6  day ahead inc hosp",2022-05-27,"quantile",0.3,42.345487184643
2022-05-21,"45","6  day ahead inc hosp",2022-05-27,"quantile",0.35,47.086050386513
2022-05-21,"45","6  day ahead inc hosp",2022-05-27,"quantile",0.4,51.5843812844015
2022-05-21,"45","6  day ahead inc hosp",2022-05-27,"quantile",0.45,55.9365684868679
2022-05-21,"45","6  day ahead inc hosp",2022-05-27,"quantile",0.5,60.2197534055127
2022-05-21,"45","6  day ahead inc hosp",2022-05-27,"quantile",0.55,64.5029383241574
2022-05-21,"45","6  day ahead inc hosp",2022-05-27,"quantile",0.6,68.8551255266238
2022-05-21,"45","6  day ahead inc hosp",2022-05-27,"quantile",0.65,73.3534564245123
2022-05-21,"45","6  day ahead inc hosp",2022-05-27,"quantile",0.7,78.0940196263823
2022-05-21,"45","6  day ahead inc hosp",2022-05-27,"quantile",0.75,83.2098326790713
2022-05-21,"45","6  day ahead inc hosp",2022-05-27,"quantile",0.8,88.9065331119894
2022-05-21,"45","6  day ahead inc hosp",2022-05-27,"quantile",0.85,95.5467332140247
2022-05-21,"45","6  day ahead inc hosp",2022-05-27,"quantile",0.9,103.901621182537
2022-05-21,"45","6  day ahead inc hosp",2022-05-27,"quantile",0.95,116.284823728704
2022-05-21,"45","6  day ahead inc hosp",2022-05-27,"quantile",0.975,127.025405181238
2022-05-21,"45","6  day ahead inc hosp",2022-05-27,"quantile",0.99,139.513652277253
2022-05-21,"45","7  day ahead inc hosp",2022-05-28,"quantile",0.01,0
2022-05-21,"45","7  day ahead inc hosp",2022-05-28,"quantile",0.025,0
2022-05-21,"45","7  day ahead inc hosp",2022-05-28,"quantile",0.05,0
2022-05-21,"45","7  day ahead inc hosp",2022-05-28,"quantile",0.1,13.149091561019
2022-05-21,"45","7  day ahead inc hosp",2022-05-28,"quantile",0.15,22.0383426541853
2022-05-21,"45","7  day ahead inc hosp",2022-05-28,"quantile",0.2,29.1032376280396
2022-05-21,"45","7  day ahead inc hosp",2022-05-28,"quantile",0.25,35.16428844543
2022-05-21,"45","7  day ahead inc hosp",2022-05-28,"quantile",0.3,40.6072994040971
2022-05-21,"45","7  day ahead inc hosp",2022-05-28,"quantile",0.35,45.6510602280917
2022-05-21,"45","7  day ahead inc hosp",2022-05-28,"quantile",0.4,50.4370960196162
2022-05-21,"45","7  day ahead inc hosp",2022-05-28,"quantile",0.45,55.0676410362572
2022-05-21,"45","7  day ahead inc hosp",2022-05-28,"quantile",0.5,59.6247705110974
2022-05-21,"45","7  day ahead inc hosp",2022-05-28,"quantile",0.55,64.1818999859375
2022-05-21,"45","7  day ahead inc hosp",2022-05-28,"quantile",0.6,68.8124450025785
2022-05-21,"45","7  day ahead inc hosp",2022-05-28,"quantile",0.65,73.598480794103
2022-05-21,"45","7  day ahead inc hosp",2022-05-28,"quantile",0.7,78.6422416180976
2022-05-21,"45","7  day ahead inc hosp",2022-05-28,"quantile",0.75,84.0852525767647
2022-05-21,"45","7  day ahead inc hosp",2022-05-28,"quantile",0.8,90.1463033941551
2022-05-21,"45","7  day ahead inc hosp",2022-05-28,"quantile",0.85,97.2111983680094
2022-05-21,"45","7  day ahead inc hosp",2022-05-28,"quantile",0.9,106.100449461176
2022-05-21,"45","7  day ahead inc hosp",2022-05-28,"quantile",0.95,119.275658654317
2022-05-21,"45","7  day ahead inc hosp",2022-05-28,"quantile",0.975,130.703187758
2022-05-21,"45","7  day ahead inc hosp",2022-05-28,"quantile",0.99,143.990159955395
2022-05-21,"45","8  day ahead inc hosp",2022-05-29,"quantile",0.01,0
2022-05-21,"45","8  day ahead inc hosp",2022-05-29,"quantile",0.025,0
2022-05-21,"45","8  day ahead inc hosp",2022-05-29,"quantile",0.05,8.12616442121964
2022-05-21,"45","8  day ahead inc hosp",2022-05-29,"quantile",0.1,22.030891959426
2022-05-21,"45","8  day ahead inc hosp",2022-05-29,"quantile",0.15,31.4123456166119
2022-05-21,"45","8  day ahead inc hosp",2022-05-29,"quantile",0.2,38.8684275852102
2022-05-21,"45","8  day ahead inc hosp",2022-05-29,"quantile",0.25,45.2650820121404
2022-05-21,"45","8  day ahead inc hosp",2022-05-29,"quantile",0.3,51.0094753844398
2022-05-21,"45","8  day ahead inc hosp",2022-05-29,"quantile",0.35,56.3325119296232
2022-05-21,"45","8  day ahead inc hosp",2022-05-29,"quantile",0.4,61.3835530701235
2022-05-21,"45","8  day ahead inc hosp",2022-05-29,"quantile",0.45,66.2704938287804
2022-05-21,"45","8  day ahead inc hosp",2022-05-29,"quantile",0.5,71.0799539880142
2022-05-21,"45","8  day ahead inc hosp",2022-05-29,"quantile",0.55,75.889414147248
2022-05-21,"45","8  day ahead inc hosp",2022-05-29,"quantile",0.6,80.7763549059049
2022-05-21,"45","8  day ahead inc hosp",2022-05-29,"quantile",0.65,85.8273960464052
2022-05-21,"45","8  day ahead inc hosp",2022-05-29,"quantile",0.7,91.1504325915885
2022-05-21,"45","8  day ahead inc hosp",2022-05-29,"quantile",0.75,96.894825963888
2022-05-21,"45","8  day ahead inc hosp",2022-05-29,"quantile",0.8,103.291480390818
2022-05-21,"45","8  day ahead inc hosp",2022-05-29,"quantile",0.85,110.747562359416
2022-05-21,"45","8  day ahead inc hosp",2022-05-29,"quantile",0.9,120.129016016602
2022-05-21,"45","8  day ahead inc hosp",2022-05-29,"quantile",0.95,134.033743554809
2022-05-21,"45","8  day ahead inc hosp",2022-05-29,"quantile",0.975,146.094021026863
2022-05-21,"45","8  day ahead inc hosp",2022-05-29,"quantile",0.99,160.116699946351
2022-05-21,"45","9  day ahead inc hosp",2022-05-30,"quantile",0.01,0
2022-05-21,"45","9  day ahead inc hosp",2022-05-30,"quantile",0.025,0
2022-05-21,"45","9  day ahead inc hosp",2022-05-30,"quantile",0.05,3.59845633442868
2022-05-21,"45","9  day ahead inc hosp",2022-05-30,"quantile",0.1,18.1787792294021
2022-05-21,"45","9  day ahead inc hosp",2022-05-30,"quantile",0.15,28.0160538664025
2022-05-21,"45","9  day ahead inc hosp",2022-05-30,"quantile",0.2,35.8344078999383
2022-05-21,"45","9  day ahead inc hosp",2022-05-30,"quantile",0.25,42.5418595012686
2022-05-21,"45","9  day ahead inc hosp",2022-05-30,"quantile",0.3,48.5653583417698
2022-05-21,"45","9  day ahead inc hosp",2022-05-30,"quantile",0.35,54.1470276982718
2022-05-21,"45","9  day ahead inc hosp",2022-05-30,"quantile",0.4,59.4434860849558
2022-05-21,"45","9  day ahead inc hosp",2022-05-30,"quantile",0.45,64.5678708694861
2022-05-21,"45","9  day ahead inc hosp",2022-05-30,"quantile",0.5,69.6110104692704
2022-05-21,"45","9  day ahead inc hosp",2022-05-30,"quantile",0.55,74.6541500690546
2022-05-21,"45","9  day ahead inc hosp",2022-05-30,"quantile",0.6,79.7785348535849
2022-05-21,"45","9  day ahead inc hosp",2022-05-30,"quantile",0.65,85.0749932402689
2022-05-21,"45","9  day ahead inc hosp",2022-05-30,"quantile",0.7,90.656662596771
2022-05-21,"45","9  day ahead inc hosp",2022-05-30,"quantile",0.75,96.6801614372722
2022-05-21,"45","9  day ahead inc hosp",2022-05-30,"quantile",0.8,103.387613038602
2022-05-21,"45","9  day ahead inc hosp",2022-05-30,"quantile",0.85,111.205967072138
2022-05-21,"45","9  day ahead inc hosp",2022-05-30,"quantile",0.9,121.043241709139
2022-05-21,"45","9  day ahead inc hosp",2022-05-30,"quantile",0.95,135.623564604112
2022-05-21,"45","9  day ahead inc hosp",2022-05-30,"quantile",0.975,148.269820293938
2022-05-21,"45","9  day ahead inc hosp",2022-05-30,"quantile",0.99,162.973825527905
2022-05-21,"45","10  day ahead inc hosp",2022-05-31,"quantile",0.01,0
2022-05-21,"45","10  day ahead inc hosp",2022-05-31,"quantile",0.025,0
2022-05-21,"45","10  day ahead inc hosp",2022-05-31,"quantile",0.05,1.62052996049982
2022-05-21,"45","10  day ahead inc hosp",2022-05-31,"quantile",0.1,16.8306838049432
2022-05-21,"45","10  day ahead inc hosp",2022-05-31,"quantile",0.15,27.0929023934218
2022-05-21,"45","10  day ahead inc hosp",2022-05-31,"quantile",0.2,35.248988408595
2022-05-21,"45","10  day ahead inc hosp",2022-05-31,"quantile",0.25,42.2461839779444
2022-05-21,"45","10  day ahead inc hosp",2022-05-31,"quantile",0.3,48.5298818566406
2022-05-21,"45","10  day ahead inc hosp",2022-05-31,"quantile",0.35,54.3526643994387
2022-05-21,"45","10  day ahead inc hosp",2022-05-31,"quantile",0.4,59.8779156214078
2022-05-21,"45","10  day ahead inc hosp",2022-05-31,"quantile",0.45,65.2236601218743
2022-05-21,"45","10  day ahead inc hosp",2022-05-31,"quantile",0.5,70.4846498629292
2022-05-21,"45","10  day ahead inc hosp",2022-05-31,"quantile",0.55,75.7456396039841
2022-05-21,"45","10  day ahead inc hosp",2022-05-31,"quantile",0.6,81.0913841044506
2022-05-21,"45","10  day ahead inc hosp",2022-05-31,"quantile",0.65,86.6166353264197
2022-05-21,"45","10  day ahead inc hosp",2022-05-31,"quantile",0.7,92.4394178692178
2022-05-21,"45","10  day ahead inc hosp",2022-05-31,"quantile",0.75,98.723115747914
2022-05-21,"45","10  day ahead inc hosp",2022-05-31,"quantile",0.8,105.720311317263
2022-05-21,"45","10  day ahead inc hosp",2022-05-31,"quantile",0.85,113.876397332437
2022-05-21,"45","10  day ahead inc hosp",2022-05-31,"quantile",0.9,124.138615920915
2022-05-21,"45","10  day ahead inc hosp",2022-05-31,"quantile",0.95,139.348769765359
2022-05-21,"45","10  day ahead inc hosp",2022-05-31,"quantile",0.975,152.541309874654
2022-05-21,"45","10  day ahead inc hosp",2022-05-31,"quantile",0.99,167.880488804309
2022-05-21,"45","11  day ahead inc hosp",2022-06-01,"quantile",0.01,0
2022-05-21,"45","11  day ahead inc hosp",2022-06-01,"quantile",0.025,0
2022-05-21,"45","11  day ahead inc hosp",2022-06-01,"quantile",0.05,1.95188215865927
2022-05-21,"45","11  day ahead inc hosp",2022-06-01,"quantile",0.1,17.7519772428857
2022-05-21,"45","11  day ahead inc hosp",2022-06-01,"quantile",0.15,28.4122263850936
2022-05-21,"45","11  day ahead inc hosp",2022-06-01,"quantile",0.2,36.8846544665456
2022-05-21,"45","11  day ahead inc hosp",2022-06-01,"quantile",0.25,44.1532433611304
2022-05-21,"45","11  day ahead inc hosp",2022-06-01,"quantile",0.3,50.6806608336514
2022-05-21,"45","11  day ahead inc hosp",2022-06-01,"quantile",0.35,56.7292859016084
2022-05-21,"45","11  day ahead inc hosp",2022-06-01,"quantile",0.4,62.4688395947647
2022-05-21,"45","11  day ahead inc hosp",2022-06-01,"quantile",0.45,68.0219242162071
2022-05-21,"45","11  day ahead inc hosp",2022-06-01,"quantile",0.5,73.4869667789537
2022-05-21,"45","11  day ahead inc hosp",2022-06-01,"quantile",0.55,78.9520093417003
2022-05-21,"45","11  day ahead inc hosp",2022-06-01,"quantile",0.6,84.5050939631427
2022-05-21,"45","11  day ahead inc hosp",2022-06-01,"quantile",0.65,90.244647656299
2022-05-21,"45","11  day ahead inc hosp",2022-06-01,"quantile",0.7,96.293272724256
2022-05-21,"45","11  day ahead inc hosp",2022-06-01,"quantile",0.75,102.820690196777
2022-05-21,"45","11  day ahead inc hosp",2022-06-01,"quantile",0.8,110.089279091362
2022-05-21,"45","11  day ahead inc hosp",2022-06-01,"quantile",0.85,118.561707172814
2022-05-21,"45","11  day ahead inc hosp",2022-06-01,"quantile",0.9,129.221956315022
2022-05-21,"45","11  day ahead inc hosp",2022-06-01,"quantile",0.95,145.022051399248
2022-05-21,"45","11  day ahead inc hosp",2022-06-01,"quantile",0.975,158.726277553771
2022-05-21,"45","11  day ahead inc hosp",2022-06-01,"quantile",0.99,174.660402091969
2022-05-21,"45","12  day ahead inc hosp",2022-06-02,"quantile",0.01,0
2022-05-21,"45","12  day ahead inc hosp",2022-06-02,"quantile",0.025,0
2022-05-21,"45","12  day ahead inc hosp",2022-06-02,"quantile",0.05,0.511462508721081
2022-05-21,"45","12  day ahead inc hosp",2022-06-02,"quantile",0.1,16.8662184441214
2022-05-21,"45","12  day ahead inc hosp",2022-06-02,"quantile",0.15,27.9006946293581
2022-05-21,"45","12  day ahead inc hosp",2022-06-02,"quantile",0.2,36.6705465013707
2022-05-21,"45","12  day ahead inc hosp",2022-06-02,"quantile",0.25,44.19429852514
2022-05-21,"45","12  day ahead inc hosp",2022-06-02,"quantile",0.3,50.9508603738167
2022-05-21,"45","12  day ahead inc hosp",2022-06-02,"quantile",0.35,57.2118218556207
2022-05-21,"45","12  day ahead inc hosp",2022-06-02,"quantile",0.4,63.1528620410945
2022-05-21,"45","12  day ahead inc hosp",2022-06-02,"quantile",0.45,68.9008871756383
2022-05-21,"45","12  day ahead inc hosp",2022-06-02,"quantile",0.5,74.5577795433004
2022-05-21,"45","12  day ahead inc hosp",2022-06-02,"quantile",0.55,80.2146719109625
2022-05-21,"45","12  day ahead inc hosp",2022-06-02,"quantile",0.6,85.9626970455063
2022-05-21,"45","12  day ahead inc hosp",2022-06-02,"quantile",0.65,91.9037372309801
2022-05-21,"45","12  day ahead inc hosp",2022-06-02,"quantile",0.7,98.1646987127841
2022-05-21,"45","12  day ahead inc hosp",2022-06-02,"quantile",0.75,104.921260561461
2022-05-21,"45","12  day ahead inc hosp",2022-06-02,"quantile",0.8,112.44501258523
2022-05-21,"45","12  day ahead inc hosp",2022-06-02,"quantile",0.85,121.214864457243
2022-05-21,"45","12  day ahead inc hosp",2022-06-02,"quantile",0.9,132.249340642479
2022-05-21,"45","12  day ahead inc hosp",2022-06-02,"quantile",0.95,148.60409657788
2022-05-21,"45","12  day ahead inc hosp",2022-06-02,"quantile",0.975,162.789408302017
2022-05-21,"45","12  day ahead inc hosp",2022-06-02,"quantile",0.99,179.282898782758
2022-05-21,"45","13  day ahead inc hosp",2022-06-03,"quantile",0.01,0
2022-05-21,"45","13  day ahead inc hosp",2022-06-03,"quantile",0.025,0
2022-05-21,"45","13  day ahead inc hosp",2022-06-03,"quantile",0.05,0
2022-05-21,"45","13  day ahead inc hosp",2022-06-03,"quantile",0.1,15.6559013084574
2022-05-21,"45","13  day ahead inc hosp",2022-06-03,"quantile",0.15,27.0433868497336
2022-05-21,"45","13  day ahead inc hosp",2022-06-03,"quantile",0.2,36.0937993673021
2022-05-21,"45","13  day ahead inc hosp",2022-06-03,"quantile",0.25,43.8582474433648
2022-05-21,"45","13  day ahead inc hosp",2022-06-03,"quantile",0.3,50.8309617860252
2022-05-21,"45","13  day ahead inc hosp",2022-06-03,"quantile",0.35,57.2922207666663
2022-05-21,"45","13  day ahead inc hosp",2022-06-03,"quantile",0.4,63.4233236914013
2022-05-21,"45","13  day ahead inc hosp",2022-06-03,"quantile",0.45,69.3552367257586
2022-05-21,"45","13  day ahead inc hosp",2022-06-03,"quantile",0.5,75.1931015200561
2022-05-21,"45","13  day ahead inc hosp",2022-06-03,"quantile",0.55,81.0309663143536
2022-05-21,"45","13  day ahead inc hosp",2022-06-03,"quantile",0.6,86.9628793487109
2022-05-21,"45","13  day ahead inc hosp",2022-06-03,"quantile",0.65,93.0939822734459
2022-05-21,"45","13  day ahead inc hosp",2022-06-03,"quantile",0.7,99.555241254087
2022-05-21,"45","13  day ahead inc hosp",2022-06-03,"quantile",0.75,106.527955596747
2022-05-21,"45","13  day ahead inc hosp",2022-06-03,"quantile",0.8,114.29240367281
2022-05-21,"45","13  day ahead inc hosp",2022-06-03,"quantile",0.85,123.342816190379
2022-05-21,"45","13  day ahead inc hosp",2022-06-03,"quantile",0.9,134.730301731655
2022-05-21,"45","13  day ahead inc hosp",2022-06-03,"quantile",0.95,151.608270709888
2022-05-21,"45","13  day ahead inc hosp",2022-06-03,"quantile",0.975,166.247391719839
2022-05-21,"45","13  day ahead inc hosp",2022-06-03,"quantile",0.99,183.268533568503
2022-05-21,"45","14  day ahead inc hosp",2022-06-04,"quantile",0.01,0
2022-05-21,"45","14  day ahead inc hosp",2022-06-04,"quantile",0.025,0
2022-05-21,"45","14  day ahead inc hosp",2022-06-04,"quantile",0.05,0
2022-05-21,"45","14  day ahead inc hosp",2022-06-04,"quantile",0.1,14.5373313212549
2022-05-21,"45","14  day ahead inc hosp",2022-06-04,"quantile",0.15,26.2587468122376
2022-05-21,"45","14  day ahead inc hosp",2022-06-04,"quantile",0.2,35.574556268038
2022-05-21,"45","14  day ahead inc hosp",2022-06-04,"quantile",0.25,43.5666912857122
2022-05-21,"45","14  day ahead inc hosp",2022-06-04,"quantile",0.3,50.7438755389005
2022-05-21,"45","14  day ahead inc hosp",2022-06-04,"quantile",0.35,57.3946063637538
2022-05-21,"45","14  day ahead inc hosp",2022-06-04,"quantile",0.4,63.7054995401543
2022-05-21,"45","14  day ahead inc hosp",2022-06-04,"quantile",0.45,69.8113617236935
2022-05-21,"45","14  day ahead inc hosp",2022-06-04,"quantile",0.5,75.8204177691313
2022-05-21,"45","14  day ahead inc hosp",2022-06-04,"quantile",0.55,81.8294738145691
2022-05-21,"45","14  day ahead inc hosp",2022-06-04,"quantile",0.6,87.9353359981082
2022-05-21,"45","14  day ahead inc hosp",2022-06-04,"quantile",0.65,94.2462291745087
2022-05-21,"45","14  day ahead inc hosp",2022-06-04,"quantile",0.7,100.896959999362
2022-05-21,"45","14  day ahead inc hosp",2022-06-04,"quantile",0.75,108.07414425255
2022-05-21,"45","14  day ahead inc hosp",2022-06-04,"quantile",0.8,116.066279270225
2022-05-21,"45","14  day ahead inc hosp",2022-06-04,"quantile",0.85,125.382088726025
2022-05-21,"45","14  day ahead inc hosp",2022-06-04,"quantile",0.9,137.103504217008
2022-05-21,"45","14  day ahead inc hosp",2022-06-04,"quantile",0.95,154.476407683773
2022-05-21,"45","14  day ahead inc hosp",2022-06-04,"quantile",0.975,169.544810550978
2022-05-21,"45","14  day ahead inc hosp",2022-06-04,"quantile",0.99,187.065085331216
2022-05-21,"45","15  day ahead inc hosp",2022-06-05,"quantile",0.01,0
2022-05-21,"45","15  day ahead inc hosp",2022-06-05,"quantile",0.025,0
2022-05-21,"45","15  day ahead inc hosp",2022-06-05,"quantile",0.05,5.64826103312681
2022-05-21,"45","15  day ahead inc hosp",2022-06-05,"quantile",0.1,23.4904775582633
2022-05-21,"45","15  day ahead inc hosp",2022-06-05,"quantile",0.15,35.52853634166
2022-05-21,"45","15  day ahead inc hosp",2022-06-05,"quantile",0.2,45.0960038484744
2022-05-21,"45","15  day ahead inc hosp",2022-06-05,"quantile",0.25,53.3040390658609
2022-05-21,"45","15  day ahead inc hosp",2022-06-05,"quantile",0.3,60.6751083710669
2022-05-21,"45","15  day ahead inc hosp",2022-06-05,"quantile",0.35,67.5055025912637
2022-05-21,"45","15  day ahead inc hosp",2022-06-05,"quantile",0.4,73.9868787605233
2022-05-21,"45","15  day ahead inc hosp",2022-06-05,"quantile",0.45,80.2576852126373
2022-05-21,"45","15  day ahead inc hosp",2022-06-05,"quantile",0.5,86.4290703975882
2022-05-21,"45","15  day ahead inc hosp",2022-06-05,"quantile",0.55,92.6004555825392
2022-05-21,"45","15  day ahead inc hosp",2022-06-05,"quantile",0.6,98.8712620346532
2022-05-21,"45","15  day ahead inc hosp",2022-06-05,"quantile",0.65,105.352638203913
2022-05-21,"45","15  day ahead inc hosp",2022-06-05,"quantile",0.7,112.18303242411
2022-05-21,"45","15  day ahead inc hosp",2022-06-05,"quantile",0.75,119.554101729316
2022-05-21,"45","15  day ahead inc hosp",2022-06-05,"quantile",0.8,127.762136946702
2022-05-21,"45","15  day ahead inc hosp",2022-06-05,"quantile",0.85,137.329604453516
2022-05-21,"45","15  day ahead inc hosp",2022-06-05,"quantile",0.9,149.367663236913
2022-05-21,"45","15  day ahead inc hosp",2022-06-05,"quantile",0.95,167.20987976205
2022-05-21,"45","15  day ahead inc hosp",2022-06-05,"quantile",0.975,182.685341716867
2022-05-21,"45","15  day ahead inc hosp",2022-06-05,"quantile",0.99,200.678910656388
2022-05-21,"45","16  day ahead inc hosp",2022-06-06,"quantile",0.01,0
2022-05-21,"45","16  day ahead inc hosp",2022-06-06,"quantile",0.025,0
2022-05-21,"45","16  day ahead inc hosp",2022-06-06,"quantile",0.05,5.30922321304681
2022-05-21,"45","16  day ahead inc hosp",2022-06-06,"quantile",0.1,23.5973953488102
2022-05-21,"45","16  day ahead inc hosp",2022-06-06,"quantile",0.15,35.9363382655179
2022-05-21,"45","16  day ahead inc hosp",2022-06-06,"quantile",0.2,45.7429389432666
2022-05-21,"45","16  day ahead inc hosp",2022-06-06,"quantile",0.25,54.1561291284936
2022-05-21,"45","16  day ahead inc hosp",2022-06-06,"quantile",0.3,61.7114339354011
2022-05-21,"45","16  day ahead inc hosp",2022-06-06,"quantile",0.35,68.7125498045028
2022-05-21,"45","16  day ahead inc hosp",2022-06-06,"quantile",0.4,75.3559241236668
2022-05-21,"45","16  day ahead inc hosp",2022-06-06,"quantile",0.45,81.7834656606025
2022-05-21,"45","16  day ahead inc hosp",2022-06-06,"quantile",0.5,88.1091009548205
2022-05-21,"45","16  day ahead inc hosp",2022-06-06,"quantile",0.55,94.4347362490386
2022-05-21,"45","16  day ahead inc hosp",2022-06-06,"quantile",0.6,100.862277785974
2022-05-21,"45","16  day ahead inc hosp",2022-06-06,"quantile",0.65,107.505652105138
2022-05-21,"45","16  day ahead inc hosp",2022-06-06,"quantile",0.7,114.50676797424
2022-05-21,"45","16  day ahead inc hosp",2022-06-06,"quantile",0.75,122.062072781148
2022-05-21,"45","16  day ahead inc hosp",2022-06-06,"quantile",0.8,130.475262966374
2022-05-21,"45","16  day ahead inc hosp",2022-06-06,"quantile",0.85,140.281863644123
2022-05-21,"45","16  day ahead inc hosp",2022-06-06,"quantile",0.9,152.620806560831
2022-05-21,"45","16  day ahead inc hosp",2022-06-06,"quantile",0.95,170.908978696594
2022-05-21,"45","16  day ahead inc hosp",2022-06-06,"quantile",0.975,186.771240636496
2022-05-21,"45","16  day ahead inc hosp",2022-06-06,"quantile",0.99,205.214548150396
2022-05-21,"45","17  day ahead inc hosp",2022-06-07,"quantile",0.01,0
2022-05-21,"45","17  day ahead inc hosp",2022-06-07,"quantile",0.025,0
2022-05-21,"45","17  day ahead inc hosp",2022-06-07,"quantile",0.05,4.20464591870814
2022-05-21,"45","17  day ahead inc hosp",2022-06-07,"quantile",0.1,22.9173641540327
2022-05-21,"45","17  day ahead inc hosp",2022-06-07,"quantile",0.15,35.5427463085772
2022-05-21,"45","17  day ahead inc hosp",2022-06-07,"quantile",0.2,45.57699981225
2022-05-21,"45","17  day ahead inc hosp",2022-06-07,"quantile",0.25,54.1854958515278
2022-05-21,"45","17  day ahead inc hosp",2022-06-07,"quantile",0.3,61.9161913515543
2022-05-21,"45","17  day ahead inc hosp",2022-06-07,"quantile",0.35,69.0798328362691
2022-05-21,"45","17  day ahead inc hosp",2022-06-07,"quantile",0.4,75.8774280712352
2022-05-21,"45","17  day ahead inc hosp",2022-06-07,"quantile",0.45,82.4541801289937
2022-05-21,"45","17  day ahead inc hosp",2022-06-07,"quantile",0.5,88.9266602675992
2022-05-21,"45","17  day ahead inc hosp",2022-06-07,"quantile",0.55,95.3991404062047
2022-05-21,"45","17  day ahead inc hosp",2022-06-07,"quantile",0.6,101.975892463963
2022-05-21,"45","17  day ahead inc hosp",2022-06-07,"quantile",0.65,108.773487698929
2022-05-21,"45","17  day ahead inc hosp",2022-06-07,"quantile",0.7,115.937129183644
2022-05-21,"45","17  day ahead inc hosp",2022-06-07,"quantile",0.75,123.667824683671
2022-05-21,"45","17  day ahead inc hosp",2022-06-07,"quantile",0.8,132.276320722948
2022-05-21,"45","17  day ahead inc hosp",2022-06-07,"quantile",0.85,142.310574226621
2022-05-21,"45","17  day ahead inc hosp",2022-06-07,"quantile",0.9,154.935956381166
2022-05-21,"45","17  day ahead inc hosp",2022-06-07,"quantile",0.95,173.64867461649
2022-05-21,"45","17  day ahead inc hosp",2022-06-07,"quantile",0.975,189.879166983512
2022-05-21,"45","17  day ahead inc hosp",2022-06-07,"quantile",0.99,208.750621947574
2022-05-21,"45","18  day ahead inc hosp",2022-06-08,"quantile",0.01,0
2022-05-21,"45","18  day ahead inc hosp",2022-06-08,"quantile",0.025,0
2022-05-21,"45","18  day ahead inc hosp",2022-06-08,"quantile",0.05,1.04483446168553
2022-05-21,"45","18  day ahead inc hosp",2022-06-08,"quantile",0.1,20.1623805135168
2022-05-21,"45","18  day ahead inc hosp",2022-06-08,"quantile",0.15,33.0608980739339
2022-05-21,"45","18  day ahead inc hosp",2022-06-08,"quantile",0.2,43.3122309396258
2022-05-21,"45","18  day ahead inc hosp",2022-06-08,"quantile",0.25,52.106961742403
2022-05-21,"45","18  day ahead inc hosp",2022-06-08,"quantile",0.3,60.0049018158793
2022-05-21,"45","18  day ahead inc hosp",2022-06-08,"quantile",0.35,67.3235203223193
2022-05-21,"45","18  day ahead inc hosp",2022-06-08,"quantile",0.4,74.2681735956667
2022-05-21,"45","18  day ahead inc hosp",2022-06-08,"quantile",0.45,80.9872060074479
2022-05-21,"45","18  day ahead inc hosp",2022-06-08,"quantile",0.5,87.599710698817
2022-05-21,"45","18  day ahead inc hosp",2022-06-08,"quantile",0.55,94.2122153901862
2022-05-21,"45","18  day ahead inc hosp",2022-06-08,"quantile",0.6,100.931247801967
2022-05-21,"45","18  day ahead inc hosp",2022-06-08,"quantile",0.65,107.875901075315
2022-05-21,"45","18  day ahead inc hosp",2022-06-08,"quantile",0.7,115.194519581755
2022-05-21,"45","18  day ahead inc hosp",2022-06-08,"quantile",0.75,123.092459655231
2022-05-21,"45","18  day ahead inc hosp",2022-06-08,"quantile",0.8,131.887190458008
2022-05-21,"45","18  day ahead inc hosp",2022-06-08,"quantile",0.85,142.1385233237
2022-05-21,"45","18  day ahead inc hosp",2022-06-08,"quantile",0.9,155.037040884117
2022-05-21,"45","18  day ahead inc hosp",2022-06-08,"quantile",0.95,174.154586935949
2022-05-21,"45","18  day ahead inc hosp",2022-06-08,"quantile",0.975,190.736207060207
2022-05-21,"45","18  day ahead inc hosp",2022-06-08,"quantile",0.99,210.015923924615
2022-05-21,"45","19  day ahead inc hosp",2022-06-09,"quantile",0.01,0
2022-05-21,"45","19  day ahead inc hosp",2022-06-09,"quantile",0.025,0
2022-05-21,"45","19  day ahead inc hosp",2022-06-09,"quantile",0.05,0.738028518610989
2022-05-21,"45","19  day ahead inc hosp",2022-06-09,"quantile",0.1,20.2421650896602
2022-05-21,"45","19  day ahead inc hosp",2022-06-09,"quantile",0.15,33.4015134380511
2022-05-21,"45","19  day ahead inc hosp",2022-06-09,"quantile",0.2,43.8601463455203
2022-05-21,"45","19  day ahead inc hosp",2022-06-09,"quantile",0.25,52.8327221257967
2022-05-21,"45","19  day ahead inc hosp",2022-06-09,"quantile",0.3,60.8903724855973
2022-05-21,"45","19  day ahead inc hosp",2022-06-09,"quantile",0.35,68.3569863739076
2022-05-21,"45","19  day ahead inc hosp",2022-06-09,"quantile",0.4,75.4420727921499
2022-05-21,"45","19  day ahead inc hosp",2022-06-09,"quantile",0.45,82.2969758968364
2022-05-21,"45","19  day ahead inc hosp",2022-06-09,"quantile",0.5,89.0431971026074
2022-05-21,"45","19  day ahead inc hosp",2022-06-09,"quantile",0.55,95.7894183083784
2022-05-21,"45","19  day ahead inc hosp",2022-06-09,"quantile",0.6,102.644321413065
2022-05-21,"45","19  day ahead inc hosp",2022-06-09,"quantile",0.65,109.729407831307
2022-05-21,"45","19  day ahead inc hosp",2022-06-09,"quantile",0.7,117.196021719618
2022-05-21,"45","19  day ahead inc hosp",2022-06-09,"quantile",0.75,125.253672079418
2022-05-21,"45","19  day ahead inc hosp",2022-06-09,"quantile",0.8,134.226247859695
2022-05-21,"45","19  day ahead inc hosp",2022-06-09,"quantile",0.85,144.684880767164
2022-05-21,"45","19  day ahead inc hosp",2022-06-09,"quantile",0.9,157.844229115555
2022-05-21,"45","19  day ahead inc hosp",2022-06-09,"quantile",0.95,177.348365686604
2022-05-21,"45","19  day ahead inc hosp",2022-06-09,"quantile",0.975,194.265295432502
2022-05-21,"45","19  day ahead inc hosp",2022-06-09,"quantile",0.99,213.934882196152
2022-05-21,"45","20  day ahead inc hosp",2022-06-10,"quantile",0.01,0
2022-05-21,"45","20  day ahead inc hosp",2022-06-10,"quantile",0.025,0
2022-05-21,"45","20  day ahead inc hosp",2022-06-10,"quantile",0.05,0
2022-05-21,"45","20  day ahead inc hosp",2022-06-10,"quantile",0.1,16.7415317818112
2022-05-21,"45","20  day ahead inc hosp",2022-06-10,"quantile",0.15,30.1502878046653
2022-05-21,"45","20  day ahead inc hosp",2022-06-10,"quantile",0.2,40.8071420254137
2022-05-21,"45","20  day ahead inc hosp",2022-06-10,"quantile",0.25,49.9497740425233
2022-05-21,"45","20  day ahead inc hosp",2022-06-10,"quantile",0.3,58.160140158809
2022-05-21,"45","20  day ahead inc hosp",2022-06-10,"quantile",0.35,65.7682679547001
2022-05-21,"45","20  day ahead inc hosp",2022-06-10,"quantile",0.4,72.9876372325614
2022-05-21,"45","20  day ahead inc hosp",2022-06-10,"quantile",0.45,79.9724605579723
2022-05-21,"45","20  day ahead inc hosp",2022-06-10,"quantile",0.5,86.8465421484523
2022-05-21,"45","20  day ahead inc hosp",2022-06-10,"quantile",0.55,93.7206237389324
2022-05-21,"45","20  day ahead inc hosp",2022-06-10,"quantile",0.6,100.705447064343
2022-05-21,"45","20  day ahead inc hosp",2022-06-10,"quantile",0.65,107.924816342205
2022-05-21,"45","20  day ahead inc hosp",2022-06-10,"quantile",0.7,115.532944138096
2022-05-21,"45","20  day ahead inc hosp",2022-06-10,"quantile",0.75,123.743310254381
2022-05-21,"45","20  day ahead inc hosp",2022-06-10,"quantile",0.8,132.885942271491
2022-05-21,"45","20  day ahead inc hosp",2022-06-10,"quantile",0.85,143.542796492239
2022-05-21,"45","20  day ahead inc hosp",2022-06-10,"quantile",0.9,156.951552515094
2022-05-21,"45","20  day ahead inc hosp",2022-06-10,"quantile",0.95,176.825348830365
2022-05-21,"45","20  day ahead inc hosp",2022-06-10,"quantile",0.975,194.062903275547
2022-05-21,"45","20  day ahead inc hosp",2022-06-10,"quantile",0.99,214.10528554263
2022-05-21,"45","21  day ahead inc hosp",2022-06-11,"quantile",0.01,0
2022-05-21,"45","21  day ahead inc hosp",2022-06-11,"quantile",0.025,0
2022-05-21,"45","21  day ahead inc hosp",2022-06-11,"quantile",0.05,0
2022-05-21,"45","21  day ahead inc hosp",2022-06-11,"quantile",0.1,16.0671537615321
2022-05-21,"45","21  day ahead inc hosp",2022-06-11,"quantile",0.15,29.714677161646
2022-05-21,"45","21  day ahead inc hosp",2022-06-11,"quantile",0.2,40.5612961247605
2022-05-21,"45","21  day ahead inc hosp",2022-06-11,"quantile",0.25,49.8667293938472
2022-05-21,"45","21  day ahead inc hosp",2022-06-11,"quantile",0.3,58.2232960659926
2022-05-21,"45","21  day ahead inc hosp",2022-06-11,"quantile",0.35,65.966900465126
2022-05-21,"45","21  day ahead inc hosp",2022-06-11,"quantile",0.4,73.3148237911784
2022-05-21,"45","21  day ahead inc hosp",2022-06-11,"quantile",0.45,80.424024645958
2022-05-21,"45","21  day ahead inc hosp",2022-06-11,"quantile",0.5,87.420511807069
2022-05-21,"45","21  day ahead inc hosp",2022-06-11,"quantile",0.55,94.41699896818
2022-05-21,"45","21  day ahead inc hosp",2022-06-11,"quantile",0.6,101.52619982296
2022-05-21,"45","21  day ahead inc hosp",2022-06-11,"quantile",0.65,108.874123149012
2022-05-21,"45","21  day ahead inc hosp",2022-06-11,"quantile",0.7,116.617727548145
2022-05-21,"45","21  day ahead inc hosp",2022-06-11,"quantile",0.75,124.974294220291
2022-05-21,"45","21  day ahead inc hosp",2022-06-11,"quantile",0.8,134.279727489378
2022-05-21,"45","21  day ahead inc hosp",2022-06-11,"quantile",0.85,145.126346452492
2022-05-21,"45","21  day ahead inc hosp",2022-06-11,"quantile",0.9,158.773869852606
2022-05-21,"45","21  day ahead inc hosp",2022-06-11,"quantile",0.95,179.001555388794
2022-05-21,"45","21  day ahead inc hosp",2022-06-11,"quantile",0.975,196.546055956214
2022-05-21,"45","21  day ahead inc hosp",2022-06-11,"quantile",0.99,216.945329424821
2022-05-21,"45","22  day ahead inc hosp",2022-06-12,"quantile",0.01,0
2022-05-21,"45","22  day ahead inc hosp",2022-06-12,"quantile",0.025,0
2022-05-21,"45","22  day ahead inc hosp",2022-06-12,"quantile",0.05,8.67543313043642
2022-05-21,"45","22  day ahead inc hosp",2022-06-12,"quantile",0.1,29.5452229786348
2022-05-21,"45","22  day ahead inc hosp",2022-06-12,"quantile",0.15,43.6259711096648
2022-05-21,"45","22  day ahead inc hosp",2022-06-12,"quantile",0.2,54.816903355408
2022-05-21,"45","22  day ahead inc hosp",2022-06-12,"quantile",0.25,64.4177267627541
2022-05-21,"45","22  day ahead inc hosp",2022-06-12,"quantile",0.3,73.0395629084725
2022-05-21,"45","22  day ahead inc hosp",2022-06-12,"quantile",0.35,81.0289790079256
2022-05-21,"45","22  day ahead inc hosp",2022-06-12,"quantile",0.4,88.6101535996029
2022-05-21,"45","22  day ahead inc hosp",2022-06-12,"quantile",0.45,95.9450277532694
2022-05-21,"45","22  day ahead inc hosp",2022-06-12,"quantile",0.5,103.163610248374
2022-05-21,"45","22  day ahead inc hosp",2022-06-12,"quantile",0.55,110.382192743478
2022-05-21,"45","22  day ahead inc hosp",2022-06-12,"quantile",0.6,117.717066897145
2022-05-21,"45","22  day ahead inc hosp",2022-06-12,"quantile",0.65,125.298241488822
2022-05-21,"45","22  day ahead inc hosp",2022-06-12,"quantile",0.7,133.287657588275
2022-05-21,"45","22  day ahead inc hosp",2022-06-12,"quantile",0.75,141.909493733994
2022-05-21,"45","22  day ahead inc hosp",2022-06-12,"quantile",0.8,151.51031714134
2022-05-21,"45","22  day ahead inc hosp",2022-06-12,"quantile",0.85,162.701249387083
2022-05-21,"45","22  day ahead inc hosp",2022-06-12,"quantile",0.9,176.781997518113
2022-05-21,"45","22  day ahead inc hosp",2022-06-12,"quantile",0.95,197.651787366311
2022-05-21,"45","22  day ahead inc hosp",2022-06-12,"quantile",0.975,215.753217664829
2022-05-21,"45","22  day ahead inc hosp",2022-06-12,"quantile",0.99,236.80004230446
2022-05-21,"45","23  day ahead inc hosp",2022-06-13,"quantile",0.01,0
2022-05-21,"45","23  day ahead inc hosp",2022-06-13,"quantile",0.025,0
2022-05-21,"45","23  day ahead inc hosp",2022-06-13,"quantile",0.05,7.30615306155056
2022-05-21,"45","23  day ahead inc hosp",2022-06-13,"quantile",0.1,28.7078486649064
2022-05-21,"45","23  day ahead inc hosp",2022-06-13,"quantile",0.15,43.1474710837129
2022-05-21,"45","23  day ahead inc hosp",2022-06-13,"quantile",0.2,54.6236252368344
2022-05-21,"45","23  day ahead inc hosp",2022-06-13,"quantile",0.25,64.4691436440709
2022-05-21,"45","23  day ahead inc hosp",2022-06-13,"quantile",0.3,73.3107234623078
2022-05-21,"45","23  day ahead inc hosp",2022-06-13,"quantile",0.35,81.5037648227031
2022-05-21,"45","23  day ahead inc hosp",2022-06-13,"quantile",0.4,89.2781598744568
2022-05-21,"45","23  day ahead inc hosp",2022-06-13,"quantile",0.45,96.7999770593694
2022-05-21,"45","23  day ahead inc hosp",2022-06-13,"quantile",0.5,104.202538674587
2022-05-21,"45","23  day ahead inc hosp",2022-06-13,"quantile",0.55,111.605100289805
2022-05-21,"45","23  day ahead inc hosp",2022-06-13,"quantile",0.6,119.126917474718
2022-05-21,"45","23  day ahead inc hosp",2022-06-13,"quantile",0.65,126.901312526471
2022-05-21,"45","23  day ahead inc hosp",2022-06-13,"quantile",0.7,135.094353886867
2022-05-21,"45","23  day ahead inc hosp",2022-06-13,"quantile",0.75,143.935933705104
2022-05-21,"45","23  day ahead inc hosp",2022-06-13,"quantile",0.8,153.78145211234
2022-05-21,"45","23  day ahead inc hosp",2022-06-13,"quantile",0.85,165.257606265462
2022-05-21,"45","23  day ahead inc hosp",2022-06-13,"quantile",0.9,179.697228684268
2022-05-21,"45","23  day ahead inc hosp",2022-06-13,"quantile",0.95,201.098924287624
2022-05-21,"45","23  day ahead inc hosp",2022-06-13,"quantile",0.975,219.661703503519
2022-05-21,"45","23  day ahead inc hosp",2022-06-13,"quantile",0.99,241.244945962163
2022-05-21,"45","24  day ahead inc hosp",2022-06-14,"quantile",0.01,0
2022-05-21,"45","24  day ahead inc hosp",2022-06-14,"quantile",0.025,0
2022-05-21,"45","24  day ahead inc hosp",2022-06-14,"quantile",0.05,5.45046648826195
2022-05-21,"45","24  day ahead inc hosp",2022-06-14,"quantile",0.1,27.336666267099
2022-05-21,"45","24  day ahead inc hosp",2022-06-14,"quantile",0.15,42.1031813529139
2022-05-21,"45","24  day ahead inc hosp",2022-06-14,"quantile",0.2,53.8391394350653
2022-05-21,"45","24  day ahead inc hosp",2022-06-14,"quantile",0.25,63.9075464800289
2022-05-21,"45","24  day ahead inc hosp",2022-06-14,"quantile",0.3,72.9492871836077
2022-05-21,"45","24  day ahead inc hosp",2022-06-14,"quantile",0.35,81.3278074342074
2022-05-21,"45","24  day ahead inc hosp",2022-06-14,"quantile",0.4,89.2782038147447
2022-05-21,"45","24  day ahead inc hosp",2022-06-14,"quantile",0.45,96.9703043221023
2022-05-21,"45","24  day ahead inc hosp",2022-06-14,"quantile",0.5,104.540449482022
2022-05-21,"45","24  day ahead inc hosp",2022-06-14,"quantile",0.55,112.110594641941
2022-05-21,"45","24  day ahead inc hosp",2022-06-14,"quantile",0.6,119.802695149298
2022-05-21,"45","24  day ahead inc hosp",2022-06-14,"quantile",0.65,127.753091529836
2022-05-21,"45","24  day ahead inc hosp",2022-06-14,"quantile",0.7,136.131611780435
2022-05-21,"45","24  day ahead inc hosp",2022-06-14,"quantile",0.75,145.173352484014
2022-05-21,"45","24  day ahead inc hosp",2022-06-14,"quantile",0.8,155.241759528978
2022-05-21,"45","24  day ahead inc hosp",2022-06-14,"quantile",0.85,166.977717611129
2022-05-21,"45","24  day ahead inc hosp",2022-06-14,"quantile",0.9,181.744232696944
2022-05-21,"45","24  day ahead inc hosp",2022-06-14,"quantile",0.95,203.630432475781
2022-05-21,"45","24  day ahead inc hosp",2022-06-14,"quantile",0.975,222.613446807871
2022-05-21,"45","24  day ahead inc hosp",2022-06-14,"quantile",0.99,244.685303406508
2022-05-21,"45","25  day ahead inc hosp",2022-06-15,"quantile",0.01,0
2022-05-21,"45","25  day ahead inc hosp",2022-06-15,"quantile",0.025,0
2022-05-21,"45","25  day ahead inc hosp",2022-06-15,"quantile",0.05,4.10291310448012
2022-05-21,"45","25  day ahead inc hosp",2022-06-15,"quantile",0.1,26.4647377428151
2022-05-21,"45","25  day ahead inc hosp",2022-06-15,"quantile",0.15,41.5521546632992
2022-05-21,"45","25  day ahead inc hosp",2022-06-15,"quantile",0.2,53.5431553508505
2022-05-21,"45","25  day ahead inc hosp",2022-06-15,"quantile",0.25,63.8303662418231
2022-05-21,"45","25  day ahead inc hosp",2022-06-15,"quantile",0.3,73.068599561535
2022-05-21,"45","25  day ahead inc hosp",2022-06-15,"quantile",0.35,81.6291995042357
2022-05-21,"45","25  day ahead inc hosp",2022-06-15,"quantile",0.4,89.752371706965
2022-05-21,"45","25  day ahead inc hosp",2022-06-15,"quantile",0.45,97.6116348218116
2022-05-21,"45","25  day ahead inc hosp",2022-06-15,"quantile",0.5,105.346292289233
2022-05-21,"45","25  day ahead inc hosp",2022-06-15,"quantile",0.55,113.080949756654
2022-05-21,"45","25  day ahead inc hosp",2022-06-15,"quantile",0.6,120.940212871501
2022-05-21,"45","25  day ahead inc hosp",2022-06-15,"quantile",0.65,129.06338507423
2022-05-21,"45","25  day ahead inc hosp",2022-06-15,"quantile",0.7,137.623985016931
2022-05-21,"45","25  day ahead inc hosp",2022-06-15,"quantile",0.75,146.862218336643
2022-05-21,"45","25  day ahead inc hosp",2022-06-15,"quantile",0.8,157.149429227615
2022-05-21,"45","25  day ahead inc hosp",2022-06-15,"quantile",0.85,169.140429915166
2022-05-21,"45","25  day ahead inc hosp",2022-06-15,"quantile",0.9,184.22784683565
2022-05-21,"45","25  day ahead inc hosp",2022-06-15,"quantile",0.95,206.589671473986
2022-05-21,"45","25  day ahead inc hosp",2022-06-15,"quantile",0.975,225.985219439862
2022-05-21,"45","25  day ahead inc hosp",2022-06-15,"quantile",0.99,248.536735540819
2022-05-21,"45","26  day ahead inc hosp",2022-06-16,"quantile",0.01,0
2022-05-21,"45","26  day ahead inc hosp",2022-06-16,"quantile",0.025,0
2022-05-21,"45","26  day ahead inc hosp",2022-06-16,"quantile",0.05,2.87707180833428
2022-05-21,"45","26  day ahead inc hosp",2022-06-16,"quantile",0.1,25.6925846434595
2022-05-21,"45","26  day ahead inc hosp",2022-06-16,"quantile",0.15,41.0861028364283
2022-05-21,"45","26  day ahead inc hosp",2022-06-16,"quantile",0.2,53.3203831117427
2022-05-21,"45","26  day ahead inc hosp",2022-06-16,"quantile",0.25,63.8163062269908
2022-05-21,"45","26  day ahead inc hosp",2022-06-16,"quantile",0.3,73.2419695746246
2022-05-21,"45","26  day ahead inc hosp",2022-06-16,"quantile",0.35,81.9762513708529
2022-05-21,"45","26  day ahead inc hosp",2022-06-16,"quantile",0.4,90.2642306681944
2022-05-21,"45","26  day ahead inc hosp",2022-06-16,"quantile",0.45,98.2829465543754
2022-05-21,"45","26  day ahead inc hosp",2022-06-16,"quantile",0.5,106.174528729683
2022-05-21,"45","26  day ahead inc hosp",2022-06-16,"quantile",0.55,114.066110904991
2022-05-21,"45","26  day ahead inc hosp",2022-06-16,"quantile",0.6,122.084826791172
2022-05-21,"45","26  day ahead inc hosp",2022-06-16,"quantile",0.65,130.372806088514
2022-05-21,"45","26  day ahead inc hosp",2022-06-16,"quantile",0.7,139.107087884742
2022-05-21,"45","26  day ahead inc hosp",2022-06-16,"quantile",0.75,148.532751232376
2022-05-21,"45","26  day ahead inc hosp",2022-06-16,"quantile",0.8,159.028674347624
2022-05-21,"45","26  day ahead inc hosp",2022-06-16,"quantile",0.85,171.262954622938
2022-05-21,"45","26  day ahead inc hosp",2022-06-16,"quantile",0.9,186.656472815907
2022-05-21,"45","26  day ahead inc hosp",2022-06-16,"quantile",0.95,209.471985651032
2022-05-21,"45","26  day ahead inc hosp",2022-06-16,"quantile",0.975,229.261040467299
2022-05-21,"45","26  day ahead inc hosp",2022-06-16,"quantile",0.99,252.270093322979
2022-05-21,"45","27  day ahead inc hosp",2022-06-17,"quantile",0.01,0
2022-05-21,"45","27  day ahead inc hosp",2022-06-17,"quantile",0.025,0
2022-05-21,"45","27  day ahead inc hosp",2022-06-17,"quantile",0.05,1.46042592262415
2022-05-21,"45","27  day ahead inc hosp",2022-06-17,"quantile",0.1,24.7082403633822
2022-05-21,"45","27  day ahead inc hosp",2022-06-17,"quantile",0.15,40.3934303973152
2022-05-21,"45","27  day ahead inc hosp",2022-06-17,"quantile",0.2,52.8595222056422
2022-05-21,"45","27  day ahead inc hosp",2022-06-17,"quantile",0.25,63.5543189753249
2022-05-21,"45","27  day ahead inc hosp",2022-06-17,"quantile",0.3,73.1585770110897
2022-05-21,"45","27  day ahead inc hosp",2022-06-17,"quantile",0.35,82.0583534018005
2022-05-21,"45","27  day ahead inc hosp",2022-06-17,"quantile",0.4,90.5033708855543
2022-05-21,"45","27  day ahead inc hosp",2022-06-17,"quantile",0.45,98.6740230344772
2022-05-21,"45","27  day ahead inc hosp",2022-06-17,"quantile",0.5,106.715132580483
2022-05-21,"45","27  day ahead inc hosp",2022-06-17,"quantile",0.55,114.75624212649
2022-05-21,"45","27  day ahead inc hosp",2022-06-17,"quantile",0.6,122.926894275412
2022-05-21,"45","27  day ahead inc hosp",2022-06-17,"quantile",0.65,131.371911759166
2022-05-21,"45","27  day ahead inc hosp",2022-06-17,"quantile",0.7,140.271688149877
2022-05-21,"45","27  day ahead inc hosp",2022-06-17,"quantile",0.75,149.875946185642
2022-05-21,"45","27  day ahead inc hosp",2022-06-17,"quantile",0.8,160.570742955324
2022-05-21,"45","27  day ahead inc hosp",2022-06-17,"quantile",0.85,173.036834763652
2022-05-21,"45","27  day ahead inc hosp",2022-06-17,"quantile",0.9,188.722024797584
2022-05-21,"45","27  day ahead inc hosp",2022-06-17,"quantile",0.95,211.969839238343
2022-05-21,"45","27  day ahead inc hosp",2022-06-17,"quantile",0.975,232.133851226637
2022-05-21,"45","27  day ahead inc hosp",2022-06-17,"quantile",0.99,255.578872827157
2022-05-21,"45","28  day ahead inc hosp",2022-06-18,"quantile",0.01,0
2022-05-21,"45","28  day ahead inc hosp",2022-06-18,"quantile",0.025,0
2022-05-21,"45","28  day ahead inc hosp",2022-06-18,"quantile",0.05,0
2022-05-21,"45","28  day ahead inc hosp",2022-06-18,"quantile",0.1,23.644979047527
2022-05-21,"45","28  day ahead inc hosp",2022-06-18,"quantile",0.15,39.6096637100393
2022-05-21,"45","28  day ahead inc hosp",2022-06-18,"quantile",0.2,52.2978889890013
2022-05-21,"45","28  day ahead inc hosp",2022-06-18,"quantile",0.25,63.1832564973494
2022-05-21,"45","28  day ahead inc hosp",2022-06-18,"quantile",0.3,72.9586529462721
2022-05-21,"45","28  day ahead inc hosp",2022-06-18,"quantile",0.35,82.0170145814958
2022-05-21,"45","28  day ahead inc hosp",2022-06-18,"quantile",0.4,90.6125139542074
2022-05-21,"45","28  day ahead inc hosp",2022-06-18,"quantile",0.45,98.9287590722097
2022-05-21,"45","28  day ahead inc hosp",2022-06-18,"quantile",0.5,107.113153265776
2022-05-21,"45","28  day ahead inc hosp",2022-06-18,"quantile",0.55,115.297547459342
2022-05-21,"45","28  day ahead inc hosp",2022-06-18,"quantile",0.6,123.613792577345
2022-05-21,"45","28  day ahead inc hosp",2022-06-18,"quantile",0.65,132.209291950056
2022-05-21,"45","28  day ahead inc hosp",2022-06-18,"quantile",0.7,141.26765358528
2022-05-21,"45","28  day ahead inc hosp",2022-06-18,"quantile",0.75,151.043050034203
2022-05-21,"45","28  day ahead inc hosp",2022-06-18,"quantile",0.8,161.928417542551
2022-05-21,"45","28  day ahead inc hosp",2022-06-18,"quantile",0.85,174.616642821513
2022-05-21,"45","28  day ahead inc hosp",2022-06-18,"quantile",0.9,190.581327484025
2022-05-21,"45","28  day ahead inc hosp",2022-06-18,"quantile",0.95,214.243395067292
2022-05-21,"45","28  day ahead inc hosp",2022-06-18,"quantile",0.975,234.766709877494
2022-05-21,"45","28  day ahead inc hosp",2022-06-18,"quantile",0.99,258.629498657761
2022-05-21,"45","29  day ahead inc hosp",2022-06-19,"quantile",0.01,0
2022-05-21,"45","29  day ahead inc hosp",2022-06-19,"quantile",0.025,0
2022-05-21,"45","29  day ahead inc hosp",2022-06-19,"quantile",0.05,2.98505927789404
2022-05-21,"45","29  day ahead inc hosp",2022-06-19,"quantile",0.1,27.04421698179
2022-05-21,"45","29  day ahead inc hosp",2022-06-19,"quantile",0.15,43.2768164635013
2022-05-21,"45","29  day ahead inc hosp",2022-06-19,"quantile",0.2,56.1779719476901
2022-05-21,"45","29  day ahead inc hosp",2022-06-19,"quantile",0.25,67.2460146124577
2022-05-21,"45","29  day ahead inc hosp",2022-06-19,"quantile",0.3,77.1854589976582
2022-05-21,"45","29  day ahead inc hosp",2022-06-19,"quantile",0.35,86.3958354938731
2022-05-21,"45","29  day ahead inc hosp",2022-06-19,"quantile",0.4,95.1355821040996
2022-05-21,"45","29  day ahead inc hosp",2022-06-19,"quantile",0.45,103.591388093757
2022-05-21,"45","29  day ahead inc hosp",2022-06-19,"quantile",0.5,111.913130474086
2022-05-21,"45","29  day ahead inc hosp",2022-06-19,"quantile",0.55,120.234872854414
2022-05-21,"45","29  day ahead inc hosp",2022-06-19,"quantile",0.6,128.690678844072
2022-05-21,"45","29  day ahead inc hosp",2022-06-19,"quantile",0.65,137.430425454298
2022-05-21,"45","29  day ahead inc hosp",2022-06-19,"quantile",0.7,146.640801950513
2022-05-21,"45","29  day ahead inc hosp",2022-06-19,"quantile",0.75,156.580246335714
2022-05-21,"45","29  day ahead inc hosp",2022-06-19,"quantile",0.8,167.648289000481
2022-05-21,"45","29  day ahead inc hosp",2022-06-19,"quantile",0.85,180.54944448467
2022-05-21,"45","29  day ahead inc hosp",2022-06-19,"quantile",0.9,196.782043966381
2022-05-21,"45","29  day ahead inc hosp",2022-06-19,"quantile",0.95,220.841201670277
2022-05-21,"45","29  day ahead inc hosp",2022-06-19,"quantile",0.975,241.708932940495
2022-05-21,"45","29  day ahead inc hosp",2022-06-19,"quantile",0.99,265.972180287705
2022-05-21,"45","30  day ahead inc hosp",2022-06-20,"quantile",0.01,0
2022-05-21,"45","30  day ahead inc hosp",2022-06-20,"quantile",0.025,0
2022-05-21,"45","30  day ahead inc hosp",2022-06-20,"quantile",0.05,1.45882326537966
2022-05-21,"45","30  day ahead inc hosp",2022-06-20,"quantile",0.1,25.8988380524982
2022-05-21,"45","30  day ahead inc hosp",2022-06-20,"quantile",0.15,42.3884000001368
2022-05-21,"45","30  day ahead inc hosp",2022-06-20,"quantile",0.2,55.4937811063685
2022-05-21,"45","30  day ahead inc hosp",2022-06-20,"quantile",0.25,66.7370311702548
2022-05-21,"45","30  day ahead inc hosp",2022-06-20,"quantile",0.3,76.8338172148762
2022-05-21,"45","30  day ahead inc hosp",2022-06-20,"quantile",0.35,86.1899942071393
2022-05-21,"45","30  day ahead inc hosp",2022-06-20,"quantile",0.4,95.068091230254
2022-05-21,"45","30  day ahead inc hosp",2022-06-20,"quantile",0.45,103.657752845497
2022-05-21,"45","30  day ahead inc hosp",2022-06-20,"quantile",0.5,112.111228621039
2022-05-21,"45","30  day ahead inc hosp",2022-06-20,"quantile",0.55,120.56470439658
2022-05-21,"45","30  day ahead inc hosp",2022-06-20,"quantile",0.6,129.154366011823
2022-05-21,"45","30  day ahead inc hosp",2022-06-20,"quantile",0.65,138.032463034938
2022-05-21,"45","30  day ahead inc hosp",2022-06-20,"quantile",0.7,147.388640027201
2022-05-21,"45","30  day ahead inc hosp",2022-06-20,"quantile",0.75,157.485426071823
2022-05-21,"45","30  day ahead inc hosp",2022-06-20,"quantile",0.8,168.728676135709
2022-05-21,"45","30  day ahead inc hosp",2022-06-20,"quantile",0.85,181.834057241941
2022-05-21,"45","30  day ahead inc hosp",2022-06-20,"quantile",0.9,198.323619189579
2022-05-21,"45","30  day ahead inc hosp",2022-06-20,"quantile",0.95,222.763633976698
2022-05-21,"45","30  day ahead inc hosp",2022-06-20,"quantile",0.975,243.961701967879
2022-05-21,"45","30  day ahead inc hosp",2022-06-20,"quantile",0.99,268.609037142597
2022-05-21,"45","31  day ahead inc hosp",2022-06-21,"quantile",0.01,0
2022-05-21,"45","31  day ahead inc hosp",2022-06-21,"quantile",0.025,0
2022-05-21,"45","31  day ahead inc hosp",2022-06-21,"quantile",0.05,0.495408375309864
2022-05-21,"45","31  day ahead inc hosp",2022-06-21,"quantile",0.1,25.3011072734626
2022-05-21,"45","31  day ahead inc hosp",2022-06-21,"quantile",0.15,42.0373945547267
2022-05-21,"45","31  day ahead inc hosp",2022-06-21,"quantile",0.2,55.3388651347718
2022-05-21,"45","31  day ahead inc hosp",2022-06-21,"quantile",0.25,66.7503425070522
2022-05-21,"45","31  day ahead inc hosp",2022-06-21,"quantile",0.3,76.998201873895
2022-05-21,"45","31  day ahead inc hosp",2022-06-21,"quantile",0.35,86.4943708136219
2022-05-21,"45","31  day ahead inc hosp",2022-06-21,"quantile",0.4,95.5053065050374
2022-05-21,"45","31  day ahead inc hosp",2022-06-21,"quantile",0.45,104.223491069191
2022-05-21,"45","31  day ahead inc hosp",2022-06-21,"quantile",0.5,112.803452110844
2022-05-21,"45","31  day ahead inc hosp",2022-06-21,"quantile",0.55,121.383413152498
2022-05-21,"45","31  day ahead inc hosp",2022-06-21,"quantile",0.6,130.101597716652
2022-05-21,"45","31  day ahead inc hosp",2022-06-21,"quantile",0.65,139.112533408067
2022-05-21,"45","31  day ahead inc hosp",2022-06-21,"quantile",0.7,148.608702347794
2022-05-21,"45","31  day ahead inc hosp",2022-06-21,"quantile",0.75,158.856561714637
2022-05-21,"45","31  day ahead inc hosp",2022-06-21,"quantile",0.8,170.268039086917
2022-05-21,"45","31  day ahead inc hosp",2022-06-21,"quantile",0.85,183.569509666962
2022-05-21,"45","31  day ahead inc hosp",2022-06-21,"quantile",0.9,200.305796948226
2022-05-21,"45","31  day ahead inc hosp",2022-06-21,"quantile",0.95,225.111495846379
2022-05-21,"45","31  day ahead inc hosp",2022-06-21,"quantile",0.975,246.626740267956
2022-05-21,"45","31  day ahead inc hosp",2022-06-21,"quantile",0.99,271.642861588315
2022-05-21,"45","32  day ahead inc hosp",2022-06-22,"quantile",0.01,0
2022-05-21,"45","32  day ahead inc hosp",2022-06-22,"quantile",0.025,0
2022-05-21,"45","32  day ahead inc hosp",2022-06-22,"quantile",0.05,0.045135602593632
2022-05-21,"45","32  day ahead inc hosp",2022-06-22,"quantile",0.1,25.2022404456867
2022-05-21,"45","32  day ahead inc hosp",2022-06-22,"quantile",0.15,42.1756196496986
2022-05-21,"45","32  day ahead inc hosp",2022-06-22,"quantile",0.2,55.6655233739767
2022-05-21,"45","32  day ahead inc hosp",2022-06-22,"quantile",0.25,67.2386596056038
2022-05-21,"45","32  day ahead inc hosp",2022-06-22,"quantile",0.3,77.6316936244169
2022-05-21,"45","32  day ahead inc hosp",2022-06-22,"quantile",0.35,87.2623885145425
2022-05-21,"45","32  day ahead inc hosp",2022-06-22,"quantile",0.4,96.400976177565
2022-05-21,"45","32  day ahead inc hosp",2022-06-22,"quantile",0.45,105.242665501553
2022-05-21,"45","32  day ahead inc hosp",2022-06-22,"quantile",0.5,113.944173181733
2022-05-21,"45","32  day ahead inc hosp",2022-06-22,"quantile",0.55,122.645680861914
2022-05-21,"45","32  day ahead inc hosp",2022-06-22,"quantile",0.6,131.487370185902
2022-05-21,"45","32  day ahead inc hosp",2022-06-22,"quantile",0.65,140.625957848924
2022-05-21,"45","32  day ahead inc hosp",2022-06-22,"quantile",0.7,150.25665273905
2022-05-21,"45","32  day ahead inc hosp",2022-06-22,"quantile",0.75,160.649686757863
2022-05-21,"45","32  day ahead inc hosp",2022-06-22,"quantile",0.8,172.22282298949
2022-05-21,"45","32  day ahead inc hosp",2022-06-22,"quantile",0.85,185.712726713768
2022-05-21,"45","32  day ahead inc hosp",2022-06-22,"quantile",0.9,202.68610591778
2022-05-21,"45","32  day ahead inc hosp",2022-06-22,"quantile",0.95,227.843210760873
2022-05-21,"45","32  day ahead inc hosp",2022-06-22,"quantile",0.975,249.663247433119
2022-05-21,"45","32  day ahead inc hosp",2022-06-22,"quantile",0.99,275.033755613829
2022-05-21,"45","33  day ahead inc hosp",2022-06-23,"quantile",0.01,0
2022-05-21,"45","33  day ahead inc hosp",2022-06-23,"quantile",0.025,0
2022-05-21,"45","33  day ahead inc hosp",2022-06-23,"quantile",0.05,0
2022-05-21,"45","33  day ahead inc hosp",2022-06-23,"quantile",0.1,24.7318682241696
2022-05-21,"45","33  day ahead inc hosp",2022-06-23,"quantile",0.15,41.9332478615977
2022-05-21,"45","33  day ahead inc hosp",2022-06-23,"quantile",0.2,55.6043591025941
2022-05-21,"45","33  day ahead inc hosp",2022-06-23,"quantile",0.25,67.3329552485424
2022-05-21,"45","33  day ahead inc hosp",2022-06-23,"quantile",0.3,77.8655970751065
2022-05-21,"45","33  day ahead inc hosp",2022-06-23,"quantile",0.35,87.625659404836
2022-05-21,"45","33  day ahead inc hosp",2022-06-23,"quantile",0.4,96.887004117173
2022-05-21,"45","33  day ahead inc hosp",2022-06-23,"quantile",0.45,105.847462307028
2022-05-21,"45","33  day ahead inc hosp",2022-06-23,"quantile",0.5,114.66585581758
2022-05-21,"45","33  day ahead inc hosp",2022-06-23,"quantile",0.55,123.484249328131
2022-05-21,"45","33  day ahead inc hosp",2022-06-23,"quantile",0.6,132.444707517986
2022-05-21,"45","33  day ahead inc hosp",2022-06-23,"quantile",0.65,141.706052230323
2022-05-21,"45","33  day ahead inc hosp",2022-06-23,"quantile",0.7,151.466114560053
2022-05-21,"45","33  day ahead inc hosp",2022-06-23,"quantile",0.75,161.998756386617
2022-05-21,"45","33  day ahead inc hosp",2022-06-23,"quantile",0.8,173.727352532565
2022-05-21,"45","33  day ahead inc hosp",2022-06-23,"quantile",0.85,187.398463773562
2022-05-21,"45","33  day ahead inc hosp",2022-06-23,"quantile",0.9,204.59984341099
2022-05-21,"45","33  day ahead inc hosp",2022-06-23,"quantile",0.95,230.094879242296
2022-05-21,"45","33  day ahead inc hosp",2022-06-23,"quantile",0.975,252.208020649824
2022-05-21,"45","33  day ahead inc hosp",2022-06-23,"quantile",0.99,277.919326428446
2022-05-21,"45","34  day ahead inc hosp",2022-06-24,"quantile",0.01,0
2022-05-21,"45","34  day ahead inc hosp",2022-06-24,"quantile",0.025,0
2022-05-21,"45","34  day ahead inc hosp",2022-06-24,"quantile",0.05,0
2022-05-21,"45","34  day ahead inc hosp",2022-06-24,"quantile",0.1,24.2071251531096
2022-05-21,"45","34  day ahead inc hosp",2022-06-24,"quantile",0.15,41.6279161177751
2022-05-21,"45","34  day ahead inc hosp",2022-06-24,"quantile",0.2,55.4734085261792
2022-05-21,"45","34  day ahead inc hosp",2022-06-24,"quantile",0.25,67.3516081865696
2022-05-21,"45","34  day ahead inc hosp",2022-06-24,"quantile",0.3,78.0185985927938
2022-05-21,"45","34  day ahead inc hosp",2022-06-24,"quantile",0.35,87.9031549035192
2022-05-21,"45","34  day ahead inc hosp",2022-06-24,"quantile",0.4,97.2826322295284
2022-05-21,"45","34  day ahead inc hosp",2022-06-24,"quantile",0.45,106.357385090249
2022-05-21,"45","34  day ahead inc hosp",2022-06-24,"quantile",0.5,115.28826117284
2022-05-21,"45","34  day ahead inc hosp",2022-06-24,"quantile",0.55,124.219137255431
2022-05-21,"45","34  day ahead inc hosp",2022-06-24,"quantile",0.6,133.293890116152
2022-05-21,"45","34  day ahead inc hosp",2022-06-24,"quantile",0.65,142.673367442161
2022-05-21,"45","34  day ahead inc hosp",2022-06-24,"quantile",0.7,152.557923752887
2022-05-21,"45","34  day ahead inc hosp",2022-06-24,"quantile",0.75,163.224914159111
2022-05-21,"45","34  day ahead inc hosp",2022-06-24,"quantile",0.8,175.103113819501
2022-05-21,"45","34  day ahead inc hosp",2022-06-24,"quantile",0.85,188.948606227905
2022-05-21,"45","34  day ahead inc hosp",2022-06-24,"quantile",0.9,206.369397192571
2022-05-21,"45","34  day ahead inc hosp",2022-06-24,"quantile",0.95,232.189633662873
2022-05-21,"45","34  day ahead inc hosp",2022-06-24,"quantile",0.975,254.584838126265
2022-05-21,"45","34  day ahead inc hosp",2022-06-24,"quantile",0.99,280.624103164249
2022-05-21,"45","35  day ahead inc hosp",2022-06-25,"quantile",0.01,0
2022-05-21,"45","35  day ahead inc hosp",2022-06-25,"quantile",0.025,0
2022-05-21,"45","35  day ahead inc hosp",2022-06-25,"quantile",0.05,0
2022-05-21,"45","35  day ahead inc hosp",2022-06-25,"quantile",0.1,23.7170334744966
2022-05-21,"45","35  day ahead inc hosp",2022-06-25,"quantile",0.15,41.3491066727605
2022-05-21,"45","35  day ahead inc hosp",2022-06-25,"quantile",0.2,55.3625195026455
2022-05-21,"45","35  day ahead inc hosp",2022-06-25,"quantile",0.25,67.3847799327487
2022-05-21,"45","35  day ahead inc hosp",2022-06-25,"quantile",0.3,78.1811413625603
2022-05-21,"45","35  day ahead inc hosp",2022-06-25,"quantile",0.35,88.185579206776
2022-05-21,"45","35  day ahead inc hosp",2022-06-25,"quantile",0.4,97.6788123848269
2022-05-21,"45","35  day ahead inc hosp",2022-06-25,"quantile",0.45,106.863625348884
2022-05-21,"45","35  day ahead inc hosp",2022-06-25,"quantile",0.5,115.902816573454
2022-05-21,"45","35  day ahead inc hosp",2022-06-25,"quantile",0.55,124.942007798024
2022-05-21,"45","35  day ahead inc hosp",2022-06-25,"quantile",0.6,134.12682076208
2022-05-21,"45","35  day ahead inc hosp",2022-06-25,"quantile",0.65,143.620053940131
2022-05-21,"45","35  day ahead inc hosp",2022-06-25,"quantile",0.7,153.624491784347
2022-05-21,"45","35  day ahead inc hosp",2022-06-25,"quantile",0.75,164.420853214159
2022-05-21,"45","35  day ahead inc hosp",2022-06-25,"quantile",0.8,176.443113644262
2022-05-21,"45","35  day ahead inc hosp",2022-06-25,"quantile",0.85,190.456526474147
2022-05-21,"45","35  day ahead inc hosp",2022-06-25,"quantile",0.9,208.088599672411
2022-05-21,"45","35  day ahead inc hosp",2022-06-25,"quantile",0.95,234.221988240373
2022-05-21,"45","35  day ahead inc hosp",2022-06-25,"quantile",0.975,256.888805446867
2022-05-21,"45","35  day ahead inc hosp",2022-06-25,"quantile",0.99,283.2438789972
2022-05-21,"45","36  day ahead inc hosp",2022-06-26,"quantile",0.01,0
2022-05-21,"45","36  day ahead inc hosp",2022-06-26,"quantile",0.025,0
2022-05-21,"45","36  day ahead inc hosp",2022-06-26,"quantile",0.05,0
2022-05-21,"45","36  day ahead inc hosp",2022-06-26,"quantile",0.1,24.8917759783337
2022-05-21,"45","36  day ahead inc hosp",2022-06-26,"quantile",0.15,42.7274248242044
2022-05-21,"45","36  day ahead inc hosp",2022-06-26,"quantile",0.2,56.9026331253281
2022-05-21,"45","36  day ahead inc hosp",2022-06-26,"quantile",0.25,69.063699663212
2022-05-21,"45","36  day ahead inc hosp",2022-06-26,"quantile",0.3,79.9847132677939
2022-05-21,"45","36  day ahead inc hosp",2022-06-26,"quantile",0.35,90.1046599288219
2022-05-21,"45","36  day ahead inc hosp",2022-06-26,"quantile",0.4,99.7074996783958
2022-05-21,"45","36  day ahead inc hosp",2022-06-26,"quantile",0.45,108.998358268868
2022-05-21,"45","36  day ahead inc hosp",2022-06-26,"quantile",0.5,118.14191380651
2022-05-21,"45","36  day ahead inc hosp",2022-06-26,"quantile",0.55,127.285469344153
2022-05-21,"45","36  day ahead inc hosp",2022-06-26,"quantile",0.6,136.576327934625
2022-05-21,"45","36  day ahead inc hosp",2022-06-26,"quantile",0.65,146.179167684199
2022-05-21,"45","36  day ahead inc hosp",2022-06-26,"quantile",0.7,156.299114345227
2022-05-21,"45","36  day ahead inc hosp",2022-06-26,"quantile",0.75,167.220127949809
2022-05-21,"45","36  day ahead inc hosp",2022-06-26,"quantile",0.8,179.381194487693
2022-05-21,"45","36  day ahead inc hosp",2022-06-26,"quantile",0.85,193.556402788816
2022-05-21,"45","36  day ahead inc hosp",2022-06-26,"quantile",0.9,211.392051634687
2022-05-21,"45","36  day ahead inc hosp",2022-06-26,"quantile",0.95,237.827169978953
2022-05-21,"45","36  day ahead inc hosp",2022-06-26,"quantile",0.975,260.755692768229
2022-05-21,"45","36  day ahead inc hosp",2022-06-26,"quantile",0.99,287.415055615992
2022-05-21,"45","37  day ahead inc hosp",2022-06-27,"quantile",0.01,0
2022-05-21,"45","37  day ahead inc hosp",2022-06-27,"quantile",0.025,0
2022-05-21,"45","37  day ahead inc hosp",2022-06-27,"quantile",0.05,0
2022-05-21,"45","37  day ahead inc hosp",2022-06-27,"quantile",0.1,24.6931358770101
2022-05-21,"45","37  day ahead inc hosp",2022-06-27,"quantile",0.15,42.7250438928941
2022-05-21,"45","37  day ahead inc hosp",2022-06-27,"quantile",0.2,57.056232760802
2022-05-21,"45","37  day ahead inc hosp",2022-06-27,"quantile",0.25,69.3511167362139
2022-05-21,"45","37  day ahead inc hosp",2022-06-27,"quantile",0.3,80.3923025354976
2022-05-21,"45","37  day ahead inc hosp",2022-06-27,"quantile",0.35,90.623606644154
2022-05-21,"45","37  day ahead inc hosp",2022-06-27,"quantile",0.4,100.332113721859
2022-05-21,"45","37  day ahead inc hosp",2022-06-27,"quantile",0.45,109.725206675175
2022-05-21,"45","37  day ahead inc hosp",2022-06-27,"quantile",0.5,118.969375688464
2022-05-21,"45","37  day ahead inc hosp",2022-06-27,"quantile",0.55,128.213544701753
2022-05-21,"45","37  day ahead inc hosp",2022-06-27,"quantile",0.6,137.606637655069
2022-05-21,"45","37  day ahead inc hosp",2022-06-27,"quantile",0.65,147.315144732774
2022-05-21,"45","37  day ahead inc hosp",2022-06-27,"quantile",0.7,157.54644884143
2022-05-21,"45","37  day ahead inc hosp",2022-06-27,"quantile",0.75,168.587634640714
2022-05-21,"45","37  day ahead inc hosp",2022-06-27,"quantile",0.8,180.882518616126
2022-05-21,"45","37  day ahead inc hosp",2022-06-27,"quantile",0.85,195.213707484034
2022-05-21,"45","37  day ahead inc hosp",2022-06-27,"quantile",0.9,213.245615499918
2022-05-21,"45","37  day ahead inc hosp",2022-06-27,"quantile",0.95,239.971619498543
2022-05-21,"45","37  day ahead inc hosp",2022-06-27,"quantile",0.975,263.15244221204
2022-05-21,"45","37  day ahead inc hosp",2022-06-27,"quantile",0.99,290.105158246491
2022-05-21,"46","1  day ahead inc hosp",2022-05-22,"quantile",0.01,0
2022-05-21,"46","1  day ahead inc hosp",2022-05-22,"quantile",0.025,0
2022-05-21,"46","1  day ahead inc hosp",2022-05-22,"quantile",0.05,0
2022-05-21,"46","1  day ahead inc hosp",2022-05-22,"quantile",0.1,0
2022-05-21,"46","1  day ahead inc hosp",2022-05-22,"quantile",0.15,0
2022-05-21,"46","1  day ahead inc hosp",2022-05-22,"quantile",0.2,1.02259873388796
2022-05-21,"46","1  day ahead inc hosp",2022-05-22,"quantile",0.25,2.13109382103385
2022-05-21,"46","1  day ahead inc hosp",2022-05-22,"quantile",0.3,3.12655666877178
2022-05-21,"46","1  day ahead inc hosp",2022-05-22,"quantile",0.35,4.04900135082184
2022-05-21,"46","1  day ahead inc hosp",2022-05-22,"quantile",0.4,4.92431114802521
2022-05-21,"46","1  day ahead inc hosp",2022-05-22,"quantile",0.45,5.77118350669724
2022-05-21,"46","1  day ahead inc hosp",2022-05-22,"quantile",0.5,6.60462902407421
2022-05-21,"46","1  day ahead inc hosp",2022-05-22,"quantile",0.55,7.43807454145118
2022-05-21,"46","1  day ahead inc hosp",2022-05-22,"quantile",0.6,8.2849469001232
2022-05-21,"46","1  day ahead inc hosp",2022-05-22,"quantile",0.65,9.16025669732658
2022-05-21,"46","1  day ahead inc hosp",2022-05-22,"quantile",0.7,10.0827013793766
2022-05-21,"46","1  day ahead inc hosp",2022-05-22,"quantile",0.75,11.0781642271146
2022-05-21,"46","1  day ahead inc hosp",2022-05-22,"quantile",0.8,12.1866593142605
2022-05-21,"46","1  day ahead inc hosp",2022-05-22,"quantile",0.85,13.4787457206719
2022-05-21,"46","1  day ahead inc hosp",2022-05-22,"quantile",0.9,15.1044854582285
2022-05-21,"46","1  day ahead inc hosp",2022-05-22,"quantile",0.95,17.5140766500417
2022-05-21,"46","1  day ahead inc hosp",2022-05-22,"quantile",0.975,19.6040376570182
2022-05-21,"46","1  day ahead inc hosp",2022-05-22,"quantile",0.99,22.0340689911224
2022-05-21,"46","2  day ahead inc hosp",2022-05-23,"quantile",0.01,0
2022-05-21,"46","2  day ahead inc hosp",2022-05-23,"quantile",0.025,0
2022-05-21,"46","2  day ahead inc hosp",2022-05-23,"quantile",0.05,0
2022-05-21,"46","2  day ahead inc hosp",2022-05-23,"quantile",0.1,0
2022-05-21,"46","2  day ahead inc hosp",2022-05-23,"quantile",0.15,0
2022-05-21,"46","2  day ahead inc hosp",2022-05-23,"quantile",0.2,0.0624236838313639
2022-05-21,"46","2  day ahead inc hosp",2022-05-23,"quantile",0.25,1.24652961741613
2022-05-21,"46","2  day ahead inc hosp",2022-05-23,"quantile",0.3,2.30989334210762
2022-05-21,"46","2  day ahead inc hosp",2022-05-23,"quantile",0.35,3.2952583059087
2022-05-21,"46","2  day ahead inc hosp",2022-05-23,"quantile",0.4,4.23027329750603
2022-05-21,"46","2  day ahead inc hosp",2022-05-23,"quantile",0.45,5.13491112271679
2022-05-21,"46","2  day ahead inc hosp",2022-05-23,"quantile",0.5,6.02520625698454
2022-05-21,"46","2  day ahead inc hosp",2022-05-23,"quantile",0.55,6.9155013912523
2022-05-21,"46","2  day ahead inc hosp",2022-05-23,"quantile",0.6,7.82013921646306
2022-05-21,"46","2  day ahead inc hosp",2022-05-23,"quantile",0.65,8.75515420806039
2022-05-21,"46","2  day ahead inc hosp",2022-05-23,"quantile",0.7,9.74051917186147
2022-05-21,"46","2  day ahead inc hosp",2022-05-23,"quantile",0.75,10.803882896553
2022-05-21,"46","2  day ahead inc hosp",2022-05-23,"quantile",0.8,11.9879888301377
2022-05-21,"46","2  day ahead inc hosp",2022-05-23,"quantile",0.85,13.3682089125517
2022-05-21,"46","2  day ahead inc hosp",2022-05-23,"quantile",0.9,15.1048409391869
2022-05-21,"46","2  day ahead inc hosp",2022-05-23,"quantile",0.95,17.6787912081826
2022-05-21,"46","2  day ahead inc hosp",2022-05-23,"quantile",0.975,19.9113092030918
2022-05-21,"46","2  day ahead inc hosp",2022-05-23,"quantile",0.99,22.5070938437964
2022-05-21,"46","3  day ahead inc hosp",2022-05-24,"quantile",0.01,0
2022-05-21,"46","3  day ahead inc hosp",2022-05-24,"quantile",0.025,0
2022-05-21,"46","3  day ahead inc hosp",2022-05-24,"quantile",0.05,0
2022-05-21,"46","3  day ahead inc hosp",2022-05-24,"quantile",0.1,0
2022-05-21,"46","3  day ahead inc hosp",2022-05-24,"quantile",0.15,0
2022-05-21,"46","3  day ahead inc hosp",2022-05-24,"quantile",0.2,0.121011409092612
2022-05-21,"46","3  day ahead inc hosp",2022-05-24,"quantile",0.25,1.37618166275334
2022-05-21,"46","3  day ahead inc hosp",2022-05-24,"quantile",0.3,2.50336334320818
2022-05-21,"46","3  day ahead inc hosp",2022-05-24,"quantile",0.35,3.54786515380067
2022-05-21,"46","3  day ahead inc hosp",2022-05-24,"quantile",0.4,4.53899522999818
2022-05-21,"46","3  day ahead inc hosp",2022-05-24,"quantile",0.45,5.4979250489742
2022-05-21,"46","3  day ahead inc hosp",2022-05-24,"quantile",0.5,6.4416513979578
2022-05-21,"46","3  day ahead inc hosp",2022-05-24,"quantile",0.55,7.3853777469414
2022-05-21,"46","3  day ahead inc hosp",2022-05-24,"quantile",0.6,8.34430756591742
2022-05-21,"46","3  day ahead inc hosp",2022-05-24,"quantile",0.65,9.33543764211494
2022-05-21,"46","3  day ahead inc hosp",2022-05-24,"quantile",0.7,10.3799394527074
2022-05-21,"46","3  day ahead inc hosp",2022-05-24,"quantile",0.75,11.5071211331623
2022-05-21,"46","3  day ahead inc hosp",2022-05-24,"quantile",0.8,12.762291386823
2022-05-21,"46","3  day ahead inc hosp",2022-05-24,"quantile",0.85,14.2253456134888
2022-05-21,"46","3  day ahead inc hosp",2022-05-24,"quantile",0.9,16.0662019081514
2022-05-21,"46","3  day ahead inc hosp",2022-05-24,"quantile",0.95,18.7946282426642
2022-05-21,"46","3  day ahead inc hosp",2022-05-24,"quantile",0.975,21.1611311867792
2022-05-21,"46","3  day ahead inc hosp",2022-05-24,"quantile",0.99,23.9127022865523
2022-05-21,"46","4  day ahead inc hosp",2022-05-25,"quantile",0.01,0
2022-05-21,"46","4  day ahead inc hosp",2022-05-25,"quantile",0.025,0
2022-05-21,"46","4  day ahead inc hosp",2022-05-25,"quantile",0.05,0
2022-05-21,"46","4  day ahead inc hosp",2022-05-25,"quantile",0.1,0
2022-05-21,"46","4  day ahead inc hosp",2022-05-25,"quantile",0.15,0
2022-05-21,"46","4  day ahead inc hosp",2022-05-25,"quantile",0.2,0
2022-05-21,"46","4  day ahead inc hosp",2022-05-25,"quantile",0.25,1.24013821248319
2022-05-21,"46","4  day ahead inc hosp",2022-05-25,"quantile",0.3,2.42771333453495
2022-05-21,"46","4  day ahead inc hosp",2022-05-25,"quantile",0.35,3.528178669189
2022-05-21,"46","4  day ahead inc hosp",2022-05-25,"quantile",0.4,4.572412657036
2022-05-21,"46","4  day ahead inc hosp",2022-05-25,"quantile",0.45,5.58272112509945
2022-05-21,"46","4  day ahead inc hosp",2022-05-25,"quantile",0.5,6.57701153410025
2022-05-21,"46","4  day ahead inc hosp",2022-05-25,"quantile",0.55,7.57130194310106
2022-05-21,"46","4  day ahead inc hosp",2022-05-25,"quantile",0.6,8.58161041116451
2022-05-21,"46","4  day ahead inc hosp",2022-05-25,"quantile",0.65,9.6258443990115
2022-05-21,"46","4  day ahead inc hosp",2022-05-25,"quantile",0.7,10.7263097336656
2022-05-21,"46","4  day ahead inc hosp",2022-05-25,"quantile",0.75,11.9138848557173
2022-05-21,"46","4  day ahead inc hosp",2022-05-25,"quantile",0.8,13.2363060705346
2022-05-21,"46","4  day ahead inc hosp",2022-05-25,"quantile",0.85,14.7777495058997
2022-05-21,"46","4  day ahead inc hosp",2022-05-25,"quantile",0.9,16.7172373246971
2022-05-21,"46","4  day ahead inc hosp",2022-05-25,"quantile",0.95,19.5918504357891
2022-05-21,"46","4  day ahead inc hosp",2022-05-25,"quantile",0.975,22.085148607171
2022-05-21,"46","4  day ahead inc hosp",2022-05-25,"quantile",0.99,24.9841465604811
2022-05-21,"46","5  day ahead inc hosp",2022-05-26,"quantile",0.01,0
2022-05-21,"46","5  day ahead inc hosp",2022-05-26,"quantile",0.025,0
2022-05-21,"46","5  day ahead inc hosp",2022-05-26,"quantile",0.05,0
2022-05-21,"46","5  day ahead inc hosp",2022-05-26,"quantile",0.1,0
2022-05-21,"46","5  day ahead inc hosp",2022-05-26,"quantile",0.15,0
2022-05-21,"46","5  day ahead inc hosp",2022-05-26,"quantile",0.2,0
2022-05-21,"46","5  day ahead inc hosp",2022-05-26,"quantile",0.25,1.19436769298983
2022-05-21,"46","5  day ahead inc hosp",2022-05-26,"quantile",0.3,2.43941018233688
2022-05-21,"46","5  day ahead inc hosp",2022-05-26,"quantile",0.35,3.5931275971398
2022-05-21,"46","5  day ahead inc hosp",2022-05-26,"quantile",0.4,4.6878926015158
2022-05-21,"46","5  day ahead inc hosp",2022-05-26,"quantile",0.45,5.74709041286175
2022-05-21,"46","5  day ahead inc hosp",2022-05-26,"quantile",0.5,6.7894950430779
2022-05-21,"46","5  day ahead inc hosp",2022-05-26,"quantile",0.55,7.83189967329404
2022-05-21,"46","5  day ahead inc hosp",2022-05-26,"quantile",0.6,8.89109748463999
2022-05-21,"46","5  day ahead inc hosp",2022-05-26,"quantile",0.65,9.98586248901599
2022-05-21,"46","5  day ahead inc hosp",2022-05-26,"quantile",0.7,11.1395799038189
2022-05-21,"46","5  day ahead inc hosp",2022-05-26,"quantile",0.75,12.384622393166
2022-05-21,"46","5  day ahead inc hosp",2022-05-26,"quantile",0.8,13.7710362466465
2022-05-21,"46","5  day ahead inc hosp",2022-05-26,"quantile",0.85,15.3870709179008
2022-05-21,"46","5  day ahead inc hosp",2022-05-26,"quantile",0.9,17.420411543799
2022-05-21,"46","5  day ahead inc hosp",2022-05-26,"quantile",0.95,20.4341286529619
2022-05-21,"46","5  day ahead inc hosp",2022-05-26,"quantile",0.975,23.0480787975377
2022-05-21,"46","5  day ahead inc hosp",2022-05-26,"quantile",0.99,26.0873607439001
2022-05-21,"46","6  day ahead inc hosp",2022-05-27,"quantile",0.01,0
2022-05-21,"46","6  day ahead inc hosp",2022-05-27,"quantile",0.025,0
2022-05-21,"46","6  day ahead inc hosp",2022-05-27,"quantile",0.05,0
2022-05-21,"46","6  day ahead inc hosp",2022-05-27,"quantile",0.1,0
2022-05-21,"46","6  day ahead inc hosp",2022-05-27,"quantile",0.15,0
2022-05-21,"46","6  day ahead inc hosp",2022-05-27,"quantile",0.2,0
2022-05-21,"46","6  day ahead inc hosp",2022-05-27,"quantile",0.25,0.931177074346186
2022-05-21,"46","6  day ahead inc hosp",2022-05-27,"quantile",0.3,2.23114897021269
2022-05-21,"46","6  day ahead inc hosp",2022-05-27,"quantile",0.35,3.4357666662739
2022-05-21,"46","6  day ahead inc hosp",2022-05-27,"quantile",0.4,4.57883106001465
2022-05-21,"46","6  day ahead inc hosp",2022-05-27,"quantile",0.45,5.68475908953528
2022-05-21,"46","6  day ahead inc hosp",2022-05-27,"quantile",0.5,6.77315304797181
2022-05-21,"46","6  day ahead inc hosp",2022-05-27,"quantile",0.55,7.86154700640834
2022-05-21,"46","6  day ahead inc hosp",2022-05-27,"quantile",0.6,8.96747503592897
2022-05-21,"46","6  day ahead inc hosp",2022-05-27,"quantile",0.65,10.1105394296697
2022-05-21,"46","6  day ahead inc hosp",2022-05-27,"quantile",0.7,11.3151571257309
2022-05-21,"46","6  day ahead inc hosp",2022-05-27,"quantile",0.75,12.6151290215974
2022-05-21,"46","6  day ahead inc hosp",2022-05-27,"quantile",0.8,14.0627093740639
2022-05-21,"46","6  day ahead inc hosp",2022-05-27,"quantile",0.85,15.7500410702522
2022-05-21,"46","6  day ahead inc hosp",2022-05-27,"quantile",0.9,17.873089633661
2022-05-21,"46","6  day ahead inc hosp",2022-05-27,"quantile",0.95,21.019767419781
2022-05-21,"46","6  day ahead inc hosp",2022-05-27,"quantile",0.975,23.7490411226622
2022-05-21,"46","6  day ahead inc hosp",2022-05-27,"quantile",0.99,26.9224116282404
2022-05-21,"46","7  day ahead inc hosp",2022-05-28,"quantile",0.01,0
2022-05-21,"46","7  day ahead inc hosp",2022-05-28,"quantile",0.025,0
2022-05-21,"46","7  day ahead inc hosp",2022-05-28,"quantile",0.05,0
2022-05-21,"46","7  day ahead inc hosp",2022-05-28,"quantile",0.1,0
2022-05-21,"46","7  day ahead inc hosp",2022-05-28,"quantile",0.15,0
2022-05-21,"46","7  day ahead inc hosp",2022-05-28,"quantile",0.2,0
2022-05-21,"46","7  day ahead inc hosp",2022-05-28,"quantile",0.25,0
2022-05-21,"46","7  day ahead inc hosp",2022-05-28,"quantile",0.3,0.831338882165785
2022-05-21,"46","7  day ahead inc hosp",2022-05-28,"quantile",0.35,2.08479159930676
2022-05-21,"46","7  day ahead inc hosp",2022-05-28,"quantile",0.4,3.27419565246508
2022-05-21,"46","7  day ahead inc hosp",2022-05-28,"quantile",0.45,4.42495783875672
2022-05-21,"46","7  day ahead inc hosp",2022-05-28,"quantile",0.5,5.55747512534718
2022-05-21,"46","7  day ahead inc hosp",2022-05-28,"quantile",0.55,6.68999241193764
2022-05-21,"46","7  day ahead inc hosp",2022-05-28,"quantile",0.6,7.84075459822928
2022-05-21,"46","7  day ahead inc hosp",2022-05-28,"quantile",0.65,9.0301586513876
2022-05-21,"46","7  day ahead inc hosp",2022-05-28,"quantile",0.7,10.2836113685286
2022-05-21,"46","7  day ahead inc hosp",2022-05-28,"quantile",0.75,11.6362839304614
2022-05-21,"46","7  day ahead inc hosp",2022-05-28,"quantile",0.8,13.1425489737294
2022-05-21,"46","7  day ahead inc hosp",2022-05-28,"quantile",0.85,14.8982848443054
2022-05-21,"46","7  day ahead inc hosp",2022-05-28,"quantile",0.9,17.1074014786769
2022-05-21,"46","7  day ahead inc hosp",2022-05-28,"quantile",0.95,20.3816451112216
2022-05-21,"46","7  day ahead inc hosp",2022-05-28,"quantile",0.975,23.2215631614742
2022-05-21,"46","7  day ahead inc hosp",2022-05-28,"quantile",0.99,26.5235816323285
2022-05-21,"46","8  day ahead inc hosp",2022-05-29,"quantile",0.01,0
2022-05-21,"46","8  day ahead inc hosp",2022-05-29,"quantile",0.025,0
2022-05-21,"46","8  day ahead inc hosp",2022-05-29,"quantile",0.05,0
2022-05-21,"46","8  day ahead inc hosp",2022-05-29,"quantile",0.1,0
2022-05-21,"46","8  day ahead inc hosp",2022-05-29,"quantile",0.15,0
2022-05-21,"46","8  day ahead inc hosp",2022-05-29,"quantile",0.2,0
2022-05-21,"46","8  day ahead inc hosp",2022-05-29,"quantile",0.25,1.286163553731
2022-05-21,"46","8  day ahead inc hosp",2022-05-29,"quantile",0.3,2.68955914641656
2022-05-21,"46","8  day ahead inc hosp",2022-05-29,"quantile",0.35,3.99001431079262
2022-05-21,"46","8  day ahead inc hosp",2022-05-29,"quantile",0.4,5.2240190899977
2022-05-21,"46","8  day ahead inc hosp",2022-05-29,"quantile",0.45,6.41793299489958
2022-05-21,"46","8  day ahead inc hosp",2022-05-29,"quantile",0.5,7.5929178459046
2022-05-21,"46","8  day ahead inc hosp",2022-05-29,"quantile",0.55,8.76790269690962
2022-05-21,"46","8  day ahead inc hosp",2022-05-29,"quantile",0.6,9.9618166018115
2022-05-21,"46","8  day ahead inc hosp",2022-05-29,"quantile",0.65,11.1958213810166
2022-05-21,"46","8  day ahead inc hosp",2022-05-29,"quantile",0.7,12.4962765453926
2022-05-21,"46","8  day ahead inc hosp",2022-05-29,"quantile",0.75,13.8996721380782
2022-05-21,"46","8  day ahead inc hosp",2022-05-29,"quantile",0.8,15.4624196814438
2022-05-21,"46","8  day ahead inc hosp",2022-05-29,"quantile",0.85,17.2839928041849
2022-05-21,"46","8  day ahead inc hosp",2022-05-29,"quantile",0.9,19.5759477352255
2022-05-21,"46","8  day ahead inc hosp",2022-05-29,"quantile",0.95,22.9729702021602
2022-05-21,"46","8  day ahead inc hosp",2022-05-29,"quantile",0.975,25.91938058075
2022-05-21,"46","8  day ahead inc hosp",2022-05-29,"quantile",0.99,29.3452193974564
2022-05-21,"46","9  day ahead inc hosp",2022-05-30,"quantile",0.01,0
2022-05-21,"46","9  day ahead inc hosp",2022-05-30,"quantile",0.025,0
2022-05-21,"46","9  day ahead inc hosp",2022-05-30,"quantile",0.05,0
2022-05-21,"46","9  day ahead inc hosp",2022-05-30,"quantile",0.1,0
2022-05-21,"46","9  day ahead inc hosp",2022-05-30,"quantile",0.15,0
2022-05-21,"46","9  day ahead inc hosp",2022-05-30,"quantile",0.2,0
2022-05-21,"46","9  day ahead inc hosp",2022-05-30,"quantile",0.25,1.23617339814282
2022-05-21,"46","9  day ahead inc hosp",2022-05-30,"quantile",0.3,2.68852160684916
2022-05-21,"46","9  day ahead inc hosp",2022-05-30,"quantile",0.35,4.03433866536663
2022-05-21,"46","9  day ahead inc hosp",2022-05-30,"quantile",0.4,5.31138744616262
2022-05-21,"46","9  day ahead inc hosp",2022-05-30,"quantile",0.45,6.54694692074788
2022-05-21,"46","9  day ahead inc hosp",2022-05-30,"quantile",0.5,7.7629170666628
2022-05-21,"46","9  day ahead inc hosp",2022-05-30,"quantile",0.55,8.97888721257772
2022-05-21,"46","9  day ahead inc hosp",2022-05-30,"quantile",0.6,10.214446687163
2022-05-21,"46","9  day ahead inc hosp",2022-05-30,"quantile",0.65,11.491495467959
2022-05-21,"46","9  day ahead inc hosp",2022-05-30,"quantile",0.7,12.8373125264764
2022-05-21,"46","9  day ahead inc hosp",2022-05-30,"quantile",0.75,14.2896607351828
2022-05-21,"46","9  day ahead inc hosp",2022-05-30,"quantile",0.8,15.9069193378865
2022-05-21,"46","9  day ahead inc hosp",2022-05-30,"quantile",0.85,17.7920317578123
2022-05-21,"46","9  day ahead inc hosp",2022-05-30,"quantile",0.9,20.1639336334357
2022-05-21,"46","9  day ahead inc hosp",2022-05-30,"quantile",0.95,23.6794495154164
2022-05-21,"46","9  day ahead inc hosp",2022-05-30,"quantile",0.975,26.7286352601641
2022-05-21,"46","9  day ahead inc hosp",2022-05-30,"quantile",0.99,30.2739726509129
2022-05-21,"46","10  day ahead inc hosp",2022-05-31,"quantile",0.01,0
2022-05-21,"46","10  day ahead inc hosp",2022-05-31,"quantile",0.025,0
2022-05-21,"46","10  day ahead inc hosp",2022-05-31,"quantile",0.05,0
2022-05-21,"46","10  day ahead inc hosp",2022-05-31,"quantile",0.1,0
2022-05-21,"46","10  day ahead inc hosp",2022-05-31,"quantile",0.15,0
2022-05-21,"46","10  day ahead inc hosp",2022-05-31,"quantile",0.2,0.578380254082022
2022-05-21,"46","10  day ahead inc hosp",2022-05-31,"quantile",0.25,2.24837153901235
2022-05-21,"46","10  day ahead inc hosp",2022-05-31,"quantile",0.3,3.74807532613025
2022-05-21,"46","10  day ahead inc hosp",2022-05-31,"quantile",0.35,5.13777438543802
2022-05-21,"46","10  day ahead inc hosp",2022-05-31,"quantile",0.4,6.45646289375379
2022-05-21,"46","10  day ahead inc hosp",2022-05-31,"quantile",0.45,7.73230928660707
2022-05-21,"46","10  day ahead inc hosp",2022-05-31,"quantile",0.5,8.98792761692143
2022-05-21,"46","10  day ahead inc hosp",2022-05-31,"quantile",0.55,10.2435459472358
2022-05-21,"46","10  day ahead inc hosp",2022-05-31,"quantile",0.6,11.5193923400891
2022-05-21,"46","10  day ahead inc hosp",2022-05-31,"quantile",0.65,12.8380808484048
2022-05-21,"46","10  day ahead inc hosp",2022-05-31,"quantile",0.7,14.2277799077126
2022-05-21,"46","10  day ahead inc hosp",2022-05-31,"quantile",0.75,15.7274836948305
2022-05-21,"46","10  day ahead inc hosp",2022-05-31,"quantile",0.8,17.3974749797608
2022-05-21,"46","10  day ahead inc hosp",2022-05-31,"quantile",0.85,19.3440537811517
2022-05-21,"46","10  day ahead inc hosp",2022-05-31,"quantile",0.9,21.7932944000477
2022-05-21,"46","10  day ahead inc hosp",2022-05-31,"quantile",0.95,25.4234379498344
2022-05-21,"46","10  day ahead inc hosp",2022-05-31,"quantile",0.975,28.5720461015236
2022-05-21,"46","10  day ahead inc hosp",2022-05-31,"quantile",0.99,32.2329835266145
2022-05-21,"46","11  day ahead inc hosp",2022-06-01,"quantile",0.01,0
2022-05-21,"46","11  day ahead inc hosp",2022-06-01,"quantile",0.025,0
2022-05-21,"46","11  day ahead inc hosp",2022-06-01,"quantile",0.05,0
2022-05-21,"46","11  day ahead inc hosp",2022-06-01,"quantile",0.1,0
2022-05-21,"46","11  day ahead inc hosp",2022-06-01,"quantile",0.15,0
2022-05-21,"46","11  day ahead inc hosp",2022-06-01,"quantile",0.2,0
2022-05-21,"46","11  day ahead inc hosp",2022-06-01,"quantile",0.25,0.403416546189398
2022-05-21,"46","11  day ahead inc hosp",2022-06-01,"quantile",0.3,1.94902567493411
2022-05-21,"46","11  day ahead inc hosp",2022-06-01,"quantile",0.35,3.38126287452264
2022-05-21,"46","11  day ahead inc hosp",2022-06-01,"quantile",0.4,4.74031591815104
2022-05-21,"46","11  day ahead inc hosp",2022-06-01,"quantile",0.45,6.05521546605425
2022-05-21,"46","11  day ahead inc hosp",2022-06-01,"quantile",0.5,7.34926777839966
2022-05-21,"46","11  day ahead inc hosp",2022-06-01,"quantile",0.55,8.64332009074506
2022-05-21,"46","11  day ahead inc hosp",2022-06-01,"quantile",0.6,9.95821963864828
2022-05-21,"46","11  day ahead inc hosp",2022-06-01,"quantile",0.65,11.3172726822767
2022-05-21,"46","11  day ahead inc hosp",2022-06-01,"quantile",0.7,12.7495098818652
2022-05-21,"46","11  day ahead inc hosp",2022-06-01,"quantile",0.75,14.2951190106099
2022-05-21,"46","11  day ahead inc hosp",2022-06-01,"quantile",0.8,16.0162280703349
2022-05-21,"46","11  day ahead inc hosp",2022-06-01,"quantile",0.85,18.0223908813475
2022-05-21,"46","11  day ahead inc hosp",2022-06-01,"quantile",0.9,20.5466017899116
2022-05-21,"46","11  day ahead inc hosp",2022-06-01,"quantile",0.95,24.2878626024797
2022-05-21,"46","11  day ahead inc hosp",2022-06-01,"quantile",0.975,27.5328484082723
2022-05-21,"46","11  day ahead inc hosp",2022-06-01,"quantile",0.99,31.3058456845262
2022-05-21,"46","12  day ahead inc hosp",2022-06-02,"quantile",0.01,0
2022-05-21,"46","12  day ahead inc hosp",2022-06-02,"quantile",0.025,0
2022-05-21,"46","12  day ahead inc hosp",2022-06-02,"quantile",0.05,0
2022-05-21,"46","12  day ahead inc hosp",2022-06-02,"quantile",0.1,0
2022-05-21,"46","12  day ahead inc hosp",2022-06-02,"quantile",0.15,0
2022-05-21,"46","12  day ahead inc hosp",2022-06-02,"quantile",0.2,0
2022-05-21,"46","12  day ahead inc hosp",2022-06-02,"quantile",0.25,0.734708019511666
2022-05-21,"46","12  day ahead inc hosp",2022-06-02,"quantile",0.3,2.32489785365797
2022-05-21,"46","12  day ahead inc hosp",2022-06-02,"quantile",0.35,3.79844572065431
2022-05-21,"46","12  day ahead inc hosp",2022-06-02,"quantile",0.4,5.19669854787374
2022-05-21,"46","12  day ahead inc hosp",2022-06-02,"quantile",0.45,6.54952434005668
2022-05-21,"46","12  day ahead inc hosp",2022-06-02,"quantile",0.5,7.88090159040745
2022-05-21,"46","12  day ahead inc hosp",2022-06-02,"quantile",0.55,9.21227884075822
2022-05-21,"46","12  day ahead inc hosp",2022-06-02,"quantile",0.6,10.5651046329412
2022-05-21,"46","12  day ahead inc hosp",2022-06-02,"quantile",0.65,11.9633574601606
2022-05-21,"46","12  day ahead inc hosp",2022-06-02,"quantile",0.7,13.4369053271569
2022-05-21,"46","12  day ahead inc hosp",2022-06-02,"quantile",0.75,15.0270951613032
2022-05-21,"46","12  day ahead inc hosp",2022-06-02,"quantile",0.8,16.79784695057
2022-05-21,"46","12  day ahead inc hosp",2022-06-02,"quantile",0.85,18.8618744258124
2022-05-21,"46","12  day ahead inc hosp",2022-06-02,"quantile",0.9,21.458892294942
2022-05-21,"46","12  day ahead inc hosp",2022-06-02,"quantile",0.95,25.3080639906783
2022-05-21,"46","12  day ahead inc hosp",2022-06-02,"quantile",0.975,28.6466463944399
2022-05-21,"46","12  day ahead inc hosp",2022-06-02,"quantile",0.99,32.5284699430841
2022-05-21,"46","13  day ahead inc hosp",2022-06-03,"quantile",0.01,0
2022-05-21,"46","13  day ahead inc hosp",2022-06-03,"quantile",0.025,0
2022-05-21,"46","13  day ahead inc hosp",2022-06-03,"quantile",0.05,0
2022-05-21,"46","13  day ahead inc hosp",2022-06-03,"quantile",0.1,0
2022-05-21,"46","13  day ahead inc hosp",2022-06-03,"quantile",0.15,0
2022-05-21,"46","13  day ahead inc hosp",2022-06-03,"quantile",0.2,0
2022-05-21,"46","13  day ahead inc hosp",2022-06-03,"quantile",0.25,0.658889923416643
2022-05-21,"46","13  day ahead inc hosp",2022-06-03,"quantile",0.3,2.29244428075695
2022-05-21,"46","13  day ahead inc hosp",2022-06-03,"quantile",0.35,3.80617584109839
2022-05-21,"46","13  day ahead inc hosp",2022-06-03,"quantile",0.4,5.24255906373039
2022-05-21,"46","13  day ahead inc hosp",2022-06-03,"quantile",0.45,6.63227645475445
2022-05-21,"46","13  day ahead inc hosp",2022-06-03,"quantile",0.5,7.99996040158451
2022-05-21,"46","13  day ahead inc hosp",2022-06-03,"quantile",0.55,9.36764434841457
2022-05-21,"46","13  day ahead inc hosp",2022-06-03,"quantile",0.6,10.7573617394386
2022-05-21,"46","13  day ahead inc hosp",2022-06-03,"quantile",0.65,12.1937449620706
2022-05-21,"46","13  day ahead inc hosp",2022-06-03,"quantile",0.7,13.7074765224121
2022-05-21,"46","13  day ahead inc hosp",2022-06-03,"quantile",0.75,15.3410308797524
2022-05-21,"46","13  day ahead inc hosp",2022-06-03,"quantile",0.8,17.1600711219998
2022-05-21,"46","13  day ahead inc hosp",2022-06-03,"quantile",0.85,19.28038468674
2022-05-21,"46","13  day ahead inc hosp",2022-06-03,"quantile",0.9,21.9482233089664
2022-05-21,"46","13  day ahead inc hosp",2022-06-03,"quantile",0.95,25.9023620292007
2022-05-21,"46","13  day ahead inc hosp",2022-06-03,"quantile",0.975,29.3319876725644
2022-05-21,"46","13  day ahead inc hosp",2022-06-03,"quantile",0.99,33.3196686626887
2022-05-21,"46","14  day ahead inc hosp",2022-06-04,"quantile",0.01,0
2022-05-21,"46","14  day ahead inc hosp",2022-06-04,"quantile",0.025,0
2022-05-21,"46","14  day ahead inc hosp",2022-06-04,"quantile",0.05,0
2022-05-21,"46","14  day ahead inc hosp",2022-06-04,"quantile",0.1,0
2022-05-21,"46","14  day ahead inc hosp",2022-06-04,"quantile",0.15,0
2022-05-21,"46","14  day ahead inc hosp",2022-06-04,"quantile",0.2,0
2022-05-21,"46","14  day ahead inc hosp",2022-06-04,"quantile",0.25,0
2022-05-21,"46","14  day ahead inc hosp",2022-06-04,"quantile",0.3,1.52886625460737
2022-05-21,"46","14  day ahead inc hosp",2022-06-04,"quantile",0.35,3.08174202466047
2022-05-21,"46","14  day ahead inc hosp",2022-06-04,"quantile",0.4,4.55526927438822
2022-05-21,"46","14  day ahead inc hosp",2022-06-04,"quantile",0.45,5.98092394149175
2022-05-21,"46","14  day ahead inc hosp",2022-06-04,"quantile",0.5,7.38397539246627
2022-05-21,"46","14  day ahead inc hosp",2022-06-04,"quantile",0.55,8.7870268434408
2022-05-21,"46","14  day ahead inc hosp",2022-06-04,"quantile",0.6,10.2126815105443
2022-05-21,"46","14  day ahead inc hosp",2022-06-04,"quantile",0.65,11.6862087602721
2022-05-21,"46","14  day ahead inc hosp",2022-06-04,"quantile",0.7,13.2390845303252
2022-05-21,"46","14  day ahead inc hosp",2022-06-04,"quantile",0.75,14.9148816445812
2022-05-21,"46","14  day ahead inc hosp",2022-06-04,"quantile",0.8,16.7809611998627
2022-05-21,"46","14  day ahead inc hosp",2022-06-04,"quantile",0.85,18.9561048289334
2022-05-21,"46","14  day ahead inc hosp",2022-06-04,"quantile",0.9,21.6929321921237
2022-05-21,"46","14  day ahead inc hosp",2022-06-04,"quantile",0.95,25.7493226189017
2022-05-21,"46","14  day ahead inc hosp",2022-06-04,"quantile",0.975,29.2676363684881
2022-05-21,"46","14  day ahead inc hosp",2022-06-04,"quantile",0.99,33.3584364485687
2022-05-21,"46","15  day ahead inc hosp",2022-06-05,"quantile",0.01,0
2022-05-21,"46","15  day ahead inc hosp",2022-06-05,"quantile",0.025,0
2022-05-21,"46","15  day ahead inc hosp",2022-06-05,"quantile",0.05,0
2022-05-21,"46","15  day ahead inc hosp",2022-06-05,"quantile",0.1,0
2022-05-21,"46","15  day ahead inc hosp",2022-06-05,"quantile",0.15,0
2022-05-21,"46","15  day ahead inc hosp",2022-06-05,"quantile",0.2,0
2022-05-21,"46","15  day ahead inc hosp",2022-06-05,"quantile",0.25,0
2022-05-21,"46","15  day ahead inc hosp",2022-06-05,"quantile",0.3,1.23068539486212
2022-05-21,"46","15  day ahead inc hosp",2022-06-05,"quantile",0.35,2.82174261497153
2022-05-21,"46","15  day ahead inc hosp",2022-06-05,"quantile",0.4,4.33150032703057
2022-05-21,"46","15  day ahead inc hosp",2022-06-05,"quantile",0.45,5.79220838573135
2022-05-21,"46","15  day ahead inc hosp",2022-06-05,"quantile",0.5,7.22975747002267
2022-05-21,"46","15  day ahead inc hosp",2022-06-05,"quantile",0.55,8.66730655431398
2022-05-21,"46","15  day ahead inc hosp",2022-06-05,"quantile",0.6,10.1280146130148
2022-05-21,"46","15  day ahead inc hosp",2022-06-05,"quantile",0.65,11.6377723250738
2022-05-21,"46","15  day ahead inc hosp",2022-06-05,"quantile",0.7,13.2288295451832
2022-05-21,"46","15  day ahead inc hosp",2022-06-05,"quantile",0.75,14.9458304473123
2022-05-21,"46","15  day ahead inc hosp",2022-06-05,"quantile",0.8,16.8577923743296
2022-05-21,"46","15  day ahead inc hosp",2022-06-05,"quantile",0.85,19.0864175113485
2022-05-21,"46","15  day ahead inc hosp",2022-06-05,"quantile",0.9,21.890536823641
2022-05-21,"46","15  day ahead inc hosp",2022-06-05,"quantile",0.95,26.0466640558194
2022-05-21,"46","15  day ahead inc hosp",2022-06-05,"quantile",0.975,29.6514846099442
2022-05-21,"46","15  day ahead inc hosp",2022-06-05,"quantile",0.99,33.8428675453697
2022-05-21,"46","16  day ahead inc hosp",2022-06-06,"quantile",0.01,0
2022-05-21,"46","16  day ahead inc hosp",2022-06-06,"quantile",0.025,0
2022-05-21,"46","16  day ahead inc hosp",2022-06-06,"quantile",0.05,0
2022-05-21,"46","16  day ahead inc hosp",2022-06-06,"quantile",0.1,0
2022-05-21,"46","16  day ahead inc hosp",2022-06-06,"quantile",0.15,0
2022-05-21,"46","16  day ahead inc hosp",2022-06-06,"quantile",0.2,0
2022-05-21,"46","16  day ahead inc hosp",2022-06-06,"quantile",0.25,0.517256281759129
2022-05-21,"46","16  day ahead inc hosp",2022-06-06,"quantile",0.3,2.27449508956962
2022-05-21,"46","16  day ahead inc hosp",2022-06-06,"quantile",0.35,3.90283872593959
2022-05-21,"46","16  day ahead inc hosp",2022-06-06,"quantile",0.4,5.4479776007833
2022-05-21,"46","16  day ahead inc hosp",2022-06-06,"quantile",0.45,6.94291734394111
2022-05-21,"46","16  day ahead inc hosp",2022-06-06,"quantile",0.5,8.41415538226526
2022-05-21,"46","16  day ahead inc hosp",2022-06-06,"quantile",0.55,9.8853934205894
2022-05-21,"46","16  day ahead inc hosp",2022-06-06,"quantile",0.6,11.3803331637472
2022-05-21,"46","16  day ahead inc hosp",2022-06-06,"quantile",0.65,12.9254720385909
2022-05-21,"46","16  day ahead inc hosp",2022-06-06,"quantile",0.7,14.5538156749609
2022-05-21,"46","16  day ahead inc hosp",2022-06-06,"quantile",0.75,16.3110544827714
2022-05-21,"46","16  day ahead inc hosp",2022-06-06,"quantile",0.8,18.2678232259007
2022-05-21,"46","16  day ahead inc hosp",2022-06-06,"quantile",0.85,20.5486761794288
2022-05-21,"46","16  day ahead inc hosp",2022-06-06,"quantile",0.9,23.4185100107222
2022-05-21,"46","16  day ahead inc hosp",2022-06-06,"quantile",0.95,27.6720360592677
2022-05-21,"46","16  day ahead inc hosp",2022-06-06,"quantile",0.975,31.3613355611178
2022-05-21,"46","16  day ahead inc hosp",2022-06-06,"quantile",0.99,35.6509435301012
2022-05-21,"46","17  day ahead inc hosp",2022-06-07,"quantile",0.01,0
2022-05-21,"46","17  day ahead inc hosp",2022-06-07,"quantile",0.025,0
2022-05-21,"46","17  day ahead inc hosp",2022-06-07,"quantile",0.05,0
2022-05-21,"46","17  day ahead inc hosp",2022-06-07,"quantile",0.1,0
2022-05-21,"46","17  day ahead inc hosp",2022-06-07,"quantile",0.15,0
2022-05-21,"46","17  day ahead inc hosp",2022-06-07,"quantile",0.2,0
2022-05-21,"46","17  day ahead inc hosp",2022-06-07,"quantile",0.25,0
2022-05-21,"46","17  day ahead inc hosp",2022-06-07,"quantile",0.3,1.19790136322394
2022-05-21,"46","17  day ahead inc hosp",2022-06-07,"quantile",0.35,2.86269652135927
2022-05-21,"46","17  day ahead inc hosp",2022-06-07,"quantile",0.4,4.44242432575623
2022-05-21,"46","17  day ahead inc hosp",2022-06-07,"quantile",0.45,5.97082925855123
2022-05-21,"46","17  day ahead inc hosp",2022-06-07,"quantile",0.5,7.47500190857414
2022-05-21,"46","17  day ahead inc hosp",2022-06-07,"quantile",0.55,8.97917455859705
2022-05-21,"46","17  day ahead inc hosp",2022-06-07,"quantile",0.6,10.507579491392
2022-05-21,"46","17  day ahead inc hosp",2022-06-07,"quantile",0.65,12.087307295789
2022-05-21,"46","17  day ahead inc hosp",2022-06-07,"quantile",0.7,13.7521024539243
2022-05-21,"46","17  day ahead inc hosp",2022-06-07,"quantile",0.75,15.5486781849856
2022-05-21,"46","17  day ahead inc hosp",2022-06-07,"quantile",0.8,17.5492504575646
2022-05-21,"46","17  day ahead inc hosp",2022-06-07,"quantile",0.85,19.8811617744641
2022-05-21,"46","17  day ahead inc hosp",2022-06-07,"quantile",0.9,22.8152386856749
2022-05-21,"46","17  day ahead inc hosp",2022-06-07,"quantile",0.95,27.1639826562087
2022-05-21,"46","17  day ahead inc hosp",2022-06-07,"quantile",0.975,30.9358695051562
2022-05-21,"46","17  day ahead inc hosp",2022-06-07,"quantile",0.99,35.3215031131717
2022-05-21,"46","18  day ahead inc hosp",2022-06-08,"quantile",0.01,0
2022-05-21,"46","18  day ahead inc hosp",2022-06-08,"quantile",0.025,0
2022-05-21,"46","18  day ahead inc hosp",2022-06-08,"quantile",0.05,0
2022-05-21,"46","18  day ahead inc hosp",2022-06-08,"quantile",0.1,0
2022-05-21,"46","18  day ahead inc hosp",2022-06-08,"quantile",0.15,0
2022-05-21,"46","18  day ahead inc hosp",2022-06-08,"quantile",0.2,0
2022-05-21,"46","18  day ahead inc hosp",2022-06-08,"quantile",0.25,0
2022-05-21,"46","18  day ahead inc hosp",2022-06-08,"quantile",0.3,1.20927538052875
2022-05-21,"46","18  day ahead inc hosp",2022-06-08,"quantile",0.35,2.90974085768349
2022-05-21,"46","18  day ahead inc hosp",2022-06-08,"quantile",0.4,4.52331630662177
2022-05-21,"46","18  day ahead inc hosp",2022-06-08,"quantile",0.45,6.0844692272261
2022-05-21,"46","18  day ahead inc hosp",2022-06-08,"quantile",0.5,7.62087065808394
2022-05-21,"46","18  day ahead inc hosp",2022-06-08,"quantile",0.55,9.15727208894178
2022-05-21,"46","18  day ahead inc hosp",2022-06-08,"quantile",0.6,10.7184250095461
2022-05-21,"46","18  day ahead inc hosp",2022-06-08,"quantile",0.65,12.3320004584844
2022-05-21,"46","18  day ahead inc hosp",2022-06-08,"quantile",0.7,14.0324659356391
2022-05-21,"46","18  day ahead inc hosp",2022-06-08,"quantile",0.75,15.86753554936
2022-05-21,"46","18  day ahead inc hosp",2022-06-08,"quantile",0.8,17.9109725857122
2022-05-21,"46","18  day ahead inc hosp",2022-06-08,"quantile",0.85,20.2928480199341
2022-05-21,"46","18  day ahead inc hosp",2022-06-08,"quantile",0.9,23.2897911996699
2022-05-21,"46","18  day ahead inc hosp",2022-06-08,"quantile",0.95,27.7317124503061
2022-05-21,"46","18  day ahead inc hosp",2022-06-08,"quantile",0.975,31.5844166938439
2022-05-21,"46","18  day ahead inc hosp",2022-06-08,"quantile",0.99,36.0640179885959
2022-05-21,"46","19  day ahead inc hosp",2022-06-09,"quantile",0.01,0
2022-05-21,"46","19  day ahead inc hosp",2022-06-09,"quantile",0.025,0
2022-05-21,"46","19  day ahead inc hosp",2022-06-09,"quantile",0.05,0
2022-05-21,"46","19  day ahead inc hosp",2022-06-09,"quantile",0.1,0
2022-05-21,"46","19  day ahead inc hosp",2022-06-09,"quantile",0.15,0
2022-05-21,"46","19  day ahead inc hosp",2022-06-09,"quantile",0.2,0
2022-05-21,"46","19  day ahead inc hosp",2022-06-09,"quantile",0.25,0
2022-05-21,"46","19  day ahead inc hosp",2022-06-09,"quantile",0.3,1.86273328296556
2022-05-21,"46","19  day ahead inc hosp",2022-06-09,"quantile",0.35,3.59813604873475
2022-05-21,"46","19  day ahead inc hosp",2022-06-09,"quantile",0.4,5.24486356804325
2022-05-21,"46","19  day ahead inc hosp",2022-06-09,"quantile",0.45,6.83809150039655
2022-05-21,"46","19  day ahead inc hosp",2022-06-09,"quantile",0.5,8.40605940581014
2022-05-21,"46","19  day ahead inc hosp",2022-06-09,"quantile",0.55,9.97402731122373
2022-05-21,"46","19  day ahead inc hosp",2022-06-09,"quantile",0.6,11.567255243577
2022-05-21,"46","19  day ahead inc hosp",2022-06-09,"quantile",0.65,13.2139827628855
2022-05-21,"46","19  day ahead inc hosp",2022-06-09,"quantile",0.7,14.9493855286547
2022-05-21,"46","19  day ahead inc hosp",2022-06-09,"quantile",0.75,16.822157969974
2022-05-21,"46","19  day ahead inc hosp",2022-06-09,"quantile",0.8,18.9075788927759
2022-05-21,"46","19  day ahead inc hosp",2022-06-09,"quantile",0.85,21.3383916742166
2022-05-21,"46","19  day ahead inc hosp",2022-06-09,"quantile",0.9,24.3969092112317
2022-05-21,"46","19  day ahead inc hosp",2022-06-09,"quantile",0.95,28.9300929348914
2022-05-21,"46","19  day ahead inc hosp",2022-06-09,"quantile",0.975,32.8619537634413
2022-05-21,"46","19  day ahead inc hosp",2022-06-09,"quantile",0.99,37.4335916948761
2022-05-21,"46","20  day ahead inc hosp",2022-06-10,"quantile",0.01,0
2022-05-21,"46","20  day ahead inc hosp",2022-06-10,"quantile",0.025,0
2022-05-21,"46","20  day ahead inc hosp",2022-06-10,"quantile",0.05,0
2022-05-21,"46","20  day ahead inc hosp",2022-06-10,"quantile",0.1,0
2022-05-21,"46","20  day ahead inc hosp",2022-06-10,"quantile",0.15,0
2022-05-21,"46","20  day ahead inc hosp",2022-06-10,"quantile",0.2,0
2022-05-21,"46","20  day ahead inc hosp",2022-06-10,"quantile",0.25,0
2022-05-21,"46","20  day ahead inc hosp",2022-06-10,"quantile",0.3,0.949699959321824
2022-05-21,"46","20  day ahead inc hosp",2022-06-10,"quantile",0.35,2.71935039934767
2022-05-21,"46","20  day ahead inc hosp",2022-06-10,"quantile",0.4,4.39857561243835
2022-05-21,"46","20  day ahead inc hosp",2022-06-10,"quantile",0.45,6.02324543961866
2022-05-21,"46","20  day ahead inc hosp",2022-06-10,"quantile",0.5,7.62215674049565
2022-05-21,"46","20  day ahead inc hosp",2022-06-10,"quantile",0.55,9.22106804137264
2022-05-21,"46","20  day ahead inc hosp",2022-06-10,"quantile",0.6,10.845737868553
2022-05-21,"46","20  day ahead inc hosp",2022-06-10,"quantile",0.65,12.5249630816436
2022-05-21,"46","20  day ahead inc hosp",2022-06-10,"quantile",0.7,14.2946135216695
2022-05-21,"46","20  day ahead inc hosp",2022-06-10,"quantile",0.75,16.2043445882671
2022-05-21,"46","20  day ahead inc hosp",2022-06-10,"quantile",0.8,18.3309206929443
2022-05-21,"46","20  day ahead inc hosp",2022-06-10,"quantile",0.85,20.8097048652112
2022-05-21,"46","20  day ahead inc hosp",2022-06-10,"quantile",0.9,23.928581365795
2022-05-21,"46","20  day ahead inc hosp",2022-06-10,"quantile",0.95,28.5512261659124
2022-05-21,"46","20  day ahead inc hosp",2022-06-10,"quantile",0.975,32.5606811366032
2022-05-21,"46","20  day ahead inc hosp",2022-06-10,"quantile",0.99,37.2225390272217
2022-05-21,"46","21  day ahead inc hosp",2022-06-11,"quantile",0.01,0
2022-05-21,"46","21  day ahead inc hosp",2022-06-11,"quantile",0.025,0
2022-05-21,"46","21  day ahead inc hosp",2022-06-11,"quantile",0.05,0
2022-05-21,"46","21  day ahead inc hosp",2022-06-11,"quantile",0.1,0
2022-05-21,"46","21  day ahead inc hosp",2022-06-11,"quantile",0.15,0
2022-05-21,"46","21  day ahead inc hosp",2022-06-11,"quantile",0.2,0
2022-05-21,"46","21  day ahead inc hosp",2022-06-11,"quantile",0.25,0
2022-05-21,"46","21  day ahead inc hosp",2022-06-11,"quantile",0.3,0.55623696985502
2022-05-21,"46","21  day ahead inc hosp",2022-06-11,"quantile",0.35,2.35948476212538
2022-05-21,"46","21  day ahead inc hosp",2022-06-11,"quantile",0.4,4.07059057700388
2022-05-21,"46","21  day ahead inc hosp",2022-06-11,"quantile",0.45,5.72610525536509
2022-05-21,"46","21  day ahead inc hosp",2022-06-11,"quantile",0.5,7.35537237396082
2022-05-21,"46","21  day ahead inc hosp",2022-06-11,"quantile",0.55,8.98463949255655
2022-05-21,"46","21  day ahead inc hosp",2022-06-11,"quantile",0.6,10.6401541709178
2022-05-21,"46","21  day ahead inc hosp",2022-06-11,"quantile",0.65,12.3512599857962
2022-05-21,"46","21  day ahead inc hosp",2022-06-11,"quantile",0.7,14.1545077780666
2022-05-21,"46","21  day ahead inc hosp",2022-06-11,"quantile",0.75,16.1004956702416
2022-05-21,"46","21  day ahead inc hosp",2022-06-11,"quantile",0.8,18.2674454695466
2022-05-21,"46","21  day ahead inc hosp",2022-06-11,"quantile",0.85,20.7932901138085
2022-05-21,"46","21  day ahead inc hosp",2022-06-11,"quantile",0.9,23.9713794340697
2022-05-21,"46","21  day ahead inc hosp",2022-06-11,"quantile",0.95,28.6817865527433
2022-05-21,"46","21  day ahead inc hosp",2022-06-11,"quantile",0.975,32.7673622464379
2022-05-21,"46","21  day ahead inc hosp",2022-06-11,"quantile",0.99,37.5177269280715
2022-05-21,"46","22  day ahead inc hosp",2022-06-12,"quantile",0.01,0
2022-05-21,"46","22  day ahead inc hosp",2022-06-12,"quantile",0.025,0
2022-05-21,"46","22  day ahead inc hosp",2022-06-12,"quantile",0.05,0
2022-05-21,"46","22  day ahead inc hosp",2022-06-12,"quantile",0.1,0
2022-05-21,"46","22  day ahead inc hosp",2022-06-12,"quantile",0.15,0
2022-05-21,"46","22  day ahead inc hosp",2022-06-12,"quantile",0.2,0
2022-05-21,"46","22  day ahead inc hosp",2022-06-12,"quantile",0.25,1.03263584556527
2022-05-21,"46","22  day ahead inc hosp",2022-06-12,"quantile",0.3,3.05417121117408
2022-05-21,"46","22  day ahead inc hosp",2022-06-12,"quantile",0.35,4.92742499640515
2022-05-21,"46","22  day ahead inc hosp",2022-06-12,"quantile",0.4,6.70495965270238
2022-05-21,"46","22  day ahead inc hosp",2022-06-12,"quantile",0.45,8.42474500391094
2022-05-21,"46","22  day ahead inc hosp",2022-06-12,"quantile",0.5,10.1172638081177
2022-05-21,"46","22  day ahead inc hosp",2022-06-12,"quantile",0.55,11.8097826123245
2022-05-21,"46","22  day ahead inc hosp",2022-06-12,"quantile",0.6,13.5295679635331
2022-05-21,"46","22  day ahead inc hosp",2022-06-12,"quantile",0.65,15.3071026198303
2022-05-21,"46","22  day ahead inc hosp",2022-06-12,"quantile",0.7,17.1803564050614
2022-05-21,"46","22  day ahead inc hosp",2022-06-12,"quantile",0.75,19.2018917706702
2022-05-21,"46","22  day ahead inc hosp",2022-06-12,"quantile",0.8,21.4529672642068
2022-05-21,"46","22  day ahead inc hosp",2022-06-12,"quantile",0.85,24.0768706795062
2022-05-21,"46","22  day ahead inc hosp",2022-06-12,"quantile",0.9,27.3783403247213
2022-05-21,"46","22  day ahead inc hosp",2022-06-12,"quantile",0.95,32.2716156709372
2022-05-21,"46","22  day ahead inc hosp",2022-06-12,"quantile",0.975,36.5158022801583
2022-05-21,"46","22  day ahead inc hosp",2022-06-12,"quantile",0.99,41.4505864286498
2022-05-21,"46","23  day ahead inc hosp",2022-06-13,"quantile",0.01,0
2022-05-21,"46","23  day ahead inc hosp",2022-06-13,"quantile",0.025,0
2022-05-21,"46","23  day ahead inc hosp",2022-06-13,"quantile",0.05,0
2022-05-21,"46","23  day ahead inc hosp",2022-06-13,"quantile",0.1,0
2022-05-21,"46","23  day ahead inc hosp",2022-06-13,"quantile",0.15,0
2022-05-21,"46","23  day ahead inc hosp",2022-06-13,"quantile",0.2,0
2022-05-21,"46","23  day ahead inc hosp",2022-06-13,"quantile",0.25,0.565213878526269
2022-05-21,"46","23  day ahead inc hosp",2022-06-13,"quantile",0.3,2.63388678066309
2022-05-21,"46","23  day ahead inc hosp",2022-06-13,"quantile",0.35,4.55082051838461
2022-05-21,"46","23  day ahead inc hosp",2022-06-13,"quantile",0.4,6.36980317812341
2022-05-21,"46","23  day ahead inc hosp",2022-06-13,"quantile",0.45,8.12968995233551
2022-05-21,"46","23  day ahead inc hosp",2022-06-13,"quantile",0.5,9.86167438663461
2022-05-21,"46","23  day ahead inc hosp",2022-06-13,"quantile",0.55,11.5936588209337
2022-05-21,"46","23  day ahead inc hosp",2022-06-13,"quantile",0.6,13.3535455951458
2022-05-21,"46","23  day ahead inc hosp",2022-06-13,"quantile",0.65,15.1725282548846
2022-05-21,"46","23  day ahead inc hosp",2022-06-13,"quantile",0.7,17.0894619926061
2022-05-21,"46","23  day ahead inc hosp",2022-06-13,"quantile",0.75,19.158134894743
2022-05-21,"46","23  day ahead inc hosp",2022-06-13,"quantile",0.8,21.461700270529
2022-05-21,"46","23  day ahead inc hosp",2022-06-13,"quantile",0.85,24.1467870542665
2022-05-21,"46","23  day ahead inc hosp",2022-06-13,"quantile",0.9,27.5252393477423
2022-05-21,"46","23  day ahead inc hosp",2022-06-13,"quantile",0.95,32.5326145753147
2022-05-21,"46","23  day ahead inc hosp",2022-06-13,"quantile",0.975,36.8757658154433
2022-05-21,"46","23  day ahead inc hosp",2022-06-13,"quantile",0.99,41.9256177347067
2022-05-21,"46","24  day ahead inc hosp",2022-06-14,"quantile",0.01,0
2022-05-21,"46","24  day ahead inc hosp",2022-06-14,"quantile",0.025,0
2022-05-21,"46","24  day ahead inc hosp",2022-06-14,"quantile",0.05,0
2022-05-21,"46","24  day ahead inc hosp",2022-06-14,"quantile",0.1,0
2022-05-21,"46","24  day ahead inc hosp",2022-06-14,"quantile",0.15,0
2022-05-21,"46","24  day ahead inc hosp",2022-06-14,"quantile",0.2,0
2022-05-21,"46","24  day ahead inc hosp",2022-06-14,"quantile",0.25,0.155175171748768
2022-05-21,"46","24  day ahead inc hosp",2022-06-14,"quantile",0.3,2.26993518594971
2022-05-21,"46","24  day ahead inc hosp",2022-06-14,"quantile",0.35,4.22957550135135
2022-05-21,"46","24  day ahead inc hosp",2022-06-14,"quantile",0.4,6.08908252702325
2022-05-21,"46","24  day ahead inc hosp",2022-06-14,"quantile",0.45,7.8881770942603
2022-05-21,"46","24  day ahead inc hosp",2022-06-14,"quantile",0.5,9.65874769683879
2022-05-21,"46","24  day ahead inc hosp",2022-06-14,"quantile",0.55,11.4293182994173
2022-05-21,"46","24  day ahead inc hosp",2022-06-14,"quantile",0.6,13.2284128666543
2022-05-21,"46","24  day ahead inc hosp",2022-06-14,"quantile",0.65,15.0879198923262
2022-05-21,"46","24  day ahead inc hosp",2022-06-14,"quantile",0.7,17.0475602077279
2022-05-21,"46","24  day ahead inc hosp",2022-06-14,"quantile",0.75,19.1623202219288
2022-05-21,"46","24  day ahead inc hosp",2022-06-14,"quantile",0.8,21.5172057825112
2022-05-21,"46","24  day ahead inc hosp",2022-06-14,"quantile",0.85,24.2621125094481
2022-05-21,"46","24  day ahead inc hosp",2022-06-14,"quantile",0.9,27.7158319509066
2022-05-21,"46","24  day ahead inc hosp",2022-06-14,"quantile",0.95,32.8347644300008
2022-05-21,"46","24  day ahead inc hosp",2022-06-14,"quantile",0.975,37.2746749488479
2022-05-21,"46","24  day ahead inc hosp",2022-06-14,"quantile",0.99,42.4370304403629
2022-05-21,"46","25  day ahead inc hosp",2022-06-15,"quantile",0.01,0
2022-05-21,"46","25  day ahead inc hosp",2022-06-15,"quantile",0.025,0
2022-05-21,"46","25  day ahead inc hosp",2022-06-15,"quantile",0.05,0
2022-05-21,"46","25  day ahead inc hosp",2022-06-15,"quantile",0.1,0
2022-05-21,"46","25  day ahead inc hosp",2022-06-15,"quantile",0.15,0
2022-05-21,"46","25  day ahead inc hosp",2022-06-15,"quantile",0.2,0
2022-05-21,"46","25  day ahead inc hosp",2022-06-15,"quantile",0.25,0.232312573586444
2022-05-21,"46","25  day ahead inc hosp",2022-06-15,"quantile",0.3,2.39217651821147
2022-05-21,"46","25  day ahead inc hosp",2022-06-15,"quantile",0.35,4.39361234698039
2022-05-21,"46","25  day ahead inc hosp",2022-06-15,"quantile",0.4,6.29277922764566
2022-05-21,"46","25  day ahead inc hosp",2022-06-15,"quantile",0.45,8.13024516356856
2022-05-21,"46","25  day ahead inc hosp",2022-06-15,"quantile",0.5,9.93857877127924
2022-05-21,"46","25  day ahead inc hosp",2022-06-15,"quantile",0.55,11.7469123789899
2022-05-21,"46","25  day ahead inc hosp",2022-06-15,"quantile",0.6,13.5843783149128
2022-05-21,"46","25  day ahead inc hosp",2022-06-15,"quantile",0.65,15.4835451955781
2022-05-21,"46","25  day ahead inc hosp",2022-06-15,"quantile",0.7,17.484981024347
2022-05-21,"46","25  day ahead inc hosp",2022-06-15,"quantile",0.75,19.644844968972
2022-05-21,"46","25  day ahead inc hosp",2022-06-15,"quantile",0.8,22.0499558949709
2022-05-21,"46","25  day ahead inc hosp",2022-06-15,"quantile",0.85,24.8534064194077
2022-05-21,"46","25  day ahead inc hosp",2022-06-15,"quantile",0.9,28.3807873261604
2022-05-21,"46","25  day ahead inc hosp",2022-06-15,"quantile",0.95,33.6088971931532
2022-05-21,"46","25  day ahead inc hosp",2022-06-15,"quantile",0.975,38.143502813944
2022-05-21,"46","25  day ahead inc hosp",2022-06-15,"quantile",0.99,43.4159618261186
2022-05-21,"46","26  day ahead inc hosp",2022-06-16,"quantile",0.01,0
2022-05-21,"46","26  day ahead inc hosp",2022-06-16,"quantile",0.025,0
2022-05-21,"46","26  day ahead inc hosp",2022-06-16,"quantile",0.05,0
2022-05-21,"46","26  day ahead inc hosp",2022-06-16,"quantile",0.1,0
2022-05-21,"46","26  day ahead inc hosp",2022-06-16,"quantile",0.15,0
2022-05-21,"46","26  day ahead inc hosp",2022-06-16,"quantile",0.2,0
2022-05-21,"46","26  day ahead inc hosp",2022-06-16,"quantile",0.25,0
2022-05-21,"46","26  day ahead inc hosp",2022-06-16,"quantile",0.3,2.04533289004637
2022-05-21,"46","26  day ahead inc hosp",2022-06-16,"quantile",0.35,4.08770910113294
2022-05-21,"46","26  day ahead inc hosp",2022-06-16,"quantile",0.4,6.02572440104896
2022-05-21,"46","26  day ahead inc hosp",2022-06-16,"quantile",0.45,7.90077663218606
2022-05-21,"46","26  day ahead inc hosp",2022-06-16,"quantile",0.5,9.74610061860056
2022-05-21,"46","26  day ahead inc hosp",2022-06-16,"quantile",0.55,11.5914246050151
2022-05-21,"46","26  day ahead inc hosp",2022-06-16,"quantile",0.6,13.4664768361522
2022-05-21,"46","26  day ahead inc hosp",2022-06-16,"quantile",0.65,15.4044921360682
2022-05-21,"46","26  day ahead inc hosp",2022-06-16,"quantile",0.7,17.4468683471547
2022-05-21,"46","26  day ahead inc hosp",2022-06-16,"quantile",0.75,19.6509134013492
2022-05-21,"46","26  day ahead inc hosp",2022-06-16,"quantile",0.8,22.1052220879814
2022-05-21,"46","26  day ahead inc hosp",2022-06-16,"quantile",0.85,24.9660186110404
2022-05-21,"46","26  day ahead inc hosp",2022-06-16,"quantile",0.9,28.5655538785909
2022-05-21,"46","26  day ahead inc hosp",2022-06-16,"quantile",0.95,33.9006073775887
2022-05-21,"46","26  day ahead inc hosp",2022-06-16,"quantile",0.975,38.5279706502145
2022-05-21,"46","26  day ahead inc hosp",2022-06-16,"quantile",0.99,43.908280478593
2022-05-21,"46","27  day ahead inc hosp",2022-06-17,"quantile",0.01,0
2022-05-21,"46","27  day ahead inc hosp",2022-06-17,"quantile",0.025,0
2022-05-21,"46","27  day ahead inc hosp",2022-06-17,"quantile",0.05,0
2022-05-21,"46","27  day ahead inc hosp",2022-06-17,"quantile",0.1,0
2022-05-21,"46","27  day ahead inc hosp",2022-06-17,"quantile",0.15,0
2022-05-21,"46","27  day ahead inc hosp",2022-06-17,"quantile",0.2,0
2022-05-21,"46","27  day ahead inc hosp",2022-06-17,"quantile",0.25,0
2022-05-21,"46","27  day ahead inc hosp",2022-06-17,"quantile",0.3,2.19207552774815
2022-05-21,"46","27  day ahead inc hosp",2022-06-17,"quantile",0.35,4.27458742412349
2022-05-21,"46","27  day ahead inc hosp",2022-06-17,"quantile",0.4,6.25068756450133
2022-05-21,"46","27  day ahead inc hosp",2022-06-17,"quantile",0.45,8.1625873195375
2022-05-21,"46","27  day ahead inc hosp",2022-06-17,"quantile",0.5,10.0441746262808
2022-05-21,"46","27  day ahead inc hosp",2022-06-17,"quantile",0.55,11.9257619330241
2022-05-21,"46","27  day ahead inc hosp",2022-06-17,"quantile",0.6,13.8376616880603
2022-05-21,"46","27  day ahead inc hosp",2022-06-17,"quantile",0.65,15.8137618284381
2022-05-21,"46","27  day ahead inc hosp",2022-06-17,"quantile",0.7,17.8962737248134
2022-05-21,"46","27  day ahead inc hosp",2022-06-17,"quantile",0.75,20.1436314939608
2022-05-21,"46","27  day ahead inc hosp",2022-06-17,"quantile",0.8,22.6461709426404
2022-05-21,"46","27  day ahead inc hosp",2022-06-17,"quantile",0.85,25.5631863093686
2022-05-21,"46","27  day ahead inc hosp",2022-06-17,"quantile",0.9,29.2334577194084
2022-05-21,"46","27  day ahead inc hosp",2022-06-17,"quantile",0.95,34.6733528372382
2022-05-21,"46","27  day ahead inc hosp",2022-06-17,"quantile",0.975,39.3916505787531
2022-05-21,"46","27  day ahead inc hosp",2022-06-17,"quantile",0.99,44.8776913791513
2022-05-21,"46","28  day ahead inc hosp",2022-06-18,"quantile",0.01,0
2022-05-21,"46","28  day ahead inc hosp",2022-06-18,"quantile",0.025,0
2022-05-21,"46","28  day ahead inc hosp",2022-06-18,"quantile",0.05,0
2022-05-21,"46","28  day ahead inc hosp",2022-06-18,"quantile",0.1,0
2022-05-21,"46","28  day ahead inc hosp",2022-06-18,"quantile",0.15,0
2022-05-21,"46","28  day ahead inc hosp",2022-06-18,"quantile",0.2,0
2022-05-21,"46","28  day ahead inc hosp",2022-06-18,"quantile",0.25,0
2022-05-21,"46","28  day ahead inc hosp",2022-06-18,"quantile",0.3,1.53806919483149
2022-05-21,"46","28  day ahead inc hosp",2022-06-18,"quantile",0.35,3.65995774267685
2022-05-21,"46","28  day ahead inc hosp",2022-06-18,"quantile",0.4,5.67342247464858
2022-05-21,"46","28  day ahead inc hosp",2022-06-18,"quantile",0.45,7.62147290446875
2022-05-21,"46","28  day ahead inc hosp",2022-06-18,"quantile",0.5,9.5386377307052
2022-05-21,"46","28  day ahead inc hosp",2022-06-18,"quantile",0.55,11.4558025569417
2022-05-21,"46","28  day ahead inc hosp",2022-06-18,"quantile",0.6,13.4038529867618
2022-05-21,"46","28  day ahead inc hosp",2022-06-18,"quantile",0.65,15.4173177187336
2022-05-21,"46","28  day ahead inc hosp",2022-06-18,"quantile",0.7,17.5392062665789
2022-05-21,"46","28  day ahead inc hosp",2022-06-18,"quantile",0.75,19.8290576338461
2022-05-21,"46","28  day ahead inc hosp",2022-06-18,"quantile",0.8,22.3789157191356
2022-05-21,"46","28  day ahead inc hosp",2022-06-18,"quantile",0.85,25.3510867359363
2022-05-21,"46","28  day ahead inc hosp",2022-06-18,"quantile",0.9,29.0907565481486
2022-05-21,"46","28  day ahead inc hosp",2022-06-18,"quantile",0.95,34.6335105521442
2022-05-21,"46","28  day ahead inc hosp",2022-06-18,"quantile",0.975,39.441023037653
2022-05-21,"46","28  day ahead inc hosp",2022-06-18,"quantile",0.99,45.0307952582287
2022-05-21,"46","29  day ahead inc hosp",2022-06-19,"quantile",0.01,0
2022-05-21,"46","29  day ahead inc hosp",2022-06-19,"quantile",0.025,0
2022-05-21,"46","29  day ahead inc hosp",2022-06-19,"quantile",0.05,0
2022-05-21,"46","29  day ahead inc hosp",2022-06-19,"quantile",0.1,0
2022-05-21,"46","29  day ahead inc hosp",2022-06-19,"quantile",0.15,0
2022-05-21,"46","29  day ahead inc hosp",2022-06-19,"quantile",0.2,0
2022-05-21,"46","29  day ahead inc hosp",2022-06-19,"quantile",0.25,0.608359169434911
2022-05-21,"46","29  day ahead inc hosp",2022-06-19,"quantile",0.3,2.93992980439393
2022-05-21,"46","29  day ahead inc hosp",2022-06-19,"quantile",0.35,5.10047747116959
2022-05-21,"46","29  day ahead inc hosp",2022-06-19,"quantile",0.4,7.1506259265227
2022-05-21,"46","29  day ahead inc hosp",2022-06-19,"quantile",0.45,9.13416828325161
2022-05-21,"46","29  day ahead inc hosp",2022-06-19,"quantile",0.5,11.0862623253047
2022-05-21,"46","29  day ahead inc hosp",2022-06-19,"quantile",0.55,13.0383563673577
2022-05-21,"46","29  day ahead inc hosp",2022-06-19,"quantile",0.6,15.0218987240866
2022-05-21,"46","29  day ahead inc hosp",2022-06-19,"quantile",0.65,17.0720471794397
2022-05-21,"46","29  day ahead inc hosp",2022-06-19,"quantile",0.7,19.2325948462154
2022-05-21,"46","29  day ahead inc hosp",2022-06-19,"quantile",0.75,21.5641654811744
2022-05-21,"46","29  day ahead inc hosp",2022-06-19,"quantile",0.8,24.1604799494228
2022-05-21,"46","29  day ahead inc hosp",2022-06-19,"quantile",0.85,27.1868015543571
2022-05-21,"46","29  day ahead inc hosp",2022-06-19,"quantile",0.9,30.9946051713241
2022-05-21,"46","29  day ahead inc hosp",2022-06-19,"quantile",0.95,36.6383437376143
2022-05-21,"46","29  day ahead inc hosp",2022-06-19,"quantile",0.975,41.533445270684
2022-05-21,"46","29  day ahead inc hosp",2022-06-19,"quantile",0.99,47.2250586880029
2022-05-21,"46","30  day ahead inc hosp",2022-06-20,"quantile",0.01,0
2022-05-21,"46","30  day ahead inc hosp",2022-06-20,"quantile",0.025,0
2022-05-21,"46","30  day ahead inc hosp",2022-06-20,"quantile",0.05,0
2022-05-21,"46","30  day ahead inc hosp",2022-06-20,"quantile",0.1,0
2022-05-21,"46","30  day ahead inc hosp",2022-06-20,"quantile",0.15,0
2022-05-21,"46","30  day ahead inc hosp",2022-06-20,"quantile",0.2,0
2022-05-21,"46","30  day ahead inc hosp",2022-06-20,"quantile",0.25,0.754224229535076
2022-05-21,"46","30  day ahead inc hosp",2022-06-20,"quantile",0.3,3.12678064981916
2022-05-21,"46","30  day ahead inc hosp",2022-06-20,"quantile",0.35,5.32530775480154
2022-05-21,"46","30  day ahead inc hosp",2022-06-20,"quantile",0.4,7.41149498299546
2022-05-21,"46","30  day ahead inc hosp",2022-06-20,"quantile",0.45,9.42990526952119
2022-05-21,"46","30  day ahead inc hosp",2022-06-20,"quantile",0.5,11.4163144235174
2022-05-21,"46","30  day ahead inc hosp",2022-06-20,"quantile",0.55,13.4027235775135
2022-05-21,"46","30  day ahead inc hosp",2022-06-20,"quantile",0.6,15.4211338640393
2022-05-21,"46","30  day ahead inc hosp",2022-06-20,"quantile",0.65,17.5073210922332
2022-05-21,"46","30  day ahead inc hosp",2022-06-20,"quantile",0.7,19.7058481972156
2022-05-21,"46","30  day ahead inc hosp",2022-06-20,"quantile",0.75,22.0784046174997
2022-05-21,"46","30  day ahead inc hosp",2022-06-20,"quantile",0.8,24.7203587013086
2022-05-21,"46","30  day ahead inc hosp",2022-06-20,"quantile",0.85,27.7998788522208
2022-05-21,"46","30  day ahead inc hosp",2022-06-20,"quantile",0.9,31.674618387519
2022-05-21,"46","30  day ahead inc hosp",2022-06-20,"quantile",0.95,37.4175660679747
2022-05-21,"46","30  day ahead inc hosp",2022-06-20,"quantile",0.975,42.3987167121331
2022-05-21,"46","30  day ahead inc hosp",2022-06-20,"quantile",0.99,48.1903808172493
2022-05-21,"46","31  day ahead inc hosp",2022-06-21,"quantile",0.01,0
2022-05-21,"46","31  day ahead inc hosp",2022-06-21,"quantile",0.025,0
2022-05-21,"46","31  day ahead inc hosp",2022-06-21,"quantile",0.05,0
2022-05-21,"46","31  day ahead inc hosp",2022-06-21,"quantile",0.1,0
2022-05-21,"46","31  day ahead inc hosp",2022-06-21,"quantile",0.15,0
2022-05-21,"46","31  day ahead inc hosp",2022-06-21,"quantile",0.2,0
2022-05-21,"46","31  day ahead inc hosp",2022-06-21,"quantile",0.25,1.10929892797742
2022-05-21,"46","31  day ahead inc hosp",2022-06-21,"quantile",0.3,3.52214502938117
2022-05-21,"46","31  day ahead inc hosp",2022-06-21,"quantile",0.35,5.75800652828369
2022-05-21,"46","31  day ahead inc hosp",2022-06-21,"quantile",0.4,7.8796204453695
2022-05-21,"46","31  day ahead inc hosp",2022-06-21,"quantile",0.45,9.93230646338785
2022-05-21,"46","31  day ahead inc hosp",2022-06-21,"quantile",0.5,11.9524479201033
2022-05-21,"46","31  day ahead inc hosp",2022-06-21,"quantile",0.55,13.9725893768188
2022-05-21,"46","31  day ahead inc hosp",2022-06-21,"quantile",0.6,16.0252753948372
2022-05-21,"46","31  day ahead inc hosp",2022-06-21,"quantile",0.65,18.146889311923
2022-05-21,"46","31  day ahead inc hosp",2022-06-21,"quantile",0.7,20.3827508108255
2022-05-21,"46","31  day ahead inc hosp",2022-06-21,"quantile",0.75,22.7955969122293
2022-05-21,"46","31  day ahead inc hosp",2022-06-21,"quantile",0.8,25.482415466556
2022-05-21,"46","31  day ahead inc hosp",2022-06-21,"quantile",0.85,28.6142306372286
2022-05-21,"46","31  day ahead inc hosp",2022-06-21,"quantile",0.9,32.5547692485632
2022-05-21,"46","31  day ahead inc hosp",2022-06-21,"quantile",0.95,38.3952410716502
2022-05-21,"46","31  day ahead inc hosp",2022-06-21,"quantile",0.975,43.4609793653778
2022-05-21,"46","31  day ahead inc hosp",2022-06-21,"quantile",0.99,49.3509948934369
2022-05-21,"46","32  day ahead inc hosp",2022-06-22,"quantile",0.01,0
2022-05-21,"46","32  day ahead inc hosp",2022-06-22,"quantile",0.025,0
2022-05-21,"46","32  day ahead inc hosp",2022-06-22,"quantile",0.05,0
2022-05-21,"46","32  day ahead inc hosp",2022-06-22,"quantile",0.1,0
2022-05-21,"46","32  day ahead inc hosp",2022-06-22,"quantile",0.15,0
2022-05-21,"46","32  day ahead inc hosp",2022-06-22,"quantile",0.2,0
2022-05-21,"46","32  day ahead inc hosp",2022-06-22,"quantile",0.25,0.152946486021785
2022-05-21,"46","32  day ahead inc hosp",2022-06-22,"quantile",0.3,2.60542047175277
2022-05-21,"46","32  day ahead inc hosp",2022-06-22,"quantile",0.35,4.87800311121984
2022-05-21,"46","32  day ahead inc hosp",2022-06-22,"quantile",0.4,7.03446179973323
2022-05-21,"46","32  day ahead inc hosp",2022-06-22,"quantile",0.45,9.12086053736302
2022-05-21,"46","32  day ahead inc hosp",2022-06-22,"quantile",0.5,11.1741802112573
2022-05-21,"46","32  day ahead inc hosp",2022-06-22,"quantile",0.55,13.2274998851516
2022-05-21,"46","32  day ahead inc hosp",2022-06-22,"quantile",0.6,15.3138986227814
2022-05-21,"46","32  day ahead inc hosp",2022-06-22,"quantile",0.65,17.4703573112948
2022-05-21,"46","32  day ahead inc hosp",2022-06-22,"quantile",0.7,19.7429399507619
2022-05-21,"46","32  day ahead inc hosp",2022-06-22,"quantile",0.75,22.1954139364928
2022-05-21,"46","32  day ahead inc hosp",2022-06-22,"quantile",0.8,24.9263600192256
2022-05-21,"46","32  day ahead inc hosp",2022-06-22,"quantile",0.85,28.1096112136238
2022-05-21,"46","32  day ahead inc hosp",2022-06-22,"quantile",0.9,32.1148680878373
2022-05-21,"46","32  day ahead inc hosp",2022-06-22,"quantile",0.95,38.0512621256429
2022-05-21,"46","32  day ahead inc hosp",2022-06-22,"quantile",0.975,43.2001986353774
2022-05-21,"46","32  day ahead inc hosp",2022-06-22,"quantile",0.99,49.1869500695914
2022-05-21,"46","33  day ahead inc hosp",2022-06-23,"quantile",0.01,0
2022-05-21,"46","33  day ahead inc hosp",2022-06-23,"quantile",0.025,0
2022-05-21,"46","33  day ahead inc hosp",2022-06-23,"quantile",0.05,0
2022-05-21,"46","33  day ahead inc hosp",2022-06-23,"quantile",0.1,0
2022-05-21,"46","33  day ahead inc hosp",2022-06-23,"quantile",0.15,0
2022-05-21,"46","33  day ahead inc hosp",2022-06-23,"quantile",0.2,0
2022-05-21,"46","33  day ahead inc hosp",2022-06-23,"quantile",0.25,0
2022-05-21,"46","33  day ahead inc hosp",2022-06-23,"quantile",0.3,2.2567763081155
2022-05-21,"46","33  day ahead inc hosp",2022-06-23,"quantile",0.35,4.56549609711969
2022-05-21,"46","33  day ahead inc hosp",2022-06-23,"quantile",0.4,6.75624540668426
2022-05-21,"46","33  day ahead inc hosp",2022-06-23,"quantile",0.45,8.87582071702318
2022-05-21,"46","33  day ahead inc hosp",2022-06-23,"quantile",0.5,10.9617909616005
2022-05-21,"46","33  day ahead inc hosp",2022-06-23,"quantile",0.55,13.0477612061779
2022-05-21,"46","33  day ahead inc hosp",2022-06-23,"quantile",0.6,15.1673365165168
2022-05-21,"46","33  day ahead inc hosp",2022-06-23,"quantile",0.65,17.3580858260814
2022-05-21,"46","33  day ahead inc hosp",2022-06-23,"quantile",0.7,19.6668056150856
2022-05-21,"46","33  day ahead inc hosp",2022-06-23,"quantile",0.75,22.1582772670044
2022-05-21,"46","33  day ahead inc hosp",2022-06-23,"quantile",0.8,24.9326491003593
2022-05-21,"46","33  day ahead inc hosp",2022-06-23,"quantile",0.85,28.1665183107664
2022-05-21,"46","33  day ahead inc hosp",2022-06-23,"quantile",0.9,32.2354642073655
2022-05-21,"46","33  day ahead inc hosp",2022-06-23,"quantile",0.95,38.2662549704341
2022-05-21,"46","33  day ahead inc hosp",2022-06-23,"quantile",0.975,43.4970665615752
2022-05-21,"46","33  day ahead inc hosp",2022-06-23,"quantile",0.99,49.5790154720273
2022-05-21,"46","34  day ahead inc hosp",2022-06-24,"quantile",0.01,0
2022-05-21,"46","34  day ahead inc hosp",2022-06-24,"quantile",0.025,0
2022-05-21,"46","34  day ahead inc hosp",2022-06-24,"quantile",0.05,0
2022-05-21,"46","34  day ahead inc hosp",2022-06-24,"quantile",0.1,0
2022-05-21,"46","34  day ahead inc hosp",2022-06-24,"quantile",0.15,0
2022-05-21,"46","34  day ahead inc hosp",2022-06-24,"quantile",0.2,0
2022-05-21,"46","34  day ahead inc hosp",2022-06-24,"quantile",0.25,0
2022-05-21,"46","34  day ahead inc hosp",2022-06-24,"quantile",0.3,2.36351118630045
2022-05-21,"46","34  day ahead inc hosp",2022-06-24,"quantile",0.35,4.70781114045991
2022-05-21,"46","34  day ahead inc hosp",2022-06-24,"quantile",0.4,6.93232254736488
2022-05-21,"46","34  day ahead inc hosp",2022-06-24,"quantile",0.45,9.08456307760622
2022-05-21,"46","34  day ahead inc hosp",2022-06-24,"quantile",0.5,11.2026806473655
2022-05-21,"46","34  day ahead inc hosp",2022-06-24,"quantile",0.55,13.3207982171248
2022-05-21,"46","34  day ahead inc hosp",2022-06-24,"quantile",0.6,15.4730387473661
2022-05-21,"46","34  day ahead inc hosp",2022-06-24,"quantile",0.65,17.6975501542711
2022-05-21,"46","34  day ahead inc hosp",2022-06-24,"quantile",0.7,20.0418501084305
2022-05-21,"46","34  day ahead inc hosp",2022-06-24,"quantile",0.75,22.5717183528147
2022-05-21,"46","34  day ahead inc hosp",2022-06-24,"quantile",0.8,25.3888466126977
2022-05-21,"46","34  day ahead inc hosp",2022-06-24,"quantile",0.85,28.6725536601368
2022-05-21,"46","34  day ahead inc hosp",2022-06-24,"quantile",0.9,32.8042069358203
2022-05-21,"46","34  day ahead inc hosp",2022-06-24,"quantile",0.95,38.9279394809055
2022-05-21,"46","34  day ahead inc hosp",2022-06-24,"quantile",0.975,44.2393642071681
2022-05-21,"46","34  day ahead inc hosp",2022-06-24,"quantile",0.99,50.4150433085816
2022-05-21,"46","35  day ahead inc hosp",2022-06-25,"quantile",0.01,0
2022-05-21,"46","35  day ahead inc hosp",2022-06-25,"quantile",0.025,0
2022-05-21,"46","35  day ahead inc hosp",2022-06-25,"quantile",0.05,0
2022-05-21,"46","35  day ahead inc hosp",2022-06-25,"quantile",0.1,0
2022-05-21,"46","35  day ahead inc hosp",2022-06-25,"quantile",0.15,0
2022-05-21,"46","35  day ahead inc hosp",2022-06-25,"quantile",0.2,0
2022-05-21,"46","35  day ahead inc hosp",2022-06-25,"quantile",0.25,0
2022-05-21,"46","35  day ahead inc hosp",2022-06-25,"quantile",0.3,2.35492219280731
2022-05-21,"46","35  day ahead inc hosp",2022-06-25,"quantile",0.35,4.73427031487866
2022-05-21,"46","35  day ahead inc hosp",2022-06-25,"quantile",0.4,6.99203900576422
2022-05-21,"46","35  day ahead inc hosp",2022-06-25,"quantile",0.45,9.17645634314018
2022-05-21,"46","35  day ahead inc hosp",2022-06-25,"quantile",0.5,11.3262405689135
2022-05-21,"46","35  day ahead inc hosp",2022-06-25,"quantile",0.55,13.4760247946868
2022-05-21,"46","35  day ahead inc hosp",2022-06-25,"quantile",0.6,15.6604421320627
2022-05-21,"46","35  day ahead inc hosp",2022-06-25,"quantile",0.65,17.9182108229483
2022-05-21,"46","35  day ahead inc hosp",2022-06-25,"quantile",0.7,20.2975589450196
2022-05-21,"46","35  day ahead inc hosp",2022-06-25,"quantile",0.75,22.8652496731976
2022-05-21,"46","35  day ahead inc hosp",2022-06-25,"quantile",0.8,25.7244950623783
2022-05-21,"46","35  day ahead inc hosp",2022-06-25,"quantile",0.85,29.0572947678486
2022-05-21,"46","35  day ahead inc hosp",2022-06-25,"quantile",0.9,33.2507178172776
2022-05-21,"46","35  day ahead inc hosp",2022-06-25,"quantile",0.95,39.4660024720264
2022-05-21,"46","35  day ahead inc hosp",2022-06-25,"quantile",0.975,44.8568349998919
2022-05-21,"46","35  day ahead inc hosp",2022-06-25,"quantile",0.99,51.1248428315655
2022-05-21,"46","36  day ahead inc hosp",2022-06-26,"quantile",0.01,0
2022-05-21,"46","36  day ahead inc hosp",2022-06-26,"quantile",0.025,0
2022-05-21,"46","36  day ahead inc hosp",2022-06-26,"quantile",0.05,0
2022-05-21,"46","36  day ahead inc hosp",2022-06-26,"quantile",0.1,0
2022-05-21,"46","36  day ahead inc hosp",2022-06-26,"quantile",0.15,0
2022-05-21,"46","36  day ahead inc hosp",2022-06-26,"quantile",0.2,0
2022-05-21,"46","36  day ahead inc hosp",2022-06-26,"quantile",0.25,0
2022-05-21,"46","36  day ahead inc hosp",2022-06-26,"quantile",0.3,2.34355445958536
2022-05-21,"46","36  day ahead inc hosp",2022-06-26,"quantile",0.35,4.75744192525913
2022-05-21,"46","36  day ahead inc hosp",2022-06-26,"quantile",0.4,7.0479850756136
2022-05-21,"46","36  day ahead inc hosp",2022-06-26,"quantile",0.45,9.26411208182147
2022-05-21,"46","36  day ahead inc hosp",2022-06-26,"quantile",0.5,11.4451032316074
2022-05-21,"46","36  day ahead inc hosp",2022-06-26,"quantile",0.55,13.6260943813933
2022-05-21,"46","36  day ahead inc hosp",2022-06-26,"quantile",0.6,15.8422213876012
2022-05-21,"46","36  day ahead inc hosp",2022-06-26,"quantile",0.65,18.1327645379556
2022-05-21,"46","36  day ahead inc hosp",2022-06-26,"quantile",0.7,20.5466520036294
2022-05-21,"46","36  day ahead inc hosp",2022-06-26,"quantile",0.75,23.151616114169
2022-05-21,"46","36  day ahead inc hosp",2022-06-26,"quantile",0.8,26.0523671821633
2022-05-21,"46","36  day ahead inc hosp",2022-06-26,"quantile",0.85,29.4335468254482
2022-05-21,"46","36  day ahead inc hosp",2022-06-26,"quantile",0.9,33.6878428838459
2022-05-21,"46","36  day ahead inc hosp",2022-06-26,"quantile",0.95,39.993350507771
2022-05-21,"46","36  day ahead inc hosp",2022-06-26,"quantile",0.975,45.4624380060865
2022-05-21,"46","36  day ahead inc hosp",2022-06-26,"quantile",0.99,51.8214341526656
2022-05-21,"46","37  day ahead inc hosp",2022-06-27,"quantile",0.01,0
2022-05-21,"46","37  day ahead inc hosp",2022-06-27,"quantile",0.025,0
2022-05-21,"46","37  day ahead inc hosp",2022-06-27,"quantile",0.05,0
2022-05-21,"46","37  day ahead inc hosp",2022-06-27,"quantile",0.1,0
2022-05-21,"46","37  day ahead inc hosp",2022-06-27,"quantile",0.15,0
2022-05-21,"46","37  day ahead inc hosp",2022-06-27,"quantile",0.2,0
2022-05-21,"46","37  day ahead inc hosp",2022-06-27,"quantile",0.25,0
2022-05-21,"46","37  day ahead inc hosp",2022-06-27,"quantile",0.3,2.13741913437418
2022-05-21,"46","37  day ahead inc hosp",2022-06-27,"quantile",0.35,4.58535865729328
2022-05-21,"46","37  day ahead inc hosp",2022-06-27,"quantile",0.4,6.90821388001563
2022-05-21,"46","37  day ahead inc hosp",2022-06-27,"quantile",0.45,9.15560319018399
2022-05-21,"46","37  day ahead inc hosp",2022-06-27,"quantile",0.5,11.3673609919121
2022-05-21,"46","37  day ahead inc hosp",2022-06-27,"quantile",0.55,13.5791187936403
2022-05-21,"46","37  day ahead inc hosp",2022-06-27,"quantile",0.6,15.8265081038086
2022-05-21,"46","37  day ahead inc hosp",2022-06-27,"quantile",0.65,18.149363326531
2022-05-21,"46","37  day ahead inc hosp",2022-06-27,"quantile",0.7,20.5973028494501
2022-05-21,"46","37  day ahead inc hosp",2022-06-27,"quantile",0.75,23.239014483756
2022-05-21,"46","37  day ahead inc hosp",2022-06-27,"quantile",0.8,26.1806856620813
2022-05-21,"46","37  day ahead inc hosp",2022-06-27,"quantile",0.85,29.6095626915978
2022-05-21,"46","37  day ahead inc hosp",2022-06-27,"quantile",0.9,33.9238729532171
2022-05-21,"46","37  day ahead inc hosp",2022-06-27,"quantile",0.95,40.3183306668312
2022-05-21,"46","37  day ahead inc hosp",2022-06-27,"quantile",0.975,45.8645691024711
2022-05-21,"46","37  day ahead inc hosp",2022-06-27,"quantile",0.99,52.3132698868535
2022-05-21,"47","1  day ahead inc hosp",2022-05-22,"quantile",0.01,17.1177080744963
2022-05-21,"47","1  day ahead inc hosp",2022-05-22,"quantile",0.025,25.7063793370629
2022-05-21,"47","1  day ahead inc hosp",2022-05-22,"quantile",0.05,33.0931104415492
2022-05-21,"47","1  day ahead inc hosp",2022-05-22,"quantile",0.1,41.609538330035
2022-05-21,"47","1  day ahead inc hosp",2022-05-22,"quantile",0.15,47.3555317945643
2022-05-21,"47","1  day ahead inc hosp",2022-05-22,"quantile",0.2,51.9222652484726
2022-05-21,"47","1  day ahead inc hosp",2022-05-22,"quantile",0.25,55.8401159222688
2022-05-21,"47","1  day ahead inc hosp",2022-05-22,"quantile",0.3,59.3584669136032
2022-05-21,"47","1  day ahead inc hosp",2022-05-22,"quantile",0.35,62.6187434461901
2022-05-21,"47","1  day ahead inc hosp",2022-05-22,"quantile",0.4,65.7124270524777
2022-05-21,"47","1  day ahead inc hosp",2022-05-22,"quantile",0.45,68.7056017444697
2022-05-21,"47","1  day ahead inc hosp",2022-05-22,"quantile",0.5,71.6513207825534
2022-05-21,"47","1  day ahead inc hosp",2022-05-22,"quantile",0.55,74.597039820637
2022-05-21,"47","1  day ahead inc hosp",2022-05-22,"quantile",0.6,77.590214512629
2022-05-21,"47","1  day ahead inc hosp",2022-05-22,"quantile",0.65,80.6838981189166
2022-05-21,"47","1  day ahead inc hosp",2022-05-22,"quantile",0.7,83.9441746515035
2022-05-21,"47","1  day ahead inc hosp",2022-05-22,"quantile",0.75,87.4625256428379
2022-05-21,"47","1  day ahead inc hosp",2022-05-22,"quantile",0.8,91.3803763166342
2022-05-21,"47","1  day ahead inc hosp",2022-05-22,"quantile",0.85,95.9471097705424
2022-05-21,"47","1  day ahead inc hosp",2022-05-22,"quantile",0.9,101.693103235072
2022-05-21,"47","1  day ahead inc hosp",2022-05-22,"quantile",0.95,110.209531123557
2022-05-21,"47","1  day ahead inc hosp",2022-05-22,"quantile",0.975,117.596262228044
2022-05-21,"47","1  day ahead inc hosp",2022-05-22,"quantile",0.99,126.18493349061
2022-05-21,"47","2  day ahead inc hosp",2022-05-23,"quantile",0.01,4.13202645605023
2022-05-21,"47","2  day ahead inc hosp",2022-05-23,"quantile",0.025,14.7779123149952
2022-05-21,"47","2  day ahead inc hosp",2022-05-23,"quantile",0.05,23.9339614645094
2022-05-21,"47","2  day ahead inc hosp",2022-05-23,"quantile",0.1,34.4902997449038
2022-05-21,"47","2  day ahead inc hosp",2022-05-23,"quantile",0.15,41.6126110663575
2022-05-21,"47","2  day ahead inc hosp",2022-05-23,"quantile",0.2,47.2731983227854
2022-05-21,"47","2  day ahead inc hosp",2022-05-23,"quantile",0.25,52.129478160554
2022-05-21,"47","2  day ahead inc hosp",2022-05-23,"quantile",0.3,56.4905675445083
2022-05-21,"47","2  day ahead inc hosp",2022-05-23,"quantile",0.35,60.5317667909845
2022-05-21,"47","2  day ahead inc hosp",2022-05-23,"quantile",0.4,64.3664696861546
2022-05-21,"47","2  day ahead inc hosp",2022-05-23,"quantile",0.45,68.0765891158866
2022-05-21,"47","2  day ahead inc hosp",2022-05-23,"quantile",0.5,71.7278860037579
2022-05-21,"47","2  day ahead inc hosp",2022-05-23,"quantile",0.55,75.3791828916293
2022-05-21,"47","2  day ahead inc hosp",2022-05-23,"quantile",0.6,79.0893023213613
2022-05-21,"47","2  day ahead inc hosp",2022-05-23,"quantile",0.65,82.9240052165313
2022-05-21,"47","2  day ahead inc hosp",2022-05-23,"quantile",0.7,86.9652044630076
2022-05-21,"47","2  day ahead inc hosp",2022-05-23,"quantile",0.75,91.3262938469618
2022-05-21,"47","2  day ahead inc hosp",2022-05-23,"quantile",0.8,96.1825736847305
2022-05-21,"47","2  day ahead inc hosp",2022-05-23,"quantile",0.85,101.843160941158
2022-05-21,"47","2  day ahead inc hosp",2022-05-23,"quantile",0.9,108.965472262612
2022-05-21,"47","2  day ahead inc hosp",2022-05-23,"quantile",0.95,119.521810543006
2022-05-21,"47","2  day ahead inc hosp",2022-05-23,"quantile",0.975,128.677859692521
2022-05-21,"47","2  day ahead inc hosp",2022-05-23,"quantile",0.99,139.323745551466
2022-05-21,"47","3  day ahead inc hosp",2022-05-24,"quantile",0.01,0
2022-05-21,"47","3  day ahead inc hosp",2022-05-24,"quantile",0.025,7.29528775703824
2022-05-21,"47","3  day ahead inc hosp",2022-05-24,"quantile",0.05,17.3171408391233
2022-05-21,"47","3  day ahead inc hosp",2022-05-24,"quantile",0.1,28.8716956043209
2022-05-21,"47","3  day ahead inc hosp",2022-05-24,"quantile",0.15,36.667498849028
2022-05-21,"47","3  day ahead inc hosp",2022-05-24,"quantile",0.2,42.8633561359292
2022-05-21,"47","3  day ahead inc hosp",2022-05-24,"quantile",0.25,48.1788499984967
2022-05-21,"47","3  day ahead inc hosp",2022-05-24,"quantile",0.3,52.9523277693264
2022-05-21,"47","3  day ahead inc hosp",2022-05-24,"quantile",0.35,57.3756663143982
2022-05-21,"47","3  day ahead inc hosp",2022-05-24,"quantile",0.4,61.5729820344519
2022-05-21,"47","3  day ahead inc hosp",2022-05-24,"quantile",0.45,65.6339335687429
2022-05-21,"47","3  day ahead inc hosp",2022-05-24,"quantile",0.5,69.6305002507012
2022-05-21,"47","3  day ahead inc hosp",2022-05-24,"quantile",0.55,73.6270669326594
2022-05-21,"47","3  day ahead inc hosp",2022-05-24,"quantile",0.6,77.6880184669505
2022-05-21,"47","3  day ahead inc hosp",2022-05-24,"quantile",0.65,81.8853341870041
2022-05-21,"47","3  day ahead inc hosp",2022-05-24,"quantile",0.7,86.3086727320759
2022-05-21,"47","3  day ahead inc hosp",2022-05-24,"quantile",0.75,91.0821505029057
2022-05-21,"47","3  day ahead inc hosp",2022-05-24,"quantile",0.8,96.3976443654732
2022-05-21,"47","3  day ahead inc hosp",2022-05-24,"quantile",0.85,102.593501652374
2022-05-21,"47","3  day ahead inc hosp",2022-05-24,"quantile",0.9,110.389304897081
2022-05-21,"47","3  day ahead inc hosp",2022-05-24,"quantile",0.95,121.943859662279
2022-05-21,"47","3  day ahead inc hosp",2022-05-24,"quantile",0.975,131.965712744364
2022-05-21,"47","3  day ahead inc hosp",2022-05-24,"quantile",0.99,143.618282784648
2022-05-21,"47","4  day ahead inc hosp",2022-05-25,"quantile",0.01,0
2022-05-21,"47","4  day ahead inc hosp",2022-05-25,"quantile",0.025,0.952653540157513
2022-05-21,"47","4  day ahead inc hosp",2022-05-25,"quantile",0.05,11.4872887685749
2022-05-21,"47","4  day ahead inc hosp",2022-05-25,"quantile",0.1,23.633048507931
2022-05-21,"47","4  day ahead inc hosp",2022-05-25,"quantile",0.15,31.8277349419509
2022-05-21,"47","4  day ahead inc hosp",2022-05-25,"quantile",0.2,38.3406119428634
2022-05-21,"47","4  day ahead inc hosp",2022-05-25,"quantile",0.25,43.9280804920821
2022-05-21,"47","4  day ahead inc hosp",2022-05-25,"quantile",0.3,48.9457999372557
2022-05-21,"47","4  day ahead inc hosp",2022-05-25,"quantile",0.35,53.5954647928928
2022-05-21,"47","4  day ahead inc hosp",2022-05-25,"quantile",0.4,58.0075420491749
2022-05-21,"47","4  day ahead inc hosp",2022-05-25,"quantile",0.45,62.2762778551819
2022-05-21,"47","4  day ahead inc hosp",2022-05-25,"quantile",0.5,66.4773344677298
2022-05-21,"47","4  day ahead inc hosp",2022-05-25,"quantile",0.55,70.6783910802777
2022-05-21,"47","4  day ahead inc hosp",2022-05-25,"quantile",0.6,74.9471268862848
2022-05-21,"47","4  day ahead inc hosp",2022-05-25,"quantile",0.65,79.3592041425668
2022-05-21,"47","4  day ahead inc hosp",2022-05-25,"quantile",0.7,84.008868998204
2022-05-21,"47","4  day ahead inc hosp",2022-05-25,"quantile",0.75,89.0265884433776
2022-05-21,"47","4  day ahead inc hosp",2022-05-25,"quantile",0.8,94.6140569925962
2022-05-21,"47","4  day ahead inc hosp",2022-05-25,"quantile",0.85,101.126933993509
2022-05-21,"47","4  day ahead inc hosp",2022-05-25,"quantile",0.9,109.321620427529
2022-05-21,"47","4  day ahead inc hosp",2022-05-25,"quantile",0.95,121.467380166885
2022-05-21,"47","4  day ahead inc hosp",2022-05-25,"quantile",0.975,132.002015395302
2022-05-21,"47","4  day ahead inc hosp",2022-05-25,"quantile",0.99,144.250805498543
2022-05-21,"47","5  day ahead inc hosp",2022-05-26,"quantile",0.01,0
2022-05-21,"47","5  day ahead inc hosp",2022-05-26,"quantile",0.025,0
2022-05-21,"47","5  day ahead inc hosp",2022-05-26,"quantile",0.05,10.4347921488801
2022-05-21,"47","5  day ahead inc hosp",2022-05-26,"quantile",0.1,23.0400017172943
2022-05-21,"47","5  day ahead inc hosp",2022-05-26,"quantile",0.15,31.5446767697367
2022-05-21,"47","5  day ahead inc hosp",2022-05-26,"quantile",0.2,38.3039228977323
2022-05-21,"47","5  day ahead inc hosp",2022-05-26,"quantile",0.25,44.1027542208652
2022-05-21,"47","5  day ahead inc hosp",2022-05-26,"quantile",0.3,49.3102839694549
2022-05-21,"47","5  day ahead inc hosp",2022-05-26,"quantile",0.35,54.1358363585971
2022-05-21,"47","5  day ahead inc hosp",2022-05-26,"quantile",0.4,58.7148136840961
2022-05-21,"47","5  day ahead inc hosp",2022-05-26,"quantile",0.45,63.1450272385892
2022-05-21,"47","5  day ahead inc hosp",2022-05-26,"quantile",0.5,67.5050014309279
2022-05-21,"47","5  day ahead inc hosp",2022-05-26,"quantile",0.55,71.8649756232666
2022-05-21,"47","5  day ahead inc hosp",2022-05-26,"quantile",0.6,76.2951891777597
2022-05-21,"47","5  day ahead inc hosp",2022-05-26,"quantile",0.65,80.8741665032586
2022-05-21,"47","5  day ahead inc hosp",2022-05-26,"quantile",0.7,85.6997188924008
2022-05-21,"47","5  day ahead inc hosp",2022-05-26,"quantile",0.75,90.9072486409905
2022-05-21,"47","5  day ahead inc hosp",2022-05-26,"quantile",0.8,96.7060799641234
2022-05-21,"47","5  day ahead inc hosp",2022-05-26,"quantile",0.85,103.465326092119
2022-05-21,"47","5  day ahead inc hosp",2022-05-26,"quantile",0.9,111.970001144561
2022-05-21,"47","5  day ahead inc hosp",2022-05-26,"quantile",0.95,124.575210712976
2022-05-21,"47","5  day ahead inc hosp",2022-05-26,"quantile",0.975,135.50835014852
2022-05-21,"47","5  day ahead inc hosp",2022-05-26,"quantile",0.99,148.220487513675
2022-05-21,"47","6  day ahead inc hosp",2022-05-27,"quantile",0.01,0
2022-05-21,"47","6  day ahead inc hosp",2022-05-27,"quantile",0.025,0
2022-05-21,"47","6  day ahead inc hosp",2022-05-27,"quantile",0.05,9.99127525589603
2022-05-21,"47","6  day ahead inc hosp",2022-05-27,"quantile",0.1,22.9255144016437
2022-05-21,"47","6  day ahead inc hosp",2022-05-27,"quantile",0.15,31.6521841478417
2022-05-21,"47","6  day ahead inc hosp",2022-05-27,"quantile",0.2,38.5878646210592
2022-05-21,"47","6  day ahead inc hosp",2022-05-27,"quantile",0.25,44.5380609023804
2022-05-21,"47","6  day ahead inc hosp",2022-05-27,"quantile",0.3,49.881521061554
2022-05-21,"47","6  day ahead inc hosp",2022-05-27,"quantile",0.35,54.8330332337829
2022-05-21,"47","6  day ahead inc hosp",2022-05-27,"quantile",0.4,59.5315340757972
2022-05-21,"47","6  day ahead inc hosp",2022-05-27,"quantile",0.45,64.0773880157532
2022-05-21,"47","6  day ahead inc hosp",2022-05-27,"quantile",0.5,68.5511691589326
2022-05-21,"47","6  day ahead inc hosp",2022-05-27,"quantile",0.55,73.0249503021121
2022-05-21,"47","6  day ahead inc hosp",2022-05-27,"quantile",0.6,77.5708042420681
2022-05-21,"47","6  day ahead inc hosp",2022-05-27,"quantile",0.65,82.2693050840823
2022-05-21,"47","6  day ahead inc hosp",2022-05-27,"quantile",0.7,87.2208172563112
2022-05-21,"47","6  day ahead inc hosp",2022-05-27,"quantile",0.75,92.5642774154848
2022-05-21,"47","6  day ahead inc hosp",2022-05-27,"quantile",0.8,98.5144736968061
2022-05-21,"47","6  day ahead inc hosp",2022-05-27,"quantile",0.85,105.450154170024
2022-05-21,"47","6  day ahead inc hosp",2022-05-27,"quantile",0.9,114.176823916222
2022-05-21,"47","6  day ahead inc hosp",2022-05-27,"quantile",0.95,127.111063061969
2022-05-21,"47","6  day ahead inc hosp",2022-05-27,"quantile",0.975,138.32958658636
2022-05-21,"47","6  day ahead inc hosp",2022-05-27,"quantile",0.99,151.373544629431
2022-05-21,"47","7  day ahead inc hosp",2022-05-28,"quantile",0.01,0
2022-05-21,"47","7  day ahead inc hosp",2022-05-28,"quantile",0.025,0
2022-05-21,"47","7  day ahead inc hosp",2022-05-28,"quantile",0.05,6.83948313129572
2022-05-21,"47","7  day ahead inc hosp",2022-05-28,"quantile",0.1,20.3887355035122
2022-05-21,"47","7  day ahead inc hosp",2022-05-28,"quantile",0.15,29.5303517538267
2022-05-21,"47","7  day ahead inc hosp",2022-05-28,"quantile",0.2,36.7958185544442
2022-05-21,"47","7  day ahead inc hosp",2022-05-28,"quantile",0.25,43.0289421399433
2022-05-21,"47","7  day ahead inc hosp",2022-05-28,"quantile",0.3,48.6264797625045
2022-05-21,"47","7  day ahead inc hosp",2022-05-28,"quantile",0.35,53.8134325696735
2022-05-21,"47","7  day ahead inc hosp",2022-05-28,"quantile",0.4,58.735343550456
2022-05-21,"47","7  day ahead inc hosp",2022-05-28,"quantile",0.45,63.4973493851747
2022-05-21,"47","7  day ahead inc hosp",2022-05-28,"quantile",0.5,68.1838554164885
2022-05-21,"47","7  day ahead inc hosp",2022-05-28,"quantile",0.55,72.8703614478023
2022-05-21,"47","7  day ahead inc hosp",2022-05-28,"quantile",0.6,77.632367282521
2022-05-21,"47","7  day ahead inc hosp",2022-05-28,"quantile",0.65,82.5542782633035
2022-05-21,"47","7  day ahead inc hosp",2022-05-28,"quantile",0.7,87.7412310704725
2022-05-21,"47","7  day ahead inc hosp",2022-05-28,"quantile",0.75,93.3387686930337
2022-05-21,"47","7  day ahead inc hosp",2022-05-28,"quantile",0.8,99.5718922785328
2022-05-21,"47","7  day ahead inc hosp",2022-05-28,"quantile",0.85,106.83735907915
2022-05-21,"47","7  day ahead inc hosp",2022-05-28,"quantile",0.9,115.978975329465
2022-05-21,"47","7  day ahead inc hosp",2022-05-28,"quantile",0.95,129.528227701681
2022-05-21,"47","7  day ahead inc hosp",2022-05-28,"quantile",0.975,141.280183480665
2022-05-21,"47","7  day ahead inc hosp",2022-05-28,"quantile",0.99,154.944371800259
2022-05-21,"47","8  day ahead inc hosp",2022-05-29,"quantile",0.01,0
2022-05-21,"47","8  day ahead inc hosp",2022-05-29,"quantile",0.025,0.952310273669866
2022-05-21,"47","8  day ahead inc hosp",2022-05-29,"quantile",0.05,13.3063781607078
2022-05-21,"47","8  day ahead inc hosp",2022-05-29,"quantile",0.1,27.54982723191
2022-05-21,"47","8  day ahead inc hosp",2022-05-29,"quantile",0.15,37.159814699324
2022-05-21,"47","8  day ahead inc hosp",2022-05-29,"quantile",0.2,44.7975280956224
2022-05-21,"47","8  day ahead inc hosp",2022-05-29,"quantile",0.25,51.3500061147504
2022-05-21,"47","8  day ahead inc hosp",2022-05-29,"quantile",0.3,57.234333888774
2022-05-21,"47","8  day ahead inc hosp",2022-05-29,"quantile",0.35,62.6870405115495
2022-05-21,"47","8  day ahead inc hosp",2022-05-29,"quantile",0.4,67.8611258752203
2022-05-21,"47","8  day ahead inc hosp",2022-05-29,"quantile",0.45,72.8671133437738
2022-05-21,"47","8  day ahead inc hosp",2022-05-29,"quantile",0.5,77.7937327722951
2022-05-21,"47","8  day ahead inc hosp",2022-05-29,"quantile",0.55,82.7203522008164
2022-05-21,"47","8  day ahead inc hosp",2022-05-29,"quantile",0.6,87.7263396693699
2022-05-21,"47","8  day ahead inc hosp",2022-05-29,"quantile",0.65,92.9004250330406
2022-05-21,"47","8  day ahead inc hosp",2022-05-29,"quantile",0.7,98.3531316558161
2022-05-21,"47","8  day ahead inc hosp",2022-05-29,"quantile",0.75,104.23745942984
2022-05-21,"47","8  day ahead inc hosp",2022-05-29,"quantile",0.8,110.789937448968
2022-05-21,"47","8  day ahead inc hosp",2022-05-29,"quantile",0.85,118.427650845266
2022-05-21,"47","8  day ahead inc hosp",2022-05-29,"quantile",0.9,128.03763831268
2022-05-21,"47","8  day ahead inc hosp",2022-05-29,"quantile",0.95,142.281087383882
2022-05-21,"47","8  day ahead inc hosp",2022-05-29,"quantile",0.975,154.63515527092
2022-05-21,"47","8  day ahead inc hosp",2022-05-29,"quantile",0.99,168.999429039158
2022-05-21,"47","9  day ahead inc hosp",2022-05-30,"quantile",0.01,0
2022-05-21,"47","9  day ahead inc hosp",2022-05-30,"quantile",0.025,0.905579652685887
2022-05-21,"47","9  day ahead inc hosp",2022-05-30,"quantile",0.05,13.8258580642735
2022-05-21,"47","9  day ahead inc hosp",2022-05-30,"quantile",0.1,28.7221116079577
2022-05-21,"47","9  day ahead inc hosp",2022-05-30,"quantile",0.15,38.7725431537591
2022-05-21,"47","9  day ahead inc hosp",2022-05-30,"quantile",0.2,46.7603075411983
2022-05-21,"47","9  day ahead inc hosp",2022-05-30,"quantile",0.25,53.6130981415939
2022-05-21,"47","9  day ahead inc hosp",2022-05-30,"quantile",0.3,59.7671158951463
2022-05-21,"47","9  day ahead inc hosp",2022-05-30,"quantile",0.35,65.4697304757967
2022-05-21,"47","9  day ahead inc hosp",2022-05-30,"quantile",0.4,70.8809540529383
2022-05-21,"47","9  day ahead inc hosp",2022-05-30,"quantile",0.45,76.116375487403
2022-05-21,"47","9  day ahead inc hosp",2022-05-30,"quantile",0.5,81.268791292987
2022-05-21,"47","9  day ahead inc hosp",2022-05-30,"quantile",0.55,86.421207098571
2022-05-21,"47","9  day ahead inc hosp",2022-05-30,"quantile",0.6,91.6566285330357
2022-05-21,"47","9  day ahead inc hosp",2022-05-30,"quantile",0.65,97.0678521101772
2022-05-21,"47","9  day ahead inc hosp",2022-05-30,"quantile",0.7,102.770466690828
2022-05-21,"47","9  day ahead inc hosp",2022-05-30,"quantile",0.75,108.92448444438
2022-05-21,"47","9  day ahead inc hosp",2022-05-30,"quantile",0.8,115.777275044776
2022-05-21,"47","9  day ahead inc hosp",2022-05-30,"quantile",0.85,123.765039432215
2022-05-21,"47","9  day ahead inc hosp",2022-05-30,"quantile",0.9,133.815470978016
2022-05-21,"47","9  day ahead inc hosp",2022-05-30,"quantile",0.95,148.7117245217
2022-05-21,"47","9  day ahead inc hosp",2022-05-30,"quantile",0.975,161.632002933288
2022-05-21,"47","9  day ahead inc hosp",2022-05-30,"quantile",0.99,176.654618800619
2022-05-21,"47","10  day ahead inc hosp",2022-05-31,"quantile",0.01,0
2022-05-21,"47","10  day ahead inc hosp",2022-05-31,"quantile",0.025,0
2022-05-21,"47","10  day ahead inc hosp",2022-05-31,"quantile",0.05,11.9016533278511
2022-05-21,"47","10  day ahead inc hosp",2022-05-31,"quantile",0.1,27.3717649470846
2022-05-21,"47","10  day ahead inc hosp",2022-05-31,"quantile",0.15,37.8093758120618
2022-05-21,"47","10  day ahead inc hosp",2022-05-31,"quantile",0.2,46.1048580485478
2022-05-21,"47","10  day ahead inc hosp",2022-05-31,"quantile",0.25,53.2216431637086
2022-05-21,"47","10  day ahead inc hosp",2022-05-31,"quantile",0.3,59.6127361506138
2022-05-21,"47","10  day ahead inc hosp",2022-05-31,"quantile",0.35,65.5350362662382
2022-05-21,"47","10  day ahead inc hosp",2022-05-31,"quantile",0.4,71.1547199329747
2022-05-21,"47","10  day ahead inc hosp",2022-05-31,"quantile",0.45,76.5918289166115
2022-05-21,"47","10  day ahead inc hosp",2022-05-31,"quantile",0.5,81.9427345914738
2022-05-21,"47","10  day ahead inc hosp",2022-05-31,"quantile",0.55,87.2936402663362
2022-05-21,"47","10  day ahead inc hosp",2022-05-31,"quantile",0.6,92.7307492499729
2022-05-21,"47","10  day ahead inc hosp",2022-05-31,"quantile",0.65,98.3504329167095
2022-05-21,"47","10  day ahead inc hosp",2022-05-31,"quantile",0.7,104.272733032334
2022-05-21,"47","10  day ahead inc hosp",2022-05-31,"quantile",0.75,110.663826019239
2022-05-21,"47","10  day ahead inc hosp",2022-05-31,"quantile",0.8,117.7806111344
2022-05-21,"47","10  day ahead inc hosp",2022-05-31,"quantile",0.85,126.076093370886
2022-05-21,"47","10  day ahead inc hosp",2022-05-31,"quantile",0.9,136.513704235863
2022-05-21,"47","10  day ahead inc hosp",2022-05-31,"quantile",0.95,151.983815855097
2022-05-21,"47","10  day ahead inc hosp",2022-05-31,"quantile",0.975,165.401830565485
2022-05-21,"47","10  day ahead inc hosp",2022-05-31,"quantile",0.99,181.003172446445
2022-05-21,"47","11  day ahead inc hosp",2022-06-01,"quantile",0.01,0
2022-05-21,"47","11  day ahead inc hosp",2022-06-01,"quantile",0.025,0
2022-05-21,"47","11  day ahead inc hosp",2022-06-01,"quantile",0.05,7.67427044355104
2022-05-21,"47","11  day ahead inc hosp",2022-06-01,"quantile",0.1,23.661604030581
2022-05-21,"47","11  day ahead inc hosp",2022-06-01,"quantile",0.15,34.4481821017137
2022-05-21,"47","11  day ahead inc hosp",2022-06-01,"quantile",0.2,43.0210124111665
2022-05-21,"47","11  day ahead inc hosp",2022-06-01,"quantile",0.25,50.3757374773922
2022-05-21,"47","11  day ahead inc hosp",2022-06-01,"quantile",0.3,56.980507894197
2022-05-21,"47","11  day ahead inc hosp",2022-06-01,"quantile",0.35,63.1008119929261
2022-05-21,"47","11  day ahead inc hosp",2022-06-01,"quantile",0.4,68.9083820767774
2022-05-21,"47","11  day ahead inc hosp",2022-06-01,"quantile",0.45,74.5272733433646
2022-05-21,"47","11  day ahead inc hosp",2022-06-01,"quantile",0.5,80.0570792117591
2022-05-21,"47","11  day ahead inc hosp",2022-06-01,"quantile",0.55,85.5868850801536
2022-05-21,"47","11  day ahead inc hosp",2022-06-01,"quantile",0.6,91.2057763467408
2022-05-21,"47","11  day ahead inc hosp",2022-06-01,"quantile",0.65,97.013346430592
2022-05-21,"47","11  day ahead inc hosp",2022-06-01,"quantile",0.7,103.133650529321
2022-05-21,"47","11  day ahead inc hosp",2022-06-01,"quantile",0.75,109.738420946126
2022-05-21,"47","11  day ahead inc hosp",2022-06-01,"quantile",0.8,117.093146012352
2022-05-21,"47","11  day ahead inc hosp",2022-06-01,"quantile",0.85,125.665976321804
2022-05-21,"47","11  day ahead inc hosp",2022-06-01,"quantile",0.9,136.452554392937
2022-05-21,"47","11  day ahead inc hosp",2022-06-01,"quantile",0.95,152.439887979967
2022-05-21,"47","11  day ahead inc hosp",2022-06-01,"quantile",0.975,166.306515612049
2022-05-21,"47","11  day ahead inc hosp",2022-06-01,"quantile",0.99,182.42946696465
2022-05-21,"47","12  day ahead inc hosp",2022-06-02,"quantile",0.01,0
2022-05-21,"47","12  day ahead inc hosp",2022-06-02,"quantile",0.025,0
2022-05-21,"47","12  day ahead inc hosp",2022-06-02,"quantile",0.05,7.98448277030603
2022-05-21,"47","12  day ahead inc hosp",2022-06-02,"quantile",0.1,24.4290938756961
2022-05-21,"47","12  day ahead inc hosp",2022-06-02,"quantile",0.15,35.5241949175365
2022-05-21,"47","12  day ahead inc hosp",2022-06-02,"quantile",0.2,44.3422295037306
2022-05-21,"47","12  day ahead inc hosp",2022-06-02,"quantile",0.25,51.9073180059975
2022-05-21,"47","12  day ahead inc hosp",2022-06-02,"quantile",0.3,58.7010012899226
2022-05-21,"47","12  day ahead inc hosp",2022-06-02,"quantile",0.35,64.996361313684
2022-05-21,"47","12  day ahead inc hosp",2022-06-02,"quantile",0.4,70.9700423516346
2022-05-21,"47","12  day ahead inc hosp",2022-06-02,"quantile",0.45,76.7496478886992
2022-05-21,"47","12  day ahead inc hosp",2022-06-02,"quantile",0.5,82.4376199635313
2022-05-21,"47","12  day ahead inc hosp",2022-06-02,"quantile",0.55,88.1255920383635
2022-05-21,"47","12  day ahead inc hosp",2022-06-02,"quantile",0.6,93.9051975754281
2022-05-21,"47","12  day ahead inc hosp",2022-06-02,"quantile",0.65,99.8788786133787
2022-05-21,"47","12  day ahead inc hosp",2022-06-02,"quantile",0.7,106.17423863714
2022-05-21,"47","12  day ahead inc hosp",2022-06-02,"quantile",0.75,112.967921921065
2022-05-21,"47","12  day ahead inc hosp",2022-06-02,"quantile",0.8,120.533010423332
2022-05-21,"47","12  day ahead inc hosp",2022-06-02,"quantile",0.85,129.351045009526
2022-05-21,"47","12  day ahead inc hosp",2022-06-02,"quantile",0.9,140.446146051367
2022-05-21,"47","12  day ahead inc hosp",2022-06-02,"quantile",0.95,156.890757156757
2022-05-21,"47","12  day ahead inc hosp",2022-06-02,"quantile",0.975,171.154004840401
2022-05-21,"47","12  day ahead inc hosp",2022-06-02,"quantile",0.99,187.738112716885
2022-05-21,"47","13  day ahead inc hosp",2022-06-03,"quantile",0.01,0
2022-05-21,"47","13  day ahead inc hosp",2022-06-03,"quantile",0.025,0
2022-05-21,"47","13  day ahead inc hosp",2022-06-03,"quantile",0.05,9.20222524463564
2022-05-21,"47","13  day ahead inc hosp",2022-06-03,"quantile",0.1,26.107061411542
2022-05-21,"47","13  day ahead inc hosp",2022-06-03,"quantile",0.15,37.5126741174641
2022-05-21,"47","13  day ahead inc hosp",2022-06-03,"quantile",0.2,46.5774935308502
2022-05-21,"47","13  day ahead inc hosp",2022-06-03,"quantile",0.25,54.3543014407102
2022-05-21,"47","13  day ahead inc hosp",2022-06-03,"quantile",0.3,61.3381152961172
2022-05-21,"47","13  day ahead inc hosp",2022-06-03,"quantile",0.35,67.8096596294761
2022-05-21,"47","13  day ahead inc hosp",2022-06-03,"quantile",0.4,73.9505223481336
2022-05-21,"47","13  day ahead inc hosp",2022-06-03,"quantile",0.45,79.8918780960599
2022-05-21,"47","13  day ahead inc hosp",2022-06-03,"quantile",0.5,85.7390358932704
2022-05-21,"47","13  day ahead inc hosp",2022-06-03,"quantile",0.55,91.5861936904809
2022-05-21,"47","13  day ahead inc hosp",2022-06-03,"quantile",0.6,97.5275494384072
2022-05-21,"47","13  day ahead inc hosp",2022-06-03,"quantile",0.65,103.668412157065
2022-05-21,"47","13  day ahead inc hosp",2022-06-03,"quantile",0.7,110.139956490424
2022-05-21,"47","13  day ahead inc hosp",2022-06-03,"quantile",0.75,117.123770345831
2022-05-21,"47","13  day ahead inc hosp",2022-06-03,"quantile",0.8,124.900578255691
2022-05-21,"47","13  day ahead inc hosp",2022-06-03,"quantile",0.85,133.965397669077
2022-05-21,"47","13  day ahead inc hosp",2022-06-03,"quantile",0.9,145.371010374999
2022-05-21,"47","13  day ahead inc hosp",2022-06-03,"quantile",0.95,162.275846541905
2022-05-21,"47","13  day ahead inc hosp",2022-06-03,"quantile",0.975,176.93827083122
2022-05-21,"47","13  day ahead inc hosp",2022-06-03,"quantile",0.99,193.986507778239
2022-05-21,"47","14  day ahead inc hosp",2022-06-04,"quantile",0.01,0
2022-05-21,"47","14  day ahead inc hosp",2022-06-04,"quantile",0.025,0
2022-05-21,"47","14  day ahead inc hosp",2022-06-04,"quantile",0.05,3.3849191244457
2022-05-21,"47","14  day ahead inc hosp",2022-06-04,"quantile",0.1,20.7605794362384
2022-05-21,"47","14  day ahead inc hosp",2022-06-04,"quantile",0.15,32.4838549574726
2022-05-21,"47","14  day ahead inc hosp",2022-06-04,"quantile",0.2,41.8011427063527
2022-05-21,"47","14  day ahead inc hosp",2022-06-04,"quantile",0.25,49.7945459678596
2022-05-21,"47","14  day ahead inc hosp",2022-06-04,"quantile",0.3,56.9728691432064
2022-05-21,"47","14  day ahead inc hosp",2022-06-04,"quantile",0.35,63.6246553491729
2022-05-21,"47","14  day ahead inc hosp",2022-06-04,"quantile",0.4,69.9365499790438
2022-05-21,"47","14  day ahead inc hosp",2022-06-04,"quantile",0.45,76.0433810804053
2022-05-21,"47","14  day ahead inc hosp",2022-06-04,"quantile",0.5,82.0533906818395
2022-05-21,"47","14  day ahead inc hosp",2022-06-04,"quantile",0.55,88.0634002832737
2022-05-21,"47","14  day ahead inc hosp",2022-06-04,"quantile",0.6,94.1702313846352
2022-05-21,"47","14  day ahead inc hosp",2022-06-04,"quantile",0.65,100.482126014506
2022-05-21,"47","14  day ahead inc hosp",2022-06-04,"quantile",0.7,107.133912220473
2022-05-21,"47","14  day ahead inc hosp",2022-06-04,"quantile",0.75,114.312235395819
2022-05-21,"47","14  day ahead inc hosp",2022-06-04,"quantile",0.8,122.305638657326
2022-05-21,"47","14  day ahead inc hosp",2022-06-04,"quantile",0.85,131.622926406206
2022-05-21,"47","14  day ahead inc hosp",2022-06-04,"quantile",0.9,143.346201927441
2022-05-21,"47","14  day ahead inc hosp",2022-06-04,"quantile",0.95,160.721862239233
2022-05-21,"47","14  day ahead inc hosp",2022-06-04,"quantile",0.975,175.792656258359
2022-05-21,"47","14  day ahead inc hosp",2022-06-04,"quantile",0.99,193.31571126946
2022-05-21,"47","15  day ahead inc hosp",2022-06-05,"quantile",0.01,0
2022-05-21,"47","15  day ahead inc hosp",2022-06-05,"quantile",0.025,0
2022-05-21,"47","15  day ahead inc hosp",2022-06-05,"quantile",0.05,11.5102506346303
2022-05-21,"47","15  day ahead inc hosp",2022-06-05,"quantile",0.1,29.3574841410351
2022-05-21,"47","15  day ahead inc hosp",2022-06-05,"quantile",0.15,41.3989278578754
2022-05-21,"47","15  day ahead inc hosp",2022-06-05,"quantile",0.2,50.9690856024861
2022-05-21,"47","15  day ahead inc hosp",2022-06-05,"quantile",0.25,59.1794288043585
2022-05-21,"47","15  day ahead inc hosp",2022-06-05,"quantile",0.3,66.5525707509642
2022-05-21,"47","15  day ahead inc hosp",2022-06-05,"quantile",0.35,73.384885582303
2022-05-21,"47","15  day ahead inc hosp",2022-06-05,"quantile",0.4,79.8680842237195
2022-05-21,"47","15  day ahead inc hosp",2022-06-05,"quantile",0.45,86.1406539387366
2022-05-21,"47","15  day ahead inc hosp",2022-06-05,"quantile",0.5,92.3137744307235
2022-05-21,"47","15  day ahead inc hosp",2022-06-05,"quantile",0.55,98.4868949227103
2022-05-21,"47","15  day ahead inc hosp",2022-06-05,"quantile",0.6,104.759464637727
2022-05-21,"47","15  day ahead inc hosp",2022-06-05,"quantile",0.65,111.242663279144
2022-05-21,"47","15  day ahead inc hosp",2022-06-05,"quantile",0.7,118.074978110483
2022-05-21,"47","15  day ahead inc hosp",2022-06-05,"quantile",0.75,125.448120057088
2022-05-21,"47","15  day ahead inc hosp",2022-06-05,"quantile",0.8,133.658463258961
2022-05-21,"47","15  day ahead inc hosp",2022-06-05,"quantile",0.85,143.228621003572
2022-05-21,"47","15  day ahead inc hosp",2022-06-05,"quantile",0.9,155.270064720412
2022-05-21,"47","15  day ahead inc hosp",2022-06-05,"quantile",0.95,173.117298226817
2022-05-21,"47","15  day ahead inc hosp",2022-06-05,"quantile",0.975,188.597111664682
2022-05-21,"47","15  day ahead inc hosp",2022-06-05,"quantile",0.99,206.595740143649
2022-05-21,"47","16  day ahead inc hosp",2022-06-06,"quantile",0.01,0
2022-05-21,"47","16  day ahead inc hosp",2022-06-06,"quantile",0.025,0
2022-05-21,"47","16  day ahead inc hosp",2022-06-06,"quantile",0.05,13.4438270972767
2022-05-21,"47","16  day ahead inc hosp",2022-06-06,"quantile",0.1,31.7511641661319
2022-05-21,"47","16  day ahead inc hosp",2022-06-06,"quantile",0.15,44.1030375722108
2022-05-21,"47","16  day ahead inc hosp",2022-06-06,"quantile",0.2,53.919914993007
2022-05-21,"47","16  day ahead inc hosp",2022-06-06,"quantile",0.25,62.3419217087101
2022-05-21,"47","16  day ahead inc hosp",2022-06-06,"quantile",0.3,69.9051440324717
2022-05-21,"47","16  day ahead inc hosp",2022-06-06,"quantile",0.35,76.9135966608844
2022-05-21,"47","16  day ahead inc hosp",2022-06-06,"quantile",0.4,83.5639328471712
2022-05-21,"47","16  day ahead inc hosp",2022-06-06,"quantile",0.45,89.9982100711175
2022-05-21,"47","16  day ahead inc hosp",2022-06-06,"quantile",0.5,96.3304742605732
2022-05-21,"47","16  day ahead inc hosp",2022-06-06,"quantile",0.55,102.662738450029
2022-05-21,"47","16  day ahead inc hosp",2022-06-06,"quantile",0.6,109.097015673975
2022-05-21,"47","16  day ahead inc hosp",2022-06-06,"quantile",0.65,115.747351860262
2022-05-21,"47","16  day ahead inc hosp",2022-06-06,"quantile",0.7,122.755804488675
2022-05-21,"47","16  day ahead inc hosp",2022-06-06,"quantile",0.75,130.319026812436
2022-05-21,"47","16  day ahead inc hosp",2022-06-06,"quantile",0.8,138.741033528139
2022-05-21,"47","16  day ahead inc hosp",2022-06-06,"quantile",0.85,148.557910948936
2022-05-21,"47","16  day ahead inc hosp",2022-06-06,"quantile",0.9,160.909784355014
2022-05-21,"47","16  day ahead inc hosp",2022-06-06,"quantile",0.95,179.21712142387
2022-05-21,"47","16  day ahead inc hosp",2022-06-06,"quantile",0.975,195.096006085085
2022-05-21,"47","16  day ahead inc hosp",2022-06-06,"quantile",0.99,213.558641104866
2022-05-21,"47","17  day ahead inc hosp",2022-06-07,"quantile",0.01,0
2022-05-21,"47","17  day ahead inc hosp",2022-06-07,"quantile",0.025,0
2022-05-21,"47","17  day ahead inc hosp",2022-06-07,"quantile",0.05,9.073369698308
2022-05-21,"47","17  day ahead inc hosp",2022-06-07,"quantile",0.1,27.8259567903174
2022-05-21,"47","17  day ahead inc hosp",2022-06-07,"quantile",0.15,40.4782382731893
2022-05-21,"47","17  day ahead inc hosp",2022-06-07,"quantile",0.2,50.5338705102907
2022-05-21,"47","17  day ahead inc hosp",2022-06-07,"quantile",0.25,59.1607075992517
2022-05-21,"47","17  day ahead inc hosp",2022-06-07,"quantile",0.3,66.9078739287476
2022-05-21,"47","17  day ahead inc hosp",2022-06-07,"quantile",0.35,74.0867780916101
2022-05-21,"47","17  day ahead inc hosp",2022-06-07,"quantile",0.4,80.8988561155979
2022-05-21,"47","17  day ahead inc hosp",2022-06-07,"quantile",0.45,87.4896204393429
2022-05-21,"47","17  day ahead inc hosp",2022-06-07,"quantile",0.5,93.9758906847514
2022-05-21,"47","17  day ahead inc hosp",2022-06-07,"quantile",0.55,100.46216093016
2022-05-21,"47","17  day ahead inc hosp",2022-06-07,"quantile",0.6,107.052925253905
2022-05-21,"47","17  day ahead inc hosp",2022-06-07,"quantile",0.65,113.865003277893
2022-05-21,"47","17  day ahead inc hosp",2022-06-07,"quantile",0.7,121.043907440755
2022-05-21,"47","17  day ahead inc hosp",2022-06-07,"quantile",0.75,128.791073770251
2022-05-21,"47","17  day ahead inc hosp",2022-06-07,"quantile",0.8,137.417910859212
2022-05-21,"47","17  day ahead inc hosp",2022-06-07,"quantile",0.85,147.473543096314
2022-05-21,"47","17  day ahead inc hosp",2022-06-07,"quantile",0.9,160.125824579185
2022-05-21,"47","17  day ahead inc hosp",2022-06-07,"quantile",0.95,178.878411671195
2022-05-21,"47","17  day ahead inc hosp",2022-06-07,"quantile",0.975,195.14348432559
2022-05-21,"47","17  day ahead inc hosp",2022-06-07,"quantile",0.99,214.055146346901
2022-05-21,"47","18  day ahead inc hosp",2022-06-08,"quantile",0.01,0
2022-05-21,"47","18  day ahead inc hosp",2022-06-08,"quantile",0.025,0
2022-05-21,"47","18  day ahead inc hosp",2022-06-08,"quantile",0.05,6.83721873763317
2022-05-21,"47","18  day ahead inc hosp",2022-06-08,"quantile",0.1,26.0163152327262
2022-05-21,"47","18  day ahead inc hosp",2022-06-08,"quantile",0.15,38.9563605850007
2022-05-21,"47","18  day ahead inc hosp",2022-06-08,"quantile",0.2,49.240698423203
2022-05-21,"47","18  day ahead inc hosp",2022-06-08,"quantile",0.25,58.0637445535757
2022-05-21,"47","18  day ahead inc hosp",2022-06-08,"quantile",0.3,65.9871126663547
2022-05-21,"47","18  day ahead inc hosp",2022-06-08,"quantile",0.35,73.3292940407441
2022-05-21,"47","18  day ahead inc hosp",2022-06-08,"quantile",0.4,80.2963061715575
2022-05-21,"47","18  day ahead inc hosp",2022-06-08,"quantile",0.45,87.0369710366941
2022-05-21,"47","18  day ahead inc hosp",2022-06-08,"quantile",0.5,93.6707652070435
2022-05-21,"47","18  day ahead inc hosp",2022-06-08,"quantile",0.55,100.304559377393
2022-05-21,"47","18  day ahead inc hosp",2022-06-08,"quantile",0.6,107.045224242529
2022-05-21,"47","18  day ahead inc hosp",2022-06-08,"quantile",0.65,114.012236373343
2022-05-21,"47","18  day ahead inc hosp",2022-06-08,"quantile",0.7,121.354417747732
2022-05-21,"47","18  day ahead inc hosp",2022-06-08,"quantile",0.75,129.277785860511
2022-05-21,"47","18  day ahead inc hosp",2022-06-08,"quantile",0.8,138.100831990884
2022-05-21,"47","18  day ahead inc hosp",2022-06-08,"quantile",0.85,148.385169829086
2022-05-21,"47","18  day ahead inc hosp",2022-06-08,"quantile",0.9,161.325215181361
2022-05-21,"47","18  day ahead inc hosp",2022-06-08,"quantile",0.95,180.504311676454
2022-05-21,"47","18  day ahead inc hosp",2022-06-08,"quantile",0.975,197.139317630979
2022-05-21,"47","18  day ahead inc hosp",2022-06-08,"quantile",0.99,216.481107060337
2022-05-21,"47","19  day ahead inc hosp",2022-06-09,"quantile",0.01,0
2022-05-21,"47","19  day ahead inc hosp",2022-06-09,"quantile",0.025,0
2022-05-21,"47","19  day ahead inc hosp",2022-06-09,"quantile",0.05,5.54893945690058
2022-05-21,"47","19  day ahead inc hosp",2022-06-09,"quantile",0.1,25.1422359718095
2022-05-21,"47","19  day ahead inc hosp",2022-06-09,"quantile",0.15,38.3617401110348
2022-05-21,"47","19  day ahead inc hosp",2022-06-09,"quantile",0.2,48.8681829340818
2022-05-21,"47","19  day ahead inc hosp",2022-06-09,"quantile",0.25,57.8817753648483
2022-05-21,"47","19  day ahead inc hosp",2022-06-09,"quantile",0.3,65.976259944462
2022-05-21,"47","19  day ahead inc hosp",2022-06-09,"quantile",0.35,73.4770062268251
2022-05-21,"47","19  day ahead inc hosp",2022-06-09,"quantile",0.4,80.5944809492095
2022-05-21,"47","19  day ahead inc hosp",2022-06-09,"quantile",0.45,87.4807201129803
2022-05-21,"47","19  day ahead inc hosp",2022-06-09,"quantile",0.5,94.2577805564576
2022-05-21,"47","19  day ahead inc hosp",2022-06-09,"quantile",0.55,101.034840999935
2022-05-21,"47","19  day ahead inc hosp",2022-06-09,"quantile",0.6,107.921080163706
2022-05-21,"47","19  day ahead inc hosp",2022-06-09,"quantile",0.65,115.03855488609
2022-05-21,"47","19  day ahead inc hosp",2022-06-09,"quantile",0.7,122.539301168453
2022-05-21,"47","19  day ahead inc hosp",2022-06-09,"quantile",0.75,130.633785748067
2022-05-21,"47","19  day ahead inc hosp",2022-06-09,"quantile",0.8,139.647378178833
2022-05-21,"47","19  day ahead inc hosp",2022-06-09,"quantile",0.85,150.15382100188
2022-05-21,"47","19  day ahead inc hosp",2022-06-09,"quantile",0.9,163.373325141106
2022-05-21,"47","19  day ahead inc hosp",2022-06-09,"quantile",0.95,182.966621656015
2022-05-21,"47","19  day ahead inc hosp",2022-06-09,"quantile",0.975,199.960884356434
2022-05-21,"47","19  day ahead inc hosp",2022-06-09,"quantile",0.99,219.720387392215
2022-05-21,"47","20  day ahead inc hosp",2022-06-10,"quantile",0.01,0
2022-05-21,"47","20  day ahead inc hosp",2022-06-10,"quantile",0.025,0
2022-05-21,"47","20  day ahead inc hosp",2022-06-10,"quantile",0.05,5.74684106028673
2022-05-21,"47","20  day ahead inc hosp",2022-06-10,"quantile",0.1,25.7470625876088
2022-05-21,"47","20  day ahead inc hosp",2022-06-10,"quantile",0.15,39.2411171008284
2022-05-21,"47","20  day ahead inc hosp",2022-06-10,"quantile",0.2,49.965763857702
2022-05-21,"47","20  day ahead inc hosp",2022-06-10,"quantile",0.25,59.1665558344452
2022-05-21,"47","20  day ahead inc hosp",2022-06-10,"quantile",0.3,67.4291513919911
2022-05-21,"47","20  day ahead inc hosp",2022-06-10,"quantile",0.35,75.0856775489524
2022-05-21,"47","20  day ahead inc hosp",2022-06-10,"quantile",0.4,82.3509721385833
2022-05-21,"47","20  day ahead inc hosp",2022-06-10,"quantile",0.45,89.3802287346206
2022-05-21,"47","20  day ahead inc hosp",2022-06-10,"quantile",0.5,96.2980391230083
2022-05-21,"47","20  day ahead inc hosp",2022-06-10,"quantile",0.55,103.215849511396
2022-05-21,"47","20  day ahead inc hosp",2022-06-10,"quantile",0.6,110.245106107433
2022-05-21,"47","20  day ahead inc hosp",2022-06-10,"quantile",0.65,117.510400697064
2022-05-21,"47","20  day ahead inc hosp",2022-06-10,"quantile",0.7,125.166926854026
2022-05-21,"47","20  day ahead inc hosp",2022-06-10,"quantile",0.75,133.429522411571
2022-05-21,"47","20  day ahead inc hosp",2022-06-10,"quantile",0.8,142.630314388315
2022-05-21,"47","20  day ahead inc hosp",2022-06-10,"quantile",0.85,153.354961145188
2022-05-21,"47","20  day ahead inc hosp",2022-06-10,"quantile",0.9,166.849015658408
2022-05-21,"47","20  day ahead inc hosp",2022-06-10,"quantile",0.95,186.84923718573
2022-05-21,"47","20  day ahead inc hosp",2022-06-10,"quantile",0.975,204.196446648071
2022-05-21,"47","20  day ahead inc hosp",2022-06-10,"quantile",0.99,224.366326570253
2022-05-21,"47","21  day ahead inc hosp",2022-06-11,"quantile",0.01,0
2022-05-21,"47","21  day ahead inc hosp",2022-06-11,"quantile",0.025,0
2022-05-21,"47","21  day ahead inc hosp",2022-06-11,"quantile",0.05,3.93911539113954
2022-05-21,"47","21  day ahead inc hosp",2022-06-11,"quantile",0.1,24.3408068302175
2022-05-21,"47","21  day ahead inc hosp",2022-06-11,"quantile",0.15,38.1057311869162
2022-05-21,"47","21  day ahead inc hosp",2022-06-11,"quantile",0.2,49.0456567086382
2022-05-21,"47","21  day ahead inc hosp",2022-06-11,"quantile",0.25,58.4311386968366
2022-05-21,"47","21  day ahead inc hosp",2022-06-11,"quantile",0.3,66.859591592754
2022-05-21,"47","21  day ahead inc hosp",2022-06-11,"quantile",0.35,74.6698092914012
2022-05-21,"47","21  day ahead inc hosp",2022-06-11,"quantile",0.4,82.0809421245633
2022-05-21,"47","21  day ahead inc hosp",2022-06-11,"quantile",0.45,89.2512989089892
2022-05-21,"47","21  day ahead inc hosp",2022-06-11,"quantile",0.5,96.307972395587
2022-05-21,"47","21  day ahead inc hosp",2022-06-11,"quantile",0.55,103.364645882185
2022-05-21,"47","21  day ahead inc hosp",2022-06-11,"quantile",0.6,110.535002666611
2022-05-21,"47","21  day ahead inc hosp",2022-06-11,"quantile",0.65,117.946135499773
2022-05-21,"47","21  day ahead inc hosp",2022-06-11,"quantile",0.7,125.75635319842
2022-05-21,"47","21  day ahead inc hosp",2022-06-11,"quantile",0.75,134.184806094337
2022-05-21,"47","21  day ahead inc hosp",2022-06-11,"quantile",0.8,143.570288082536
2022-05-21,"47","21  day ahead inc hosp",2022-06-11,"quantile",0.85,154.510213604258
2022-05-21,"47","21  day ahead inc hosp",2022-06-11,"quantile",0.9,168.275137960956
2022-05-21,"47","21  day ahead inc hosp",2022-06-11,"quantile",0.95,188.676829400034
2022-05-21,"47","21  day ahead inc hosp",2022-06-11,"quantile",0.975,206.372254138019
2022-05-21,"47","21  day ahead inc hosp",2022-06-11,"quantile",0.99,226.947009571275
2022-05-21,"47","22  day ahead inc hosp",2022-06-12,"quantile",0.01,0
2022-05-21,"47","22  day ahead inc hosp",2022-06-12,"quantile",0.025,7.76416452770336
2022-05-21,"47","22  day ahead inc hosp",2022-06-12,"quantile",0.05,26.3352442135361
2022-05-21,"47","22  day ahead inc hosp",2022-06-12,"quantile",0.1,47.7465097271353
2022-05-21,"47","22  day ahead inc hosp",2022-06-12,"quantile",0.15,62.1925889189497
2022-05-21,"47","22  day ahead inc hosp",2022-06-12,"quantile",0.2,73.6738747105741
2022-05-21,"47","22  day ahead inc hosp",2022-06-12,"quantile",0.25,83.5237956067162
2022-05-21,"47","22  day ahead inc hosp",2022-06-12,"quantile",0.3,92.369328996055
2022-05-21,"47","22  day ahead inc hosp",2022-06-12,"quantile",0.35,100.566033929276
2022-05-21,"47","22  day ahead inc hosp",2022-06-12,"quantile",0.4,108.34390535338
2022-05-21,"47","22  day ahead inc hosp",2022-06-12,"quantile",0.45,115.869085968773
2022-05-21,"47","22  day ahead inc hosp",2022-06-12,"quantile",0.5,123.274957688552
2022-05-21,"47","22  day ahead inc hosp",2022-06-12,"quantile",0.55,130.680829408331
2022-05-21,"47","22  day ahead inc hosp",2022-06-12,"quantile",0.6,138.206010023724
2022-05-21,"47","22  day ahead inc hosp",2022-06-12,"quantile",0.65,145.983881447827
2022-05-21,"47","22  day ahead inc hosp",2022-06-12,"quantile",0.7,154.180586381049
2022-05-21,"47","22  day ahead inc hosp",2022-06-12,"quantile",0.75,163.026119770387
2022-05-21,"47","22  day ahead inc hosp",2022-06-12,"quantile",0.8,172.876040666529
2022-05-21,"47","22  day ahead inc hosp",2022-06-12,"quantile",0.85,184.357326458154
2022-05-21,"47","22  day ahead inc hosp",2022-06-12,"quantile",0.9,198.803405649968
2022-05-21,"47","22  day ahead inc hosp",2022-06-12,"quantile",0.95,220.214671163567
2022-05-21,"47","22  day ahead inc hosp",2022-06-12,"quantile",0.975,238.7857508494
2022-05-21,"47","22  day ahead inc hosp",2022-06-12,"quantile",0.99,260.378644398168
2022-05-21,"47","23  day ahead inc hosp",2022-06-13,"quantile",0.01,0
2022-05-21,"47","23  day ahead inc hosp",2022-06-13,"quantile",0.025,3.55909506479284
2022-05-21,"47","23  day ahead inc hosp",2022-06-13,"quantile",0.05,22.8089097761177
2022-05-21,"47","23  day ahead inc hosp",2022-06-13,"quantile",0.1,45.0027133052787
2022-05-21,"47","23  day ahead inc hosp",2022-06-13,"quantile",0.15,59.976767181085
2022-05-21,"47","23  day ahead inc hosp",2022-06-13,"quantile",0.2,71.8776705144081
2022-05-21,"47","23  day ahead inc hosp",2022-06-13,"quantile",0.25,82.0875858978734
2022-05-21,"47","23  day ahead inc hosp",2022-06-13,"quantile",0.3,91.2564054629257
2022-05-21,"47","23  day ahead inc hosp",2022-06-13,"quantile",0.35,99.7526832172168
2022-05-21,"47","23  day ahead inc hosp",2022-06-13,"quantile",0.4,107.814819953226
2022-05-21,"47","23  day ahead inc hosp",2022-06-13,"quantile",0.45,115.615030547663
2022-05-21,"47","23  day ahead inc hosp",2022-06-13,"quantile",0.5,123.291571750076
2022-05-21,"47","23  day ahead inc hosp",2022-06-13,"quantile",0.55,130.968112952488
2022-05-21,"47","23  day ahead inc hosp",2022-06-13,"quantile",0.6,138.768323546926
2022-05-21,"47","23  day ahead inc hosp",2022-06-13,"quantile",0.65,146.830460282935
2022-05-21,"47","23  day ahead inc hosp",2022-06-13,"quantile",0.7,155.326738037226
2022-05-21,"47","23  day ahead inc hosp",2022-06-13,"quantile",0.75,164.495557602278
2022-05-21,"47","23  day ahead inc hosp",2022-06-13,"quantile",0.8,174.705472985743
2022-05-21,"47","23  day ahead inc hosp",2022-06-13,"quantile",0.85,186.606376319067
2022-05-21,"47","23  day ahead inc hosp",2022-06-13,"quantile",0.9,201.580430194873
2022-05-21,"47","23  day ahead inc hosp",2022-06-13,"quantile",0.95,223.774233724034
2022-05-21,"47","23  day ahead inc hosp",2022-06-13,"quantile",0.975,243.024048435359
2022-05-21,"47","23  day ahead inc hosp",2022-06-13,"quantile",0.99,265.406118133344
2022-05-21,"47","24  day ahead inc hosp",2022-06-14,"quantile",0.01,0
2022-05-21,"47","24  day ahead inc hosp",2022-06-14,"quantile",0.025,0
2022-05-21,"47","24  day ahead inc hosp",2022-06-14,"quantile",0.05,19.2736546083945
2022-05-21,"47","24  day ahead inc hosp",2022-06-14,"quantile",0.1,42.1130892060109
2022-05-21,"47","24  day ahead inc hosp",2022-06-14,"quantile",0.15,57.5227472985638
2022-05-21,"47","24  day ahead inc hosp",2022-06-14,"quantile",0.2,69.7698550544224
2022-05-21,"47","24  day ahead inc hosp",2022-06-14,"quantile",0.25,80.2767830057968
2022-05-21,"47","24  day ahead inc hosp",2022-06-14,"quantile",0.3,89.7123290363908
2022-05-21,"47","24  day ahead inc hosp",2022-06-14,"quantile",0.35,98.455768611196
2022-05-21,"47","24  day ahead inc hosp",2022-06-14,"quantile",0.4,106.752437744866
2022-05-21,"47","24  day ahead inc hosp",2022-06-14,"quantile",0.45,114.779561148261
2022-05-21,"47","24  day ahead inc hosp",2022-06-14,"quantile",0.5,122.679417542774
2022-05-21,"47","24  day ahead inc hosp",2022-06-14,"quantile",0.55,130.579273937287
2022-05-21,"47","24  day ahead inc hosp",2022-06-14,"quantile",0.6,138.606397340683
2022-05-21,"47","24  day ahead inc hosp",2022-06-14,"quantile",0.65,146.903066474352
2022-05-21,"47","24  day ahead inc hosp",2022-06-14,"quantile",0.7,155.646506049157
2022-05-21,"47","24  day ahead inc hosp",2022-06-14,"quantile",0.75,165.082052079752
2022-05-21,"47","24  day ahead inc hosp",2022-06-14,"quantile",0.8,175.588980031126
2022-05-21,"47","24  day ahead inc hosp",2022-06-14,"quantile",0.85,187.836087786984
2022-05-21,"47","24  day ahead inc hosp",2022-06-14,"quantile",0.9,203.245745879537
2022-05-21,"47","24  day ahead inc hosp",2022-06-14,"quantile",0.95,226.085180477154
2022-05-21,"47","24  day ahead inc hosp",2022-06-14,"quantile",0.975,245.894983854834
2022-05-21,"47","24  day ahead inc hosp",2022-06-14,"quantile",0.99,268.928161397149
2022-05-21,"47","25  day ahead inc hosp",2022-06-15,"quantile",0.01,0
2022-05-21,"47","25  day ahead inc hosp",2022-06-15,"quantile",0.025,0
2022-05-21,"47","25  day ahead inc hosp",2022-06-15,"quantile",0.05,15.8024001820078
2022-05-21,"47","25  day ahead inc hosp",2022-06-15,"quantile",0.1,39.2067308987291
2022-05-21,"47","25  day ahead inc hosp",2022-06-15,"quantile",0.15,54.9975217209918
2022-05-21,"47","25  day ahead inc hosp",2022-06-15,"quantile",0.2,67.5475416882703
2022-05-21,"47","25  day ahead inc hosp",2022-06-15,"quantile",0.25,78.3143413452282
2022-05-21,"47","25  day ahead inc hosp",2022-06-15,"quantile",0.3,87.983260199109
2022-05-21,"47","25  day ahead inc hosp",2022-06-15,"quantile",0.35,96.9429544741926
2022-05-21,"47","25  day ahead inc hosp",2022-06-15,"quantile",0.4,105.444828170833
2022-05-21,"47","25  day ahead inc hosp",2022-06-15,"quantile",0.45,113.670489363716
2022-05-21,"47","25  day ahead inc hosp",2022-06-15,"quantile",0.5,121.765735806073
2022-05-21,"47","25  day ahead inc hosp",2022-06-15,"quantile",0.55,129.860982248429
2022-05-21,"47","25  day ahead inc hosp",2022-06-15,"quantile",0.6,138.086643441312
2022-05-21,"47","25  day ahead inc hosp",2022-06-15,"quantile",0.65,146.588517137953
2022-05-21,"47","25  day ahead inc hosp",2022-06-15,"quantile",0.7,155.548211413036
2022-05-21,"47","25  day ahead inc hosp",2022-06-15,"quantile",0.75,165.217130266917
2022-05-21,"47","25  day ahead inc hosp",2022-06-15,"quantile",0.8,175.983929923875
2022-05-21,"47","25  day ahead inc hosp",2022-06-15,"quantile",0.85,188.533949891154
2022-05-21,"47","25  day ahead inc hosp",2022-06-15,"quantile",0.9,204.324740713416
2022-05-21,"47","25  day ahead inc hosp",2022-06-15,"quantile",0.95,227.729071430138
2022-05-21,"47","25  day ahead inc hosp",2022-06-15,"quantile",0.975,248.028837945935
2022-05-21,"47","25  day ahead inc hosp",2022-06-15,"quantile",0.99,271.63170352272
2022-05-21,"47","26  day ahead inc hosp",2022-06-16,"quantile",0.01,0
2022-05-21,"47","26  day ahead inc hosp",2022-06-16,"quantile",0.025,0
2022-05-21,"47","26  day ahead inc hosp",2022-06-16,"quantile",0.05,13.7079993839635
2022-05-21,"47","26  day ahead inc hosp",2022-06-16,"quantile",0.1,37.6408024178497
2022-05-21,"47","26  day ahead inc hosp",2022-06-16,"quantile",0.15,53.7881510035756
2022-05-21,"47","26  day ahead inc hosp",2022-06-16,"quantile",0.2,66.6215517781435
2022-05-21,"47","26  day ahead inc hosp",2022-06-16,"quantile",0.25,77.6314669350502
2022-05-21,"47","26  day ahead inc hosp",2022-06-16,"quantile",0.3,87.5187110216854
2022-05-21,"47","26  day ahead inc hosp",2022-06-16,"quantile",0.35,96.6807161618799
2022-05-21,"47","26  day ahead inc hosp",2022-06-16,"quantile",0.4,105.374563085488
2022-05-21,"47","26  day ahead inc hosp",2022-06-16,"quantile",0.45,113.78596059715
2022-05-21,"47","26  day ahead inc hosp",2022-06-16,"quantile",0.5,122.063998579124
2022-05-21,"47","26  day ahead inc hosp",2022-06-16,"quantile",0.55,130.342036561097
2022-05-21,"47","26  day ahead inc hosp",2022-06-16,"quantile",0.6,138.753434072759
2022-05-21,"47","26  day ahead inc hosp",2022-06-16,"quantile",0.65,147.447280996368
2022-05-21,"47","26  day ahead inc hosp",2022-06-16,"quantile",0.7,156.609286136562
2022-05-21,"47","26  day ahead inc hosp",2022-06-16,"quantile",0.75,166.496530223198
2022-05-21,"47","26  day ahead inc hosp",2022-06-16,"quantile",0.8,177.506445380104
2022-05-21,"47","26  day ahead inc hosp",2022-06-16,"quantile",0.85,190.339846154672
2022-05-21,"47","26  day ahead inc hosp",2022-06-16,"quantile",0.9,206.487194740398
2022-05-21,"47","26  day ahead inc hosp",2022-06-16,"quantile",0.95,230.419997774284
2022-05-21,"47","26  day ahead inc hosp",2022-06-16,"quantile",0.975,251.178135212043
2022-05-21,"47","26  day ahead inc hosp",2022-06-16,"quantile",0.99,275.313956044591
2022-05-21,"47","27  day ahead inc hosp",2022-06-17,"quantile",0.01,0
2022-05-21,"47","27  day ahead inc hosp",2022-06-17,"quantile",0.025,0
2022-05-21,"47","27  day ahead inc hosp",2022-06-17,"quantile",0.05,11.7960261011162
2022-05-21,"47","27  day ahead inc hosp",2022-06-17,"quantile",0.1,36.2184211876674
2022-05-21,"47","27  day ahead inc hosp",2022-06-17,"quantile",0.15,52.6960952069828
2022-05-21,"47","27  day ahead inc hosp",2022-06-17,"quantile",0.2,65.7920281646383
2022-05-21,"47","27  day ahead inc hosp",2022-06-17,"quantile",0.25,77.0271725583253
2022-05-21,"47","27  day ahead inc hosp",2022-06-17,"quantile",0.3,87.1166794605915
2022-05-21,"47","27  day ahead inc hosp",2022-06-17,"quantile",0.35,96.4661112426534
2022-05-21,"47","27  day ahead inc hosp",2022-06-17,"quantile",0.4,105.337807720903
2022-05-21,"47","27  day ahead inc hosp",2022-06-17,"quantile",0.45,113.921276734916
2022-05-21,"47","27  day ahead inc hosp",2022-06-17,"quantile",0.5,122.36865809058
2022-05-21,"47","27  day ahead inc hosp",2022-06-17,"quantile",0.55,130.816039446244
2022-05-21,"47","27  day ahead inc hosp",2022-06-17,"quantile",0.6,139.399508460257
2022-05-21,"47","27  day ahead inc hosp",2022-06-17,"quantile",0.65,148.271204938507
2022-05-21,"47","27  day ahead inc hosp",2022-06-17,"quantile",0.7,157.620636720568
2022-05-21,"47","27  day ahead inc hosp",2022-06-17,"quantile",0.75,167.710143622835
2022-05-21,"47","27  day ahead inc hosp",2022-06-17,"quantile",0.8,178.945288016522
2022-05-21,"47","27  day ahead inc hosp",2022-06-17,"quantile",0.85,192.041220974177
2022-05-21,"47","27  day ahead inc hosp",2022-06-17,"quantile",0.9,208.518894993493
2022-05-21,"47","27  day ahead inc hosp",2022-06-17,"quantile",0.95,232.941290080044
2022-05-21,"47","27  day ahead inc hosp",2022-06-17,"quantile",0.975,254.124075608679
2022-05-21,"47","27  day ahead inc hosp",2022-06-17,"quantile",0.99,278.75364161798
2022-05-21,"47","28  day ahead inc hosp",2022-06-18,"quantile",0.01,0
2022-05-21,"47","28  day ahead inc hosp",2022-06-18,"quantile",0.025,0
2022-05-21,"47","28  day ahead inc hosp",2022-06-18,"quantile",0.05,9.21675167539991
2022-05-21,"47","28  day ahead inc hosp",2022-06-18,"quantile",0.1,34.1857649575273
2022-05-21,"47","28  day ahead inc hosp",2022-06-18,"quantile",0.15,51.0322396783223
2022-05-21,"47","28  day ahead inc hosp",2022-06-18,"quantile",0.2,64.4212837422936
2022-05-21,"47","28  day ahead inc hosp",2022-06-18,"quantile",0.25,75.9078913660919
2022-05-21,"47","28  day ahead inc hosp",2022-06-18,"quantile",0.3,86.2232200207958
2022-05-21,"47","28  day ahead inc hosp",2022-06-18,"quantile",0.35,95.7819093106599
2022-05-21,"47","28  day ahead inc hosp",2022-06-18,"quantile",0.4,104.852170700477
2022-05-21,"47","28  day ahead inc hosp",2022-06-18,"quantile",0.45,113.627753564405
2022-05-21,"47","28  day ahead inc hosp",2022-06-18,"quantile",0.5,122.264202877476
2022-05-21,"47","28  day ahead inc hosp",2022-06-18,"quantile",0.55,130.900652190546
2022-05-21,"47","28  day ahead inc hosp",2022-06-18,"quantile",0.6,139.676235054474
2022-05-21,"47","28  day ahead inc hosp",2022-06-18,"quantile",0.65,148.746496444291
2022-05-21,"47","28  day ahead inc hosp",2022-06-18,"quantile",0.7,158.305185734156
2022-05-21,"47","28  day ahead inc hosp",2022-06-18,"quantile",0.75,168.620514388859
2022-05-21,"47","28  day ahead inc hosp",2022-06-18,"quantile",0.8,180.107122012658
2022-05-21,"47","28  day ahead inc hosp",2022-06-18,"quantile",0.85,193.496166076629
2022-05-21,"47","28  day ahead inc hosp",2022-06-18,"quantile",0.9,210.342640797424
2022-05-21,"47","28  day ahead inc hosp",2022-06-18,"quantile",0.95,235.311654079551
2022-05-21,"47","28  day ahead inc hosp",2022-06-18,"quantile",0.975,256.968549373503
2022-05-21,"47","28  day ahead inc hosp",2022-06-18,"quantile",0.99,282.149370445303
2022-05-21,"47","29  day ahead inc hosp",2022-06-19,"quantile",0.01,0
2022-05-21,"47","29  day ahead inc hosp",2022-06-19,"quantile",0.025,0
2022-05-21,"47","29  day ahead inc hosp",2022-06-19,"quantile",0.05,16.0989932078063
2022-05-21,"47","29  day ahead inc hosp",2022-06-19,"quantile",0.1,41.6244356492634
2022-05-21,"47","29  day ahead inc hosp",2022-06-19,"quantile",0.15,58.8463304822047
2022-05-21,"47","29  day ahead inc hosp",2022-06-19,"quantile",0.2,72.5337465502502
2022-05-21,"47","29  day ahead inc hosp",2022-06-19,"quantile",0.25,84.2763307859971
2022-05-21,"47","29  day ahead inc hosp",2022-06-19,"quantile",0.3,94.8215343495206
2022-05-21,"47","29  day ahead inc hosp",2022-06-19,"quantile",0.35,104.593237000616
2022-05-21,"47","29  day ahead inc hosp",2022-06-19,"quantile",0.4,113.86562723962
2022-05-21,"47","29  day ahead inc hosp",2022-06-19,"quantile",0.45,122.836772104354
2022-05-21,"47","29  day ahead inc hosp",2022-06-19,"quantile",0.5,131.665682856591
2022-05-21,"47","29  day ahead inc hosp",2022-06-19,"quantile",0.55,140.494593608829
2022-05-21,"47","29  day ahead inc hosp",2022-06-19,"quantile",0.6,149.465738473563
2022-05-21,"47","29  day ahead inc hosp",2022-06-19,"quantile",0.65,158.738128712567
2022-05-21,"47","29  day ahead inc hosp",2022-06-19,"quantile",0.7,168.509831363662
2022-05-21,"47","29  day ahead inc hosp",2022-06-19,"quantile",0.75,179.055034927185
2022-05-21,"47","29  day ahead inc hosp",2022-06-19,"quantile",0.8,190.797619162932
2022-05-21,"47","29  day ahead inc hosp",2022-06-19,"quantile",0.85,204.485035230978
2022-05-21,"47","29  day ahead inc hosp",2022-06-19,"quantile",0.9,221.706930063919
2022-05-21,"47","29  day ahead inc hosp",2022-06-19,"quantile",0.95,247.232372505376
2022-05-21,"47","29  day ahead inc hosp",2022-06-19,"quantile",0.975,269.371887112551
2022-05-21,"47","29  day ahead inc hosp",2022-06-19,"quantile",0.99,295.113857435301
2022-05-21,"47","30  day ahead inc hosp",2022-06-20,"quantile",0.01,0
2022-05-21,"47","30  day ahead inc hosp",2022-06-20,"quantile",0.025,0
2022-05-21,"47","30  day ahead inc hosp",2022-06-20,"quantile",0.05,14.6450264862572
2022-05-21,"47","30  day ahead inc hosp",2022-06-20,"quantile",0.1,40.7132661175756
2022-05-21,"47","30  day ahead inc hosp",2022-06-20,"quantile",0.15,58.301383637581
2022-05-21,"47","30  day ahead inc hosp",2022-06-20,"quantile",0.2,72.2798618878095
2022-05-21,"47","30  day ahead inc hosp",2022-06-20,"quantile",0.25,84.2721515592013
2022-05-21,"47","30  day ahead inc hosp",2022-06-20,"quantile",0.3,95.0415983214049
2022-05-21,"47","30  day ahead inc hosp",2022-06-20,"quantile",0.35,105.021095714994
2022-05-21,"47","30  day ahead inc hosp",2022-06-20,"quantile",0.4,114.490662844333
2022-05-21,"47","30  day ahead inc hosp",2022-06-20,"quantile",0.45,123.652578632376
2022-05-21,"47","30  day ahead inc hosp",2022-06-20,"quantile",0.5,132.669235707007
2022-05-21,"47","30  day ahead inc hosp",2022-06-20,"quantile",0.55,141.685892781638
2022-05-21,"47","30  day ahead inc hosp",2022-06-20,"quantile",0.6,150.847808569681
2022-05-21,"47","30  day ahead inc hosp",2022-06-20,"quantile",0.65,160.317375699019
2022-05-21,"47","30  day ahead inc hosp",2022-06-20,"quantile",0.7,170.296873092609
2022-05-21,"47","30  day ahead inc hosp",2022-06-20,"quantile",0.75,181.066319854812
2022-05-21,"47","30  day ahead inc hosp",2022-06-20,"quantile",0.8,193.058609526204
2022-05-21,"47","30  day ahead inc hosp",2022-06-20,"quantile",0.85,207.037087776433
2022-05-21,"47","30  day ahead inc hosp",2022-06-20,"quantile",0.9,224.625205296438
2022-05-21,"47","30  day ahead inc hosp",2022-06-20,"quantile",0.95,250.693444927757
2022-05-21,"47","30  day ahead inc hosp",2022-06-20,"quantile",0.975,273.303755147632
2022-05-21,"47","30  day ahead inc hosp",2022-06-20,"quantile",0.99,299.593127114241
2022-05-21,"47","31  day ahead inc hosp",2022-06-21,"quantile",0.01,0
2022-05-21,"47","31  day ahead inc hosp",2022-06-21,"quantile",0.025,0
2022-05-21,"47","31  day ahead inc hosp",2022-06-21,"quantile",0.05,12.4805502186319
2022-05-21,"47","31  day ahead inc hosp",2022-06-21,"quantile",0.1,39.0696908024187
2022-05-21,"47","31  day ahead inc hosp",2022-06-21,"quantile",0.15,57.0092577220717
2022-05-21,"47","31  day ahead inc hosp",2022-06-21,"quantile",0.2,71.2670568139675
2022-05-21,"47","31  day ahead inc hosp",2022-06-21,"quantile",0.25,83.4989788963105
2022-05-21,"47","31  day ahead inc hosp",2022-06-21,"quantile",0.3,94.4836229696992
2022-05-21,"47","31  day ahead inc hosp",2022-06-21,"quantile",0.35,104.662532742912
2022-05-21,"47","31  day ahead inc hosp",2022-06-21,"quantile",0.4,114.321322719935
2022-05-21,"47","31  day ahead inc hosp",2022-06-21,"quantile",0.45,123.666313802969
2022-05-21,"47","31  day ahead inc hosp",2022-06-21,"quantile",0.5,132.863143582957
2022-05-21,"47","31  day ahead inc hosp",2022-06-21,"quantile",0.55,142.059973362944
2022-05-21,"47","31  day ahead inc hosp",2022-06-21,"quantile",0.6,151.404964445979
2022-05-21,"47","31  day ahead inc hosp",2022-06-21,"quantile",0.65,161.063754423001
2022-05-21,"47","31  day ahead inc hosp",2022-06-21,"quantile",0.7,171.242664196214
2022-05-21,"47","31  day ahead inc hosp",2022-06-21,"quantile",0.75,182.227308269603
2022-05-21,"47","31  day ahead inc hosp",2022-06-21,"quantile",0.8,194.459230351946
2022-05-21,"47","31  day ahead inc hosp",2022-06-21,"quantile",0.85,208.717029443842
2022-05-21,"47","31  day ahead inc hosp",2022-06-21,"quantile",0.9,226.656596363495
2022-05-21,"47","31  day ahead inc hosp",2022-06-21,"quantile",0.95,253.245736947282
2022-05-21,"47","31  day ahead inc hosp",2022-06-21,"quantile",0.975,276.307851059392
2022-05-21,"47","31  day ahead inc hosp",2022-06-21,"quantile",0.99,303.1225426905
2022-05-21,"47","32  day ahead inc hosp",2022-06-22,"quantile",0.01,0
2022-05-21,"47","32  day ahead inc hosp",2022-06-22,"quantile",0.025,0
2022-05-21,"47","32  day ahead inc hosp",2022-06-22,"quantile",0.05,9.65825933617089
2022-05-21,"47","32  day ahead inc hosp",2022-06-22,"quantile",0.1,36.7503163756336
2022-05-21,"47","32  day ahead inc hosp",2022-06-22,"quantile",0.15,55.0291986403298
2022-05-21,"47","32  day ahead inc hosp",2022-06-22,"quantile",0.2,69.5566748119507
2022-05-21,"47","32  day ahead inc hosp",2022-06-22,"quantile",0.25,82.0199558161953
2022-05-21,"47","32  day ahead inc hosp",2022-06-22,"quantile",0.3,93.2123673518997
2022-05-21,"47","32  day ahead inc hosp",2022-06-22,"quantile",0.35,103.58380464249
2022-05-21,"47","32  day ahead inc hosp",2022-06-22,"quantile",0.4,113.425284406196
2022-05-21,"47","32  day ahead inc hosp",2022-06-22,"quantile",0.45,122.947029972099
2022-05-21,"47","32  day ahead inc hosp",2022-06-22,"quantile",0.5,132.317811859408
2022-05-21,"47","32  day ahead inc hosp",2022-06-22,"quantile",0.55,141.688593746716
2022-05-21,"47","32  day ahead inc hosp",2022-06-22,"quantile",0.6,151.21033931262
2022-05-21,"47","32  day ahead inc hosp",2022-06-22,"quantile",0.65,161.051819076326
2022-05-21,"47","32  day ahead inc hosp",2022-06-22,"quantile",0.7,171.423256366916
2022-05-21,"47","32  day ahead inc hosp",2022-06-22,"quantile",0.75,182.615667902621
2022-05-21,"47","32  day ahead inc hosp",2022-06-22,"quantile",0.8,195.078948906865
2022-05-21,"47","32  day ahead inc hosp",2022-06-22,"quantile",0.85,209.606425078486
2022-05-21,"47","32  day ahead inc hosp",2022-06-22,"quantile",0.9,227.885307343182
2022-05-21,"47","32  day ahead inc hosp",2022-06-22,"quantile",0.95,254.977364382645
2022-05-21,"47","32  day ahead inc hosp",2022-06-22,"quantile",0.975,278.475683518122
2022-05-21,"47","32  day ahead inc hosp",2022-06-22,"quantile",0.99,305.797557757583
2022-05-21,"47","33  day ahead inc hosp",2022-06-23,"quantile",0.01,0
2022-05-21,"47","33  day ahead inc hosp",2022-06-23,"quantile",0.025,0
2022-05-21,"47","33  day ahead inc hosp",2022-06-23,"quantile",0.05,8.15603024150441
2022-05-21,"47","33  day ahead inc hosp",2022-06-23,"quantile",0.1,35.7318825702478
2022-05-21,"47","33  day ahead inc hosp",2022-06-23,"quantile",0.15,54.3371792197984
2022-05-21,"47","33  day ahead inc hosp",2022-06-23,"quantile",0.2,69.1240791969549
2022-05-21,"47","33  day ahead inc hosp",2022-06-23,"quantile",0.25,81.8099227268155
2022-05-21,"47","33  day ahead inc hosp",2022-06-23,"quantile",0.3,93.2022022891071
2022-05-21,"47","33  day ahead inc hosp",2022-06-23,"quantile",0.35,103.758847092621
2022-05-21,"47","33  day ahead inc hosp",2022-06-23,"quantile",0.4,113.776070674609
2022-05-21,"47","33  day ahead inc hosp",2022-06-23,"quantile",0.45,123.467850418567
2022-05-21,"47","33  day ahead inc hosp",2022-06-23,"quantile",0.5,133.005970656276
2022-05-21,"47","33  day ahead inc hosp",2022-06-23,"quantile",0.55,142.544090893986
2022-05-21,"47","33  day ahead inc hosp",2022-06-23,"quantile",0.6,152.235870637944
2022-05-21,"47","33  day ahead inc hosp",2022-06-23,"quantile",0.65,162.253094219932
2022-05-21,"47","33  day ahead inc hosp",2022-06-23,"quantile",0.7,172.809739023446
2022-05-21,"47","33  day ahead inc hosp",2022-06-23,"quantile",0.75,184.202018585737
2022-05-21,"47","33  day ahead inc hosp",2022-06-23,"quantile",0.8,196.887862115598
2022-05-21,"47","33  day ahead inc hosp",2022-06-23,"quantile",0.85,211.674762092755
2022-05-21,"47","33  day ahead inc hosp",2022-06-23,"quantile",0.9,230.280058742305
2022-05-21,"47","33  day ahead inc hosp",2022-06-23,"quantile",0.95,257.855911071049
2022-05-21,"47","33  day ahead inc hosp",2022-06-23,"quantile",0.975,281.77385046966
2022-05-21,"47","33  day ahead inc hosp",2022-06-23,"quantile",0.99,309.583623949556
2022-05-21,"47","34  day ahead inc hosp",2022-06-24,"quantile",0.01,0
2022-05-21,"47","34  day ahead inc hosp",2022-06-24,"quantile",0.025,0
2022-05-21,"47","34  day ahead inc hosp",2022-06-24,"quantile",0.05,6.94185570422468
2022-05-21,"47","34  day ahead inc hosp",2022-06-24,"quantile",0.1,34.9967116931208
2022-05-21,"47","34  day ahead inc hosp",2022-06-24,"quantile",0.15,53.9251898381015
2022-05-21,"47","34  day ahead inc hosp",2022-06-24,"quantile",0.2,68.968944222764
2022-05-21,"47","34  day ahead inc hosp",2022-06-24,"quantile",0.25,81.8751459635146
2022-05-21,"47","34  day ahead inc hosp",2022-06-24,"quantile",0.3,93.4653140096422
2022-05-21,"47","34  day ahead inc hosp",2022-06-24,"quantile",0.35,104.205331984709
2022-05-21,"47","34  day ahead inc hosp",2022-06-24,"quantile",0.4,114.396558774401
2022-05-21,"47","34  day ahead inc hosp",2022-06-24,"quantile",0.45,124.256688635534
2022-05-21,"47","34  day ahead inc hosp",2022-06-24,"quantile",0.5,133.960489862914
2022-05-21,"47","34  day ahead inc hosp",2022-06-24,"quantile",0.55,143.664291090294
2022-05-21,"47","34  day ahead inc hosp",2022-06-24,"quantile",0.6,153.524420951427
2022-05-21,"47","34  day ahead inc hosp",2022-06-24,"quantile",0.65,163.715647741119
2022-05-21,"47","34  day ahead inc hosp",2022-06-24,"quantile",0.7,174.455665716186
2022-05-21,"47","34  day ahead inc hosp",2022-06-24,"quantile",0.75,186.045833762313
2022-05-21,"47","34  day ahead inc hosp",2022-06-24,"quantile",0.8,198.952035503064
2022-05-21,"47","34  day ahead inc hosp",2022-06-24,"quantile",0.85,213.995789887726
2022-05-21,"47","34  day ahead inc hosp",2022-06-24,"quantile",0.9,232.924268032707
2022-05-21,"47","34  day ahead inc hosp",2022-06-24,"quantile",0.95,260.979124021603
2022-05-21,"47","34  day ahead inc hosp",2022-06-24,"quantile",0.975,285.312527659676
2022-05-21,"47","34  day ahead inc hosp",2022-06-24,"quantile",0.99,313.605368104324
2022-05-21,"47","35  day ahead inc hosp",2022-06-25,"quantile",0.01,0
2022-05-21,"47","35  day ahead inc hosp",2022-06-25,"quantile",0.025,0
2022-05-21,"47","35  day ahead inc hosp",2022-06-25,"quantile",0.05,3.72068376338717
2022-05-21,"47","35  day ahead inc hosp",2022-06-25,"quantile",0.1,32.2517862647986
2022-05-21,"47","35  day ahead inc hosp",2022-06-25,"quantile",0.15,51.501585670788
2022-05-21,"47","35  day ahead inc hosp",2022-06-25,"quantile",0.2,66.8007160076089
2022-05-21,"47","35  day ahead inc hosp",2022-06-25,"quantile",0.25,79.9260075762055
2022-05-21,"47","35  day ahead inc hosp",2022-06-25,"quantile",0.3,91.7129250589947
2022-05-21,"47","35  day ahead inc hosp",2022-06-25,"quantile",0.35,102.635260708656
2022-05-21,"47","35  day ahead inc hosp",2022-06-25,"quantile",0.4,112.999489142653
2022-05-21,"47","35  day ahead inc hosp",2022-06-25,"quantile",0.45,123.027000096784
2022-05-21,"47","35  day ahead inc hosp",2022-06-25,"quantile",0.5,132.89552865317
2022-05-21,"47","35  day ahead inc hosp",2022-06-25,"quantile",0.55,142.764057209556
2022-05-21,"47","35  day ahead inc hosp",2022-06-25,"quantile",0.6,152.791568163686
2022-05-21,"47","35  day ahead inc hosp",2022-06-25,"quantile",0.65,163.155796597683
2022-05-21,"47","35  day ahead inc hosp",2022-06-25,"quantile",0.7,174.078132247345
2022-05-21,"47","35  day ahead inc hosp",2022-06-25,"quantile",0.75,185.865049730134
2022-05-21,"47","35  day ahead inc hosp",2022-06-25,"quantile",0.8,198.990341298731
2022-05-21,"47","35  day ahead inc hosp",2022-06-25,"quantile",0.85,214.289471635552
2022-05-21,"47","35  day ahead inc hosp",2022-06-25,"quantile",0.9,233.539271041541
2022-05-21,"47","35  day ahead inc hosp",2022-06-25,"quantile",0.95,262.070373542952
2022-05-21,"47","35  day ahead inc hosp",2022-06-25,"quantile",0.975,286.816850006095
2022-05-21,"47","35  day ahead inc hosp",2022-06-25,"quantile",0.99,315.589976879454
2022-05-21,"47","36  day ahead inc hosp",2022-06-26,"quantile",0.01,0
2022-05-21,"47","36  day ahead inc hosp",2022-06-26,"quantile",0.025,0
2022-05-21,"47","36  day ahead inc hosp",2022-06-26,"quantile",0.05,9.19176606415442
2022-05-21,"47","36  day ahead inc hosp",2022-06-26,"quantile",0.1,38.1943451952401
2022-05-21,"47","36  day ahead inc hosp",2022-06-26,"quantile",0.15,57.7622476449305
2022-05-21,"47","36  day ahead inc hosp",2022-06-26,"quantile",0.2,73.3141961968132
2022-05-21,"47","36  day ahead inc hosp",2022-06-26,"quantile",0.25,86.656383282572
2022-05-21,"47","36  day ahead inc hosp",2022-06-26,"quantile",0.3,98.6380796432107
2022-05-21,"47","36  day ahead inc hosp",2022-06-26,"quantile",0.35,109.740906951056
2022-05-21,"47","36  day ahead inc hosp",2022-06-26,"quantile",0.4,120.276404318351
2022-05-21,"47","36  day ahead inc hosp",2022-06-26,"quantile",0.45,130.469619947526
2022-05-21,"47","36  day ahead inc hosp",2022-06-26,"quantile",0.5,140.501225993938
2022-05-21,"47","36  day ahead inc hosp",2022-06-26,"quantile",0.55,150.53283204035
2022-05-21,"47","36  day ahead inc hosp",2022-06-26,"quantile",0.6,160.726047669526
2022-05-21,"47","36  day ahead inc hosp",2022-06-26,"quantile",0.65,171.261545036821
2022-05-21,"47","36  day ahead inc hosp",2022-06-26,"quantile",0.7,182.364372344666
2022-05-21,"47","36  day ahead inc hosp",2022-06-26,"quantile",0.75,194.346068705305
2022-05-21,"47","36  day ahead inc hosp",2022-06-26,"quantile",0.8,207.688255791063
2022-05-21,"47","36  day ahead inc hosp",2022-06-26,"quantile",0.85,223.240204342946
2022-05-21,"47","36  day ahead inc hosp",2022-06-26,"quantile",0.9,242.808106792636
2022-05-21,"47","36  day ahead inc hosp",2022-06-26,"quantile",0.95,271.810685923722
2022-05-21,"47","36  day ahead inc hosp",2022-06-26,"quantile",0.975,296.966098049921
2022-05-21,"47","36  day ahead inc hosp",2022-06-26,"quantile",0.99,326.214701007065
2022-05-21,"47","37  day ahead inc hosp",2022-06-27,"quantile",0.01,0
2022-05-21,"47","37  day ahead inc hosp",2022-06-27,"quantile",0.025,0
2022-05-21,"47","37  day ahead inc hosp",2022-06-27,"quantile",0.05,8.25134464247103
2022-05-21,"47","37  day ahead inc hosp",2022-06-27,"quantile",0.1,37.7180201865701
2022-05-21,"47","37  day ahead inc hosp",2022-06-27,"quantile",0.15,57.5990462828179
2022-05-21,"47","37  day ahead inc hosp",2022-06-27,"quantile",0.2,73.3998555827629
2022-05-21,"47","37  day ahead inc hosp",2022-06-27,"quantile",0.25,86.955543031378
2022-05-21,"47","37  day ahead inc hosp",2022-06-27,"quantile",0.3,99.1289693163677
2022-05-21,"47","37  day ahead inc hosp",2022-06-27,"quantile",0.35,110.409462972594
2022-05-21,"47","37  day ahead inc hosp",2022-06-27,"quantile",0.4,121.113548330474
2022-05-21,"47","37  day ahead inc hosp",2022-06-27,"quantile",0.45,131.469874791593
2022-05-21,"47","37  day ahead inc hosp",2022-06-27,"quantile",0.5,141.662005609332
2022-05-21,"47","37  day ahead inc hosp",2022-06-27,"quantile",0.55,151.85413642707
2022-05-21,"47","37  day ahead inc hosp",2022-06-27,"quantile",0.6,162.210462888189
2022-05-21,"47","37  day ahead inc hosp",2022-06-27,"quantile",0.65,172.914548246069
2022-05-21,"47","37  day ahead inc hosp",2022-06-27,"quantile",0.7,184.195041902295
2022-05-21,"47","37  day ahead inc hosp",2022-06-27,"quantile",0.75,196.368468187285
2022-05-21,"47","37  day ahead inc hosp",2022-06-27,"quantile",0.8,209.9241556359
2022-05-21,"47","37  day ahead inc hosp",2022-06-27,"quantile",0.85,225.724964935845
2022-05-21,"47","37  day ahead inc hosp",2022-06-27,"quantile",0.9,245.605991032093
2022-05-21,"47","37  day ahead inc hosp",2022-06-27,"quantile",0.95,275.072666576192
2022-05-21,"47","37  day ahead inc hosp",2022-06-27,"quantile",0.975,300.630613128136
2022-05-21,"47","37  day ahead inc hosp",2022-06-27,"quantile",0.99,330.347249347312
2022-05-21,"48","1  day ahead inc hosp",2022-05-22,"quantile",0.01,111.371218081057
2022-05-21,"48","1  day ahead inc hosp",2022-05-22,"quantile",0.025,136.789760752736
2022-05-21,"48","1  day ahead inc hosp",2022-05-22,"quantile",0.05,158.651109737177
2022-05-21,"48","1  day ahead inc hosp",2022-05-22,"quantile",0.1,183.855845030429
2022-05-21,"48","1  day ahead inc hosp",2022-05-22,"quantile",0.15,200.861360273038
2022-05-21,"48","1  day ahead inc hosp",2022-05-22,"quantile",0.2,214.376804702059
2022-05-21,"48","1  day ahead inc hosp",2022-05-22,"quantile",0.25,225.971852584169
2022-05-21,"48","1  day ahead inc hosp",2022-05-22,"quantile",0.3,236.384563942323
2022-05-21,"48","1  day ahead inc hosp",2022-05-22,"quantile",0.35,246.033492819858
2022-05-21,"48","1  day ahead inc hosp",2022-05-22,"quantile",0.4,255.189382753826
2022-05-21,"48","1  day ahead inc hosp",2022-05-22,"quantile",0.45,264.047812225192
2022-05-21,"48","1  day ahead inc hosp",2022-05-22,"quantile",0.5,272.765794644038
2022-05-21,"48","1  day ahead inc hosp",2022-05-22,"quantile",0.55,281.483777062884
2022-05-21,"48","1  day ahead inc hosp",2022-05-22,"quantile",0.6,290.34220653425
2022-05-21,"48","1  day ahead inc hosp",2022-05-22,"quantile",0.65,299.498096468218
2022-05-21,"48","1  day ahead inc hosp",2022-05-22,"quantile",0.7,309.147025345753
2022-05-21,"48","1  day ahead inc hosp",2022-05-22,"quantile",0.75,319.559736703908
2022-05-21,"48","1  day ahead inc hosp",2022-05-22,"quantile",0.8,331.154784586017
2022-05-21,"48","1  day ahead inc hosp",2022-05-22,"quantile",0.85,344.670229015038
2022-05-21,"48","1  day ahead inc hosp",2022-05-22,"quantile",0.9,361.675744257647
2022-05-21,"48","1  day ahead inc hosp",2022-05-22,"quantile",0.95,386.880479550899
2022-05-21,"48","1  day ahead inc hosp",2022-05-22,"quantile",0.975,408.74182853534
2022-05-21,"48","1  day ahead inc hosp",2022-05-22,"quantile",0.99,434.160371207019
2022-05-21,"48","2  day ahead inc hosp",2022-05-23,"quantile",0.01,80.0190227553849
2022-05-21,"48","2  day ahead inc hosp",2022-05-23,"quantile",0.025,112.321341118411
2022-05-21,"48","2  day ahead inc hosp",2022-05-23,"quantile",0.05,140.103116960636
2022-05-21,"48","2  day ahead inc hosp",2022-05-23,"quantile",0.1,172.133725253752
2022-05-21,"48","2  day ahead inc hosp",2022-05-23,"quantile",0.15,193.744624603465
2022-05-21,"48","2  day ahead inc hosp",2022-05-23,"quantile",0.2,210.920282327165
2022-05-21,"48","2  day ahead inc hosp",2022-05-23,"quantile",0.25,225.655467304537
2022-05-21,"48","2  day ahead inc hosp",2022-05-23,"quantile",0.3,238.888118824254
2022-05-21,"48","2  day ahead inc hosp",2022-05-23,"quantile",0.35,251.150142516572
2022-05-21,"48","2  day ahead inc hosp",2022-05-23,"quantile",0.4,262.785603894671
2022-05-21,"48","2  day ahead inc hosp",2022-05-23,"quantile",0.45,274.043047434079
2022-05-21,"48","2  day ahead inc hosp",2022-05-23,"quantile",0.5,285.122008459275
2022-05-21,"48","2  day ahead inc hosp",2022-05-23,"quantile",0.55,296.200969484472
2022-05-21,"48","2  day ahead inc hosp",2022-05-23,"quantile",0.6,307.45841302388
2022-05-21,"48","2  day ahead inc hosp",2022-05-23,"quantile",0.65,319.093874401978
2022-05-21,"48","2  day ahead inc hosp",2022-05-23,"quantile",0.7,331.355898094296
2022-05-21,"48","2  day ahead inc hosp",2022-05-23,"quantile",0.75,344.588549614014
2022-05-21,"48","2  day ahead inc hosp",2022-05-23,"quantile",0.8,359.323734591386
2022-05-21,"48","2  day ahead inc hosp",2022-05-23,"quantile",0.85,376.499392315086
2022-05-21,"48","2  day ahead inc hosp",2022-05-23,"quantile",0.9,398.110291664798
2022-05-21,"48","2  day ahead inc hosp",2022-05-23,"quantile",0.95,430.140899957915
2022-05-21,"48","2  day ahead inc hosp",2022-05-23,"quantile",0.975,457.92267580014
2022-05-21,"48","2  day ahead inc hosp",2022-05-23,"quantile",0.99,490.224994163166
2022-05-21,"48","3  day ahead inc hosp",2022-05-24,"quantile",0.01,52.3565426692316
2022-05-21,"48","3  day ahead inc hosp",2022-05-24,"quantile",0.025,87.460575805163
2022-05-21,"48","3  day ahead inc hosp",2022-05-24,"quantile",0.05,117.651980916716
2022-05-21,"48","3  day ahead inc hosp",2022-05-24,"quantile",0.1,152.460737435339
2022-05-21,"48","3  day ahead inc hosp",2022-05-24,"quantile",0.15,175.946040203512
2022-05-21,"48","3  day ahead inc hosp",2022-05-24,"quantile",0.2,194.611414344407
2022-05-21,"48","3  day ahead inc hosp",2022-05-24,"quantile",0.25,210.624643360868
2022-05-21,"48","3  day ahead inc hosp",2022-05-24,"quantile",0.3,225.005017927298
2022-05-21,"48","3  day ahead inc hosp",2022-05-24,"quantile",0.35,238.330578067322
2022-05-21,"48","3  day ahead inc hosp",2022-05-24,"quantile",0.4,250.975231530838
2022-05-21,"48","3  day ahead inc hosp",2022-05-24,"quantile",0.45,263.209080092172
2022-05-21,"48","3  day ahead inc hosp",2022-05-24,"quantile",0.5,275.248965606561
2022-05-21,"48","3  day ahead inc hosp",2022-05-24,"quantile",0.55,287.288851120951
2022-05-21,"48","3  day ahead inc hosp",2022-05-24,"quantile",0.6,299.522699682285
2022-05-21,"48","3  day ahead inc hosp",2022-05-24,"quantile",0.65,312.167353145801
2022-05-21,"48","3  day ahead inc hosp",2022-05-24,"quantile",0.7,325.492913285825
2022-05-21,"48","3  day ahead inc hosp",2022-05-24,"quantile",0.75,339.873287852255
2022-05-21,"48","3  day ahead inc hosp",2022-05-24,"quantile",0.8,355.886516868715
2022-05-21,"48","3  day ahead inc hosp",2022-05-24,"quantile",0.85,374.551891009611
2022-05-21,"48","3  day ahead inc hosp",2022-05-24,"quantile",0.9,398.037193777784
2022-05-21,"48","3  day ahead inc hosp",2022-05-24,"quantile",0.95,432.845950296407
2022-05-21,"48","3  day ahead inc hosp",2022-05-24,"quantile",0.975,463.03735540796
2022-05-21,"48","3  day ahead inc hosp",2022-05-24,"quantile",0.99,498.141388543891
2022-05-21,"48","4  day ahead inc hosp",2022-05-25,"quantile",0.01,53.8298146250221
2022-05-21,"48","4  day ahead inc hosp",2022-05-25,"quantile",0.025,91.2108851556763
2022-05-21,"48","4  day ahead inc hosp",2022-05-25,"quantile",0.05,123.360668045989
2022-05-21,"48","4  day ahead inc hosp",2022-05-25,"quantile",0.1,160.427308721392
2022-05-21,"48","4  day ahead inc hosp",2022-05-25,"quantile",0.15,185.435995210815
2022-05-21,"48","4  day ahead inc hosp",2022-05-25,"quantile",0.2,205.312106441114
2022-05-21,"48","4  day ahead inc hosp",2022-05-25,"quantile",0.25,222.364040074208
2022-05-21,"48","4  day ahead inc hosp",2022-05-25,"quantile",0.3,237.67720348889
2022-05-21,"48","4  day ahead inc hosp",2022-05-25,"quantile",0.35,251.867131510148
2022-05-21,"48","4  day ahead inc hosp",2022-05-25,"quantile",0.4,265.331985566235
2022-05-21,"48","4  day ahead inc hosp",2022-05-25,"quantile",0.45,278.359387692986
2022-05-21,"48","4  day ahead inc hosp",2022-05-25,"quantile",0.5,291.18024528082
2022-05-21,"48","4  day ahead inc hosp",2022-05-25,"quantile",0.55,304.001102868655
2022-05-21,"48","4  day ahead inc hosp",2022-05-25,"quantile",0.6,317.028504995406
2022-05-21,"48","4  day ahead inc hosp",2022-05-25,"quantile",0.65,330.493359051493
2022-05-21,"48","4  day ahead inc hosp",2022-05-25,"quantile",0.7,344.683287072751
2022-05-21,"48","4  day ahead inc hosp",2022-05-25,"quantile",0.75,359.996450487433
2022-05-21,"48","4  day ahead inc hosp",2022-05-25,"quantile",0.8,377.048384120527
2022-05-21,"48","4  day ahead inc hosp",2022-05-25,"quantile",0.85,396.924495350826
2022-05-21,"48","4  day ahead inc hosp",2022-05-25,"quantile",0.9,421.933181840249
2022-05-21,"48","4  day ahead inc hosp",2022-05-25,"quantile",0.95,458.999822515652
2022-05-21,"48","4  day ahead inc hosp",2022-05-25,"quantile",0.975,491.149605405964
2022-05-21,"48","4  day ahead inc hosp",2022-05-25,"quantile",0.99,528.530675936619
2022-05-21,"48","5  day ahead inc hosp",2022-05-26,"quantile",0.01,47.9041487673512
2022-05-21,"48","5  day ahead inc hosp",2022-05-26,"quantile",0.025,88.0767985398329
2022-05-21,"48","5  day ahead inc hosp",2022-05-26,"quantile",0.05,122.627493583591
2022-05-21,"48","5  day ahead inc hosp",2022-05-26,"quantile",0.1,162.462232208165
2022-05-21,"48","5  day ahead inc hosp",2022-05-26,"quantile",0.15,189.33854124232
2022-05-21,"48","5  day ahead inc hosp",2022-05-26,"quantile",0.2,210.698979666331
2022-05-21,"48","5  day ahead inc hosp",2022-05-26,"quantile",0.25,229.024333864632
2022-05-21,"48","5  day ahead inc hosp",2022-05-26,"quantile",0.3,245.481068303587
2022-05-21,"48","5  day ahead inc hosp",2022-05-26,"quantile",0.35,260.730685304984
2022-05-21,"48","5  day ahead inc hosp",2022-05-26,"quantile",0.4,275.201080576013
2022-05-21,"48","5  day ahead inc hosp",2022-05-26,"quantile",0.45,289.201355465253
2022-05-21,"48","5  day ahead inc hosp",2022-05-26,"quantile",0.5,302.979661285483
2022-05-21,"48","5  day ahead inc hosp",2022-05-26,"quantile",0.55,316.757967105713
2022-05-21,"48","5  day ahead inc hosp",2022-05-26,"quantile",0.6,330.758241994954
2022-05-21,"48","5  day ahead inc hosp",2022-05-26,"quantile",0.65,345.228637265982
2022-05-21,"48","5  day ahead inc hosp",2022-05-26,"quantile",0.7,360.47825426738
2022-05-21,"48","5  day ahead inc hosp",2022-05-26,"quantile",0.75,376.934988706335
2022-05-21,"48","5  day ahead inc hosp",2022-05-26,"quantile",0.8,395.260342904635
2022-05-21,"48","5  day ahead inc hosp",2022-05-26,"quantile",0.85,416.620781328647
2022-05-21,"48","5  day ahead inc hosp",2022-05-26,"quantile",0.9,443.497090362801
2022-05-21,"48","5  day ahead inc hosp",2022-05-26,"quantile",0.95,483.331828987376
2022-05-21,"48","5  day ahead inc hosp",2022-05-26,"quantile",0.975,517.882524031134
2022-05-21,"48","5  day ahead inc hosp",2022-05-26,"quantile",0.99,558.055173803615
2022-05-21,"48","6  day ahead inc hosp",2022-05-27,"quantile",0.01,25.521153783171
2022-05-21,"48","6  day ahead inc hosp",2022-05-27,"quantile",0.025,69.3388603802875
2022-05-21,"48","6  day ahead inc hosp",2022-05-27,"quantile",0.05,107.024505383244
2022-05-21,"48","6  day ahead inc hosp",2022-05-27,"quantile",0.1,150.473640536387
2022-05-21,"48","6  day ahead inc hosp",2022-05-27,"quantile",0.15,179.78856574898
2022-05-21,"48","6  day ahead inc hosp",2022-05-27,"quantile",0.2,203.087139005909
2022-05-21,"48","6  day ahead inc hosp",2022-05-27,"quantile",0.25,223.075240316055
2022-05-21,"48","6  day ahead inc hosp",2022-05-27,"quantile",0.3,241.025173050807
2022-05-21,"48","6  day ahead inc hosp",2022-05-27,"quantile",0.35,257.658460804291
2022-05-21,"48","6  day ahead inc hosp",2022-05-27,"quantile",0.4,273.441824309593
2022-05-21,"48","6  day ahead inc hosp",2022-05-27,"quantile",0.45,288.712411160349
2022-05-21,"48","6  day ahead inc hosp",2022-05-27,"quantile",0.5,303.740888625875
2022-05-21,"48","6  day ahead inc hosp",2022-05-27,"quantile",0.55,318.7693660914
2022-05-21,"48","6  day ahead inc hosp",2022-05-27,"quantile",0.6,334.039952942156
2022-05-21,"48","6  day ahead inc hosp",2022-05-27,"quantile",0.65,349.823316447458
2022-05-21,"48","6  day ahead inc hosp",2022-05-27,"quantile",0.7,366.456604200942
2022-05-21,"48","6  day ahead inc hosp",2022-05-27,"quantile",0.75,384.406536935694
2022-05-21,"48","6  day ahead inc hosp",2022-05-27,"quantile",0.8,404.39463824584
2022-05-21,"48","6  day ahead inc hosp",2022-05-27,"quantile",0.85,427.693211502769
2022-05-21,"48","6  day ahead inc hosp",2022-05-27,"quantile",0.9,457.008136715362
2022-05-21,"48","6  day ahead inc hosp",2022-05-27,"quantile",0.95,500.457271868505
2022-05-21,"48","6  day ahead inc hosp",2022-05-27,"quantile",0.975,538.142916871461
2022-05-21,"48","6  day ahead inc hosp",2022-05-27,"quantile",0.99,581.960623468578
2022-05-21,"48","7  day ahead inc hosp",2022-05-28,"quantile",0.01,0
2022-05-21,"48","7  day ahead inc hosp",2022-05-28,"quantile",0.025,47.3362034225062
2022-05-21,"48","7  day ahead inc hosp",2022-05-28,"quantile",0.05,88.9386198381945
2022-05-21,"48","7  day ahead inc hosp",2022-05-28,"quantile",0.1,136.903541584944
2022-05-21,"48","7  day ahead inc hosp",2022-05-28,"quantile",0.15,169.265246573499
2022-05-21,"48","7  day ahead inc hosp",2022-05-28,"quantile",0.2,194.985303811478
2022-05-21,"48","7  day ahead inc hosp",2022-05-28,"quantile",0.25,217.050822764342
2022-05-21,"48","7  day ahead inc hosp",2022-05-28,"quantile",0.3,236.866340747547
2022-05-21,"48","7  day ahead inc hosp",2022-05-28,"quantile",0.35,255.228371261504
2022-05-21,"48","7  day ahead inc hosp",2022-05-28,"quantile",0.4,272.652142592371
2022-05-21,"48","7  day ahead inc hosp",2022-05-28,"quantile",0.45,289.509842998647
2022-05-21,"48","7  day ahead inc hosp",2022-05-28,"quantile",0.5,306.100270933887
2022-05-21,"48","7  day ahead inc hosp",2022-05-28,"quantile",0.55,322.690698869127
2022-05-21,"48","7  day ahead inc hosp",2022-05-28,"quantile",0.6,339.548399275403
2022-05-21,"48","7  day ahead inc hosp",2022-05-28,"quantile",0.65,356.972170606269
2022-05-21,"48","7  day ahead inc hosp",2022-05-28,"quantile",0.7,375.334201120226
2022-05-21,"48","7  day ahead inc hosp",2022-05-28,"quantile",0.75,395.149719103431
2022-05-21,"48","7  day ahead inc hosp",2022-05-28,"quantile",0.8,417.215238056295
2022-05-21,"48","7  day ahead inc hosp",2022-05-28,"quantile",0.85,442.935295294274
2022-05-21,"48","7  day ahead inc hosp",2022-05-28,"quantile",0.9,475.297000282829
2022-05-21,"48","7  day ahead inc hosp",2022-05-28,"quantile",0.95,523.261922029579
2022-05-21,"48","7  day ahead inc hosp",2022-05-28,"quantile",0.975,564.864338445267
2022-05-21,"48","7  day ahead inc hosp",2022-05-28,"quantile",0.99,613.236138266942
2022-05-21,"48","8  day ahead inc hosp",2022-05-29,"quantile",0.01,8.83107913237586
2022-05-21,"48","8  day ahead inc hosp",2022-05-29,"quantile",0.025,62.5740164423482
2022-05-21,"48","8  day ahead inc hosp",2022-05-29,"quantile",0.05,108.795907412174
2022-05-21,"48","8  day ahead inc hosp",2022-05-29,"quantile",0.1,162.086787470729
2022-05-21,"48","8  day ahead inc hosp",2022-05-29,"quantile",0.15,198.041891247215
2022-05-21,"48","8  day ahead inc hosp",2022-05-29,"quantile",0.2,226.617867928782
2022-05-21,"48","8  day ahead inc hosp",2022-05-29,"quantile",0.25,251.133511468355
2022-05-21,"48","8  day ahead inc hosp",2022-05-29,"quantile",0.3,273.149317054709
2022-05-21,"48","8  day ahead inc hosp",2022-05-29,"quantile",0.35,293.550241941386
2022-05-21,"48","8  day ahead inc hosp",2022-05-29,"quantile",0.4,312.908724648049
2022-05-21,"48","8  day ahead inc hosp",2022-05-29,"quantile",0.45,331.63828070064
2022-05-21,"48","8  day ahead inc hosp",2022-05-29,"quantile",0.5,350.070886718118
2022-05-21,"48","8  day ahead inc hosp",2022-05-29,"quantile",0.55,368.503492735595
2022-05-21,"48","8  day ahead inc hosp",2022-05-29,"quantile",0.6,387.233048788186
2022-05-21,"48","8  day ahead inc hosp",2022-05-29,"quantile",0.65,406.591531494849
2022-05-21,"48","8  day ahead inc hosp",2022-05-29,"quantile",0.7,426.992456381527
2022-05-21,"48","8  day ahead inc hosp",2022-05-29,"quantile",0.75,449.00826196788
2022-05-21,"48","8  day ahead inc hosp",2022-05-29,"quantile",0.8,473.523905507454
2022-05-21,"48","8  day ahead inc hosp",2022-05-29,"quantile",0.85,502.09988218902
2022-05-21,"48","8  day ahead inc hosp",2022-05-29,"quantile",0.9,538.054985965507
2022-05-21,"48","8  day ahead inc hosp",2022-05-29,"quantile",0.95,591.345866024061
2022-05-21,"48","8  day ahead inc hosp",2022-05-29,"quantile",0.975,637.567756993887
2022-05-21,"48","8  day ahead inc hosp",2022-05-29,"quantile",0.99,691.310694303859
2022-05-21,"48","9  day ahead inc hosp",2022-05-30,"quantile",0.01,0
2022-05-21,"48","9  day ahead inc hosp",2022-05-30,"quantile",0.025,38.0469845444099
2022-05-21,"48","9  day ahead inc hosp",2022-05-30,"quantile",0.05,89.4542375044701
2022-05-21,"48","9  day ahead inc hosp",2022-05-30,"quantile",0.1,148.723507847017
2022-05-21,"48","9  day ahead inc hosp",2022-05-30,"quantile",0.15,188.712203165642
2022-05-21,"48","9  day ahead inc hosp",2022-05-30,"quantile",0.2,220.493950537446
2022-05-21,"48","9  day ahead inc hosp",2022-05-30,"quantile",0.25,247.759859882008
2022-05-21,"48","9  day ahead inc hosp",2022-05-30,"quantile",0.3,272.24548916178
2022-05-21,"48","9  day ahead inc hosp",2022-05-30,"quantile",0.35,294.93507377772
2022-05-21,"48","9  day ahead inc hosp",2022-05-30,"quantile",0.4,316.46527075893
2022-05-21,"48","9  day ahead inc hosp",2022-05-30,"quantile",0.45,337.295985505191
2022-05-21,"48","9  day ahead inc hosp",2022-05-30,"quantile",0.5,357.796437139075
2022-05-21,"48","9  day ahead inc hosp",2022-05-30,"quantile",0.55,378.296888772959
2022-05-21,"48","9  day ahead inc hosp",2022-05-30,"quantile",0.6,399.127603519219
2022-05-21,"48","9  day ahead inc hosp",2022-05-30,"quantile",0.65,420.657800500429
2022-05-21,"48","9  day ahead inc hosp",2022-05-30,"quantile",0.7,443.34738511637
2022-05-21,"48","9  day ahead inc hosp",2022-05-30,"quantile",0.75,467.833014396141
2022-05-21,"48","9  day ahead inc hosp",2022-05-30,"quantile",0.8,495.098923740704
2022-05-21,"48","9  day ahead inc hosp",2022-05-30,"quantile",0.85,526.880671112508
2022-05-21,"48","9  day ahead inc hosp",2022-05-30,"quantile",0.9,566.869366431132
2022-05-21,"48","9  day ahead inc hosp",2022-05-30,"quantile",0.95,626.138636773679
2022-05-21,"48","9  day ahead inc hosp",2022-05-30,"quantile",0.975,677.54588973374
2022-05-21,"48","9  day ahead inc hosp",2022-05-30,"quantile",0.99,737.317930970953
2022-05-21,"48","10  day ahead inc hosp",2022-05-31,"quantile",0.01,0
2022-05-21,"48","10  day ahead inc hosp",2022-05-31,"quantile",0.025,18.5497945578417
2022-05-21,"48","10  day ahead inc hosp",2022-05-31,"quantile",0.05,75.5615740400019
2022-05-21,"48","10  day ahead inc hosp",2022-05-31,"quantile",0.1,141.292504526856
2022-05-21,"48","10  day ahead inc hosp",2022-05-31,"quantile",0.15,185.640851268044
2022-05-21,"48","10  day ahead inc hosp",2022-05-31,"quantile",0.2,220.887511386738
2022-05-21,"48","10  day ahead inc hosp",2022-05-31,"quantile",0.25,251.126007346452
2022-05-21,"48","10  day ahead inc hosp",2022-05-31,"quantile",0.3,278.281111278281
2022-05-21,"48","10  day ahead inc hosp",2022-05-31,"quantile",0.35,303.444361990604
2022-05-21,"48","10  day ahead inc hosp",2022-05-31,"quantile",0.4,327.321826196946
2022-05-21,"48","10  day ahead inc hosp",2022-05-31,"quantile",0.45,350.423549148224
2022-05-21,"48","10  day ahead inc hosp",2022-05-31,"quantile",0.5,373.159003010031
2022-05-21,"48","10  day ahead inc hosp",2022-05-31,"quantile",0.55,395.894456871838
2022-05-21,"48","10  day ahead inc hosp",2022-05-31,"quantile",0.6,418.996179823116
2022-05-21,"48","10  day ahead inc hosp",2022-05-31,"quantile",0.65,442.873644029459
2022-05-21,"48","10  day ahead inc hosp",2022-05-31,"quantile",0.7,468.036894741781
2022-05-21,"48","10  day ahead inc hosp",2022-05-31,"quantile",0.75,495.19199867361
2022-05-21,"48","10  day ahead inc hosp",2022-05-31,"quantile",0.8,525.430494633324
2022-05-21,"48","10  day ahead inc hosp",2022-05-31,"quantile",0.85,560.677154752019
2022-05-21,"48","10  day ahead inc hosp",2022-05-31,"quantile",0.9,605.025501493207
2022-05-21,"48","10  day ahead inc hosp",2022-05-31,"quantile",0.95,670.756431980061
2022-05-21,"48","10  day ahead inc hosp",2022-05-31,"quantile",0.975,727.768211462221
2022-05-21,"48","10  day ahead inc hosp",2022-05-31,"quantile",0.99,794.056725981021
2022-05-21,"48","11  day ahead inc hosp",2022-06-01,"quantile",0.01,0
2022-05-21,"48","11  day ahead inc hosp",2022-06-01,"quantile",0.025,0
2022-05-21,"48","11  day ahead inc hosp",2022-06-01,"quantile",0.05,42.5941767564461
2022-05-21,"48","11  day ahead inc hosp",2022-06-01,"quantile",0.1,115.119054096371
2022-05-21,"48","11  day ahead inc hosp",2022-06-01,"quantile",0.15,164.051244524991
2022-05-21,"48","11  day ahead inc hosp",2022-06-01,"quantile",0.2,202.940998295654
2022-05-21,"48","11  day ahead inc hosp",2022-06-01,"quantile",0.25,236.304944221548
2022-05-21,"48","11  day ahead inc hosp",2022-06-01,"quantile",0.3,266.266798819098
2022-05-21,"48","11  day ahead inc hosp",2022-06-01,"quantile",0.35,294.030922312679
2022-05-21,"48","11  day ahead inc hosp",2022-06-01,"quantile",0.4,320.376360448531
2022-05-21,"48","11  day ahead inc hosp",2022-06-01,"quantile",0.45,345.86587673824
2022-05-21,"48","11  day ahead inc hosp",2022-06-01,"quantile",0.5,370.951266377214
2022-05-21,"48","11  day ahead inc hosp",2022-06-01,"quantile",0.55,396.036656016189
2022-05-21,"48","11  day ahead inc hosp",2022-06-01,"quantile",0.6,421.526172305897
2022-05-21,"48","11  day ahead inc hosp",2022-06-01,"quantile",0.65,447.87161044175
2022-05-21,"48","11  day ahead inc hosp",2022-06-01,"quantile",0.7,475.635733935331
2022-05-21,"48","11  day ahead inc hosp",2022-06-01,"quantile",0.75,505.597588532881
2022-05-21,"48","11  day ahead inc hosp",2022-06-01,"quantile",0.8,538.961534458774
2022-05-21,"48","11  day ahead inc hosp",2022-06-01,"quantile",0.85,577.851288229438
2022-05-21,"48","11  day ahead inc hosp",2022-06-01,"quantile",0.9,626.783478658058
2022-05-21,"48","11  day ahead inc hosp",2022-06-01,"quantile",0.95,699.308355997983
2022-05-21,"48","11  day ahead inc hosp",2022-06-01,"quantile",0.975,762.212871166857
2022-05-21,"48","11  day ahead inc hosp",2022-06-01,"quantile",0.99,835.352964406269
2022-05-21,"48","12  day ahead inc hosp",2022-06-02,"quantile",0.01,0
2022-05-21,"48","12  day ahead inc hosp",2022-06-02,"quantile",0.025,0
2022-05-21,"48","12  day ahead inc hosp",2022-06-02,"quantile",0.05,19.4517607881348
2022-05-21,"48","12  day ahead inc hosp",2022-06-02,"quantile",0.1,98.9799862529751
2022-05-21,"48","12  day ahead inc hosp",2022-06-02,"quantile",0.15,152.637302413006
2022-05-21,"48","12  day ahead inc hosp",2022-06-02,"quantile",0.2,195.282436325461
2022-05-21,"48","12  day ahead inc hosp",2022-06-02,"quantile",0.25,231.868164027623
2022-05-21,"48","12  day ahead inc hosp",2022-06-02,"quantile",0.3,264.723278233614
2022-05-21,"48","12  day ahead inc hosp",2022-06-02,"quantile",0.35,295.168437936293
2022-05-21,"48","12  day ahead inc hosp",2022-06-02,"quantile",0.4,324.057917255476
2022-05-21,"48","12  day ahead inc hosp",2022-06-02,"quantile",0.45,352.008822832006
2022-05-21,"48","12  day ahead inc hosp",2022-06-02,"quantile",0.5,379.516577360582
2022-05-21,"48","12  day ahead inc hosp",2022-06-02,"quantile",0.55,407.024331889158
2022-05-21,"48","12  day ahead inc hosp",2022-06-02,"quantile",0.6,434.975237465688
2022-05-21,"48","12  day ahead inc hosp",2022-06-02,"quantile",0.65,463.864716784871
2022-05-21,"48","12  day ahead inc hosp",2022-06-02,"quantile",0.7,494.30987648755
2022-05-21,"48","12  day ahead inc hosp",2022-06-02,"quantile",0.75,527.164990693541
2022-05-21,"48","12  day ahead inc hosp",2022-06-02,"quantile",0.8,563.750718395703
2022-05-21,"48","12  day ahead inc hosp",2022-06-02,"quantile",0.85,606.395852308159
2022-05-21,"48","12  day ahead inc hosp",2022-06-02,"quantile",0.9,660.053168468189
2022-05-21,"48","12  day ahead inc hosp",2022-06-02,"quantile",0.95,739.581393933029
2022-05-21,"48","12  day ahead inc hosp",2022-06-02,"quantile",0.975,808.560269163098
2022-05-21,"48","12  day ahead inc hosp",2022-06-02,"quantile",0.99,888.763118709474
2022-05-21,"48","13  day ahead inc hosp",2022-06-03,"quantile",0.01,0
2022-05-21,"48","13  day ahead inc hosp",2022-06-03,"quantile",0.025,0
2022-05-21,"48","13  day ahead inc hosp",2022-06-03,"quantile",0.05,0
2022-05-21,"48","13  day ahead inc hosp",2022-06-03,"quantile",0.1,71.7756490966673
2022-05-21,"48","13  day ahead inc hosp",2022-06-03,"quantile",0.15,130.235132567309
2022-05-21,"48","13  day ahead inc hosp",2022-06-03,"quantile",0.2,176.696876826436
2022-05-21,"48","13  day ahead inc hosp",2022-06-03,"quantile",0.25,216.556916368614
2022-05-21,"48","13  day ahead inc hosp",2022-06-03,"quantile",0.3,252.352463803801
2022-05-21,"48","13  day ahead inc hosp",2022-06-03,"quantile",0.35,285.522373105481
2022-05-21,"48","13  day ahead inc hosp",2022-06-03,"quantile",0.4,316.997373340272
2022-05-21,"48","13  day ahead inc hosp",2022-06-03,"quantile",0.45,347.449800324643
2022-05-21,"48","13  day ahead inc hosp",2022-06-03,"quantile",0.5,377.419415584223
2022-05-21,"48","13  day ahead inc hosp",2022-06-03,"quantile",0.55,407.389030843803
2022-05-21,"48","13  day ahead inc hosp",2022-06-03,"quantile",0.6,437.841457828174
2022-05-21,"48","13  day ahead inc hosp",2022-06-03,"quantile",0.65,469.316458062965
2022-05-21,"48","13  day ahead inc hosp",2022-06-03,"quantile",0.7,502.486367364645
2022-05-21,"48","13  day ahead inc hosp",2022-06-03,"quantile",0.75,538.281914799833
2022-05-21,"48","13  day ahead inc hosp",2022-06-03,"quantile",0.8,578.14195434201
2022-05-21,"48","13  day ahead inc hosp",2022-06-03,"quantile",0.85,624.603698601137
2022-05-21,"48","13  day ahead inc hosp",2022-06-03,"quantile",0.9,683.063182071779
2022-05-21,"48","13  day ahead inc hosp",2022-06-03,"quantile",0.95,769.708942887421
2022-05-21,"48","13  day ahead inc hosp",2022-06-03,"quantile",0.975,844.861218567945
2022-05-21,"48","13  day ahead inc hosp",2022-06-03,"quantile",0.99,932.241980277517
2022-05-21,"48","14  day ahead inc hosp",2022-06-04,"quantile",0.01,0
2022-05-21,"48","14  day ahead inc hosp",2022-06-04,"quantile",0.025,0
2022-05-21,"48","14  day ahead inc hosp",2022-06-04,"quantile",0.05,0
2022-05-21,"48","14  day ahead inc hosp",2022-06-04,"quantile",0.1,45.8810345592186
2022-05-21,"48","14  day ahead inc hosp",2022-06-04,"quantile",0.15,109.171309343702
2022-05-21,"48","14  day ahead inc hosp",2022-06-04,"quantile",0.2,159.472413399869
2022-05-21,"48","14  day ahead inc hosp",2022-06-04,"quantile",0.25,202.626281784829
2022-05-21,"48","14  day ahead inc hosp",2022-06-04,"quantile",0.3,241.379789320894
2022-05-21,"48","14  day ahead inc hosp",2022-06-04,"quantile",0.35,277.290689480215
2022-05-21,"48","14  day ahead inc hosp",2022-06-04,"quantile",0.4,311.366621996828
2022-05-21,"48","14  day ahead inc hosp",2022-06-04,"quantile",0.45,344.335481064205
2022-05-21,"48","14  day ahead inc hosp",2022-06-04,"quantile",0.5,376.781631326833
2022-05-21,"48","14  day ahead inc hosp",2022-06-04,"quantile",0.55,409.22778158946
2022-05-21,"48","14  day ahead inc hosp",2022-06-04,"quantile",0.6,442.196640656837
2022-05-21,"48","14  day ahead inc hosp",2022-06-04,"quantile",0.65,476.27257317345
2022-05-21,"48","14  day ahead inc hosp",2022-06-04,"quantile",0.7,512.183473332771
2022-05-21,"48","14  day ahead inc hosp",2022-06-04,"quantile",0.75,550.936980868836
2022-05-21,"48","14  day ahead inc hosp",2022-06-04,"quantile",0.8,594.090849253796
2022-05-21,"48","14  day ahead inc hosp",2022-06-04,"quantile",0.85,644.391953309963
2022-05-21,"48","14  day ahead inc hosp",2022-06-04,"quantile",0.9,707.682228094446
2022-05-21,"48","14  day ahead inc hosp",2022-06-04,"quantile",0.95,801.487949345586
2022-05-21,"48","14  day ahead inc hosp",2022-06-04,"quantile",0.975,882.850422910516
2022-05-21,"48","14  day ahead inc hosp",2022-06-04,"quantile",0.99,977.45188175258
2022-05-21,"48","15  day ahead inc hosp",2022-06-05,"quantile",0.01,0
2022-05-21,"48","15  day ahead inc hosp",2022-06-05,"quantile",0.025,0
2022-05-21,"48","15  day ahead inc hosp",2022-06-05,"quantile",0.05,0
2022-05-21,"48","15  day ahead inc hosp",2022-06-05,"quantile",0.1,75.8545825055865
2022-05-21,"48","15  day ahead inc hosp",2022-06-05,"quantile",0.15,143.968408394119
2022-05-21,"48","15  day ahead inc hosp",2022-06-05,"quantile",0.2,198.103117958104
2022-05-21,"48","15  day ahead inc hosp",2022-06-05,"quantile",0.25,244.545878518063
2022-05-21,"48","15  day ahead inc hosp",2022-06-05,"quantile",0.3,286.252912874764
2022-05-21,"48","15  day ahead inc hosp",2022-06-05,"quantile",0.35,324.900695796891
2022-05-21,"48","15  day ahead inc hosp",2022-06-05,"quantile",0.4,361.573662415058
2022-05-21,"48","15  day ahead inc hosp",2022-06-05,"quantile",0.45,397.055182030919
2022-05-21,"48","15  day ahead inc hosp",2022-06-05,"quantile",0.5,431.974155558328
2022-05-21,"48","15  day ahead inc hosp",2022-06-05,"quantile",0.55,466.893129085737
2022-05-21,"48","15  day ahead inc hosp",2022-06-05,"quantile",0.6,502.374648701599
2022-05-21,"48","15  day ahead inc hosp",2022-06-05,"quantile",0.65,539.047615319765
2022-05-21,"48","15  day ahead inc hosp",2022-06-05,"quantile",0.7,577.695398241892
2022-05-21,"48","15  day ahead inc hosp",2022-06-05,"quantile",0.75,619.402432598594
2022-05-21,"48","15  day ahead inc hosp",2022-06-05,"quantile",0.8,665.845193158553
2022-05-21,"48","15  day ahead inc hosp",2022-06-05,"quantile",0.85,719.979902722537
2022-05-21,"48","15  day ahead inc hosp",2022-06-05,"quantile",0.9,788.09372861107
2022-05-21,"48","15  day ahead inc hosp",2022-06-05,"quantile",0.95,889.048679216133
2022-05-21,"48","15  day ahead inc hosp",2022-06-05,"quantile",0.975,976.612043052574
2022-05-21,"48","15  day ahead inc hosp",2022-06-05,"quantile",0.99,1078.42337691566
2022-05-21,"48","16  day ahead inc hosp",2022-06-06,"quantile",0.01,0
2022-05-21,"48","16  day ahead inc hosp",2022-06-06,"quantile",0.025,0
2022-05-21,"48","16  day ahead inc hosp",2022-06-06,"quantile",0.05,0
2022-05-21,"48","16  day ahead inc hosp",2022-06-06,"quantile",0.1,64.925329957391
2022-05-21,"48","16  day ahead inc hosp",2022-06-06,"quantile",0.15,137.829256654597
2022-05-21,"48","16  day ahead inc hosp",2022-06-06,"quantile",0.2,195.770986492029
2022-05-21,"48","16  day ahead inc hosp",2022-06-06,"quantile",0.25,245.479831463094
2022-05-21,"48","16  day ahead inc hosp",2022-06-06,"quantile",0.3,290.11991056355
2022-05-21,"48","16  day ahead inc hosp",2022-06-06,"quantile",0.35,331.485596551814
2022-05-21,"48","16  day ahead inc hosp",2022-06-06,"quantile",0.4,370.737587395423
2022-05-21,"48","16  day ahead inc hosp",2022-06-06,"quantile",0.45,408.714342796205
2022-05-21,"48","16  day ahead inc hosp",2022-06-06,"quantile",0.5,446.088991087874
2022-05-21,"48","16  day ahead inc hosp",2022-06-06,"quantile",0.55,483.463639379544
2022-05-21,"48","16  day ahead inc hosp",2022-06-06,"quantile",0.6,521.440394780325
2022-05-21,"48","16  day ahead inc hosp",2022-06-06,"quantile",0.65,560.692385623935
2022-05-21,"48","16  day ahead inc hosp",2022-06-06,"quantile",0.7,602.058071612198
2022-05-21,"48","16  day ahead inc hosp",2022-06-06,"quantile",0.75,646.698150712654
2022-05-21,"48","16  day ahead inc hosp",2022-06-06,"quantile",0.8,696.406995683719
2022-05-21,"48","16  day ahead inc hosp",2022-06-06,"quantile",0.85,754.348725521151
2022-05-21,"48","16  day ahead inc hosp",2022-06-06,"quantile",0.9,827.252652218358
2022-05-21,"48","16  day ahead inc hosp",2022-06-06,"quantile",0.95,935.307253800657
2022-05-21,"48","16  day ahead inc hosp",2022-06-06,"quantile",0.975,1029.02850606065
2022-05-21,"48","16  day ahead inc hosp",2022-06-06,"quantile",0.99,1137.99971600335
2022-05-21,"48","17  day ahead inc hosp",2022-06-07,"quantile",0.01,0
2022-05-21,"48","17  day ahead inc hosp",2022-06-07,"quantile",0.025,0
2022-05-21,"48","17  day ahead inc hosp",2022-06-07,"quantile",0.05,0
2022-05-21,"48","17  day ahead inc hosp",2022-06-07,"quantile",0.1,33.6141495534326
2022-05-21,"48","17  day ahead inc hosp",2022-06-07,"quantile",0.15,111.255834812667
2022-05-21,"48","17  day ahead inc hosp",2022-06-07,"quantile",0.2,172.962984965196
2022-05-21,"48","17  day ahead inc hosp",2022-06-07,"quantile",0.25,225.902225287232
2022-05-21,"48","17  day ahead inc hosp",2022-06-07,"quantile",0.3,273.443299252426
2022-05-21,"48","17  day ahead inc hosp",2022-06-07,"quantile",0.35,317.497189317529
2022-05-21,"48","17  day ahead inc hosp",2022-06-07,"quantile",0.4,359.30002295001
2022-05-21,"48","17  day ahead inc hosp",2022-06-07,"quantile",0.45,399.744748269688
2022-05-21,"48","17  day ahead inc hosp",2022-06-07,"quantile",0.5,439.548237749597
2022-05-21,"48","17  day ahead inc hosp",2022-06-07,"quantile",0.55,479.351727229507
2022-05-21,"48","17  day ahead inc hosp",2022-06-07,"quantile",0.6,519.796452549185
2022-05-21,"48","17  day ahead inc hosp",2022-06-07,"quantile",0.65,561.599286181666
2022-05-21,"48","17  day ahead inc hosp",2022-06-07,"quantile",0.7,605.653176246769
2022-05-21,"48","17  day ahead inc hosp",2022-06-07,"quantile",0.75,653.194250211963
2022-05-21,"48","17  day ahead inc hosp",2022-06-07,"quantile",0.8,706.133490533999
2022-05-21,"48","17  day ahead inc hosp",2022-06-07,"quantile",0.85,767.840640686528
2022-05-21,"48","17  day ahead inc hosp",2022-06-07,"quantile",0.9,845.482325945762
2022-05-21,"48","17  day ahead inc hosp",2022-06-07,"quantile",0.95,960.558999410957
2022-05-21,"48","17  day ahead inc hosp",2022-06-07,"quantile",0.975,1060.37085179985
2022-05-21,"48","17  day ahead inc hosp",2022-06-07,"quantile",0.99,1176.42370063786
2022-05-21,"48","18  day ahead inc hosp",2022-06-08,"quantile",0.01,0
2022-05-21,"48","18  day ahead inc hosp",2022-06-08,"quantile",0.025,0
2022-05-21,"48","18  day ahead inc hosp",2022-06-08,"quantile",0.05,0
2022-05-21,"48","18  day ahead inc hosp",2022-06-08,"quantile",0.1,22.7525024309084
2022-05-21,"48","18  day ahead inc hosp",2022-06-08,"quantile",0.15,105.066226371741
2022-05-21,"48","18  day ahead inc hosp",2022-06-08,"quantile",0.2,170.486564761764
2022-05-21,"48","18  day ahead inc hosp",2022-06-08,"quantile",0.25,226.61138996302
2022-05-21,"48","18  day ahead inc hosp",2022-06-08,"quantile",0.3,277.013217604393
2022-05-21,"48","18  day ahead inc hosp",2022-06-08,"quantile",0.35,323.718022288
2022-05-21,"48","18  day ahead inc hosp",2022-06-08,"quantile",0.4,368.036314659936
2022-05-21,"48","18  day ahead inc hosp",2022-06-08,"quantile",0.45,410.914775421203
2022-05-21,"48","18  day ahead inc hosp",2022-06-08,"quantile",0.5,453.113414386751
2022-05-21,"48","18  day ahead inc hosp",2022-06-08,"quantile",0.55,495.312053352299
2022-05-21,"48","18  day ahead inc hosp",2022-06-08,"quantile",0.6,538.190514113566
2022-05-21,"48","18  day ahead inc hosp",2022-06-08,"quantile",0.65,582.508806485502
2022-05-21,"48","18  day ahead inc hosp",2022-06-08,"quantile",0.7,629.21361116911
2022-05-21,"48","18  day ahead inc hosp",2022-06-08,"quantile",0.75,679.615438810482
2022-05-21,"48","18  day ahead inc hosp",2022-06-08,"quantile",0.8,735.740264011738
2022-05-21,"48","18  day ahead inc hosp",2022-06-08,"quantile",0.85,801.160602401761
2022-05-21,"48","18  day ahead inc hosp",2022-06-08,"quantile",0.9,883.474326342594
2022-05-21,"48","18  day ahead inc hosp",2022-06-08,"quantile",0.95,1005.47566492787
2022-05-21,"48","18  day ahead inc hosp",2022-06-08,"quantile",0.975,1111.29363160557
2022-05-21,"48","18  day ahead inc hosp",2022-06-08,"quantile",0.99,1234.32988629149
2022-05-21,"48","19  day ahead inc hosp",2022-06-09,"quantile",0.01,0
2022-05-21,"48","19  day ahead inc hosp",2022-06-09,"quantile",0.025,0
2022-05-21,"48","19  day ahead inc hosp",2022-06-09,"quantile",0.05,0
2022-05-21,"48","19  day ahead inc hosp",2022-06-09,"quantile",0.1,3.0060120975823
2022-05-21,"48","19  day ahead inc hosp",2022-06-09,"quantile",0.15,89.9168247444011
2022-05-21,"48","19  day ahead inc hosp",2022-06-09,"quantile",0.2,158.990783507264
2022-05-21,"48","19  day ahead inc hosp",2022-06-09,"quantile",0.25,218.250089663891
2022-05-21,"48","19  day ahead inc hosp",2022-06-09,"quantile",0.3,271.466778078393
2022-05-21,"48","19  day ahead inc hosp",2022-06-09,"quantile",0.35,320.779970766419
2022-05-21,"48","19  day ahead inc hosp",2022-06-09,"quantile",0.4,367.573368279729
2022-05-21,"48","19  day ahead inc hosp",2022-06-09,"quantile",0.45,412.846521909435
2022-05-21,"48","19  day ahead inc hosp",2022-06-09,"quantile",0.5,457.401886792716
2022-05-21,"48","19  day ahead inc hosp",2022-06-09,"quantile",0.55,501.957251675997
2022-05-21,"48","19  day ahead inc hosp",2022-06-09,"quantile",0.6,547.230405305702
2022-05-21,"48","19  day ahead inc hosp",2022-06-09,"quantile",0.65,594.023802819013
2022-05-21,"48","19  day ahead inc hosp",2022-06-09,"quantile",0.7,643.336995507039
2022-05-21,"48","19  day ahead inc hosp",2022-06-09,"quantile",0.75,696.553683921541
2022-05-21,"48","19  day ahead inc hosp",2022-06-09,"quantile",0.8,755.812990078167
2022-05-21,"48","19  day ahead inc hosp",2022-06-09,"quantile",0.85,824.886948841031
2022-05-21,"48","19  day ahead inc hosp",2022-06-09,"quantile",0.9,911.797761487849
2022-05-21,"48","19  day ahead inc hosp",2022-06-09,"quantile",0.95,1040.61267803892
2022-05-21,"48","19  day ahead inc hosp",2022-06-09,"quantile",0.975,1152.34040746595
2022-05-21,"48","19  day ahead inc hosp",2022-06-09,"quantile",0.99,1282.24803851252
2022-05-21,"48","20  day ahead inc hosp",2022-06-10,"quantile",0.01,0
2022-05-21,"48","20  day ahead inc hosp",2022-06-10,"quantile",0.025,0
2022-05-21,"48","20  day ahead inc hosp",2022-06-10,"quantile",0.05,0
2022-05-21,"48","20  day ahead inc hosp",2022-06-10,"quantile",0.1,0
2022-05-21,"48","20  day ahead inc hosp",2022-06-10,"quantile",0.15,70.3859014567471
2022-05-21,"48","20  day ahead inc hosp",2022-06-10,"quantile",0.2,143.049055920824
2022-05-21,"48","20  day ahead inc hosp",2022-06-10,"quantile",0.25,205.387572401047
2022-05-21,"48","20  day ahead inc hosp",2022-06-10,"quantile",0.3,261.369486853134
2022-05-21,"48","20  day ahead inc hosp",2022-06-10,"quantile",0.35,313.245073566044
2022-05-21,"48","20  day ahead inc hosp",2022-06-10,"quantile",0.4,362.46993243191
2022-05-21,"48","20  day ahead inc hosp",2022-06-10,"quantile",0.45,410.095553059287
2022-05-21,"48","20  day ahead inc hosp",2022-06-10,"quantile",0.5,456.966087464762
2022-05-21,"48","20  day ahead inc hosp",2022-06-10,"quantile",0.55,503.836621870238
2022-05-21,"48","20  day ahead inc hosp",2022-06-10,"quantile",0.6,551.462242497614
2022-05-21,"48","20  day ahead inc hosp",2022-06-10,"quantile",0.65,600.687101363481
2022-05-21,"48","20  day ahead inc hosp",2022-06-10,"quantile",0.7,652.56268807639
2022-05-21,"48","20  day ahead inc hosp",2022-06-10,"quantile",0.75,708.544602528478
2022-05-21,"48","20  day ahead inc hosp",2022-06-10,"quantile",0.8,770.8831190087
2022-05-21,"48","20  day ahead inc hosp",2022-06-10,"quantile",0.85,843.546273472777
2022-05-21,"48","20  day ahead inc hosp",2022-06-10,"quantile",0.9,934.973113877783
2022-05-21,"48","20  day ahead inc hosp",2022-06-10,"quantile",0.95,1070.48146385902
2022-05-21,"48","20  day ahead inc hosp",2022-06-10,"quantile",0.975,1188.01474856837
2022-05-21,"48","20  day ahead inc hosp",2022-06-10,"quantile",0.99,1324.67259227478
2022-05-21,"48","21  day ahead inc hosp",2022-06-11,"quantile",0.01,0
2022-05-21,"48","21  day ahead inc hosp",2022-06-11,"quantile",0.025,0
2022-05-21,"48","21  day ahead inc hosp",2022-06-11,"quantile",0.05,0
2022-05-21,"48","21  day ahead inc hosp",2022-06-11,"quantile",0.1,0
2022-05-21,"48","21  day ahead inc hosp",2022-06-11,"quantile",0.15,52.9240377368184
2022-05-21,"48","21  day ahead inc hosp",2022-06-11,"quantile",0.2,129.108970826238
2022-05-21,"48","21  day ahead inc hosp",2022-06-11,"quantile",0.25,194.46885978189
2022-05-21,"48","21  day ahead inc hosp",2022-06-11,"quantile",0.3,253.164060096354
2022-05-21,"48","21  day ahead inc hosp",2022-06-11,"quantile",0.35,307.553910521184
2022-05-21,"48","21  day ahead inc hosp",2022-06-11,"quantile",0.4,359.164559779277
2022-05-21,"48","21  day ahead inc hosp",2022-06-11,"quantile",0.45,409.098460221661
2022-05-21,"48","21  day ahead inc hosp",2022-06-11,"quantile",0.5,458.240677537753
2022-05-21,"48","21  day ahead inc hosp",2022-06-11,"quantile",0.55,507.382894853846
2022-05-21,"48","21  day ahead inc hosp",2022-06-11,"quantile",0.6,557.31679529623
2022-05-21,"48","21  day ahead inc hosp",2022-06-11,"quantile",0.65,608.927444554323
2022-05-21,"48","21  day ahead inc hosp",2022-06-11,"quantile",0.7,663.317294979153
2022-05-21,"48","21  day ahead inc hosp",2022-06-11,"quantile",0.75,722.012495293617
2022-05-21,"48","21  day ahead inc hosp",2022-06-11,"quantile",0.8,787.372384249269
2022-05-21,"48","21  day ahead inc hosp",2022-06-11,"quantile",0.85,863.557317338689
2022-05-21,"48","21  day ahead inc hosp",2022-06-11,"quantile",0.9,959.415359426249
2022-05-21,"48","21  day ahead inc hosp",2022-06-11,"quantile",0.95,1101.4914178154
2022-05-21,"48","21  day ahead inc hosp",2022-06-11,"quantile",0.975,1224.72121010013
2022-05-21,"48","21  day ahead inc hosp",2022-06-11,"quantile",0.99,1368.00247494068
2022-05-21,"48","22  day ahead inc hosp",2022-06-12,"quantile",0.01,0
2022-05-21,"48","22  day ahead inc hosp",2022-06-12,"quantile",0.025,0
2022-05-21,"48","22  day ahead inc hosp",2022-06-12,"quantile",0.05,0
2022-05-21,"48","22  day ahead inc hosp",2022-06-12,"quantile",0.1,31.8066864770085
2022-05-21,"48","22  day ahead inc hosp",2022-06-12,"quantile",0.15,134.061061584044
2022-05-21,"48","22  day ahead inc hosp",2022-06-12,"quantile",0.2,215.32959738946
2022-05-21,"48","22  day ahead inc hosp",2022-06-12,"quantile",0.25,285.050764822867
2022-05-21,"48","22  day ahead inc hosp",2022-06-12,"quantile",0.3,347.662528001334
2022-05-21,"48","22  day ahead inc hosp",2022-06-12,"quantile",0.35,405.681657604209
2022-05-21,"48","22  day ahead inc hosp",2022-06-12,"quantile",0.4,460.736137894284
2022-05-21,"48","22  day ahead inc hosp",2022-06-12,"quantile",0.45,514.001984715241
2022-05-21,"48","22  day ahead inc hosp",2022-06-12,"quantile",0.5,566.423321658897
2022-05-21,"48","22  day ahead inc hosp",2022-06-12,"quantile",0.55,618.844658602554
2022-05-21,"48","22  day ahead inc hosp",2022-06-12,"quantile",0.6,672.110505423511
2022-05-21,"48","22  day ahead inc hosp",2022-06-12,"quantile",0.65,727.164985713585
2022-05-21,"48","22  day ahead inc hosp",2022-06-12,"quantile",0.7,785.184115316461
2022-05-21,"48","22  day ahead inc hosp",2022-06-12,"quantile",0.75,847.795878494927
2022-05-21,"48","22  day ahead inc hosp",2022-06-12,"quantile",0.8,917.517045928335
2022-05-21,"48","22  day ahead inc hosp",2022-06-12,"quantile",0.85,998.78558173375
2022-05-21,"48","22  day ahead inc hosp",2022-06-12,"quantile",0.9,1101.03995684079
2022-05-21,"48","22  day ahead inc hosp",2022-06-12,"quantile",0.95,1252.59634430573
2022-05-21,"48","22  day ahead inc hosp",2022-06-12,"quantile",0.975,1384.04890822452
2022-05-21,"48","22  day ahead inc hosp",2022-06-12,"quantile",0.99,1536.89092212079
2022-05-21,"48","23  day ahead inc hosp",2022-06-13,"quantile",0.01,0
2022-05-21,"48","23  day ahead inc hosp",2022-06-13,"quantile",0.025,0
2022-05-21,"48","23  day ahead inc hosp",2022-06-13,"quantile",0.05,0
2022-05-21,"48","23  day ahead inc hosp",2022-06-13,"quantile",0.1,7.76669103423455
2022-05-21,"48","23  day ahead inc hosp",2022-06-13,"quantile",0.15,115.698768499235
2022-05-21,"48","23  day ahead inc hosp",2022-06-13,"quantile",0.2,201.479762151933
2022-05-21,"48","23  day ahead inc hosp",2022-06-13,"quantile",0.25,275.072216621443
2022-05-21,"48","23  day ahead inc hosp",2022-06-13,"quantile",0.3,341.160515205486
2022-05-21,"48","23  day ahead inc hosp",2022-06-13,"quantile",0.35,402.401172968975
2022-05-21,"48","23  day ahead inc hosp",2022-06-13,"quantile",0.4,460.512568449547
2022-05-21,"48","23  day ahead inc hosp",2022-06-13,"quantile",0.45,516.736016094701
2022-05-21,"48","23  day ahead inc hosp",2022-06-13,"quantile",0.5,572.06806221888
2022-05-21,"48","23  day ahead inc hosp",2022-06-13,"quantile",0.55,627.400108343059
2022-05-21,"48","23  day ahead inc hosp",2022-06-13,"quantile",0.6,683.623555988213
2022-05-21,"48","23  day ahead inc hosp",2022-06-13,"quantile",0.65,741.734951468784
2022-05-21,"48","23  day ahead inc hosp",2022-06-13,"quantile",0.7,802.975609232274
2022-05-21,"48","23  day ahead inc hosp",2022-06-13,"quantile",0.75,869.063907816317
2022-05-21,"48","23  day ahead inc hosp",2022-06-13,"quantile",0.8,942.656362285827
2022-05-21,"48","23  day ahead inc hosp",2022-06-13,"quantile",0.85,1028.43735593853
2022-05-21,"48","23  day ahead inc hosp",2022-06-13,"quantile",0.9,1136.36943340353
2022-05-21,"48","23  day ahead inc hosp",2022-06-13,"quantile",0.95,1296.34103104968
2022-05-21,"48","23  day ahead inc hosp",2022-06-13,"quantile",0.975,1435.09253480689
2022-05-21,"48","23  day ahead inc hosp",2022-06-13,"quantile",0.99,1596.42114364629
2022-05-21,"48","24  day ahead inc hosp",2022-06-14,"quantile",0.01,0
2022-05-21,"48","24  day ahead inc hosp",2022-06-14,"quantile",0.025,0
2022-05-21,"48","24  day ahead inc hosp",2022-06-14,"quantile",0.05,0
2022-05-21,"48","24  day ahead inc hosp",2022-06-14,"quantile",0.1,0
2022-05-21,"48","24  day ahead inc hosp",2022-06-14,"quantile",0.15,91.6462367254634
2022-05-21,"48","24  day ahead inc hosp",2022-06-14,"quantile",0.2,181.411250850005
2022-05-21,"48","24  day ahead inc hosp",2022-06-14,"quantile",0.25,258.421640140448
2022-05-21,"48","24  day ahead inc hosp",2022-06-14,"quantile",0.3,327.579349829405
2022-05-21,"48","24  day ahead inc hosp",2022-06-14,"quantile",0.35,391.664274415294
2022-05-21,"48","24  day ahead inc hosp",2022-06-14,"quantile",0.4,452.474600968865
2022-05-21,"48","24  day ahead inc hosp",2022-06-14,"quantile",0.45,511.30929566162
2022-05-21,"48","24  day ahead inc hosp",2022-06-14,"quantile",0.5,569.211188498
2022-05-21,"48","24  day ahead inc hosp",2022-06-14,"quantile",0.55,627.11308133438
2022-05-21,"48","24  day ahead inc hosp",2022-06-14,"quantile",0.6,685.947776027135
2022-05-21,"48","24  day ahead inc hosp",2022-06-14,"quantile",0.65,746.758102580706
2022-05-21,"48","24  day ahead inc hosp",2022-06-14,"quantile",0.7,810.843027166596
2022-05-21,"48","24  day ahead inc hosp",2022-06-14,"quantile",0.75,880.000736855553
2022-05-21,"48","24  day ahead inc hosp",2022-06-14,"quantile",0.8,957.011126145995
2022-05-21,"48","24  day ahead inc hosp",2022-06-14,"quantile",0.85,1046.77614027054
2022-05-21,"48","24  day ahead inc hosp",2022-06-14,"quantile",0.9,1159.72102521047
2022-05-21,"48","24  day ahead inc hosp",2022-06-14,"quantile",0.95,1327.12235866169
2022-05-21,"48","24  day ahead inc hosp",2022-06-14,"quantile",0.975,1472.31805020374
2022-05-21,"48","24  day ahead inc hosp",2022-06-14,"quantile",0.99,1641.13942000266
2022-05-21,"48","25  day ahead inc hosp",2022-06-15,"quantile",0.01,0
2022-05-21,"48","25  day ahead inc hosp",2022-06-15,"quantile",0.025,0
2022-05-21,"48","25  day ahead inc hosp",2022-06-15,"quantile",0.05,0
2022-05-21,"48","25  day ahead inc hosp",2022-06-15,"quantile",0.1,0
2022-05-21,"48","25  day ahead inc hosp",2022-06-15,"quantile",0.15,78.0850235453023
2022-05-21,"48","25  day ahead inc hosp",2022-06-15,"quantile",0.2,171.671425064164
2022-05-21,"48","25  day ahead inc hosp",2022-06-15,"quantile",0.25,251.960224476148
2022-05-21,"48","25  day ahead inc hosp",2022-06-15,"quantile",0.3,324.062047777773
2022-05-21,"48","25  day ahead inc hosp",2022-06-15,"quantile",0.35,390.875132386439
2022-05-21,"48","25  day ahead inc hosp",2022-06-15,"quantile",0.4,454.274216014273
2022-05-21,"48","25  day ahead inc hosp",2022-06-15,"quantile",0.45,515.61356313582
2022-05-21,"48","25  day ahead inc hosp",2022-06-15,"quantile",0.5,575.980398083001
2022-05-21,"48","25  day ahead inc hosp",2022-06-15,"quantile",0.55,636.347233030182
2022-05-21,"48","25  day ahead inc hosp",2022-06-15,"quantile",0.6,697.686580151729
2022-05-21,"48","25  day ahead inc hosp",2022-06-15,"quantile",0.65,761.085663779563
2022-05-21,"48","25  day ahead inc hosp",2022-06-15,"quantile",0.7,827.898748388229
2022-05-21,"48","25  day ahead inc hosp",2022-06-15,"quantile",0.75,900.000571689854
2022-05-21,"48","25  day ahead inc hosp",2022-06-15,"quantile",0.8,980.289371101838
2022-05-21,"48","25  day ahead inc hosp",2022-06-15,"quantile",0.85,1073.8757726207
2022-05-21,"48","25  day ahead inc hosp",2022-06-15,"quantile",0.9,1191.62883548799
2022-05-21,"48","25  day ahead inc hosp",2022-06-15,"quantile",0.95,1366.15661292947
2022-05-21,"48","25  day ahead inc hosp",2022-06-15,"quantile",0.975,1517.53343183811
2022-05-21,"48","25  day ahead inc hosp",2022-06-15,"quantile",0.99,1693.54169801011
2022-05-21,"48","26  day ahead inc hosp",2022-06-16,"quantile",0.01,0
2022-05-21,"48","26  day ahead inc hosp",2022-06-16,"quantile",0.025,0
2022-05-21,"48","26  day ahead inc hosp",2022-06-16,"quantile",0.05,0
2022-05-21,"48","26  day ahead inc hosp",2022-06-16,"quantile",0.1,0
2022-05-21,"48","26  day ahead inc hosp",2022-06-16,"quantile",0.15,62.8629744116217
2022-05-21,"48","26  day ahead inc hosp",2022-06-16,"quantile",0.2,160.272777083926
2022-05-21,"48","26  day ahead inc hosp",2022-06-16,"quantile",0.25,243.84171424347
2022-05-21,"48","26  day ahead inc hosp",2022-06-16,"quantile",0.3,318.889202619323
2022-05-21,"48","26  day ahead inc hosp",2022-06-16,"quantile",0.35,388.431884911113
2022-05-21,"48","26  day ahead inc hosp",2022-06-16,"quantile",0.4,454.421089812294
2022-05-21,"48","26  day ahead inc hosp",2022-06-16,"quantile",0.45,518.266409241032
2022-05-21,"48","26  day ahead inc hosp",2022-06-16,"quantile",0.5,581.09948525124
2022-05-21,"48","26  day ahead inc hosp",2022-06-16,"quantile",0.55,643.932561261448
2022-05-21,"48","26  day ahead inc hosp",2022-06-16,"quantile",0.6,707.777880690186
2022-05-21,"48","26  day ahead inc hosp",2022-06-16,"quantile",0.65,773.767085591366
2022-05-21,"48","26  day ahead inc hosp",2022-06-16,"quantile",0.7,843.309767883156
2022-05-21,"48","26  day ahead inc hosp",2022-06-16,"quantile",0.75,918.35725625901
2022-05-21,"48","26  day ahead inc hosp",2022-06-16,"quantile",0.8,1001.92619341855
2022-05-21,"48","26  day ahead inc hosp",2022-06-16,"quantile",0.85,1099.33599609086
2022-05-21,"48","26  day ahead inc hosp",2022-06-16,"quantile",0.9,1221.8997706543
2022-05-21,"48","26  day ahead inc hosp",2022-06-16,"quantile",0.95,1403.55774751309
2022-05-21,"48","26  day ahead inc hosp",2022-06-16,"quantile",0.975,1561.11895106124
2022-05-21,"48","26  day ahead inc hosp",2022-06-16,"quantile",0.99,1744.31790089001
2022-05-21,"48","27  day ahead inc hosp",2022-06-17,"quantile",0.01,0
2022-05-21,"48","27  day ahead inc hosp",2022-06-17,"quantile",0.025,0
2022-05-21,"48","27  day ahead inc hosp",2022-06-17,"quantile",0.05,0
2022-05-21,"48","27  day ahead inc hosp",2022-06-17,"quantile",0.1,0
2022-05-21,"48","27  day ahead inc hosp",2022-06-17,"quantile",0.15,43.1363235158656
2022-05-21,"48","27  day ahead inc hosp",2022-06-17,"quantile",0.2,144.418631018222
2022-05-21,"48","27  day ahead inc hosp",2022-06-17,"quantile",0.25,231.309832507582
2022-05-21,"48","27  day ahead inc hosp",2022-06-17,"quantile",0.3,309.340816930506
2022-05-21,"48","27  day ahead inc hosp",2022-06-17,"quantile",0.35,381.648152939701
2022-05-21,"48","27  day ahead inc hosp",2022-06-17,"quantile",0.4,450.260743862623
2022-05-21,"48","27  day ahead inc hosp",2022-06-17,"quantile",0.45,516.644219627595
2022-05-21,"48","27  day ahead inc hosp",2022-06-17,"quantile",0.5,581.975210464251
2022-05-21,"48","27  day ahead inc hosp",2022-06-17,"quantile",0.55,647.306201300907
2022-05-21,"48","27  day ahead inc hosp",2022-06-17,"quantile",0.6,713.689677065879
2022-05-21,"48","27  day ahead inc hosp",2022-06-17,"quantile",0.65,782.302267988801
2022-05-21,"48","27  day ahead inc hosp",2022-06-17,"quantile",0.7,854.609603997996
2022-05-21,"48","27  day ahead inc hosp",2022-06-17,"quantile",0.75,932.64058842092
2022-05-21,"48","27  day ahead inc hosp",2022-06-17,"quantile",0.8,1019.53178991028
2022-05-21,"48","27  day ahead inc hosp",2022-06-17,"quantile",0.85,1120.81409741264
2022-05-21,"48","27  day ahead inc hosp",2022-06-17,"quantile",0.9,1248.25036730987
2022-05-21,"48","27  day ahead inc hosp",2022-06-17,"quantile",0.95,1437.130116244
2022-05-21,"48","27  day ahead inc hosp",2022-06-17,"quantile",0.975,1600.9551300559
2022-05-21,"48","27  day ahead inc hosp",2022-06-17,"quantile",0.99,1791.43711299438
2022-05-21,"48","28  day ahead inc hosp",2022-06-18,"quantile",0.01,0
2022-05-21,"48","28  day ahead inc hosp",2022-06-18,"quantile",0.025,0
2022-05-21,"48","28  day ahead inc hosp",2022-06-18,"quantile",0.05,0
2022-05-21,"48","28  day ahead inc hosp",2022-06-18,"quantile",0.1,0
2022-05-21,"48","28  day ahead inc hosp",2022-06-18,"quantile",0.15,23.6498182269125
2022-05-21,"48","28  day ahead inc hosp",2022-06-18,"quantile",0.2,128.859401961638
2022-05-21,"48","28  day ahead inc hosp",2022-06-18,"quantile",0.25,219.119856767064
2022-05-21,"48","28  day ahead inc hosp",2022-06-18,"quantile",0.3,300.176534798967
2022-05-21,"48","28  day ahead inc hosp",2022-06-18,"quantile",0.35,375.28762685537
2022-05-21,"48","28  day ahead inc hosp",2022-06-18,"quantile",0.4,446.560708087189
2022-05-21,"48","28  day ahead inc hosp",2022-06-18,"quantile",0.45,515.518239015624
2022-05-21,"48","28  day ahead inc hosp",2022-06-18,"quantile",0.5,583.382474343614
2022-05-21,"48","28  day ahead inc hosp",2022-06-18,"quantile",0.55,651.246709671604
2022-05-21,"48","28  day ahead inc hosp",2022-06-18,"quantile",0.6,720.204240600038
2022-05-21,"48","28  day ahead inc hosp",2022-06-18,"quantile",0.65,791.477321831858
2022-05-21,"48","28  day ahead inc hosp",2022-06-18,"quantile",0.7,866.588413888261
2022-05-21,"48","28  day ahead inc hosp",2022-06-18,"quantile",0.75,947.645091920164
2022-05-21,"48","28  day ahead inc hosp",2022-06-18,"quantile",0.8,1037.90554672559
2022-05-21,"48","28  day ahead inc hosp",2022-06-18,"quantile",0.85,1143.11513046032
2022-05-21,"48","28  day ahead inc hosp",2022-06-18,"quantile",0.9,1275.4928106221
2022-05-21,"48","28  day ahead inc hosp",2022-06-18,"quantile",0.95,1471.69647394026
2022-05-21,"48","28  day ahead inc hosp",2022-06-18,"quantile",0.975,1641.87389123582
2022-05-21,"48","28  day ahead inc hosp",2022-06-18,"quantile",0.99,1839.74191604812
2022-05-21,"48","29  day ahead inc hosp",2022-06-19,"quantile",0.01,0
2022-05-21,"48","29  day ahead inc hosp",2022-06-19,"quantile",0.025,0
2022-05-21,"48","29  day ahead inc hosp",2022-06-19,"quantile",0.05,0
2022-05-21,"48","29  day ahead inc hosp",2022-06-19,"quantile",0.1,0
2022-05-21,"48","29  day ahead inc hosp",2022-06-19,"quantile",0.15,53.5893201113846
2022-05-21,"48","29  day ahead inc hosp",2022-06-19,"quantile",0.2,162.772167053026
2022-05-21,"48","29  day ahead inc hosp",2022-06-19,"quantile",0.25,256.441327903922
2022-05-21,"48","29  day ahead inc hosp",2022-06-19,"quantile",0.3,340.559129315146
2022-05-21,"48","29  day ahead inc hosp",2022-06-19,"quantile",0.35,418.50680838107
2022-05-21,"48","29  day ahead inc hosp",2022-06-19,"quantile",0.4,492.471533294476
2022-05-21,"48","29  day ahead inc hosp",2022-06-19,"quantile",0.45,564.033260634984
2022-05-21,"48","29  day ahead inc hosp",2022-06-19,"quantile",0.5,634.46040382481
2022-05-21,"48","29  day ahead inc hosp",2022-06-19,"quantile",0.55,704.887547014636
2022-05-21,"48","29  day ahead inc hosp",2022-06-19,"quantile",0.6,776.449274355144
2022-05-21,"48","29  day ahead inc hosp",2022-06-19,"quantile",0.65,850.41399926855
2022-05-21,"48","29  day ahead inc hosp",2022-06-19,"quantile",0.7,928.361678334474
2022-05-21,"48","29  day ahead inc hosp",2022-06-19,"quantile",0.75,1012.4794797457
2022-05-21,"48","29  day ahead inc hosp",2022-06-19,"quantile",0.8,1106.14864059659
2022-05-21,"48","29  day ahead inc hosp",2022-06-19,"quantile",0.85,1215.33148753824
2022-05-21,"48","29  day ahead inc hosp",2022-06-19,"quantile",0.9,1352.70844007933
2022-05-21,"48","29  day ahead inc hosp",2022-06-19,"quantile",0.95,1556.32177815193
2022-05-21,"48","29  day ahead inc hosp",2022-06-19,"quantile",0.975,1732.92598326269
2022-05-21,"48","29  day ahead inc hosp",2022-06-19,"quantile",0.99,1938.26653780948
2022-05-21,"48","30  day ahead inc hosp",2022-06-20,"quantile",0.01,0
2022-05-21,"48","30  day ahead inc hosp",2022-06-20,"quantile",0.025,0
2022-05-21,"48","30  day ahead inc hosp",2022-06-20,"quantile",0.05,0
2022-05-21,"48","30  day ahead inc hosp",2022-06-20,"quantile",0.1,0
2022-05-21,"48","30  day ahead inc hosp",2022-06-20,"quantile",0.15,35.5952683206411
2022-05-21,"48","30  day ahead inc hosp",2022-06-20,"quantile",0.2,148.783135277857
2022-05-21,"48","30  day ahead inc hosp",2022-06-20,"quantile",0.25,245.888246688372
2022-05-21,"48","30  day ahead inc hosp",2022-06-20,"quantile",0.3,333.091637894649
2022-05-21,"48","30  day ahead inc hosp",2022-06-20,"quantile",0.35,413.898575750495
2022-05-21,"48","30  day ahead inc hosp",2022-06-20,"quantile",0.4,490.57645764801
2022-05-21,"48","30  day ahead inc hosp",2022-06-20,"quantile",0.45,564.763195769754
2022-05-21,"48","30  day ahead inc hosp",2022-06-20,"quantile",0.5,637.773731186618
2022-05-21,"48","30  day ahead inc hosp",2022-06-20,"quantile",0.55,710.784266603482
2022-05-21,"48","30  day ahead inc hosp",2022-06-20,"quantile",0.6,784.971004725226
2022-05-21,"48","30  day ahead inc hosp",2022-06-20,"quantile",0.65,861.648886622741
2022-05-21,"48","30  day ahead inc hosp",2022-06-20,"quantile",0.7,942.455824478586
2022-05-21,"48","30  day ahead inc hosp",2022-06-20,"quantile",0.75,1029.65921568486
2022-05-21,"48","30  day ahead inc hosp",2022-06-20,"quantile",0.8,1126.76432709538
2022-05-21,"48","30  day ahead inc hosp",2022-06-20,"quantile",0.85,1239.95219405259
2022-05-21,"48","30  day ahead inc hosp",2022-06-20,"quantile",0.9,1382.36837628972
2022-05-21,"48","30  day ahead inc hosp",2022-06-20,"quantile",0.95,1593.4506118793
2022-05-21,"48","30  day ahead inc hosp",2022-06-20,"quantile",0.975,1776.53297171963
2022-05-21,"48","30  day ahead inc hosp",2022-06-20,"quantile",0.99,1989.40578113983
2022-05-21,"48","31  day ahead inc hosp",2022-06-21,"quantile",0.01,0
2022-05-21,"48","31  day ahead inc hosp",2022-06-21,"quantile",0.025,0
2022-05-21,"48","31  day ahead inc hosp",2022-06-21,"quantile",0.05,0
2022-05-21,"48","31  day ahead inc hosp",2022-06-21,"quantile",0.1,0
2022-05-21,"48","31  day ahead inc hosp",2022-06-21,"quantile",0.15,20.3462870728023
2022-05-21,"48","31  day ahead inc hosp",2022-06-21,"quantile",0.2,137.555431619278
2022-05-21,"48","31  day ahead inc hosp",2022-06-21,"quantile",0.25,238.110441140032
2022-05-21,"48","31  day ahead inc hosp",2022-06-21,"quantile",0.3,328.411947472888
2022-05-21,"48","31  day ahead inc hosp",2022-06-21,"quantile",0.35,412.08975070496
2022-05-21,"48","31  day ahead inc hosp",2022-06-21,"quantile",0.4,491.491803101977
2022-05-21,"48","31  day ahead inc hosp",2022-06-21,"quantile",0.45,568.314207708557
2022-05-21,"48","31  day ahead inc hosp",2022-06-21,"quantile",0.5,643.918622113906
2022-05-21,"48","31  day ahead inc hosp",2022-06-21,"quantile",0.55,719.523036519254
2022-05-21,"48","31  day ahead inc hosp",2022-06-21,"quantile",0.6,796.345441125835
2022-05-21,"48","31  day ahead inc hosp",2022-06-21,"quantile",0.65,875.747493522852
2022-05-21,"48","31  day ahead inc hosp",2022-06-21,"quantile",0.7,959.425296754924
2022-05-21,"48","31  day ahead inc hosp",2022-06-21,"quantile",0.75,1049.72680308778
2022-05-21,"48","31  day ahead inc hosp",2022-06-21,"quantile",0.8,1150.28181260853
2022-05-21,"48","31  day ahead inc hosp",2022-06-21,"quantile",0.85,1267.49095715501
2022-05-21,"48","31  day ahead inc hosp",2022-06-21,"quantile",0.9,1414.96682482816
2022-05-21,"48","31  day ahead inc hosp",2022-06-21,"quantile",0.95,1633.54827642282
2022-05-21,"48","31  day ahead inc hosp",2022-06-21,"quantile",0.975,1823.13508775965
2022-05-21,"48","31  day ahead inc hosp",2022-06-21,"quantile",0.99,2043.57072772783
2022-05-21,"48","32  day ahead inc hosp",2022-06-22,"quantile",0.01,0
2022-05-21,"48","32  day ahead inc hosp",2022-06-22,"quantile",0.025,0
2022-05-21,"48","32  day ahead inc hosp",2022-06-22,"quantile",0.05,0
2022-05-21,"48","32  day ahead inc hosp",2022-06-22,"quantile",0.1,0
2022-05-21,"48","32  day ahead inc hosp",2022-06-22,"quantile",0.15,0
2022-05-21,"48","32  day ahead inc hosp",2022-06-22,"quantile",0.2,119.652387312115
2022-05-21,"48","32  day ahead inc hosp",2022-06-22,"quantile",0.25,223.658712522086
2022-05-21,"48","32  day ahead inc hosp",2022-06-22,"quantile",0.3,317.059607011254
2022-05-21,"48","32  day ahead inc hosp",2022-06-22,"quantile",0.35,403.609455271322
2022-05-21,"48","32  day ahead inc hosp",2022-06-22,"quantile",0.4,485.736797542011
2022-05-21,"48","32  day ahead inc hosp",2022-06-22,"quantile",0.45,565.195951640892
2022-05-21,"48","32  day ahead inc hosp",2022-06-22,"quantile",0.5,643.395310871514
2022-05-21,"48","32  day ahead inc hosp",2022-06-22,"quantile",0.55,721.594670102137
2022-05-21,"48","32  day ahead inc hosp",2022-06-22,"quantile",0.6,801.053824201018
2022-05-21,"48","32  day ahead inc hosp",2022-06-22,"quantile",0.65,883.181166471707
2022-05-21,"48","32  day ahead inc hosp",2022-06-22,"quantile",0.7,969.731014731774
2022-05-21,"48","32  day ahead inc hosp",2022-06-22,"quantile",0.75,1063.13190922094
2022-05-21,"48","32  day ahead inc hosp",2022-06-22,"quantile",0.8,1167.13823443091
2022-05-21,"48","32  day ahead inc hosp",2022-06-22,"quantile",0.85,1288.37030892808
2022-05-21,"48","32  day ahead inc hosp",2022-06-22,"quantile",0.9,1440.90794108524
2022-05-21,"48","32  day ahead inc hosp",2022-06-22,"quantile",0.95,1666.99169014729
2022-05-21,"48","32  day ahead inc hosp",2022-06-22,"quantile",0.975,1863.0856256896
2022-05-21,"48","32  day ahead inc hosp",2022-06-22,"quantile",0.99,2091.08720380756
2022-05-21,"48","33  day ahead inc hosp",2022-06-23,"quantile",0.01,0
2022-05-21,"48","33  day ahead inc hosp",2022-06-23,"quantile",0.025,0
2022-05-21,"48","33  day ahead inc hosp",2022-06-23,"quantile",0.05,0
2022-05-21,"48","33  day ahead inc hosp",2022-06-23,"quantile",0.1,0
2022-05-21,"48","33  day ahead inc hosp",2022-06-23,"quantile",0.15,0
2022-05-21,"48","33  day ahead inc hosp",2022-06-23,"quantile",0.2,105.822481687921
2022-05-21,"48","33  day ahead inc hosp",2022-06-23,"quantile",0.25,213.27058794786
2022-05-21,"48","33  day ahead inc hosp",2022-06-23,"quantile",0.3,309.762308192615
2022-05-21,"48","33  day ahead inc hosp",2022-06-23,"quantile",0.35,399.176267140352
2022-05-21,"48","33  day ahead inc hosp",2022-06-23,"quantile",0.4,484.021370371645
2022-05-21,"48","33  day ahead inc hosp",2022-06-23,"quantile",0.45,566.109989652301
2022-05-21,"48","33  day ahead inc hosp",2022-06-23,"quantile",0.5,646.897124887664
2022-05-21,"48","33  day ahead inc hosp",2022-06-23,"quantile",0.55,727.684260123028
2022-05-21,"48","33  day ahead inc hosp",2022-06-23,"quantile",0.6,809.772879403684
2022-05-21,"48","33  day ahead inc hosp",2022-06-23,"quantile",0.65,894.617982634977
2022-05-21,"48","33  day ahead inc hosp",2022-06-23,"quantile",0.7,984.031941582713
2022-05-21,"48","33  day ahead inc hosp",2022-06-23,"quantile",0.75,1080.52366182747
2022-05-21,"48","33  day ahead inc hosp",2022-06-23,"quantile",0.8,1187.97176808741
2022-05-21,"48","33  day ahead inc hosp",2022-06-23,"quantile",0.85,1313.21565874874
2022-05-21,"48","33  day ahead inc hosp",2022-06-23,"quantile",0.9,1470.80107170871
2022-05-21,"48","33  day ahead inc hosp",2022-06-23,"quantile",0.95,1704.36639231611
2022-05-21,"48","33  day ahead inc hosp",2022-06-23,"quantile",0.975,1906.94947541748
2022-05-21,"48","33  day ahead inc hosp",2022-06-23,"quantile",0.99,2142.4960899488
2022-05-21,"48","34  day ahead inc hosp",2022-06-24,"quantile",0.01,0
2022-05-21,"48","34  day ahead inc hosp",2022-06-24,"quantile",0.025,0
2022-05-21,"48","34  day ahead inc hosp",2022-06-24,"quantile",0.05,0
2022-05-21,"48","34  day ahead inc hosp",2022-06-24,"quantile",0.1,0
2022-05-21,"48","34  day ahead inc hosp",2022-06-24,"quantile",0.15,0
2022-05-21,"48","34  day ahead inc hosp",2022-06-24,"quantile",0.2,88.0330279690547
2022-05-21,"48","34  day ahead inc hosp",2022-06-24,"quantile",0.25,198.904231739485
2022-05-21,"48","34  day ahead inc hosp",2022-06-24,"quantile",0.3,298.469999343937
2022-05-21,"48","34  day ahead inc hosp",2022-06-24,"quantile",0.35,390.732521295071
2022-05-21,"48","34  day ahead inc hosp",2022-06-24,"quantile",0.4,478.280632255004
2022-05-21,"48","34  day ahead inc hosp",2022-06-24,"quantile",0.45,562.984442794773
2022-05-21,"48","34  day ahead inc hosp",2022-06-24,"quantile",0.5,646.345306419865
2022-05-21,"48","34  day ahead inc hosp",2022-06-24,"quantile",0.55,729.706170044958
2022-05-21,"48","34  day ahead inc hosp",2022-06-24,"quantile",0.6,814.409980584727
2022-05-21,"48","34  day ahead inc hosp",2022-06-24,"quantile",0.65,901.95809154466
2022-05-21,"48","34  day ahead inc hosp",2022-06-24,"quantile",0.7,994.220613495794
2022-05-21,"48","34  day ahead inc hosp",2022-06-24,"quantile",0.75,1093.78638110025
2022-05-21,"48","34  day ahead inc hosp",2022-06-24,"quantile",0.8,1204.65758487068
2022-05-21,"48","34  day ahead inc hosp",2022-06-24,"quantile",0.85,1333.89151374906
2022-05-21,"48","34  day ahead inc hosp",2022-06-24,"quantile",0.9,1496.49730588153
2022-05-21,"48","34  day ahead inc hosp",2022-06-24,"quantile",0.95,1737.50358469041
2022-05-21,"48","34  day ahead inc hosp",2022-06-24,"quantile",0.975,1946.54058933187
2022-05-21,"48","34  day ahead inc hosp",2022-06-24,"quantile",0.99,2189.59128241676
2022-05-21,"48","35  day ahead inc hosp",2022-06-25,"quantile",0.01,0
2022-05-21,"48","35  day ahead inc hosp",2022-06-25,"quantile",0.025,0
2022-05-21,"48","35  day ahead inc hosp",2022-06-25,"quantile",0.05,0
2022-05-21,"48","35  day ahead inc hosp",2022-06-25,"quantile",0.1,0
2022-05-21,"48","35  day ahead inc hosp",2022-06-25,"quantile",0.15,0
2022-05-21,"48","35  day ahead inc hosp",2022-06-25,"quantile",0.2,70.8963923271818
2022-05-21,"48","35  day ahead inc hosp",2022-06-25,"quantile",0.25,185.164606117523
2022-05-21,"48","35  day ahead inc hosp",2022-06-25,"quantile",0.3,287.780993708863
2022-05-21,"48","35  day ahead inc hosp",2022-06-25,"quantile",0.35,382.87036971111
2022-05-21,"48","35  day ahead inc hosp",2022-06-25,"quantile",0.4,473.100888726889
2022-05-21,"48","35  day ahead inc hosp",2022-06-25,"quantile",0.45,560.399960103945
2022-05-21,"48","35  day ahead inc hosp",2022-06-25,"quantile",0.5,646.314937686249
2022-05-21,"48","35  day ahead inc hosp",2022-06-25,"quantile",0.55,732.229915268553
2022-05-21,"48","35  day ahead inc hosp",2022-06-25,"quantile",0.6,819.528986645608
2022-05-21,"48","35  day ahead inc hosp",2022-06-25,"quantile",0.65,909.759505661387
2022-05-21,"48","35  day ahead inc hosp",2022-06-25,"quantile",0.7,1004.84888166363
2022-05-21,"48","35  day ahead inc hosp",2022-06-25,"quantile",0.75,1107.46526925497
2022-05-21,"48","35  day ahead inc hosp",2022-06-25,"quantile",0.8,1221.73348304532
2022-05-21,"48","35  day ahead inc hosp",2022-06-25,"quantile",0.85,1354.92704198437
2022-05-21,"48","35  day ahead inc hosp",2022-06-25,"quantile",0.9,1522.51495288515
2022-05-21,"48","35  day ahead inc hosp",2022-06-25,"quantile",0.95,1770.90548221295
2022-05-21,"48","35  day ahead inc hosp",2022-06-25,"quantile",0.975,1986.34722293692
2022-05-21,"48","35  day ahead inc hosp",2022-06-25,"quantile",0.99,2236.84480585142
2022-05-21,"48","36  day ahead inc hosp",2022-06-26,"quantile",0.01,0
2022-05-21,"48","36  day ahead inc hosp",2022-06-26,"quantile",0.025,0
2022-05-21,"48","36  day ahead inc hosp",2022-06-26,"quantile",0.05,0
2022-05-21,"48","36  day ahead inc hosp",2022-06-26,"quantile",0.1,0
2022-05-21,"48","36  day ahead inc hosp",2022-06-26,"quantile",0.15,0
2022-05-21,"48","36  day ahead inc hosp",2022-06-26,"quantile",0.2,97.6203467220547
2022-05-21,"48","36  day ahead inc hosp",2022-06-26,"quantile",0.25,215.253645872971
2022-05-21,"48","36  day ahead inc hosp",2022-06-26,"quantile",0.3,320.891984120443
2022-05-21,"48","36  day ahead inc hosp",2022-06-26,"quantile",0.35,418.781647766273
2022-05-21,"48","36  day ahead inc hosp",2022-06-26,"quantile",0.4,511.669365915087
2022-05-21,"48","36  day ahead inc hosp",2022-06-26,"quantile",0.45,601.539308204869
2022-05-21,"48","36  day ahead inc hosp",2022-06-26,"quantile",0.5,689.984396512863
2022-05-21,"48","36  day ahead inc hosp",2022-06-26,"quantile",0.55,778.429484820857
2022-05-21,"48","36  day ahead inc hosp",2022-06-26,"quantile",0.6,868.299427110638
2022-05-21,"48","36  day ahead inc hosp",2022-06-26,"quantile",0.65,961.187145259452
2022-05-21,"48","36  day ahead inc hosp",2022-06-26,"quantile",0.7,1059.07680890528
2022-05-21,"48","36  day ahead inc hosp",2022-06-26,"quantile",0.75,1164.71514715275
2022-05-21,"48","36  day ahead inc hosp",2022-06-26,"quantile",0.8,1282.34844630367
2022-05-21,"48","36  day ahead inc hosp",2022-06-26,"quantile",0.85,1419.46442321393
2022-05-21,"48","36  day ahead inc hosp",2022-06-26,"quantile",0.9,1591.98763157737
2022-05-21,"48","36  day ahead inc hosp",2022-06-26,"quantile",0.95,1847.69301519597
2022-05-21,"48","36  day ahead inc hosp",2022-06-26,"quantile",0.975,2069.47930112388
2022-05-21,"48","36  day ahead inc hosp",2022-06-26,"quantile",0.99,2327.35378896377
2022-05-21,"48","37  day ahead inc hosp",2022-06-27,"quantile",0.01,0
2022-05-21,"48","37  day ahead inc hosp",2022-06-27,"quantile",0.025,0
2022-05-21,"48","37  day ahead inc hosp",2022-06-27,"quantile",0.05,0
2022-05-21,"48","37  day ahead inc hosp",2022-06-27,"quantile",0.1,0
2022-05-21,"48","37  day ahead inc hosp",2022-06-27,"quantile",0.15,0
2022-05-21,"48","37  day ahead inc hosp",2022-06-27,"quantile",0.2,86.3432882356556
2022-05-21,"48","37  day ahead inc hosp",2022-06-27,"quantile",0.25,207.305261662372
2022-05-21,"48","37  day ahead inc hosp",2022-06-27,"quantile",0.3,315.932852286516
2022-05-21,"48","37  day ahead inc hosp",2022-06-27,"quantile",0.35,416.592503746992
2022-05-21,"48","37  day ahead inc hosp",2022-06-27,"quantile",0.4,512.108669454206
2022-05-21,"48","37  day ahead inc hosp",2022-06-27,"quantile",0.45,604.521665175515
2022-05-21,"48","37  day ahead inc hosp",2022-06-27,"quantile",0.5,695.469487763655
2022-05-21,"48","37  day ahead inc hosp",2022-06-27,"quantile",0.55,786.417310351795
2022-05-21,"48","37  day ahead inc hosp",2022-06-27,"quantile",0.6,878.830306073105
2022-05-21,"48","37  day ahead inc hosp",2022-06-27,"quantile",0.65,974.346471780318
2022-05-21,"48","37  day ahead inc hosp",2022-06-27,"quantile",0.7,1075.00612324079
2022-05-21,"48","37  day ahead inc hosp",2022-06-27,"quantile",0.75,1183.63371386494
2022-05-21,"48","37  day ahead inc hosp",2022-06-27,"quantile",0.8,1304.59568729165
2022-05-21,"48","37  day ahead inc hosp",2022-06-27,"quantile",0.85,1445.59164060687
2022-05-21,"48","37  day ahead inc hosp",2022-06-27,"quantile",0.9,1622.9967452514
2022-05-21,"48","37  day ahead inc hosp",2022-06-27,"quantile",0.95,1885.9378345654
2022-05-21,"48","37  day ahead inc hosp",2022-06-27,"quantile",0.975,2114.00001609449
2022-05-21,"48","37  day ahead inc hosp",2022-06-27,"quantile",0.99,2379.17158886062
2022-05-21,"49","1  day ahead inc hosp",2022-05-22,"quantile",0.01,1.19010290410167
2022-05-21,"49","1  day ahead inc hosp",2022-05-22,"quantile",0.025,5.32530995425277
2022-05-21,"49","1  day ahead inc hosp",2022-05-22,"quantile",0.05,8.88181614793774
2022-05-21,"49","1  day ahead inc hosp",2022-05-22,"quantile",0.1,12.9822400167686
2022-05-21,"49","1  day ahead inc hosp",2022-05-22,"quantile",0.15,15.7487765342628
2022-05-21,"49","1  day ahead inc hosp",2022-05-22,"quantile",0.2,17.9475320573749
2022-05-21,"49","1  day ahead inc hosp",2022-05-22,"quantile",0.25,19.833868515301
2022-05-21,"49","1  day ahead inc hosp",2022-05-22,"quantile",0.3,21.5278569541977
2022-05-21,"49","1  day ahead inc hosp",2022-05-22,"quantile",0.35,23.0975896975797
2022-05-21,"49","1  day ahead inc hosp",2022-05-22,"quantile",0.4,24.5871125665496
2022-05-21,"49","1  day ahead inc hosp",2022-05-22,"quantile",0.45,26.0282431803858
2022-05-21,"49","1  day ahead inc hosp",2022-05-22,"quantile",0.5,27.4465252128043
2022-05-21,"49","1  day ahead inc hosp",2022-05-22,"quantile",0.55,28.8648072452228
2022-05-21,"49","1  day ahead inc hosp",2022-05-22,"quantile",0.6,30.3059378590589
2022-05-21,"49","1  day ahead inc hosp",2022-05-22,"quantile",0.65,31.7954607280288
2022-05-21,"49","1  day ahead inc hosp",2022-05-22,"quantile",0.7,33.3651934714109
2022-05-21,"49","1  day ahead inc hosp",2022-05-22,"quantile",0.75,35.0591819103076
2022-05-21,"49","1  day ahead inc hosp",2022-05-22,"quantile",0.8,36.9455183682337
2022-05-21,"49","1  day ahead inc hosp",2022-05-22,"quantile",0.85,39.1442738913458
2022-05-21,"49","1  day ahead inc hosp",2022-05-22,"quantile",0.9,41.91081040884
2022-05-21,"49","1  day ahead inc hosp",2022-05-22,"quantile",0.95,46.0112342776708
2022-05-21,"49","1  day ahead inc hosp",2022-05-22,"quantile",0.975,49.5677404713558
2022-05-21,"49","1  day ahead inc hosp",2022-05-22,"quantile",0.99,53.7029475215069
2022-05-21,"49","2  day ahead inc hosp",2022-05-23,"quantile",0.01,3.08988414866575
2022-05-21,"49","2  day ahead inc hosp",2022-05-23,"quantile",0.025,7.50825603109673
2022-05-21,"49","2  day ahead inc hosp",2022-05-23,"quantile",0.05,11.3082996021424
2022-05-21,"49","2  day ahead inc hosp",2022-05-23,"quantile",0.1,15.6895064699893
2022-05-21,"49","2  day ahead inc hosp",2022-05-23,"quantile",0.15,18.6454859438994
2022-05-21,"49","2  day ahead inc hosp",2022-05-23,"quantile",0.2,20.9948047233069
2022-05-21,"49","2  day ahead inc hosp",2022-05-23,"quantile",0.25,23.0103110487279
2022-05-21,"49","2  day ahead inc hosp",2022-05-23,"quantile",0.3,24.8202980207976
2022-05-21,"49","2  day ahead inc hosp",2022-05-23,"quantile",0.35,26.4975206924017
2022-05-21,"49","2  day ahead inc hosp",2022-05-23,"quantile",0.4,28.0890409917914
2022-05-21,"49","2  day ahead inc hosp",2022-05-23,"quantile",0.45,29.6288552999652
2022-05-21,"49","2  day ahead inc hosp",2022-05-23,"quantile",0.5,31.1442564340308
2022-05-21,"49","2  day ahead inc hosp",2022-05-23,"quantile",0.55,32.6596575680964
2022-05-21,"49","2  day ahead inc hosp",2022-05-23,"quantile",0.6,34.1994718762703
2022-05-21,"49","2  day ahead inc hosp",2022-05-23,"quantile",0.65,35.7909921756599
2022-05-21,"49","2  day ahead inc hosp",2022-05-23,"quantile",0.7,37.468214847264
2022-05-21,"49","2  day ahead inc hosp",2022-05-23,"quantile",0.75,39.2782018193337
2022-05-21,"49","2  day ahead inc hosp",2022-05-23,"quantile",0.8,41.2937081447547
2022-05-21,"49","2  day ahead inc hosp",2022-05-23,"quantile",0.85,43.6430269241622
2022-05-21,"49","2  day ahead inc hosp",2022-05-23,"quantile",0.9,46.5990063980723
2022-05-21,"49","2  day ahead inc hosp",2022-05-23,"quantile",0.95,50.9802132659192
2022-05-21,"49","2  day ahead inc hosp",2022-05-23,"quantile",0.975,54.7802568369649
2022-05-21,"49","2  day ahead inc hosp",2022-05-23,"quantile",0.99,59.1986287193959
2022-05-21,"49","3  day ahead inc hosp",2022-05-24,"quantile",0.01,0
2022-05-21,"49","3  day ahead inc hosp",2022-05-24,"quantile",0.025,4.31856009096942
2022-05-21,"49","3  day ahead inc hosp",2022-05-24,"quantile",0.05,8.34744653488554
2022-05-21,"49","3  day ahead inc hosp",2022-05-24,"quantile",0.1,12.9924945791646
2022-05-21,"49","3  day ahead inc hosp",2022-05-24,"quantile",0.15,16.1264864422247
2022-05-21,"49","3  day ahead inc hosp",2022-05-24,"quantile",0.2,18.6172838254209
2022-05-21,"49","3  day ahead inc hosp",2022-05-24,"quantile",0.25,20.754166195399
2022-05-21,"49","3  day ahead inc hosp",2022-05-24,"quantile",0.3,22.6731526067653
2022-05-21,"49","3  day ahead inc hosp",2022-05-24,"quantile",0.35,24.4513795030414
2022-05-21,"49","3  day ahead inc hosp",2022-05-24,"quantile",0.4,26.1387429344201
2022-05-21,"49","3  day ahead inc hosp",2022-05-24,"quantile",0.45,27.7712865819769
2022-05-21,"49","3  day ahead inc hosp",2022-05-24,"quantile",0.5,29.3779468667831
2022-05-21,"49","3  day ahead inc hosp",2022-05-24,"quantile",0.55,30.9846071515893
2022-05-21,"49","3  day ahead inc hosp",2022-05-24,"quantile",0.6,32.6171507991461
2022-05-21,"49","3  day ahead inc hosp",2022-05-24,"quantile",0.65,34.3045142305248
2022-05-21,"49","3  day ahead inc hosp",2022-05-24,"quantile",0.7,36.082741126801
2022-05-21,"49","3  day ahead inc hosp",2022-05-24,"quantile",0.75,38.0017275381673
2022-05-21,"49","3  day ahead inc hosp",2022-05-24,"quantile",0.8,40.1386099081453
2022-05-21,"49","3  day ahead inc hosp",2022-05-24,"quantile",0.85,42.6294072913416
2022-05-21,"49","3  day ahead inc hosp",2022-05-24,"quantile",0.9,45.7633991544017
2022-05-21,"49","3  day ahead inc hosp",2022-05-24,"quantile",0.95,50.4084471986807
2022-05-21,"49","3  day ahead inc hosp",2022-05-24,"quantile",0.975,54.4373336425969
2022-05-21,"49","3  day ahead inc hosp",2022-05-24,"quantile",0.99,59.1217848201943
2022-05-21,"49","4  day ahead inc hosp",2022-05-25,"quantile",0.01,0
2022-05-21,"49","4  day ahead inc hosp",2022-05-25,"quantile",0.025,2.36412900539822
2022-05-21,"49","4  day ahead inc hosp",2022-05-25,"quantile",0.05,6.60954074209666
2022-05-21,"49","4  day ahead inc hosp",2022-05-25,"quantile",0.1,11.5042285818319
2022-05-21,"49","4  day ahead inc hosp",2022-05-25,"quantile",0.15,14.8066512297187
2022-05-21,"49","4  day ahead inc hosp",2022-05-25,"quantile",0.2,17.4313120613307
2022-05-21,"49","4  day ahead inc hosp",2022-05-25,"quantile",0.25,19.683037350622
2022-05-21,"49","4  day ahead inc hosp",2022-05-25,"quantile",0.3,21.7051562529012
2022-05-21,"49","4  day ahead inc hosp",2022-05-25,"quantile",0.35,23.5789507718218
2022-05-21,"49","4  day ahead inc hosp",2022-05-25,"quantile",0.4,25.3569985315119
2022-05-21,"49","4  day ahead inc hosp",2022-05-25,"quantile",0.45,27.0772803161912
2022-05-21,"49","4  day ahead inc hosp",2022-05-25,"quantile",0.5,28.7702876831036
2022-05-21,"49","4  day ahead inc hosp",2022-05-25,"quantile",0.55,30.463295050016
2022-05-21,"49","4  day ahead inc hosp",2022-05-25,"quantile",0.6,32.1835768346952
2022-05-21,"49","4  day ahead inc hosp",2022-05-25,"quantile",0.65,33.9616245943854
2022-05-21,"49","4  day ahead inc hosp",2022-05-25,"quantile",0.7,35.8354191133059
2022-05-21,"49","4  day ahead inc hosp",2022-05-25,"quantile",0.75,37.8575380155852
2022-05-21,"49","4  day ahead inc hosp",2022-05-25,"quantile",0.8,40.1092633048765
2022-05-21,"49","4  day ahead inc hosp",2022-05-25,"quantile",0.85,42.7339241364885
2022-05-21,"49","4  day ahead inc hosp",2022-05-25,"quantile",0.9,46.0363467843752
2022-05-21,"49","4  day ahead inc hosp",2022-05-25,"quantile",0.95,50.9310346241105
2022-05-21,"49","4  day ahead inc hosp",2022-05-25,"quantile",0.975,55.176446360809
2022-05-21,"49","4  day ahead inc hosp",2022-05-25,"quantile",0.99,60.1126549847562
2022-05-21,"49","5  day ahead inc hosp",2022-05-26,"quantile",0.01,0
2022-05-21,"49","5  day ahead inc hosp",2022-05-26,"quantile",0.025,1.17467152955845
2022-05-21,"49","5  day ahead inc hosp",2022-05-26,"quantile",0.05,5.62608879265822
2022-05-21,"49","5  day ahead inc hosp",2022-05-26,"quantile",0.1,10.7582878109392
2022-05-21,"49","5  day ahead inc hosp",2022-05-26,"quantile",0.15,14.2209581234038
2022-05-21,"49","5  day ahead inc hosp",2022-05-26,"quantile",0.2,16.972978718868
2022-05-21,"49","5  day ahead inc hosp",2022-05-26,"quantile",0.25,19.3339673452161
2022-05-21,"49","5  day ahead inc hosp",2022-05-26,"quantile",0.3,21.4542081010977
2022-05-21,"49","5  day ahead inc hosp",2022-05-26,"quantile",0.35,23.4189271404603
2022-05-21,"49","5  day ahead inc hosp",2022-05-26,"quantile",0.4,25.2832533785216
2022-05-21,"49","5  day ahead inc hosp",2022-05-26,"quantile",0.45,27.0870105895177
2022-05-21,"49","5  day ahead inc hosp",2022-05-26,"quantile",0.5,28.8621699114001
2022-05-21,"49","5  day ahead inc hosp",2022-05-26,"quantile",0.55,30.6373292332824
2022-05-21,"49","5  day ahead inc hosp",2022-05-26,"quantile",0.6,32.4410864442785
2022-05-21,"49","5  day ahead inc hosp",2022-05-26,"quantile",0.65,34.3054126823398
2022-05-21,"49","5  day ahead inc hosp",2022-05-26,"quantile",0.7,36.2701317217024
2022-05-21,"49","5  day ahead inc hosp",2022-05-26,"quantile",0.75,38.3903724775841
2022-05-21,"49","5  day ahead inc hosp",2022-05-26,"quantile",0.8,40.7513611039321
2022-05-21,"49","5  day ahead inc hosp",2022-05-26,"quantile",0.85,43.5033816993963
2022-05-21,"49","5  day ahead inc hosp",2022-05-26,"quantile",0.9,46.966052011861
2022-05-21,"49","5  day ahead inc hosp",2022-05-26,"quantile",0.95,52.0982510301419
2022-05-21,"49","5  day ahead inc hosp",2022-05-26,"quantile",0.975,56.5496682932417
2022-05-21,"49","5  day ahead inc hosp",2022-05-26,"quantile",0.99,61.725402861684
2022-05-21,"49","6  day ahead inc hosp",2022-05-27,"quantile",0.01,0
2022-05-21,"49","6  day ahead inc hosp",2022-05-27,"quantile",0.025,1.08598431843182
2022-05-21,"49","6  day ahead inc hosp",2022-05-27,"quantile",0.05,5.73428621120389
2022-05-21,"49","6  day ahead inc hosp",2022-05-27,"quantile",0.1,11.0934805982396
2022-05-21,"49","6  day ahead inc hosp",2022-05-27,"quantile",0.15,14.7093036083402
2022-05-21,"49","6  day ahead inc hosp",2022-05-27,"quantile",0.2,17.5830451128461
2022-05-21,"49","6  day ahead inc hosp",2022-05-27,"quantile",0.25,20.0484594409167
2022-05-21,"49","6  day ahead inc hosp",2022-05-27,"quantile",0.3,22.2624777043572
2022-05-21,"49","6  day ahead inc hosp",2022-05-27,"quantile",0.35,24.3140955801155
2022-05-21,"49","6  day ahead inc hosp",2022-05-27,"quantile",0.4,26.2608803160606
2022-05-21,"49","6  day ahead inc hosp",2022-05-27,"quantile",0.45,28.1444170780436
2022-05-21,"49","6  day ahead inc hosp",2022-05-27,"quantile",0.5,29.9980910762731
2022-05-21,"49","6  day ahead inc hosp",2022-05-27,"quantile",0.55,31.8517650745025
2022-05-21,"49","6  day ahead inc hosp",2022-05-27,"quantile",0.6,33.7353018364856
2022-05-21,"49","6  day ahead inc hosp",2022-05-27,"quantile",0.65,35.6820865724307
2022-05-21,"49","6  day ahead inc hosp",2022-05-27,"quantile",0.7,37.7337044481889
2022-05-21,"49","6  day ahead inc hosp",2022-05-27,"quantile",0.75,39.9477227116294
2022-05-21,"49","6  day ahead inc hosp",2022-05-27,"quantile",0.8,42.4131370397
2022-05-21,"49","6  day ahead inc hosp",2022-05-27,"quantile",0.85,45.2868785442059
2022-05-21,"49","6  day ahead inc hosp",2022-05-27,"quantile",0.9,48.9027015543065
2022-05-21,"49","6  day ahead inc hosp",2022-05-27,"quantile",0.95,54.2618959413422
2022-05-21,"49","6  day ahead inc hosp",2022-05-27,"quantile",0.975,58.9101978341143
2022-05-21,"49","6  day ahead inc hosp",2022-05-27,"quantile",0.99,64.3148533334784
2022-05-21,"49","7  day ahead inc hosp",2022-05-28,"quantile",0.01,0
2022-05-21,"49","7  day ahead inc hosp",2022-05-28,"quantile",0.025,0
2022-05-21,"49","7  day ahead inc hosp",2022-05-28,"quantile",0.05,3.8999371808032
2022-05-21,"49","7  day ahead inc hosp",2022-05-28,"quantile",0.1,9.47689532954582
2022-05-21,"49","7  day ahead inc hosp",2022-05-28,"quantile",0.15,13.2396425158343
2022-05-21,"49","7  day ahead inc hosp",2022-05-28,"quantile",0.2,16.2301546979832
2022-05-21,"49","7  day ahead inc hosp",2022-05-28,"quantile",0.25,18.7957478700131
2022-05-21,"49","7  day ahead inc hosp",2022-05-28,"quantile",0.3,21.0997298314864
2022-05-21,"49","7  day ahead inc hosp",2022-05-28,"quantile",0.35,23.2347124807433
2022-05-21,"49","7  day ahead inc hosp",2022-05-28,"quantile",0.4,25.2606022344796
2022-05-21,"49","7  day ahead inc hosp",2022-05-28,"quantile",0.45,27.2206740166506
2022-05-21,"49","7  day ahead inc hosp",2022-05-28,"quantile",0.5,29.149669601238
2022-05-21,"49","7  day ahead inc hosp",2022-05-28,"quantile",0.55,31.0786651858255
2022-05-21,"49","7  day ahead inc hosp",2022-05-28,"quantile",0.6,33.0387369679965
2022-05-21,"49","7  day ahead inc hosp",2022-05-28,"quantile",0.65,35.0646267217328
2022-05-21,"49","7  day ahead inc hosp",2022-05-28,"quantile",0.7,37.1996093709897
2022-05-21,"49","7  day ahead inc hosp",2022-05-28,"quantile",0.75,39.503591332463
2022-05-21,"49","7  day ahead inc hosp",2022-05-28,"quantile",0.8,42.0691845044929
2022-05-21,"49","7  day ahead inc hosp",2022-05-28,"quantile",0.85,45.0596966866418
2022-05-21,"49","7  day ahead inc hosp",2022-05-28,"quantile",0.9,48.8224438729302
2022-05-21,"49","7  day ahead inc hosp",2022-05-28,"quantile",0.95,54.3994020216729
2022-05-21,"49","7  day ahead inc hosp",2022-05-28,"quantile",0.975,59.2365815017495
2022-05-21,"49","7  day ahead inc hosp",2022-05-28,"quantile",0.99,64.8608480148731
2022-05-21,"49","8  day ahead inc hosp",2022-05-29,"quantile",0.01,0
2022-05-21,"49","8  day ahead inc hosp",2022-05-29,"quantile",0.025,0
2022-05-21,"49","8  day ahead inc hosp",2022-05-29,"quantile",0.05,4.37748558335154
2022-05-21,"49","8  day ahead inc hosp",2022-05-29,"quantile",0.1,10.1640182159061
2022-05-21,"49","8  day ahead inc hosp",2022-05-29,"quantile",0.15,14.0681643114653
2022-05-21,"49","8  day ahead inc hosp",2022-05-29,"quantile",0.2,17.171055864266
2022-05-21,"49","8  day ahead inc hosp",2022-05-29,"quantile",0.25,19.8330605298662
2022-05-21,"49","8  day ahead inc hosp",2022-05-29,"quantile",0.3,22.2236229922881
2022-05-21,"49","8  day ahead inc hosp",2022-05-29,"quantile",0.35,24.438835378748
2022-05-21,"49","8  day ahead inc hosp",2022-05-29,"quantile",0.4,26.5408553074067
2022-05-21,"49","8  day ahead inc hosp",2022-05-29,"quantile",0.45,28.5745839148625
2022-05-21,"49","8  day ahead inc hosp",2022-05-29,"quantile",0.5,30.5760685235978
2022-05-21,"49","8  day ahead inc hosp",2022-05-29,"quantile",0.55,32.577553132333
2022-05-21,"49","8  day ahead inc hosp",2022-05-29,"quantile",0.6,34.6112817397888
2022-05-21,"49","8  day ahead inc hosp",2022-05-29,"quantile",0.65,36.7133016684476
2022-05-21,"49","8  day ahead inc hosp",2022-05-29,"quantile",0.7,38.9285140549074
2022-05-21,"49","8  day ahead inc hosp",2022-05-29,"quantile",0.75,41.3190765173293
2022-05-21,"49","8  day ahead inc hosp",2022-05-29,"quantile",0.8,43.9810811829296
2022-05-21,"49","8  day ahead inc hosp",2022-05-29,"quantile",0.85,47.0839727357303
2022-05-21,"49","8  day ahead inc hosp",2022-05-29,"quantile",0.9,50.9881188312895
2022-05-21,"49","8  day ahead inc hosp",2022-05-29,"quantile",0.95,56.774651463844
2022-05-21,"49","8  day ahead inc hosp",2022-05-29,"quantile",0.975,61.7936055539508
2022-05-21,"49","8  day ahead inc hosp",2022-05-29,"quantile",0.99,67.6292243347213
2022-05-21,"49","9  day ahead inc hosp",2022-05-30,"quantile",0.01,0
2022-05-21,"49","9  day ahead inc hosp",2022-05-30,"quantile",0.025,0
2022-05-21,"49","9  day ahead inc hosp",2022-05-30,"quantile",0.05,4.74638341466946
2022-05-21,"49","9  day ahead inc hosp",2022-05-30,"quantile",0.1,10.7351610547568
2022-05-21,"49","9  day ahead inc hosp",2022-05-30,"quantile",0.15,14.7757608967381
2022-05-21,"49","9  day ahead inc hosp",2022-05-30,"quantile",0.2,17.9871015615232
2022-05-21,"49","9  day ahead inc hosp",2022-05-30,"quantile",0.25,20.7421459087141
2022-05-21,"49","9  day ahead inc hosp",2022-05-30,"quantile",0.3,23.2162608807166
2022-05-21,"49","9  day ahead inc hosp",2022-05-30,"quantile",0.35,25.508897119116
2022-05-21,"49","9  day ahead inc hosp",2022-05-30,"quantile",0.4,27.6843847119704
2022-05-21,"49","9  day ahead inc hosp",2022-05-30,"quantile",0.45,29.7891941347699
2022-05-21,"49","9  day ahead inc hosp",2022-05-30,"quantile",0.5,31.8606325993761
2022-05-21,"49","9  day ahead inc hosp",2022-05-30,"quantile",0.55,33.9320710639823
2022-05-21,"49","9  day ahead inc hosp",2022-05-30,"quantile",0.6,36.0368804867818
2022-05-21,"49","9  day ahead inc hosp",2022-05-30,"quantile",0.65,38.2123680796362
2022-05-21,"49","9  day ahead inc hosp",2022-05-30,"quantile",0.7,40.5050043180355
2022-05-21,"49","9  day ahead inc hosp",2022-05-30,"quantile",0.75,42.9791192900381
2022-05-21,"49","9  day ahead inc hosp",2022-05-30,"quantile",0.8,45.734163637229
2022-05-21,"49","9  day ahead inc hosp",2022-05-30,"quantile",0.85,48.9455043020141
2022-05-21,"49","9  day ahead inc hosp",2022-05-30,"quantile",0.9,52.9861041439954
2022-05-21,"49","9  day ahead inc hosp",2022-05-30,"quantile",0.95,58.9748817840827
2022-05-21,"49","9  day ahead inc hosp",2022-05-30,"quantile",0.975,64.1692532566216
2022-05-21,"49","9  day ahead inc hosp",2022-05-30,"quantile",0.99,70.2088326540894
2022-05-21,"49","10  day ahead inc hosp",2022-05-31,"quantile",0.01,0
2022-05-21,"49","10  day ahead inc hosp",2022-05-31,"quantile",0.025,0
2022-05-21,"49","10  day ahead inc hosp",2022-05-31,"quantile",0.05,4.2867211644139
2022-05-21,"49","10  day ahead inc hosp",2022-05-31,"quantile",0.1,10.4711334515436
2022-05-21,"49","10  day ahead inc hosp",2022-05-31,"quantile",0.15,14.6437270611069
2022-05-21,"49","10  day ahead inc hosp",2022-05-31,"quantile",0.2,17.9599721880785
2022-05-21,"49","10  day ahead inc hosp",2022-05-31,"quantile",0.25,20.8050152229551
2022-05-21,"49","10  day ahead inc hosp",2022-05-31,"quantile",0.3,23.3599517980257
2022-05-21,"49","10  day ahead inc hosp",2022-05-31,"quantile",0.35,25.7274812964943
2022-05-21,"49","10  day ahead inc hosp",2022-05-31,"quantile",0.4,27.9740352693266
2022-05-21,"49","10  day ahead inc hosp",2022-05-31,"quantile",0.45,30.1476022371991
2022-05-21,"49","10  day ahead inc hosp",2022-05-31,"quantile",0.5,32.2867081219781
2022-05-21,"49","10  day ahead inc hosp",2022-05-31,"quantile",0.55,34.4258140067572
2022-05-21,"49","10  day ahead inc hosp",2022-05-31,"quantile",0.6,36.5993809746297
2022-05-21,"49","10  day ahead inc hosp",2022-05-31,"quantile",0.65,38.845934947462
2022-05-21,"49","10  day ahead inc hosp",2022-05-31,"quantile",0.7,41.2134644459306
2022-05-21,"49","10  day ahead inc hosp",2022-05-31,"quantile",0.75,43.7684010210012
2022-05-21,"49","10  day ahead inc hosp",2022-05-31,"quantile",0.8,46.6134440558777
2022-05-21,"49","10  day ahead inc hosp",2022-05-31,"quantile",0.85,49.9296891828494
2022-05-21,"49","10  day ahead inc hosp",2022-05-31,"quantile",0.9,54.1022827924127
2022-05-21,"49","10  day ahead inc hosp",2022-05-31,"quantile",0.95,60.2866950795424
2022-05-21,"49","10  day ahead inc hosp",2022-05-31,"quantile",0.975,65.6507504326173
2022-05-21,"49","10  day ahead inc hosp",2022-05-31,"quantile",0.99,71.8876240117557
2022-05-21,"49","11  day ahead inc hosp",2022-06-01,"quantile",0.01,0
2022-05-21,"49","11  day ahead inc hosp",2022-06-01,"quantile",0.025,0
2022-05-21,"49","11  day ahead inc hosp",2022-06-01,"quantile",0.05,4.25715259426946
2022-05-21,"49","11  day ahead inc hosp",2022-06-01,"quantile",0.1,10.6311978601891
2022-05-21,"49","11  day ahead inc hosp",2022-06-01,"quantile",0.15,14.9317359402573
2022-05-21,"49","11  day ahead inc hosp",2022-06-01,"quantile",0.2,18.3496672764641
2022-05-21,"49","11  day ahead inc hosp",2022-06-01,"quantile",0.25,21.2819480245526
2022-05-21,"49","11  day ahead inc hosp",2022-06-01,"quantile",0.3,23.9152267622824
2022-05-21,"49","11  day ahead inc hosp",2022-06-01,"quantile",0.35,26.355351949771
2022-05-21,"49","11  day ahead inc hosp",2022-06-01,"quantile",0.4,28.6707921323353
2022-05-21,"49","11  day ahead inc hosp",2022-06-01,"quantile",0.45,30.9110073053371
2022-05-21,"49","11  day ahead inc hosp",2022-06-01,"quantile",0.5,33.1157047131331
2022-05-21,"49","11  day ahead inc hosp",2022-06-01,"quantile",0.55,35.3204021209291
2022-05-21,"49","11  day ahead inc hosp",2022-06-01,"quantile",0.6,37.560617293931
2022-05-21,"49","11  day ahead inc hosp",2022-06-01,"quantile",0.65,39.8760574764953
2022-05-21,"49","11  day ahead inc hosp",2022-06-01,"quantile",0.7,42.3161826639838
2022-05-21,"49","11  day ahead inc hosp",2022-06-01,"quantile",0.75,44.9494614017137
2022-05-21,"49","11  day ahead inc hosp",2022-06-01,"quantile",0.8,47.8817421498022
2022-05-21,"49","11  day ahead inc hosp",2022-06-01,"quantile",0.85,51.2996734860089
2022-05-21,"49","11  day ahead inc hosp",2022-06-01,"quantile",0.9,55.6002115660772
2022-05-21,"49","11  day ahead inc hosp",2022-06-01,"quantile",0.95,61.9742568319968
2022-05-21,"49","11  day ahead inc hosp",2022-06-01,"quantile",0.975,67.5027905134513
2022-05-21,"49","11  day ahead inc hosp",2022-06-01,"quantile",0.99,73.9309056949017
2022-05-21,"49","12  day ahead inc hosp",2022-06-02,"quantile",0.01,0
2022-05-21,"49","12  day ahead inc hosp",2022-06-02,"quantile",0.025,0
2022-05-21,"49","12  day ahead inc hosp",2022-06-02,"quantile",0.05,4.63517643918734
2022-05-21,"49","12  day ahead inc hosp",2022-06-02,"quantile",0.1,11.193373658453
2022-05-21,"49","12  day ahead inc hosp",2022-06-02,"quantile",0.15,15.6181581871805
2022-05-21,"49","12  day ahead inc hosp",2022-06-02,"quantile",0.2,19.134836662089
2022-05-21,"49","12  day ahead inc hosp",2022-06-02,"quantile",0.25,22.1518336625716
2022-05-21,"49","12  day ahead inc hosp",2022-06-02,"quantile",0.3,24.8611902132173
2022-05-21,"49","12  day ahead inc hosp",2022-06-02,"quantile",0.35,27.371812832233
2022-05-21,"49","12  day ahead inc hosp",2022-06-02,"quantile",0.4,29.7541481833576
2022-05-21,"49","12  day ahead inc hosp",2022-06-02,"quantile",0.45,32.0590852061131
2022-05-21,"49","12  day ahead inc hosp",2022-06-02,"quantile",0.5,34.3274783231871
2022-05-21,"49","12  day ahead inc hosp",2022-06-02,"quantile",0.55,36.595871440261
2022-05-21,"49","12  day ahead inc hosp",2022-06-02,"quantile",0.6,38.9008084630166
2022-05-21,"49","12  day ahead inc hosp",2022-06-02,"quantile",0.65,41.2831438141412
2022-05-21,"49","12  day ahead inc hosp",2022-06-02,"quantile",0.7,43.7937664331569
2022-05-21,"49","12  day ahead inc hosp",2022-06-02,"quantile",0.75,46.5031229838025
2022-05-21,"49","12  day ahead inc hosp",2022-06-02,"quantile",0.8,49.5201199842852
2022-05-21,"49","12  day ahead inc hosp",2022-06-02,"quantile",0.85,53.0367984591937
2022-05-21,"49","12  day ahead inc hosp",2022-06-02,"quantile",0.9,57.4615829879211
2022-05-21,"49","12  day ahead inc hosp",2022-06-02,"quantile",0.95,64.0197802071868
2022-05-21,"49","12  day ahead inc hosp",2022-06-02,"quantile",0.975,69.7080382448556
2022-05-21,"49","12  day ahead inc hosp",2022-06-02,"quantile",0.99,76.32186750859
2022-05-21,"49","13  day ahead inc hosp",2022-06-03,"quantile",0.01,0
2022-05-21,"49","13  day ahead inc hosp",2022-06-03,"quantile",0.025,0
2022-05-21,"49","13  day ahead inc hosp",2022-06-03,"quantile",0.05,2.67992504647344
2022-05-21,"49","13  day ahead inc hosp",2022-06-03,"quantile",0.1,9.41724264931626
2022-05-21,"49","13  day ahead inc hosp",2022-06-03,"quantile",0.15,13.9628788504673
2022-05-21,"49","13  day ahead inc hosp",2022-06-03,"quantile",0.2,17.575606403542
2022-05-21,"49","13  day ahead inc hosp",2022-06-03,"quantile",0.25,20.6750049607193
2022-05-21,"49","13  day ahead inc hosp",2022-06-03,"quantile",0.3,23.4583606560038
2022-05-21,"49","13  day ahead inc hosp",2022-06-03,"quantile",0.35,26.0375545106045
2022-05-21,"49","13  day ahead inc hosp",2022-06-03,"quantile",0.4,28.4849572587037
2022-05-21,"49","13  day ahead inc hosp",2022-06-03,"quantile",0.45,30.8528477410508
2022-05-21,"49","13  day ahead inc hosp",2022-06-03,"quantile",0.5,33.1831962143987
2022-05-21,"49","13  day ahead inc hosp",2022-06-03,"quantile",0.55,35.5135446877465
2022-05-21,"49","13  day ahead inc hosp",2022-06-03,"quantile",0.6,37.8814351700937
2022-05-21,"49","13  day ahead inc hosp",2022-06-03,"quantile",0.65,40.3288379181928
2022-05-21,"49","13  day ahead inc hosp",2022-06-03,"quantile",0.7,42.9080317727935
2022-05-21,"49","13  day ahead inc hosp",2022-06-03,"quantile",0.75,45.6913874680781
2022-05-21,"49","13  day ahead inc hosp",2022-06-03,"quantile",0.8,48.7907860252553
2022-05-21,"49","13  day ahead inc hosp",2022-06-03,"quantile",0.85,52.4035135783301
2022-05-21,"49","13  day ahead inc hosp",2022-06-03,"quantile",0.9,56.9491497794811
2022-05-21,"49","13  day ahead inc hosp",2022-06-03,"quantile",0.95,63.6864673823239
2022-05-21,"49","13  day ahead inc hosp",2022-06-03,"quantile",0.975,69.5300856398103
2022-05-21,"49","13  day ahead inc hosp",2022-06-03,"quantile",0.99,76.3245547341301
2022-05-21,"49","14  day ahead inc hosp",2022-06-04,"quantile",0.01,0
2022-05-21,"49","14  day ahead inc hosp",2022-06-04,"quantile",0.025,0
2022-05-21,"49","14  day ahead inc hosp",2022-06-04,"quantile",0.05,1.74281362531814
2022-05-21,"49","14  day ahead inc hosp",2022-06-04,"quantile",0.1,8.65461123493947
2022-05-21,"49","14  day ahead inc hosp",2022-06-04,"quantile",0.15,13.3179682683182
2022-05-21,"49","14  day ahead inc hosp",2022-06-04,"quantile",0.2,17.0242566070213
2022-05-21,"49","14  day ahead inc hosp",2022-06-04,"quantile",0.25,20.2039219874573
2022-05-21,"49","14  day ahead inc hosp",2022-06-04,"quantile",0.3,23.0593597707787
2022-05-21,"49","14  day ahead inc hosp",2022-06-04,"quantile",0.35,25.7053484223241
2022-05-21,"49","14  day ahead inc hosp",2022-06-04,"quantile",0.4,28.2161329008464
2022-05-21,"49","14  day ahead inc hosp",2022-06-04,"quantile",0.45,30.6453459408886
2022-05-21,"49","14  day ahead inc hosp",2022-06-04,"quantile",0.5,33.0360447259472
2022-05-21,"49","14  day ahead inc hosp",2022-06-04,"quantile",0.55,35.4267435110059
2022-05-21,"49","14  day ahead inc hosp",2022-06-04,"quantile",0.6,37.8559565510482
2022-05-21,"49","14  day ahead inc hosp",2022-06-04,"quantile",0.65,40.3667410295704
2022-05-21,"49","14  day ahead inc hosp",2022-06-04,"quantile",0.7,43.0127296811158
2022-05-21,"49","14  day ahead inc hosp",2022-06-04,"quantile",0.75,45.8681674644372
2022-05-21,"49","14  day ahead inc hosp",2022-06-04,"quantile",0.8,49.0478328448732
2022-05-21,"49","14  day ahead inc hosp",2022-06-04,"quantile",0.85,52.7541211835763
2022-05-21,"49","14  day ahead inc hosp",2022-06-04,"quantile",0.9,57.417478216955
2022-05-21,"49","14  day ahead inc hosp",2022-06-04,"quantile",0.95,64.3292758265764
2022-05-21,"49","14  day ahead inc hosp",2022-06-04,"quantile",0.975,70.3242294690455
2022-05-21,"49","14  day ahead inc hosp",2022-06-04,"quantile",0.99,77.2946586536442
2022-05-21,"49","15  day ahead inc hosp",2022-06-05,"quantile",0.01,0
2022-05-21,"49","15  day ahead inc hosp",2022-06-05,"quantile",0.025,0
2022-05-21,"49","15  day ahead inc hosp",2022-06-05,"quantile",0.05,1.95515260477037
2022-05-21,"49","15  day ahead inc hosp",2022-06-05,"quantile",0.1,9.03713283004343
2022-05-21,"49","15  day ahead inc hosp",2022-06-05,"quantile",0.15,13.8153112662586
2022-05-21,"49","15  day ahead inc hosp",2022-06-05,"quantile",0.2,17.6128560160236
2022-05-21,"49","15  day ahead inc hosp",2022-06-05,"quantile",0.25,20.8708112715258
2022-05-21,"49","15  day ahead inc hosp",2022-06-05,"quantile",0.3,23.7965557823069
2022-05-21,"49","15  day ahead inc hosp",2022-06-05,"quantile",0.35,26.5076940946407
2022-05-21,"49","15  day ahead inc hosp",2022-06-05,"quantile",0.4,29.0802992302518
2022-05-21,"49","15  day ahead inc hosp",2022-06-05,"quantile",0.45,31.5693244714723
2022-05-21,"49","15  day ahead inc hosp",2022-06-05,"quantile",0.5,34.0188871578567
2022-05-21,"49","15  day ahead inc hosp",2022-06-05,"quantile",0.55,36.4684498442412
2022-05-21,"49","15  day ahead inc hosp",2022-06-05,"quantile",0.6,38.9574750854616
2022-05-21,"49","15  day ahead inc hosp",2022-06-05,"quantile",0.65,41.5300802210728
2022-05-21,"49","15  day ahead inc hosp",2022-06-05,"quantile",0.7,44.2412185334066
2022-05-21,"49","15  day ahead inc hosp",2022-06-05,"quantile",0.75,47.1669630441877
2022-05-21,"49","15  day ahead inc hosp",2022-06-05,"quantile",0.8,50.4249182996899
2022-05-21,"49","15  day ahead inc hosp",2022-06-05,"quantile",0.85,54.2224630494548
2022-05-21,"49","15  day ahead inc hosp",2022-06-05,"quantile",0.9,59.0006414856701
2022-05-21,"49","15  day ahead inc hosp",2022-06-05,"quantile",0.95,66.0826217109431
2022-05-21,"49","15  day ahead inc hosp",2022-06-05,"quantile",0.975,72.2251833924796
2022-05-21,"49","15  day ahead inc hosp",2022-06-05,"quantile",0.99,79.36723882221
2022-05-21,"49","16  day ahead inc hosp",2022-06-06,"quantile",0.01,0
2022-05-21,"49","16  day ahead inc hosp",2022-06-06,"quantile",0.025,0
2022-05-21,"49","16  day ahead inc hosp",2022-06-06,"quantile",0.05,3.57499483341802
2022-05-21,"49","16  day ahead inc hosp",2022-06-06,"quantile",0.1,10.8231629899904
2022-05-21,"49","16  day ahead inc hosp",2022-06-06,"quantile",0.15,15.7134676344743
2022-05-21,"49","16  day ahead inc hosp",2022-06-06,"quantile",0.2,19.6001267400981
2022-05-21,"49","16  day ahead inc hosp",2022-06-06,"quantile",0.25,22.9345341780344
2022-05-21,"49","16  day ahead inc hosp",2022-06-06,"quantile",0.3,25.9289351114955
2022-05-21,"49","16  day ahead inc hosp",2022-06-06,"quantile",0.35,28.7036938312946
2022-05-21,"49","16  day ahead inc hosp",2022-06-06,"quantile",0.4,31.3366685121371
2022-05-21,"49","16  day ahead inc hosp",2022-06-06,"quantile",0.45,33.88410198702
2022-05-21,"49","16  day ahead inc hosp",2022-06-06,"quantile",0.5,36.3911468665889
2022-05-21,"49","16  day ahead inc hosp",2022-06-06,"quantile",0.55,38.8981917461579
2022-05-21,"49","16  day ahead inc hosp",2022-06-06,"quantile",0.6,41.4456252210408
2022-05-21,"49","16  day ahead inc hosp",2022-06-06,"quantile",0.65,44.0785999018833
2022-05-21,"49","16  day ahead inc hosp",2022-06-06,"quantile",0.7,46.8533586216824
2022-05-21,"49","16  day ahead inc hosp",2022-06-06,"quantile",0.75,49.8477595551435
2022-05-21,"49","16  day ahead inc hosp",2022-06-06,"quantile",0.8,53.1821669930798
2022-05-21,"49","16  day ahead inc hosp",2022-06-06,"quantile",0.85,57.0688260987036
2022-05-21,"49","16  day ahead inc hosp",2022-06-06,"quantile",0.9,61.9591307431875
2022-05-21,"49","16  day ahead inc hosp",2022-06-06,"quantile",0.95,69.2072988997599
2022-05-21,"49","16  day ahead inc hosp",2022-06-06,"quantile",0.975,75.4940038274311
2022-05-21,"49","16  day ahead inc hosp",2022-06-06,"quantile",0.99,82.8036569317295
2022-05-21,"49","17  day ahead inc hosp",2022-06-07,"quantile",0.01,0
2022-05-21,"49","17  day ahead inc hosp",2022-06-07,"quantile",0.025,0
2022-05-21,"49","17  day ahead inc hosp",2022-06-07,"quantile",0.05,2.13615420558075
2022-05-21,"49","17  day ahead inc hosp",2022-06-07,"quantile",0.1,9.54678436372126
2022-05-21,"49","17  day ahead inc hosp",2022-06-07,"quantile",0.15,14.5467013493731
2022-05-21,"49","17  day ahead inc hosp",2022-06-07,"quantile",0.2,18.5204768689752
2022-05-21,"49","17  day ahead inc hosp",2022-06-07,"quantile",0.25,21.9296224331123
2022-05-21,"49","17  day ahead inc hosp",2022-06-07,"quantile",0.3,24.9911405137806
2022-05-21,"49","17  day ahead inc hosp",2022-06-07,"quantile",0.35,27.8280932729217
2022-05-21,"49","17  day ahead inc hosp",2022-06-07,"quantile",0.4,30.5200840151314
2022-05-21,"49","17  day ahead inc hosp",2022-06-07,"quantile",0.45,33.1246162123743
2022-05-21,"49","17  day ahead inc hosp",2022-06-07,"quantile",0.5,35.6878545356325
2022-05-21,"49","17  day ahead inc hosp",2022-06-07,"quantile",0.55,38.2510928588906
2022-05-21,"49","17  day ahead inc hosp",2022-06-07,"quantile",0.6,40.8556250561335
2022-05-21,"49","17  day ahead inc hosp",2022-06-07,"quantile",0.65,43.5476157983432
2022-05-21,"49","17  day ahead inc hosp",2022-06-07,"quantile",0.7,46.3845685574843
2022-05-21,"49","17  day ahead inc hosp",2022-06-07,"quantile",0.75,49.4460866381526
2022-05-21,"49","17  day ahead inc hosp",2022-06-07,"quantile",0.8,52.8552322022897
2022-05-21,"49","17  day ahead inc hosp",2022-06-07,"quantile",0.85,56.8290077218918
2022-05-21,"49","17  day ahead inc hosp",2022-06-07,"quantile",0.9,61.8289247075436
2022-05-21,"49","17  day ahead inc hosp",2022-06-07,"quantile",0.95,69.2395548656842
2022-05-21,"49","17  day ahead inc hosp",2022-06-07,"quantile",0.975,75.6671713511111
2022-05-21,"49","17  day ahead inc hosp",2022-06-07,"quantile",0.99,83.1406645938334
2022-05-21,"49","18  day ahead inc hosp",2022-06-08,"quantile",0.01,0
2022-05-21,"49","18  day ahead inc hosp",2022-06-08,"quantile",0.025,0
2022-05-21,"49","18  day ahead inc hosp",2022-06-08,"quantile",0.05,2.47427689312516
2022-05-21,"49","18  day ahead inc hosp",2022-06-08,"quantile",0.1,10.0438830292153
2022-05-21,"49","18  day ahead inc hosp",2022-06-08,"quantile",0.15,15.1510603524496
2022-05-21,"49","18  day ahead inc hosp",2022-06-08,"quantile",0.2,19.2100829881403
2022-05-21,"49","18  day ahead inc hosp",2022-06-08,"quantile",0.25,22.6923629873344
2022-05-21,"49","18  day ahead inc hosp",2022-06-08,"quantile",0.3,25.8195580509985
2022-05-21,"49","18  day ahead inc hosp",2022-06-08,"quantile",0.35,28.7173703227123
2022-05-21,"49","18  day ahead inc hosp",2022-06-08,"quantile",0.4,31.4671107908888
2022-05-21,"49","18  day ahead inc hosp",2022-06-08,"quantile",0.45,34.1275165163368
2022-05-21,"49","18  day ahead inc hosp",2022-06-08,"quantile",0.5,36.7457425141195
2022-05-21,"49","18  day ahead inc hosp",2022-06-08,"quantile",0.55,39.3639685119022
2022-05-21,"49","18  day ahead inc hosp",2022-06-08,"quantile",0.6,42.0243742373501
2022-05-21,"49","18  day ahead inc hosp",2022-06-08,"quantile",0.65,44.7741147055267
2022-05-21,"49","18  day ahead inc hosp",2022-06-08,"quantile",0.7,47.6719269772405
2022-05-21,"49","18  day ahead inc hosp",2022-06-08,"quantile",0.75,50.7991220409046
2022-05-21,"49","18  day ahead inc hosp",2022-06-08,"quantile",0.8,54.2814020400986
2022-05-21,"49","18  day ahead inc hosp",2022-06-08,"quantile",0.85,58.3404246757894
2022-05-21,"49","18  day ahead inc hosp",2022-06-08,"quantile",0.9,63.4476019990237
2022-05-21,"49","18  day ahead inc hosp",2022-06-08,"quantile",0.95,71.0172081351138
2022-05-21,"49","18  day ahead inc hosp",2022-06-08,"quantile",0.975,77.5827125726919
2022-05-21,"49","18  day ahead inc hosp",2022-06-08,"quantile",0.99,85.2165303588886
2022-05-21,"49","19  day ahead inc hosp",2022-06-09,"quantile",0.01,0
2022-05-21,"49","19  day ahead inc hosp",2022-06-09,"quantile",0.025,0
2022-05-21,"49","19  day ahead inc hosp",2022-06-09,"quantile",0.05,1.3378155428534
2022-05-21,"49","19  day ahead inc hosp",2022-06-09,"quantile",0.1,9.06312684857594
2022-05-21,"49","19  day ahead inc hosp",2022-06-09,"quantile",0.15,14.2753577105493
2022-05-21,"49","19  day ahead inc hosp",2022-06-09,"quantile",0.2,18.4178735685649
2022-05-21,"49","19  day ahead inc hosp",2022-06-09,"quantile",0.25,21.9717833181362
2022-05-21,"49","19  day ahead inc hosp",2022-06-09,"quantile",0.3,25.1633041114495
2022-05-21,"49","19  day ahead inc hosp",2022-06-09,"quantile",0.35,28.1207237581335
2022-05-21,"49","19  day ahead inc hosp",2022-06-09,"quantile",0.4,30.9270257961388
2022-05-21,"49","19  day ahead inc hosp",2022-06-09,"quantile",0.45,33.6421554949777
2022-05-21,"49","19  day ahead inc hosp",2022-06-09,"quantile",0.5,36.3142378382283
2022-05-21,"49","19  day ahead inc hosp",2022-06-09,"quantile",0.55,38.9863201814788
2022-05-21,"49","19  day ahead inc hosp",2022-06-09,"quantile",0.6,41.7014498803178
2022-05-21,"49","19  day ahead inc hosp",2022-06-09,"quantile",0.65,44.5077519183231
2022-05-21,"49","19  day ahead inc hosp",2022-06-09,"quantile",0.7,47.4651715650071
2022-05-21,"49","19  day ahead inc hosp",2022-06-09,"quantile",0.75,50.6566923583204
2022-05-21,"49","19  day ahead inc hosp",2022-06-09,"quantile",0.8,54.2106021078917
2022-05-21,"49","19  day ahead inc hosp",2022-06-09,"quantile",0.85,58.3531179659073
2022-05-21,"49","19  day ahead inc hosp",2022-06-09,"quantile",0.9,63.5653488278806
2022-05-21,"49","19  day ahead inc hosp",2022-06-09,"quantile",0.95,71.2906601336032
2022-05-21,"49","19  day ahead inc hosp",2022-06-09,"quantile",0.975,77.991215584906
2022-05-21,"49","19  day ahead inc hosp",2022-06-09,"quantile",0.99,85.7820593605628
2022-05-21,"49","20  day ahead inc hosp",2022-06-10,"quantile",0.01,0
2022-05-21,"49","20  day ahead inc hosp",2022-06-10,"quantile",0.025,0
2022-05-21,"49","20  day ahead inc hosp",2022-06-10,"quantile",0.05,0
2022-05-21,"49","20  day ahead inc hosp",2022-06-10,"quantile",0.1,7.45490076839341
2022-05-21,"49","20  day ahead inc hosp",2022-06-10,"quantile",0.15,12.770109222072
2022-05-21,"49","20  day ahead inc hosp",2022-06-10,"quantile",0.2,16.9944684055188
2022-05-21,"49","20  day ahead inc hosp",2022-06-10,"quantile",0.25,20.6185924408422
2022-05-21,"49","20  day ahead inc hosp",2022-06-10,"quantile",0.3,23.8731678328247
2022-05-21,"49","20  day ahead inc hosp",2022-06-10,"quantile",0.35,26.8890169621893
2022-05-21,"49","20  day ahead inc hosp",2022-06-10,"quantile",0.4,29.7507628654269
2022-05-21,"49","20  day ahead inc hosp",2022-06-10,"quantile",0.45,32.5195351455249
2022-05-21,"49","20  day ahead inc hosp",2022-06-10,"quantile",0.5,35.2444095871749
2022-05-21,"49","20  day ahead inc hosp",2022-06-10,"quantile",0.55,37.9692840288249
2022-05-21,"49","20  day ahead inc hosp",2022-06-10,"quantile",0.6,40.7380563089229
2022-05-21,"49","20  day ahead inc hosp",2022-06-10,"quantile",0.65,43.5998022121605
2022-05-21,"49","20  day ahead inc hosp",2022-06-10,"quantile",0.7,46.6156513415251
2022-05-21,"49","20  day ahead inc hosp",2022-06-10,"quantile",0.75,49.8702267335076
2022-05-21,"49","20  day ahead inc hosp",2022-06-10,"quantile",0.8,53.494350768831
2022-05-21,"49","20  day ahead inc hosp",2022-06-10,"quantile",0.85,57.7187099522778
2022-05-21,"49","20  day ahead inc hosp",2022-06-10,"quantile",0.9,63.0339184059564
2022-05-21,"49","20  day ahead inc hosp",2022-06-10,"quantile",0.95,70.9118580150874
2022-05-21,"49","20  day ahead inc hosp",2022-06-10,"quantile",0.975,77.744795757531
2022-05-21,"49","20  day ahead inc hosp",2022-06-10,"quantile",0.99,85.6895625559039
2022-05-21,"49","21  day ahead inc hosp",2022-06-11,"quantile",0.01,0
2022-05-21,"49","21  day ahead inc hosp",2022-06-11,"quantile",0.025,0
2022-05-21,"49","21  day ahead inc hosp",2022-06-11,"quantile",0.05,0
2022-05-21,"49","21  day ahead inc hosp",2022-06-11,"quantile",0.1,6.85395571116961
2022-05-21,"49","21  day ahead inc hosp",2022-06-11,"quantile",0.15,12.2701842194219
2022-05-21,"49","21  day ahead inc hosp",2022-06-11,"quantile",0.2,16.574830939843
2022-05-21,"49","21  day ahead inc hosp",2022-06-11,"quantile",0.25,20.2678345329525
2022-05-21,"49","21  day ahead inc hosp",2022-06-11,"quantile",0.3,23.5842658966392
2022-05-21,"49","21  day ahead inc hosp",2022-06-11,"quantile",0.35,26.6574338021703
2022-05-21,"49","21  day ahead inc hosp",2022-06-11,"quantile",0.4,29.5735696187745
2022-05-21,"49","21  day ahead inc hosp",2022-06-11,"quantile",0.45,32.3949647695041
2022-05-21,"49","21  day ahead inc hosp",2022-06-11,"quantile",0.5,35.1716277660529
2022-05-21,"49","21  day ahead inc hosp",2022-06-11,"quantile",0.55,37.9482907626017
2022-05-21,"49","21  day ahead inc hosp",2022-06-11,"quantile",0.6,40.7696859133312
2022-05-21,"49","21  day ahead inc hosp",2022-06-11,"quantile",0.65,43.6858217299355
2022-05-21,"49","21  day ahead inc hosp",2022-06-11,"quantile",0.7,46.7589896354666
2022-05-21,"49","21  day ahead inc hosp",2022-06-11,"quantile",0.75,50.0754209991532
2022-05-21,"49","21  day ahead inc hosp",2022-06-11,"quantile",0.8,53.7684245922628
2022-05-21,"49","21  day ahead inc hosp",2022-06-11,"quantile",0.85,58.0730713126839
2022-05-21,"49","21  day ahead inc hosp",2022-06-11,"quantile",0.9,63.4892998209362
2022-05-21,"49","21  day ahead inc hosp",2022-06-11,"quantile",0.95,71.5169663685643
2022-05-21,"49","21  day ahead inc hosp",2022-06-11,"quantile",0.975,78.47976990078
2022-05-21,"49","21  day ahead inc hosp",2022-06-11,"quantile",0.99,86.5755337451844
2022-05-21,"49","22  day ahead inc hosp",2022-06-12,"quantile",0.01,0
2022-05-21,"49","22  day ahead inc hosp",2022-06-12,"quantile",0.025,0
2022-05-21,"49","22  day ahead inc hosp",2022-06-12,"quantile",0.05,1.67149076010717
2022-05-21,"49","22  day ahead inc hosp",2022-06-12,"quantile",0.1,10.0276078153676
2022-05-21,"49","22  day ahead inc hosp",2022-06-12,"quantile",0.15,15.6654403217971
2022-05-21,"49","22  day ahead inc hosp",2022-06-12,"quantile",0.2,20.1462108749797
2022-05-21,"49","22  day ahead inc hosp",2022-06-12,"quantile",0.25,23.9903130342352
2022-05-21,"49","22  day ahead inc hosp",2022-06-12,"quantile",0.3,27.4424355802185
2022-05-21,"49","22  day ahead inc hosp",2022-06-12,"quantile",0.35,30.641341588176
2022-05-21,"49","22  day ahead inc hosp",2022-06-12,"quantile",0.4,33.6767905680271
2022-05-21,"49","22  day ahead inc hosp",2022-06-12,"quantile",0.45,36.6136225849979
2022-05-21,"49","22  day ahead inc hosp",2022-06-12,"quantile",0.5,39.5038922398863
2022-05-21,"49","22  day ahead inc hosp",2022-06-12,"quantile",0.55,42.3941618947747
2022-05-21,"49","22  day ahead inc hosp",2022-06-12,"quantile",0.6,45.3309939117455
2022-05-21,"49","22  day ahead inc hosp",2022-06-12,"quantile",0.65,48.3664428915966
2022-05-21,"49","22  day ahead inc hosp",2022-06-12,"quantile",0.7,51.5653488995542
2022-05-21,"49","22  day ahead inc hosp",2022-06-12,"quantile",0.75,55.0174714455374
2022-05-21,"49","22  day ahead inc hosp",2022-06-12,"quantile",0.8,58.8615736047929
2022-05-21,"49","22  day ahead inc hosp",2022-06-12,"quantile",0.85,63.3423441579755
2022-05-21,"49","22  day ahead inc hosp",2022-06-12,"quantile",0.9,68.9801766644051
2022-05-21,"49","22  day ahead inc hosp",2022-06-12,"quantile",0.95,77.3362937196654
2022-05-21,"49","22  day ahead inc hosp",2022-06-12,"quantile",0.975,84.5839790841211
2022-05-21,"49","22  day ahead inc hosp",2022-06-12,"quantile",0.99,93.0109796245928
2022-05-21,"49","23  day ahead inc hosp",2022-06-13,"quantile",0.01,0
2022-05-21,"49","23  day ahead inc hosp",2022-06-13,"quantile",0.025,0
2022-05-21,"49","23  day ahead inc hosp",2022-06-13,"quantile",0.05,2.29692751978651
2022-05-21,"49","23  day ahead inc hosp",2022-06-13,"quantile",0.1,10.8522549004937
2022-05-21,"49","23  day ahead inc hosp",2022-06-13,"quantile",0.15,16.624493667749
2022-05-21,"49","23  day ahead inc hosp",2022-06-13,"quantile",0.2,21.2120860562708
2022-05-21,"49","23  day ahead inc hosp",2022-06-13,"quantile",0.25,25.1478318386508
2022-05-21,"49","23  day ahead inc hosp",2022-06-13,"quantile",0.3,28.682253190565
2022-05-21,"49","23  day ahead inc hosp",2022-06-13,"quantile",0.35,31.9574213071915
2022-05-21,"49","23  day ahead inc hosp",2022-06-13,"quantile",0.4,35.0652355704816
2022-05-21,"49","23  day ahead inc hosp",2022-06-13,"quantile",0.45,38.0720818366562
2022-05-21,"49","23  day ahead inc hosp",2022-06-13,"quantile",0.5,41.031255691279
2022-05-21,"49","23  day ahead inc hosp",2022-06-13,"quantile",0.55,43.9904295459017
2022-05-21,"49","23  day ahead inc hosp",2022-06-13,"quantile",0.6,46.9972758120763
2022-05-21,"49","23  day ahead inc hosp",2022-06-13,"quantile",0.65,50.1050900753664
2022-05-21,"49","23  day ahead inc hosp",2022-06-13,"quantile",0.7,53.3802581919929
2022-05-21,"49","23  day ahead inc hosp",2022-06-13,"quantile",0.75,56.9146795439072
2022-05-21,"49","23  day ahead inc hosp",2022-06-13,"quantile",0.8,60.8504253262871
2022-05-21,"49","23  day ahead inc hosp",2022-06-13,"quantile",0.85,65.4380177148089
2022-05-21,"49","23  day ahead inc hosp",2022-06-13,"quantile",0.9,71.2102564820642
2022-05-21,"49","23  day ahead inc hosp",2022-06-13,"quantile",0.95,79.7655838627714
2022-05-21,"49","23  day ahead inc hosp",2022-06-13,"quantile",0.975,87.1860544755237
2022-05-21,"49","23  day ahead inc hosp",2022-06-13,"quantile",0.99,95.8139552079273
2022-05-21,"49","24  day ahead inc hosp",2022-06-14,"quantile",0.01,0
2022-05-21,"49","24  day ahead inc hosp",2022-06-14,"quantile",0.025,0
2022-05-21,"49","24  day ahead inc hosp",2022-06-14,"quantile",0.05,0.853600586781354
2022-05-21,"49","24  day ahead inc hosp",2022-06-14,"quantile",0.1,9.60360406912022
2022-05-21,"49","24  day ahead inc hosp",2022-06-14,"quantile",0.15,15.5071898779196
2022-05-21,"49","24  day ahead inc hosp",2022-06-14,"quantile",0.2,20.1991727312747
2022-05-21,"49","24  day ahead inc hosp",2022-06-14,"quantile",0.25,24.2244762373783
2022-05-21,"49","24  day ahead inc hosp",2022-06-14,"quantile",0.3,27.8393231930942
2022-05-21,"49","24  day ahead inc hosp",2022-06-14,"quantile",0.35,31.1890176174539
2022-05-21,"49","24  day ahead inc hosp",2022-06-14,"quantile",0.4,34.3675500588394
2022-05-21,"49","24  day ahead inc hosp",2022-06-14,"quantile",0.45,37.442816980736
2022-05-21,"49","24  day ahead inc hosp",2022-06-14,"quantile",0.5,40.4693267074339
2022-05-21,"49","24  day ahead inc hosp",2022-06-14,"quantile",0.55,43.4958364341318
2022-05-21,"49","24  day ahead inc hosp",2022-06-14,"quantile",0.6,46.5711033560285
2022-05-21,"49","24  day ahead inc hosp",2022-06-14,"quantile",0.65,49.7496357974139
2022-05-21,"49","24  day ahead inc hosp",2022-06-14,"quantile",0.7,53.0993302217736
2022-05-21,"49","24  day ahead inc hosp",2022-06-14,"quantile",0.75,56.7141771774896
2022-05-21,"49","24  day ahead inc hosp",2022-06-14,"quantile",0.8,60.7394806835932
2022-05-21,"49","24  day ahead inc hosp",2022-06-14,"quantile",0.85,65.4314635369483
2022-05-21,"49","24  day ahead inc hosp",2022-06-14,"quantile",0.9,71.3350493457476
2022-05-21,"49","24  day ahead inc hosp",2022-06-14,"quantile",0.95,80.0850528280865
2022-05-21,"49","24  day ahead inc hosp",2022-06-14,"quantile",0.975,87.6743759261827
2022-05-21,"49","24  day ahead inc hosp",2022-06-14,"quantile",0.99,96.4986041636725
2022-05-21,"49","25  day ahead inc hosp",2022-06-15,"quantile",0.01,0
2022-05-21,"49","25  day ahead inc hosp",2022-06-15,"quantile",0.025,0
2022-05-21,"49","25  day ahead inc hosp",2022-06-15,"quantile",0.05,0
2022-05-21,"49","25  day ahead inc hosp",2022-06-15,"quantile",0.1,8.44725059968041
2022-05-21,"49","25  day ahead inc hosp",2022-06-15,"quantile",0.15,14.4793240754853
2022-05-21,"49","25  day ahead inc hosp",2022-06-15,"quantile",0.2,19.2734248534345
2022-05-21,"49","25  day ahead inc hosp",2022-06-15,"quantile",0.25,23.3863364460874
2022-05-21,"49","25  day ahead inc hosp",2022-06-15,"quantile",0.3,27.0798581711663
2022-05-21,"49","25  day ahead inc hosp",2022-06-15,"quantile",0.35,30.5024564942254
2022-05-21,"49","25  day ahead inc hosp",2022-06-15,"quantile",0.4,33.7501676061887
2022-05-21,"49","25  day ahead inc hosp",2022-06-15,"quantile",0.45,36.8923656924676
2022-05-21,"49","25  day ahead inc hosp",2022-06-15,"quantile",0.5,39.9847454152234
2022-05-21,"49","25  day ahead inc hosp",2022-06-15,"quantile",0.55,43.0771251379792
2022-05-21,"49","25  day ahead inc hosp",2022-06-15,"quantile",0.6,46.2193232242582
2022-05-21,"49","25  day ahead inc hosp",2022-06-15,"quantile",0.65,49.4670343362215
2022-05-21,"49","25  day ahead inc hosp",2022-06-15,"quantile",0.7,52.8896326592805
2022-05-21,"49","25  day ahead inc hosp",2022-06-15,"quantile",0.75,56.5831543843595
2022-05-21,"49","25  day ahead inc hosp",2022-06-15,"quantile",0.8,60.6960659770124
2022-05-21,"49","25  day ahead inc hosp",2022-06-15,"quantile",0.85,65.4901667549615
2022-05-21,"49","25  day ahead inc hosp",2022-06-15,"quantile",0.9,71.5222402307664
2022-05-21,"49","25  day ahead inc hosp",2022-06-15,"quantile",0.95,80.462681790936
2022-05-21,"49","25  day ahead inc hosp",2022-06-15,"quantile",0.975,88.2171815207621
2022-05-21,"49","25  day ahead inc hosp",2022-06-15,"quantile",0.99,97.2334632891194
2022-05-21,"49","26  day ahead inc hosp",2022-06-16,"quantile",0.01,0
2022-05-21,"49","26  day ahead inc hosp",2022-06-16,"quantile",0.025,0
2022-05-21,"49","26  day ahead inc hosp",2022-06-16,"quantile",0.05,0
2022-05-21,"49","26  day ahead inc hosp",2022-06-16,"quantile",0.1,7.94523382855982
2022-05-21,"49","26  day ahead inc hosp",2022-06-16,"quantile",0.15,14.103114586837
2022-05-21,"49","26  day ahead inc hosp",2022-06-16,"quantile",0.2,18.9972030047232
2022-05-21,"49","26  day ahead inc hosp",2022-06-16,"quantile",0.25,23.1958950893738
2022-05-21,"49","26  day ahead inc hosp",2022-06-16,"quantile",0.3,26.9664503474242
2022-05-21,"49","26  day ahead inc hosp",2022-06-16,"quantile",0.35,30.4604317190727
2022-05-21,"49","26  day ahead inc hosp",2022-06-16,"quantile",0.4,33.7758783635838
2022-05-21,"49","26  day ahead inc hosp",2022-06-16,"quantile",0.45,36.9836113614997
2022-05-21,"49","26  day ahead inc hosp",2022-06-16,"quantile",0.5,40.1404869646278
2022-05-21,"49","26  day ahead inc hosp",2022-06-16,"quantile",0.55,43.2973625677559
2022-05-21,"49","26  day ahead inc hosp",2022-06-16,"quantile",0.6,46.5050955656718
2022-05-21,"49","26  day ahead inc hosp",2022-06-16,"quantile",0.65,49.8205422101829
2022-05-21,"49","26  day ahead inc hosp",2022-06-16,"quantile",0.7,53.3145235818314
2022-05-21,"49","26  day ahead inc hosp",2022-06-16,"quantile",0.75,57.0850788398818
2022-05-21,"49","26  day ahead inc hosp",2022-06-16,"quantile",0.8,61.2837709245324
2022-05-21,"49","26  day ahead inc hosp",2022-06-16,"quantile",0.85,66.1778593424185
2022-05-21,"49","26  day ahead inc hosp",2022-06-16,"quantile",0.9,72.3357401006958
2022-05-21,"49","26  day ahead inc hosp",2022-06-16,"quantile",0.95,81.4626470050457
2022-05-21,"49","26  day ahead inc hosp",2022-06-16,"quantile",0.975,89.3788776126297
2022-05-21,"49","26  day ahead inc hosp",2022-06-16,"quantile",0.99,98.5832064781969
2022-05-21,"49","27  day ahead inc hosp",2022-06-17,"quantile",0.01,0
2022-05-21,"49","27  day ahead inc hosp",2022-06-17,"quantile",0.025,0
2022-05-21,"49","27  day ahead inc hosp",2022-06-17,"quantile",0.05,0
2022-05-21,"49","27  day ahead inc hosp",2022-06-17,"quantile",0.1,7.4447867221063
2022-05-21,"49","27  day ahead inc hosp",2022-06-17,"quantile",0.15,13.7259554388988
2022-05-21,"49","27  day ahead inc hosp",2022-06-17,"quantile",0.2,18.7180292179051
2022-05-21,"49","27  day ahead inc hosp",2022-06-17,"quantile",0.25,23.0007840176147
2022-05-21,"49","27  day ahead inc hosp",2022-06-17,"quantile",0.3,26.8468301918556
2022-05-21,"49","27  day ahead inc hosp",2022-06-17,"quantile",0.35,30.4107651477501
2022-05-21,"49","27  day ahead inc hosp",2022-06-17,"quantile",0.4,33.7925909029347
2022-05-21,"49","27  day ahead inc hosp",2022-06-17,"quantile",0.45,37.0645464586265
2022-05-21,"49","27  day ahead inc hosp",2022-06-17,"quantile",0.5,40.2846263951404
2022-05-21,"49","27  day ahead inc hosp",2022-06-17,"quantile",0.55,43.5047063316543
2022-05-21,"49","27  day ahead inc hosp",2022-06-17,"quantile",0.6,46.7766618873461
2022-05-21,"49","27  day ahead inc hosp",2022-06-17,"quantile",0.65,50.1584876425308
2022-05-21,"49","27  day ahead inc hosp",2022-06-17,"quantile",0.7,53.7224225984253
2022-05-21,"49","27  day ahead inc hosp",2022-06-17,"quantile",0.75,57.5684687726661
2022-05-21,"49","27  day ahead inc hosp",2022-06-17,"quantile",0.8,61.8512235723758
2022-05-21,"49","27  day ahead inc hosp",2022-06-17,"quantile",0.85,66.8432973513821
2022-05-21,"49","27  day ahead inc hosp",2022-06-17,"quantile",0.9,73.1244660681746
2022-05-21,"49","27  day ahead inc hosp",2022-06-17,"quantile",0.95,82.4341042990907
2022-05-21,"49","27  day ahead inc hosp",2022-06-17,"quantile",0.975,90.5088270810211
2022-05-21,"49","27  day ahead inc hosp",2022-06-17,"quantile",0.99,99.897437351163
2022-05-21,"49","28  day ahead inc hosp",2022-06-18,"quantile",0.01,0
2022-05-21,"49","28  day ahead inc hosp",2022-06-18,"quantile",0.025,0
2022-05-21,"49","28  day ahead inc hosp",2022-06-18,"quantile",0.05,0
2022-05-21,"49","28  day ahead inc hosp",2022-06-18,"quantile",0.1,6.98513601263428
2022-05-21,"49","28  day ahead inc hosp",2022-06-18,"quantile",0.15,13.3872189131023
2022-05-21,"49","28  day ahead inc hosp",2022-06-18,"quantile",0.2,18.4753914522362
2022-05-21,"49","28  day ahead inc hosp",2022-06-18,"quantile",0.25,22.8405904313395
2022-05-21,"49","28  day ahead inc hosp",2022-06-18,"quantile",0.3,26.7606740267204
2022-05-21,"49","28  day ahead inc hosp",2022-06-18,"quantile",0.35,30.3932156870826
2022-05-21,"49","28  day ahead inc hosp",2022-06-18,"quantile",0.4,33.8401424957428
2022-05-21,"49","28  day ahead inc hosp",2022-06-18,"quantile",0.45,37.1750840740805
2022-05-21,"49","28  day ahead inc hosp",2022-06-18,"quantile",0.5,40.4571514136477
2022-05-21,"49","28  day ahead inc hosp",2022-06-18,"quantile",0.55,43.7392187532149
2022-05-21,"49","28  day ahead inc hosp",2022-06-18,"quantile",0.6,47.0741603315526
2022-05-21,"49","28  day ahead inc hosp",2022-06-18,"quantile",0.65,50.5210871402128
2022-05-21,"49","28  day ahead inc hosp",2022-06-18,"quantile",0.7,54.153628800575
2022-05-21,"49","28  day ahead inc hosp",2022-06-18,"quantile",0.75,58.0737123959558
2022-05-21,"49","28  day ahead inc hosp",2022-06-18,"quantile",0.8,62.4389113750592
2022-05-21,"49","28  day ahead inc hosp",2022-06-18,"quantile",0.85,67.5270839141931
2022-05-21,"49","28  day ahead inc hosp",2022-06-18,"quantile",0.9,73.9291668146611
2022-05-21,"49","28  day ahead inc hosp",2022-06-18,"quantile",0.95,83.4180180802464
2022-05-21,"49","28  day ahead inc hosp",2022-06-18,"quantile",0.975,91.6481814429994
2022-05-21,"49","28  day ahead inc hosp",2022-06-18,"quantile",0.99,101.217524980762
2022-05-21,"49","29  day ahead inc hosp",2022-06-19,"quantile",0.01,0
2022-05-21,"49","29  day ahead inc hosp",2022-06-19,"quantile",0.025,0
2022-05-21,"49","29  day ahead inc hosp",2022-06-19,"quantile",0.05,0
2022-05-21,"49","29  day ahead inc hosp",2022-06-19,"quantile",0.1,6.80101938572293
2022-05-21,"49","29  day ahead inc hosp",2022-06-19,"quantile",0.15,13.3217747468844
2022-05-21,"49","29  day ahead inc hosp",2022-06-19,"quantile",0.2,18.504264395784
2022-05-21,"49","29  day ahead inc hosp",2022-06-19,"quantile",0.25,22.9503790569116
2022-05-21,"49","29  day ahead inc hosp",2022-06-19,"quantile",0.3,26.9431274355545
2022-05-21,"49","29  day ahead inc hosp",2022-06-19,"quantile",0.35,30.6430038468265
2022-05-21,"49","29  day ahead inc hosp",2022-06-19,"quantile",0.4,34.1538247494204
2022-05-21,"49","29  day ahead inc hosp",2022-06-19,"quantile",0.45,37.5505846030794
2022-05-21,"49","29  day ahead inc hosp",2022-06-19,"quantile",0.5,40.8934901125678
2022-05-21,"49","29  day ahead inc hosp",2022-06-19,"quantile",0.55,44.2363956220561
2022-05-21,"49","29  day ahead inc hosp",2022-06-19,"quantile",0.6,47.6331554757151
2022-05-21,"49","29  day ahead inc hosp",2022-06-19,"quantile",0.65,51.1439763783091
2022-05-21,"49","29  day ahead inc hosp",2022-06-19,"quantile",0.7,54.843852789581
2022-05-21,"49","29  day ahead inc hosp",2022-06-19,"quantile",0.75,58.8366011682239
2022-05-21,"49","29  day ahead inc hosp",2022-06-19,"quantile",0.8,63.2827158293515
2022-05-21,"49","29  day ahead inc hosp",2022-06-19,"quantile",0.85,68.4652054782511
2022-05-21,"49","29  day ahead inc hosp",2022-06-19,"quantile",0.9,74.9859608394126
2022-05-21,"49","29  day ahead inc hosp",2022-06-19,"quantile",0.95,84.6507025685155
2022-05-21,"49","29  day ahead inc hosp",2022-06-19,"quantile",0.975,93.0334246771254
2022-05-21,"49","29  day ahead inc hosp",2022-06-19,"quantile",0.99,102.780150726565
2022-05-21,"49","30  day ahead inc hosp",2022-06-20,"quantile",0.01,0
2022-05-21,"49","30  day ahead inc hosp",2022-06-20,"quantile",0.025,0
2022-05-21,"49","30  day ahead inc hosp",2022-06-20,"quantile",0.05,0
2022-05-21,"49","30  day ahead inc hosp",2022-06-20,"quantile",0.1,6.85115695913503
2022-05-21,"49","30  day ahead inc hosp",2022-06-20,"quantile",0.15,13.4884633025072
2022-05-21,"49","30  day ahead inc hosp",2022-06-20,"quantile",0.2,18.7635839773265
2022-05-21,"49","30  day ahead inc hosp",2022-06-20,"quantile",0.25,23.2891678106702
2022-05-21,"49","30  day ahead inc hosp",2022-06-20,"quantile",0.3,27.3532819620613
2022-05-21,"49","30  day ahead inc hosp",2022-06-20,"quantile",0.35,31.1192893974106
2022-05-21,"49","30  day ahead inc hosp",2022-06-20,"quantile",0.4,34.6928621748871
2022-05-21,"49","30  day ahead inc hosp",2022-06-20,"quantile",0.45,38.1503351937164
2022-05-21,"49","30  day ahead inc hosp",2022-06-20,"quantile",0.5,41.552991284079
2022-05-21,"49","30  day ahead inc hosp",2022-06-20,"quantile",0.55,44.9556473744417
2022-05-21,"49","30  day ahead inc hosp",2022-06-20,"quantile",0.6,48.413120393271
2022-05-21,"49","30  day ahead inc hosp",2022-06-20,"quantile",0.65,51.9866931707475
2022-05-21,"49","30  day ahead inc hosp",2022-06-20,"quantile",0.7,55.7527006060968
2022-05-21,"49","30  day ahead inc hosp",2022-06-20,"quantile",0.75,59.8168147574879
2022-05-21,"49","30  day ahead inc hosp",2022-06-20,"quantile",0.8,64.3423985908316
2022-05-21,"49","30  day ahead inc hosp",2022-06-20,"quantile",0.85,69.6175192656509
2022-05-21,"49","30  day ahead inc hosp",2022-06-20,"quantile",0.9,76.2548256090231
2022-05-21,"49","30  day ahead inc hosp",2022-06-20,"quantile",0.95,86.0923134509535
2022-05-21,"49","30  day ahead inc hosp",2022-06-20,"quantile",0.975,94.624867050126
2022-05-21,"49","30  day ahead inc hosp",2022-06-20,"quantile",0.99,104.545804587573
2022-05-21,"49","31  day ahead inc hosp",2022-06-21,"quantile",0.01,0
2022-05-21,"49","31  day ahead inc hosp",2022-06-21,"quantile",0.025,0
2022-05-21,"49","31  day ahead inc hosp",2022-06-21,"quantile",0.05,0
2022-05-21,"49","31  day ahead inc hosp",2022-06-21,"quantile",0.1,6.69050426230297
2022-05-21,"49","31  day ahead inc hosp",2022-06-21,"quantile",0.15,13.4423499737674
2022-05-21,"49","31  day ahead inc hosp",2022-06-21,"quantile",0.2,18.8085029073745
2022-05-21,"49","31  day ahead inc hosp",2022-06-21,"quantile",0.25,23.4121843130922
2022-05-21,"49","31  day ahead inc hosp",2022-06-21,"quantile",0.3,27.546432498182
2022-05-21,"49","31  day ahead inc hosp",2022-06-21,"quantile",0.35,31.3774295678137
2022-05-21,"49","31  day ahead inc hosp",2022-06-21,"quantile",0.4,35.0126711528739
2022-05-21,"49","31  day ahead inc hosp",2022-06-21,"quantile",0.45,38.5298094567278
2022-05-21,"49","31  day ahead inc hosp",2022-06-21,"quantile",0.5,41.9911848615627
2022-05-21,"49","31  day ahead inc hosp",2022-06-21,"quantile",0.55,45.4525602663977
2022-05-21,"49","31  day ahead inc hosp",2022-06-21,"quantile",0.6,48.9696985702516
2022-05-21,"49","31  day ahead inc hosp",2022-06-21,"quantile",0.65,52.6049401553118
2022-05-21,"49","31  day ahead inc hosp",2022-06-21,"quantile",0.7,56.4359372249434
2022-05-21,"49","31  day ahead inc hosp",2022-06-21,"quantile",0.75,60.5701854100333
2022-05-21,"49","31  day ahead inc hosp",2022-06-21,"quantile",0.8,65.1738668157509
2022-05-21,"49","31  day ahead inc hosp",2022-06-21,"quantile",0.85,70.5400197493581
2022-05-21,"49","31  day ahead inc hosp",2022-06-21,"quantile",0.9,77.2918654608225
2022-05-21,"49","31  day ahead inc hosp",2022-06-21,"quantile",0.95,87.2991179004281
2022-05-21,"49","31  day ahead inc hosp",2022-06-21,"quantile",0.975,95.9789169704141
2022-05-21,"49","31  day ahead inc hosp",2022-06-21,"quantile",0.99,106.071059189042
2022-05-21,"49","32  day ahead inc hosp",2022-06-22,"quantile",0.01,0
2022-05-21,"49","32  day ahead inc hosp",2022-06-22,"quantile",0.025,0
2022-05-21,"49","32  day ahead inc hosp",2022-06-22,"quantile",0.05,0
2022-05-21,"49","32  day ahead inc hosp",2022-06-22,"quantile",0.1,6.0470266475707
2022-05-21,"49","32  day ahead inc hosp",2022-06-22,"quantile",0.15,12.9115008100301
2022-05-21,"49","32  day ahead inc hosp",2022-06-22,"quantile",0.2,18.3671672660935
2022-05-21,"49","32  day ahead inc hosp",2022-06-22,"quantile",0.25,23.0476433036434
2022-05-21,"49","32  day ahead inc hosp",2022-06-22,"quantile",0.3,27.2508554415565
2022-05-21,"49","32  day ahead inc hosp",2022-06-22,"quantile",0.35,31.1457578911625
2022-05-21,"49","32  day ahead inc hosp",2022-06-22,"quantile",0.4,34.8416394324976
2022-05-21,"49","32  day ahead inc hosp",2022-06-22,"quantile",0.45,38.4174475958279
2022-05-21,"49","32  day ahead inc hosp",2022-06-22,"quantile",0.5,41.9365626716829
2022-05-21,"49","32  day ahead inc hosp",2022-06-22,"quantile",0.55,45.455677747538
2022-05-21,"49","32  day ahead inc hosp",2022-06-22,"quantile",0.6,49.0314859108683
2022-05-21,"49","32  day ahead inc hosp",2022-06-22,"quantile",0.65,52.7273674522033
2022-05-21,"49","32  day ahead inc hosp",2022-06-22,"quantile",0.7,56.6222699018093
2022-05-21,"49","32  day ahead inc hosp",2022-06-22,"quantile",0.75,60.8254820397224
2022-05-21,"49","32  day ahead inc hosp",2022-06-22,"quantile",0.8,65.5059580772723
2022-05-21,"49","32  day ahead inc hosp",2022-06-22,"quantile",0.85,70.9616245333357
2022-05-21,"49","32  day ahead inc hosp",2022-06-22,"quantile",0.9,77.8260986957951
2022-05-21,"49","32  day ahead inc hosp",2022-06-22,"quantile",0.95,88.000283466078
2022-05-21,"49","32  day ahead inc hosp",2022-06-22,"quantile",0.975,96.8248714376439
2022-05-21,"49","32  day ahead inc hosp",2022-06-22,"quantile",0.99,107.085362044828
2022-05-21,"49","33  day ahead inc hosp",2022-06-23,"quantile",0.01,0
2022-05-21,"49","33  day ahead inc hosp",2022-06-23,"quantile",0.025,0
2022-05-21,"49","33  day ahead inc hosp",2022-06-23,"quantile",0.05,0
2022-05-21,"49","33  day ahead inc hosp",2022-06-23,"quantile",0.1,5.92233109211159
2022-05-21,"49","33  day ahead inc hosp",2022-06-23,"quantile",0.15,12.8976153546148
2022-05-21,"49","33  day ahead inc hosp",2022-06-23,"quantile",0.2,18.4413501654413
2022-05-21,"49","33  day ahead inc hosp",2022-06-23,"quantile",0.25,23.197381009623
2022-05-21,"49","33  day ahead inc hosp",2022-06-23,"quantile",0.3,27.4684436990109
2022-05-21,"49","33  day ahead inc hosp",2022-06-23,"quantile",0.35,31.4262197963118
2022-05-21,"49","33  day ahead inc hosp",2022-06-23,"quantile",0.4,35.181762280882
2022-05-21,"49","33  day ahead inc hosp",2022-06-23,"quantile",0.45,38.8152930972428
2022-05-21,"49","33  day ahead inc hosp",2022-06-23,"quantile",0.5,42.3912156552723
2022-05-21,"49","33  day ahead inc hosp",2022-06-23,"quantile",0.55,45.9671382133018
2022-05-21,"49","33  day ahead inc hosp",2022-06-23,"quantile",0.6,49.6006690296625
2022-05-21,"49","33  day ahead inc hosp",2022-06-23,"quantile",0.65,53.3562115142327
2022-05-21,"49","33  day ahead inc hosp",2022-06-23,"quantile",0.7,57.3139876115336
2022-05-21,"49","33  day ahead inc hosp",2022-06-23,"quantile",0.75,61.5850503009215
2022-05-21,"49","33  day ahead inc hosp",2022-06-23,"quantile",0.8,66.3410811451033
2022-05-21,"49","33  day ahead inc hosp",2022-06-23,"quantile",0.85,71.8848159559298
2022-05-21,"49","33  day ahead inc hosp",2022-06-23,"quantile",0.9,78.860100218433
2022-05-21,"49","33  day ahead inc hosp",2022-06-23,"quantile",0.95,89.1985222493679
2022-05-21,"49","33  day ahead inc hosp",2022-06-23,"quantile",0.975,98.1655615511933
2022-05-21,"49","33  day ahead inc hosp",2022-06-23,"quantile",0.99,108.591682615099
2022-05-21,"49","34  day ahead inc hosp",2022-06-24,"quantile",0.01,0
2022-05-21,"49","34  day ahead inc hosp",2022-06-24,"quantile",0.025,0
2022-05-21,"49","34  day ahead inc hosp",2022-06-24,"quantile",0.05,0
2022-05-21,"49","34  day ahead inc hosp",2022-06-24,"quantile",0.1,4.79506107405884
2022-05-21,"49","34  day ahead inc hosp",2022-06-24,"quantile",0.15,11.8794224114255
2022-05-21,"49","34  day ahead inc hosp",2022-06-24,"quantile",0.2,17.50984822354
2022-05-21,"49","34  day ahead inc hosp",2022-06-24,"quantile",0.25,22.3402522277136
2022-05-21,"49","34  day ahead inc hosp",2022-06-24,"quantile",0.3,26.6781043133734
2022-05-21,"49","34  day ahead inc hosp",2022-06-24,"quantile",0.35,30.69777073993
2022-05-21,"49","34  day ahead inc hosp",2022-06-24,"quantile",0.4,34.5120410946953
2022-05-21,"49","34  day ahead inc hosp",2022-06-24,"quantile",0.45,38.202391805122
2022-05-21,"49","34  day ahead inc hosp",2022-06-24,"quantile",0.5,41.8342333992638
2022-05-21,"49","34  day ahead inc hosp",2022-06-24,"quantile",0.55,45.4660749934057
2022-05-21,"49","34  day ahead inc hosp",2022-06-24,"quantile",0.6,49.1564257038323
2022-05-21,"49","34  day ahead inc hosp",2022-06-24,"quantile",0.65,52.9706960585977
2022-05-21,"49","34  day ahead inc hosp",2022-06-24,"quantile",0.7,56.9903624851543
2022-05-21,"49","34  day ahead inc hosp",2022-06-24,"quantile",0.75,61.328214570814
2022-05-21,"49","34  day ahead inc hosp",2022-06-24,"quantile",0.8,66.1586185749877
2022-05-21,"49","34  day ahead inc hosp",2022-06-24,"quantile",0.85,71.7890443871021
2022-05-21,"49","34  day ahead inc hosp",2022-06-24,"quantile",0.9,78.8734057244688
2022-05-21,"49","34  day ahead inc hosp",2022-06-24,"quantile",0.95,89.3734964116765
2022-05-21,"49","34  day ahead inc hosp",2022-06-24,"quantile",0.975,98.4807591625286
2022-05-21,"49","34  day ahead inc hosp",2022-06-24,"quantile",0.99,109.069920289753
2022-05-21,"49","35  day ahead inc hosp",2022-06-25,"quantile",0.01,0
2022-05-21,"49","35  day ahead inc hosp",2022-06-25,"quantile",0.025,0
2022-05-21,"49","35  day ahead inc hosp",2022-06-25,"quantile",0.05,0
2022-05-21,"49","35  day ahead inc hosp",2022-06-25,"quantile",0.1,4.45094881392198
2022-05-21,"49","35  day ahead inc hosp",2022-06-25,"quantile",0.15,11.6427330552649
2022-05-21,"49","35  day ahead inc hosp",2022-06-25,"quantile",0.2,17.3585351860843
2022-05-21,"49","35  day ahead inc hosp",2022-06-25,"quantile",0.25,22.2621844696552
2022-05-21,"49","35  day ahead inc hosp",2022-06-25,"quantile",0.3,26.6658130799542
2022-05-21,"49","35  day ahead inc hosp",2022-06-25,"quantile",0.35,30.7464312592508
2022-05-21,"49","35  day ahead inc hosp",2022-06-25,"quantile",0.4,34.6185388668816
2022-05-21,"49","35  day ahead inc hosp",2022-06-25,"quantile",0.45,38.3648477888006
2022-05-21,"49","35  day ahead inc hosp",2022-06-25,"quantile",0.5,42.0517603981328
2022-05-21,"49","35  day ahead inc hosp",2022-06-25,"quantile",0.55,45.738673007465
2022-05-21,"49","35  day ahead inc hosp",2022-06-25,"quantile",0.6,49.484981929384
2022-05-21,"49","35  day ahead inc hosp",2022-06-25,"quantile",0.65,53.3570895370148
2022-05-21,"49","35  day ahead inc hosp",2022-06-25,"quantile",0.7,57.4377077163115
2022-05-21,"49","35  day ahead inc hosp",2022-06-25,"quantile",0.75,61.8413363266105
2022-05-21,"49","35  day ahead inc hosp",2022-06-25,"quantile",0.8,66.7449856101814
2022-05-21,"49","35  day ahead inc hosp",2022-06-25,"quantile",0.85,72.4607877410008
2022-05-21,"49","35  day ahead inc hosp",2022-06-25,"quantile",0.9,79.6525719823437
2022-05-21,"49","35  day ahead inc hosp",2022-06-25,"quantile",0.95,90.3118795953854
2022-05-21,"49","35  day ahead inc hosp",2022-06-25,"quantile",0.975,99.5572392847449
2022-05-21,"49","35  day ahead inc hosp",2022-06-25,"quantile",0.99,110.306967947247
2022-05-21,"49","36  day ahead inc hosp",2022-06-26,"quantile",0.01,0
2022-05-21,"49","36  day ahead inc hosp",2022-06-26,"quantile",0.025,0
2022-05-21,"49","36  day ahead inc hosp",2022-06-26,"quantile",0.05,0
2022-05-21,"49","36  day ahead inc hosp",2022-06-26,"quantile",0.1,4.42189943607842
2022-05-21,"49","36  day ahead inc hosp",2022-06-26,"quantile",0.15,11.7195254603194
2022-05-21,"49","36  day ahead inc hosp",2022-06-26,"quantile",0.2,17.5194472849335
2022-05-21,"49","36  day ahead inc hosp",2022-06-26,"quantile",0.25,22.4952637756206
2022-05-21,"49","36  day ahead inc hosp",2022-06-26,"quantile",0.3,26.9637007683313
2022-05-21,"49","36  day ahead inc hosp",2022-06-26,"quantile",0.35,31.1043735723121
2022-05-21,"49","36  day ahead inc hosp",2022-06-26,"quantile",0.4,35.0334671460136
2022-05-21,"49","36  day ahead inc hosp",2022-06-26,"quantile",0.45,38.8349106495993
2022-05-21,"49","36  day ahead inc hosp",2022-06-26,"quantile",0.5,42.5760837026358
2022-05-21,"49","36  day ahead inc hosp",2022-06-26,"quantile",0.55,46.3172567556724
2022-05-21,"49","36  day ahead inc hosp",2022-06-26,"quantile",0.6,50.118700259258
2022-05-21,"49","36  day ahead inc hosp",2022-06-26,"quantile",0.65,54.0477938329595
2022-05-21,"49","36  day ahead inc hosp",2022-06-26,"quantile",0.7,58.1884666369403
2022-05-21,"49","36  day ahead inc hosp",2022-06-26,"quantile",0.75,62.656903629651
2022-05-21,"49","36  day ahead inc hosp",2022-06-26,"quantile",0.8,67.6327201203382
2022-05-21,"49","36  day ahead inc hosp",2022-06-26,"quantile",0.85,73.4326419449522
2022-05-21,"49","36  day ahead inc hosp",2022-06-26,"quantile",0.9,80.7302679691932
2022-05-21,"49","36  day ahead inc hosp",2022-06-26,"quantile",0.95,91.5464490484519
2022-05-21,"49","36  day ahead inc hosp",2022-06-26,"quantile",0.975,100.92787307459
2022-05-21,"49","36  day ahead inc hosp",2022-06-26,"quantile",0.99,111.835805933594
2022-05-21,"49","37  day ahead inc hosp",2022-06-27,"quantile",0.01,0
2022-05-21,"49","37  day ahead inc hosp",2022-06-27,"quantile",0.025,0
2022-05-21,"49","37  day ahead inc hosp",2022-06-27,"quantile",0.05,0
2022-05-21,"49","37  day ahead inc hosp",2022-06-27,"quantile",0.1,4.96863117400842
2022-05-21,"49","37  day ahead inc hosp",2022-06-27,"quantile",0.15,12.3705856865228
2022-05-21,"49","37  day ahead inc hosp",2022-06-27,"quantile",0.2,18.2534244863361
2022-05-21,"49","37  day ahead inc hosp",2022-06-27,"quantile",0.25,23.3003763586767
2022-05-21,"49","37  day ahead inc hosp",2022-06-27,"quantile",0.3,27.8326951226437
2022-05-21,"49","37  day ahead inc hosp",2022-06-27,"quantile",0.35,32.0325639079805
2022-05-21,"49","37  day ahead inc hosp",2022-06-27,"quantile",0.4,36.0178286792011
2022-05-21,"49","37  day ahead inc hosp",2022-06-27,"quantile",0.45,39.8736184664506
2022-05-21,"49","37  day ahead inc hosp",2022-06-27,"quantile",0.5,43.6682761633556
2022-05-21,"49","37  day ahead inc hosp",2022-06-27,"quantile",0.55,47.4629338602607
2022-05-21,"49","37  day ahead inc hosp",2022-06-27,"quantile",0.6,51.3187236475102
2022-05-21,"49","37  day ahead inc hosp",2022-06-27,"quantile",0.65,55.3039884187308
2022-05-21,"49","37  day ahead inc hosp",2022-06-27,"quantile",0.7,59.5038572040676
2022-05-21,"49","37  day ahead inc hosp",2022-06-27,"quantile",0.75,64.0361759680346
2022-05-21,"49","37  day ahead inc hosp",2022-06-27,"quantile",0.8,69.0831278403752
2022-05-21,"49","37  day ahead inc hosp",2022-06-27,"quantile",0.85,74.9659666401885
2022-05-21,"49","37  day ahead inc hosp",2022-06-27,"quantile",0.9,82.3679211527029
2022-05-21,"49","37  day ahead inc hosp",2022-06-27,"quantile",0.95,93.3387327675825
2022-05-21,"49","37  day ahead inc hosp",2022-06-27,"quantile",0.975,102.854275722705
2022-05-21,"49","37  day ahead inc hosp",2022-06-27,"quantile",0.99,113.918150821224
2022-05-21,"50","1  day ahead inc hosp",2022-05-22,"quantile",0.01,4.11417720491526
2022-05-21,"50","1  day ahead inc hosp",2022-05-22,"quantile",0.025,5.17787903747735
2022-05-21,"50","1  day ahead inc hosp",2022-05-22,"quantile",0.05,6.09272129564261
2022-05-21,"50","1  day ahead inc hosp",2022-05-22,"quantile",0.1,7.14747582925111
2022-05-21,"50","1  day ahead inc hosp",2022-05-22,"quantile",0.15,7.8591137056184
2022-05-21,"50","1  day ahead inc hosp",2022-05-22,"quantile",0.2,8.42470093037534
2022-05-21,"50","1  day ahead inc hosp",2022-05-22,"quantile",0.25,8.90992440837539
2022-05-21,"50","1  day ahead inc hosp",2022-05-22,"quantile",0.3,9.34567008808147
2022-05-21,"50","1  day ahead inc hosp",2022-05-22,"quantile",0.35,9.74945339941704
2022-05-21,"50","1  day ahead inc hosp",2022-05-22,"quantile",0.4,10.1326042758184
2022-05-21,"50","1  day ahead inc hosp",2022-05-22,"quantile",0.45,10.5033071829057
2022-05-21,"50","1  day ahead inc hosp",2022-05-22,"quantile",0.5,10.8681327354541
2022-05-21,"50","1  day ahead inc hosp",2022-05-22,"quantile",0.55,11.2329582880025
2022-05-21,"50","1  day ahead inc hosp",2022-05-22,"quantile",0.6,11.6036611950898
2022-05-21,"50","1  day ahead inc hosp",2022-05-22,"quantile",0.65,11.9868120714911
2022-05-21,"50","1  day ahead inc hosp",2022-05-22,"quantile",0.7,12.3905953828267
2022-05-21,"50","1  day ahead inc hosp",2022-05-22,"quantile",0.75,12.8263410625328
2022-05-21,"50","1  day ahead inc hosp",2022-05-22,"quantile",0.8,13.3115645405328
2022-05-21,"50","1  day ahead inc hosp",2022-05-22,"quantile",0.85,13.8771517652898
2022-05-21,"50","1  day ahead inc hosp",2022-05-22,"quantile",0.9,14.588789641657
2022-05-21,"50","1  day ahead inc hosp",2022-05-22,"quantile",0.95,15.6435441752655
2022-05-21,"50","1  day ahead inc hosp",2022-05-22,"quantile",0.975,16.5583864334308
2022-05-21,"50","1  day ahead inc hosp",2022-05-22,"quantile",0.99,17.6220882659929
2022-05-21,"50","2  day ahead inc hosp",2022-05-23,"quantile",0.01,4.14055994424857
2022-05-21,"50","2  day ahead inc hosp",2022-05-23,"quantile",0.025,5.24464229230709
2022-05-21,"50","2  day ahead inc hosp",2022-05-23,"quantile",0.05,6.19421402150621
2022-05-21,"50","2  day ahead inc hosp",2022-05-23,"quantile",0.1,7.28900941100637
2022-05-21,"50","2  day ahead inc hosp",2022-05-23,"quantile",0.15,8.02766266274937
2022-05-21,"50","2  day ahead inc hosp",2022-05-23,"quantile",0.2,8.6147208514501
2022-05-21,"50","2  day ahead inc hosp",2022-05-23,"quantile",0.25,9.11836450470304
2022-05-21,"50","2  day ahead inc hosp",2022-05-23,"quantile",0.3,9.57065207108566
2022-05-21,"50","2  day ahead inc hosp",2022-05-23,"quantile",0.35,9.98976390566097
2022-05-21,"50","2  day ahead inc hosp",2022-05-23,"quantile",0.4,10.3874600516373
2022-05-21,"50","2  day ahead inc hosp",2022-05-23,"quantile",0.45,10.7722356753694
2022-05-21,"50","2  day ahead inc hosp",2022-05-23,"quantile",0.5,11.1509108269569
2022-05-21,"50","2  day ahead inc hosp",2022-05-23,"quantile",0.55,11.5295859785445
2022-05-21,"50","2  day ahead inc hosp",2022-05-23,"quantile",0.6,11.9143616022765
2022-05-21,"50","2  day ahead inc hosp",2022-05-23,"quantile",0.65,12.3120577482529
2022-05-21,"50","2  day ahead inc hosp",2022-05-23,"quantile",0.7,12.7311695828282
2022-05-21,"50","2  day ahead inc hosp",2022-05-23,"quantile",0.75,13.1834571492108
2022-05-21,"50","2  day ahead inc hosp",2022-05-23,"quantile",0.8,13.6871008024637
2022-05-21,"50","2  day ahead inc hosp",2022-05-23,"quantile",0.85,14.2741589911645
2022-05-21,"50","2  day ahead inc hosp",2022-05-23,"quantile",0.9,15.0128122429074
2022-05-21,"50","2  day ahead inc hosp",2022-05-23,"quantile",0.95,16.1076076324076
2022-05-21,"50","2  day ahead inc hosp",2022-05-23,"quantile",0.975,17.0571793616067
2022-05-21,"50","2  day ahead inc hosp",2022-05-23,"quantile",0.99,18.1612617096652
2022-05-21,"50","3  day ahead inc hosp",2022-05-24,"quantile",0.01,3.00077636157295
2022-05-21,"50","3  day ahead inc hosp",2022-05-24,"quantile",0.025,4.1438135761871
2022-05-21,"50","3  day ahead inc hosp",2022-05-24,"quantile",0.05,5.12688863968098
2022-05-21,"50","3  day ahead inc hosp",2022-05-24,"quantile",0.1,6.26031122793918
2022-05-21,"50","3  day ahead inc hosp",2022-05-24,"quantile",0.15,7.02502606730119
2022-05-21,"50","3  day ahead inc hosp",2022-05-24,"quantile",0.2,7.63279717967237
2022-05-21,"50","3  day ahead inc hosp",2022-05-24,"quantile",0.25,8.15421067712086
2022-05-21,"50","3  day ahead inc hosp",2022-05-24,"quantile",0.3,8.62245611279121
2022-05-21,"50","3  day ahead inc hosp",2022-05-24,"quantile",0.35,9.05635529145954
2022-05-21,"50","3  day ahead inc hosp",2022-05-24,"quantile",0.4,9.46808318092259
2022-05-21,"50","3  day ahead inc hosp",2022-05-24,"quantile",0.45,9.86643467886614
2022-05-21,"50","3  day ahead inc hosp",2022-05-24,"quantile",0.5,10.2584704643086
2022-05-21,"50","3  day ahead inc hosp",2022-05-24,"quantile",0.55,10.650506249751
2022-05-21,"50","3  day ahead inc hosp",2022-05-24,"quantile",0.6,11.0488577476945
2022-05-21,"50","3  day ahead inc hosp",2022-05-24,"quantile",0.65,11.4605856371576
2022-05-21,"50","3  day ahead inc hosp",2022-05-24,"quantile",0.7,11.8944848158259
2022-05-21,"50","3  day ahead inc hosp",2022-05-24,"quantile",0.75,12.3627302514962
2022-05-21,"50","3  day ahead inc hosp",2022-05-24,"quantile",0.8,12.8841437489447
2022-05-21,"50","3  day ahead inc hosp",2022-05-24,"quantile",0.85,13.4919148613159
2022-05-21,"50","3  day ahead inc hosp",2022-05-24,"quantile",0.9,14.2566297006779
2022-05-21,"50","3  day ahead inc hosp",2022-05-24,"quantile",0.95,15.3900522889361
2022-05-21,"50","3  day ahead inc hosp",2022-05-24,"quantile",0.975,16.37312735243
2022-05-21,"50","3  day ahead inc hosp",2022-05-24,"quantile",0.99,17.5161645670442
2022-05-21,"50","4  day ahead inc hosp",2022-05-25,"quantile",0.01,2.61040851525744
2022-05-21,"50","4  day ahead inc hosp",2022-05-25,"quantile",0.025,3.79111606443774
2022-05-21,"50","4  day ahead inc hosp",2022-05-25,"quantile",0.05,4.80658969385054
2022-05-21,"50","4  day ahead inc hosp",2022-05-25,"quantile",0.1,5.97736575368309
2022-05-21,"50","4  day ahead inc hosp",2022-05-25,"quantile",0.15,6.7672828029803
2022-05-21,"50","4  day ahead inc hosp",2022-05-25,"quantile",0.2,7.39508383288168
2022-05-21,"50","4  day ahead inc hosp",2022-05-25,"quantile",0.25,7.9336812160734
2022-05-21,"50","4  day ahead inc hosp",2022-05-25,"quantile",0.3,8.41735831223148
2022-05-21,"50","4  day ahead inc hosp",2022-05-25,"quantile",0.35,8.86555722411885
2022-05-21,"50","4  day ahead inc hosp",2022-05-25,"quantile",0.4,9.29085416203281
2022-05-21,"50","4  day ahead inc hosp",2022-05-25,"quantile",0.45,9.70233387138592
2022-05-21,"50","4  day ahead inc hosp",2022-05-25,"quantile",0.5,10.1072897254059
2022-05-21,"50","4  day ahead inc hosp",2022-05-25,"quantile",0.55,10.5122455794259
2022-05-21,"50","4  day ahead inc hosp",2022-05-25,"quantile",0.6,10.923725288779
2022-05-21,"50","4  day ahead inc hosp",2022-05-25,"quantile",0.65,11.3490222266929
2022-05-21,"50","4  day ahead inc hosp",2022-05-25,"quantile",0.7,11.7972211385803
2022-05-21,"50","4  day ahead inc hosp",2022-05-25,"quantile",0.75,12.2808982347384
2022-05-21,"50","4  day ahead inc hosp",2022-05-25,"quantile",0.8,12.8194956179301
2022-05-21,"50","4  day ahead inc hosp",2022-05-25,"quantile",0.85,13.4472966478315
2022-05-21,"50","4  day ahead inc hosp",2022-05-25,"quantile",0.9,14.2372136971287
2022-05-21,"50","4  day ahead inc hosp",2022-05-25,"quantile",0.95,15.4079897569612
2022-05-21,"50","4  day ahead inc hosp",2022-05-25,"quantile",0.975,16.423463386374
2022-05-21,"50","4  day ahead inc hosp",2022-05-25,"quantile",0.99,17.6041709355543
2022-05-21,"50","5  day ahead inc hosp",2022-05-26,"quantile",0.01,2.36924323555021
2022-05-21,"50","5  day ahead inc hosp",2022-05-26,"quantile",0.025,3.58645585436001
2022-05-21,"50","5  day ahead inc hosp",2022-05-26,"quantile",0.05,4.63332585756102
2022-05-21,"50","5  day ahead inc hosp",2022-05-26,"quantile",0.1,5.84029992562551
2022-05-21,"50","5  day ahead inc hosp",2022-05-26,"quantile",0.15,6.65463959922639
2022-05-21,"50","5  day ahead inc hosp",2022-05-26,"quantile",0.2,7.30185095671137
2022-05-21,"50","5  day ahead inc hosp",2022-05-26,"quantile",0.25,7.85710067264148
2022-05-21,"50","5  day ahead inc hosp",2022-05-26,"quantile",0.3,8.35573207826062
2022-05-21,"50","5  day ahead inc hosp",2022-05-26,"quantile",0.35,8.81778838650128
2022-05-21,"50","5  day ahead inc hosp",2022-05-26,"quantile",0.4,9.25623463843676
2022-05-21,"50","5  day ahead inc hosp",2022-05-26,"quantile",0.45,9.68043646128148
2022-05-21,"50","5  day ahead inc hosp",2022-05-26,"quantile",0.5,10.0979127244901
2022-05-21,"50","5  day ahead inc hosp",2022-05-26,"quantile",0.55,10.5153889876987
2022-05-21,"50","5  day ahead inc hosp",2022-05-26,"quantile",0.6,10.9395908105435
2022-05-21,"50","5  day ahead inc hosp",2022-05-26,"quantile",0.65,11.3780370624789
2022-05-21,"50","5  day ahead inc hosp",2022-05-26,"quantile",0.7,11.8400933707196
2022-05-21,"50","5  day ahead inc hosp",2022-05-26,"quantile",0.75,12.3387247763387
2022-05-21,"50","5  day ahead inc hosp",2022-05-26,"quantile",0.8,12.8939744922688
2022-05-21,"50","5  day ahead inc hosp",2022-05-26,"quantile",0.85,13.5411858497538
2022-05-21,"50","5  day ahead inc hosp",2022-05-26,"quantile",0.9,14.3555255233547
2022-05-21,"50","5  day ahead inc hosp",2022-05-26,"quantile",0.95,15.5624995914192
2022-05-21,"50","5  day ahead inc hosp",2022-05-26,"quantile",0.975,16.6093695946202
2022-05-21,"50","5  day ahead inc hosp",2022-05-26,"quantile",0.99,17.82658221343
2022-05-21,"50","6  day ahead inc hosp",2022-05-27,"quantile",0.01,2.52282426618621
2022-05-21,"50","6  day ahead inc hosp",2022-05-27,"quantile",0.025,3.77547856889238
2022-05-21,"50","6  day ahead inc hosp",2022-05-27,"quantile",0.05,4.8528303754864
2022-05-21,"50","6  day ahead inc hosp",2022-05-27,"quantile",0.1,6.09494801068979
2022-05-21,"50","6  day ahead inc hosp",2022-05-27,"quantile",0.15,6.93299888219482
2022-05-21,"50","6  day ahead inc hosp",2022-05-27,"quantile",0.2,7.59905514811375
2022-05-21,"50","6  day ahead inc hosp",2022-05-27,"quantile",0.25,8.17047211749773
2022-05-21,"50","6  day ahead inc hosp",2022-05-27,"quantile",0.3,8.68362221638841
2022-05-21,"50","6  day ahead inc hosp",2022-05-27,"quantile",0.35,9.15913225766299
2022-05-21,"50","6  day ahead inc hosp",2022-05-27,"quantile",0.4,9.61034478660425
2022-05-21,"50","6  day ahead inc hosp",2022-05-27,"quantile",0.45,10.046898130195
2022-05-21,"50","6  day ahead inc hosp",2022-05-27,"quantile",0.5,10.4765300854546
2022-05-21,"50","6  day ahead inc hosp",2022-05-27,"quantile",0.55,10.9061620407143
2022-05-21,"50","6  day ahead inc hosp",2022-05-27,"quantile",0.6,11.342715384305
2022-05-21,"50","6  day ahead inc hosp",2022-05-27,"quantile",0.65,11.7939279132463
2022-05-21,"50","6  day ahead inc hosp",2022-05-27,"quantile",0.7,12.2694379545208
2022-05-21,"50","6  day ahead inc hosp",2022-05-27,"quantile",0.75,12.7825880534115
2022-05-21,"50","6  day ahead inc hosp",2022-05-27,"quantile",0.8,13.3540050227955
2022-05-21,"50","6  day ahead inc hosp",2022-05-27,"quantile",0.85,14.0200612887144
2022-05-21,"50","6  day ahead inc hosp",2022-05-27,"quantile",0.9,14.8581121602195
2022-05-21,"50","6  day ahead inc hosp",2022-05-27,"quantile",0.95,16.1002297954229
2022-05-21,"50","6  day ahead inc hosp",2022-05-27,"quantile",0.975,17.1775816020169
2022-05-21,"50","6  day ahead inc hosp",2022-05-27,"quantile",0.99,18.430235904723
2022-05-21,"50","7  day ahead inc hosp",2022-05-28,"quantile",0.01,1.63541618433997
2022-05-21,"50","7  day ahead inc hosp",2022-05-28,"quantile",0.025,2.92253663122392
2022-05-21,"50","7  day ahead inc hosp",2022-05-28,"quantile",0.05,4.02953122323451
2022-05-21,"50","7  day ahead inc hosp",2022-05-28,"quantile",0.1,5.30582509158395
2022-05-21,"50","7  day ahead inc hosp",2022-05-28,"quantile",0.15,6.16693450534058
2022-05-21,"50","7  day ahead inc hosp",2022-05-28,"quantile",0.2,6.85131696967043
2022-05-21,"50","7  day ahead inc hosp",2022-05-28,"quantile",0.25,7.43845618549532
2022-05-21,"50","7  day ahead inc hosp",2022-05-28,"quantile",0.3,7.9657253476064
2022-05-21,"50","7  day ahead inc hosp",2022-05-28,"quantile",0.35,8.45431880511573
2022-05-21,"50","7  day ahead inc hosp",2022-05-28,"quantile",0.4,8.9179462166337
2022-05-21,"50","7  day ahead inc hosp",2022-05-28,"quantile",0.45,9.36651110279366
2022-05-21,"50","7  day ahead inc hosp",2022-05-28,"quantile",0.5,9.80796416215312
2022-05-21,"50","7  day ahead inc hosp",2022-05-28,"quantile",0.55,10.2494172215126
2022-05-21,"50","7  day ahead inc hosp",2022-05-28,"quantile",0.6,10.6979821076725
2022-05-21,"50","7  day ahead inc hosp",2022-05-28,"quantile",0.65,11.1616095191905
2022-05-21,"50","7  day ahead inc hosp",2022-05-28,"quantile",0.7,11.6502029766998
2022-05-21,"50","7  day ahead inc hosp",2022-05-28,"quantile",0.75,12.1774721388109
2022-05-21,"50","7  day ahead inc hosp",2022-05-28,"quantile",0.8,12.7646113546358
2022-05-21,"50","7  day ahead inc hosp",2022-05-28,"quantile",0.85,13.4489938189657
2022-05-21,"50","7  day ahead inc hosp",2022-05-28,"quantile",0.9,14.3101032327223
2022-05-21,"50","7  day ahead inc hosp",2022-05-28,"quantile",0.95,15.5863971010717
2022-05-21,"50","7  day ahead inc hosp",2022-05-28,"quantile",0.975,16.6933916930823
2022-05-21,"50","7  day ahead inc hosp",2022-05-28,"quantile",0.99,17.9805121399663
2022-05-21,"50","8  day ahead inc hosp",2022-05-29,"quantile",0.01,1.68243119219891
2022-05-21,"50","8  day ahead inc hosp",2022-05-29,"quantile",0.025,3.00311862209488
2022-05-21,"50","8  day ahead inc hosp",2022-05-29,"quantile",0.05,4.13898267131468
2022-05-21,"50","8  day ahead inc hosp",2022-05-29,"quantile",0.1,5.44856117491401
2022-05-21,"50","8  day ahead inc hosp",2022-05-29,"quantile",0.15,6.3321275740546
2022-05-21,"50","8  day ahead inc hosp",2022-05-29,"quantile",0.2,7.03435813846668
2022-05-21,"50","8  day ahead inc hosp",2022-05-29,"quantile",0.25,7.63680943493717
2022-05-21,"50","8  day ahead inc hosp",2022-05-29,"quantile",0.3,8.17782931870774
2022-05-21,"50","8  day ahead inc hosp",2022-05-29,"quantile",0.35,8.67916486910177
2022-05-21,"50","8  day ahead inc hosp",2022-05-29,"quantile",0.4,9.15488328071535
2022-05-21,"50","8  day ahead inc hosp",2022-05-29,"quantile",0.45,9.61514634939581
2022-05-21,"50","8  day ahead inc hosp",2022-05-29,"quantile",0.5,10.0681121210115
2022-05-21,"50","8  day ahead inc hosp",2022-05-29,"quantile",0.55,10.5210778926272
2022-05-21,"50","8  day ahead inc hosp",2022-05-29,"quantile",0.6,10.9813409613077
2022-05-21,"50","8  day ahead inc hosp",2022-05-29,"quantile",0.65,11.4570593729213
2022-05-21,"50","8  day ahead inc hosp",2022-05-29,"quantile",0.7,11.9583949233153
2022-05-21,"50","8  day ahead inc hosp",2022-05-29,"quantile",0.75,12.4994148070859
2022-05-21,"50","8  day ahead inc hosp",2022-05-29,"quantile",0.8,13.1018661035564
2022-05-21,"50","8  day ahead inc hosp",2022-05-29,"quantile",0.85,13.8040966679685
2022-05-21,"50","8  day ahead inc hosp",2022-05-29,"quantile",0.9,14.687663067109
2022-05-21,"50","8  day ahead inc hosp",2022-05-29,"quantile",0.95,15.9972415707084
2022-05-21,"50","8  day ahead inc hosp",2022-05-29,"quantile",0.975,17.1331056199282
2022-05-21,"50","8  day ahead inc hosp",2022-05-29,"quantile",0.99,18.4537930498241
2022-05-21,"50","9  day ahead inc hosp",2022-05-30,"quantile",0.01,1.59790050578644
2022-05-21,"50","9  day ahead inc hosp",2022-05-30,"quantile",0.025,2.9513226609855
2022-05-21,"50","9  day ahead inc hosp",2022-05-30,"quantile",0.05,4.11534037987095
2022-05-21,"50","9  day ahead inc hosp",2022-05-30,"quantile",0.1,5.45737826152429
2022-05-21,"50","9  day ahead inc hosp",2022-05-30,"quantile",0.15,6.36284484893667
2022-05-21,"50","9  day ahead inc hosp",2022-05-30,"quantile",0.2,7.08248098873709
2022-05-21,"50","9  day ahead inc hosp",2022-05-30,"quantile",0.25,7.69986471906894
2022-05-21,"50","9  day ahead inc hosp",2022-05-30,"quantile",0.3,8.25429438995328
2022-05-21,"50","9  day ahead inc hosp",2022-05-30,"quantile",0.35,8.76805610656601
2022-05-21,"50","9  day ahead inc hosp",2022-05-30,"quantile",0.4,9.25556573476368
2022-05-21,"50","9  day ahead inc hosp",2022-05-30,"quantile",0.45,9.72723694194789
2022-05-21,"50","9  day ahead inc hosp",2022-05-30,"quantile",0.5,10.1914299803414
2022-05-21,"50","9  day ahead inc hosp",2022-05-30,"quantile",0.55,10.655623018735
2022-05-21,"50","9  day ahead inc hosp",2022-05-30,"quantile",0.6,11.1272942259192
2022-05-21,"50","9  day ahead inc hosp",2022-05-30,"quantile",0.65,11.6148038541168
2022-05-21,"50","9  day ahead inc hosp",2022-05-30,"quantile",0.7,12.1285655707296
2022-05-21,"50","9  day ahead inc hosp",2022-05-30,"quantile",0.75,12.6829952416139
2022-05-21,"50","9  day ahead inc hosp",2022-05-30,"quantile",0.8,13.3003789719458
2022-05-21,"50","9  day ahead inc hosp",2022-05-30,"quantile",0.85,14.0200151117462
2022-05-21,"50","9  day ahead inc hosp",2022-05-30,"quantile",0.9,14.9254816991585
2022-05-21,"50","9  day ahead inc hosp",2022-05-30,"quantile",0.95,16.2675195808119
2022-05-21,"50","9  day ahead inc hosp",2022-05-30,"quantile",0.975,17.4315372996973
2022-05-21,"50","9  day ahead inc hosp",2022-05-30,"quantile",0.99,18.7849594548964
2022-05-21,"50","10  day ahead inc hosp",2022-05-31,"quantile",0.01,1.60140212648511
2022-05-21,"50","10  day ahead inc hosp",2022-05-31,"quantile",0.025,2.986785745878
2022-05-21,"50","10  day ahead inc hosp",2022-05-31,"quantile",0.05,4.17829208721596
2022-05-21,"50","10  day ahead inc hosp",2022-05-31,"quantile",0.1,5.55202259007877
2022-05-21,"50","10  day ahead inc hosp",2022-05-31,"quantile",0.15,6.47887203856012
2022-05-21,"50","10  day ahead inc hosp",2022-05-31,"quantile",0.2,7.21550259848766
2022-05-21,"50","10  day ahead inc hosp",2022-05-31,"quantile",0.25,7.84746602807672
2022-05-21,"50","10  day ahead inc hosp",2022-05-31,"quantile",0.3,8.4149887194986
2022-05-21,"50","10  day ahead inc hosp",2022-05-31,"quantile",0.35,8.94088307088947
2022-05-21,"50","10  day ahead inc hosp",2022-05-31,"quantile",0.4,9.43990538303865
2022-05-21,"50","10  day ahead inc hosp",2022-05-31,"quantile",0.45,9.92271524518116
2022-05-21,"50","10  day ahead inc hosp",2022-05-31,"quantile",0.5,10.3978703393669
2022-05-21,"50","10  day ahead inc hosp",2022-05-31,"quantile",0.55,10.8730254335525
2022-05-21,"50","10  day ahead inc hosp",2022-05-31,"quantile",0.6,11.3558352956951
2022-05-21,"50","10  day ahead inc hosp",2022-05-31,"quantile",0.65,11.8548576078442
2022-05-21,"50","10  day ahead inc hosp",2022-05-31,"quantile",0.7,12.3807519592351
2022-05-21,"50","10  day ahead inc hosp",2022-05-31,"quantile",0.75,12.948274650657
2022-05-21,"50","10  day ahead inc hosp",2022-05-31,"quantile",0.8,13.580238080246
2022-05-21,"50","10  day ahead inc hosp",2022-05-31,"quantile",0.85,14.3168686401736
2022-05-21,"50","10  day ahead inc hosp",2022-05-31,"quantile",0.9,15.2437180886549
2022-05-21,"50","10  day ahead inc hosp",2022-05-31,"quantile",0.95,16.6174485915177
2022-05-21,"50","10  day ahead inc hosp",2022-05-31,"quantile",0.975,17.8089549328557
2022-05-21,"50","10  day ahead inc hosp",2022-05-31,"quantile",0.99,19.1943385522486
2022-05-21,"50","11  day ahead inc hosp",2022-06-01,"quantile",0.01,1.13218051100776
2022-05-21,"50","11  day ahead inc hosp",2022-06-01,"quantile",0.025,2.5488046727319
2022-05-21,"50","11  day ahead inc hosp",2022-06-01,"quantile",0.05,3.76717960394884
2022-05-21,"50","11  day ahead inc hosp",2022-06-01,"quantile",0.1,5.17188787017312
2022-05-21,"50","11  day ahead inc hosp",2022-06-01,"quantile",0.15,6.11963786852719
2022-05-21,"50","11  day ahead inc hosp",2022-06-01,"quantile",0.2,6.87287952293265
2022-05-21,"50","11  day ahead inc hosp",2022-06-01,"quantile",0.25,7.51909379250388
2022-05-21,"50","11  day ahead inc hosp",2022-06-01,"quantile",0.3,8.09941417867046
2022-05-21,"50","11  day ahead inc hosp",2022-06-01,"quantile",0.35,8.63716750148008
2022-05-21,"50","11  day ahead inc hosp",2022-06-01,"quantile",0.4,9.14744281781432
2022-05-21,"50","11  day ahead inc hosp",2022-06-01,"quantile",0.45,9.64114009173582
2022-05-21,"50","11  day ahead inc hosp",2022-06-01,"quantile",0.5,10.1270099819001
2022-05-21,"50","11  day ahead inc hosp",2022-06-01,"quantile",0.55,10.6128798720643
2022-05-21,"50","11  day ahead inc hosp",2022-06-01,"quantile",0.6,11.1065771459858
2022-05-21,"50","11  day ahead inc hosp",2022-06-01,"quantile",0.65,11.61685246232
2022-05-21,"50","11  day ahead inc hosp",2022-06-01,"quantile",0.7,12.1546057851297
2022-05-21,"50","11  day ahead inc hosp",2022-06-01,"quantile",0.75,12.7349261712962
2022-05-21,"50","11  day ahead inc hosp",2022-06-01,"quantile",0.8,13.3811404408675
2022-05-21,"50","11  day ahead inc hosp",2022-06-01,"quantile",0.85,14.1343820952729
2022-05-21,"50","11  day ahead inc hosp",2022-06-01,"quantile",0.9,15.082132093627
2022-05-21,"50","11  day ahead inc hosp",2022-06-01,"quantile",0.95,16.4868403598513
2022-05-21,"50","11  day ahead inc hosp",2022-06-01,"quantile",0.975,17.7052152910682
2022-05-21,"50","11  day ahead inc hosp",2022-06-01,"quantile",0.99,19.1218394527924
2022-05-21,"50","12  day ahead inc hosp",2022-06-02,"quantile",0.01,2.98650249176255
2022-05-21,"50","12  day ahead inc hosp",2022-06-02,"quantile",0.025,4.43369296239144
2022-05-21,"50","12  day ahead inc hosp",2022-06-02,"quantile",0.05,5.67835660554456
2022-05-21,"50","12  day ahead inc hosp",2022-06-02,"quantile",0.1,7.11337407299989
2022-05-21,"50","12  day ahead inc hosp",2022-06-02,"quantile",0.15,8.0815735455313
2022-05-21,"50","12  day ahead inc hosp",2022-06-02,"quantile",0.2,8.85106779375139
2022-05-21,"50","12  day ahead inc hosp",2022-06-02,"quantile",0.25,9.51122534165718
2022-05-21,"50","12  day ahead inc hosp",2022-06-02,"quantile",0.3,10.1040672227033
2022-05-21,"50","12  day ahead inc hosp",2022-06-02,"quantile",0.35,10.6534235765946
2022-05-21,"50","12  day ahead inc hosp",2022-06-02,"quantile",0.4,11.1747090347625
2022-05-21,"50","12  day ahead inc hosp",2022-06-02,"quantile",0.45,11.6790587483274
2022-05-21,"50","12  day ahead inc hosp",2022-06-02,"quantile",0.5,12.175412187729
2022-05-21,"50","12  day ahead inc hosp",2022-06-02,"quantile",0.55,12.6717656271306
2022-05-21,"50","12  day ahead inc hosp",2022-06-02,"quantile",0.6,13.1761153406955
2022-05-21,"50","12  day ahead inc hosp",2022-06-02,"quantile",0.65,13.6974007988634
2022-05-21,"50","12  day ahead inc hosp",2022-06-02,"quantile",0.7,14.2467571527547
2022-05-21,"50","12  day ahead inc hosp",2022-06-02,"quantile",0.75,14.8395990338008
2022-05-21,"50","12  day ahead inc hosp",2022-06-02,"quantile",0.8,15.4997565817066
2022-05-21,"50","12  day ahead inc hosp",2022-06-02,"quantile",0.85,16.2692508299267
2022-05-21,"50","12  day ahead inc hosp",2022-06-02,"quantile",0.9,17.2374503024581
2022-05-21,"50","12  day ahead inc hosp",2022-06-02,"quantile",0.95,18.6724677699134
2022-05-21,"50","12  day ahead inc hosp",2022-06-02,"quantile",0.975,19.9171314130666
2022-05-21,"50","12  day ahead inc hosp",2022-06-02,"quantile",0.99,21.3643218836955
2022-05-21,"50","13  day ahead inc hosp",2022-06-03,"quantile",0.01,0.850736438754852
2022-05-21,"50","13  day ahead inc hosp",2022-06-03,"quantile",0.025,2.3278608414297
2022-05-21,"50","13  day ahead inc hosp",2022-06-03,"quantile",0.05,3.59826931753354
2022-05-21,"50","13  day ahead inc hosp",2022-06-03,"quantile",0.1,5.06296892858184
2022-05-21,"50","13  day ahead inc hosp",2022-06-03,"quantile",0.15,6.05119480247914
2022-05-21,"50","13  day ahead inc hosp",2022-06-03,"quantile",0.2,6.83660539965498
2022-05-21,"50","13  day ahead inc hosp",2022-06-03,"quantile",0.25,7.51041775774622
2022-05-21,"50","13  day ahead inc hosp",2022-06-03,"quantile",0.3,8.11552208035856
2022-05-21,"50","13  day ahead inc hosp",2022-06-03,"quantile",0.35,8.67624141383006
2022-05-21,"50","13  day ahead inc hosp",2022-06-03,"quantile",0.4,9.20830922843134
2022-05-21,"50","13  day ahead inc hosp",2022-06-03,"quantile",0.45,9.72309099662873
2022-05-21,"50","13  day ahead inc hosp",2022-06-03,"quantile",0.5,10.2297110943779
2022-05-21,"50","13  day ahead inc hosp",2022-06-03,"quantile",0.55,10.7363311921271
2022-05-21,"50","13  day ahead inc hosp",2022-06-03,"quantile",0.6,11.2511129603245
2022-05-21,"50","13  day ahead inc hosp",2022-06-03,"quantile",0.65,11.7831807749258
2022-05-21,"50","13  day ahead inc hosp",2022-06-03,"quantile",0.7,12.3439001083973
2022-05-21,"50","13  day ahead inc hosp",2022-06-03,"quantile",0.75,12.9490044310096
2022-05-21,"50","13  day ahead inc hosp",2022-06-03,"quantile",0.8,13.6228167891009
2022-05-21,"50","13  day ahead inc hosp",2022-06-03,"quantile",0.85,14.4082273862767
2022-05-21,"50","13  day ahead inc hosp",2022-06-03,"quantile",0.9,15.396453260174
2022-05-21,"50","13  day ahead inc hosp",2022-06-03,"quantile",0.95,16.8611528712223
2022-05-21,"50","13  day ahead inc hosp",2022-06-03,"quantile",0.975,18.1315613473261
2022-05-21,"50","13  day ahead inc hosp",2022-06-03,"quantile",0.99,19.608685750001
2022-05-21,"50","14  day ahead inc hosp",2022-06-04,"quantile",0.01,0.705877563304952
2022-05-21,"50","14  day ahead inc hosp",2022-06-04,"quantile",0.025,2.21234121825186
2022-05-21,"50","14  day ahead inc hosp",2022-06-04,"quantile",0.05,3.50798306989366
2022-05-21,"50","14  day ahead inc hosp",2022-06-04,"quantile",0.1,5.00177514689372
2022-05-21,"50","14  day ahead inc hosp",2022-06-04,"quantile",0.15,6.00962956945187
2022-05-21,"50","14  day ahead inc hosp",2022-06-04,"quantile",0.2,6.81064031486571
2022-05-21,"50","14  day ahead inc hosp",2022-06-04,"quantile",0.25,7.49783621108162
2022-05-21,"50","14  day ahead inc hosp",2022-06-04,"quantile",0.3,8.11495936456553
2022-05-21,"50","14  day ahead inc hosp",2022-06-04,"quantile",0.35,8.68681593600342
2022-05-21,"50","14  day ahead inc hosp",2022-06-04,"quantile",0.4,9.22945190032192
2022-05-21,"50","14  day ahead inc hosp",2022-06-04,"quantile",0.45,9.75445847567492
2022-05-21,"50","14  day ahead inc hosp",2022-06-04,"quantile",0.5,10.2711412701253
2022-05-21,"50","14  day ahead inc hosp",2022-06-04,"quantile",0.55,10.7878240645756
2022-05-21,"50","14  day ahead inc hosp",2022-06-04,"quantile",0.6,11.3128306399286
2022-05-21,"50","14  day ahead inc hosp",2022-06-04,"quantile",0.65,11.8554666042471
2022-05-21,"50","14  day ahead inc hosp",2022-06-04,"quantile",0.7,12.427323175685
2022-05-21,"50","14  day ahead inc hosp",2022-06-04,"quantile",0.75,13.0444463291689
2022-05-21,"50","14  day ahead inc hosp",2022-06-04,"quantile",0.8,13.7316422253848
2022-05-21,"50","14  day ahead inc hosp",2022-06-04,"quantile",0.85,14.5326529707986
2022-05-21,"50","14  day ahead inc hosp",2022-06-04,"quantile",0.9,15.5405073933568
2022-05-21,"50","14  day ahead inc hosp",2022-06-04,"quantile",0.95,17.0342994703568
2022-05-21,"50","14  day ahead inc hosp",2022-06-04,"quantile",0.975,18.3299413219986
2022-05-21,"50","14  day ahead inc hosp",2022-06-04,"quantile",0.99,19.8364049769456
2022-05-21,"50","15  day ahead inc hosp",2022-06-05,"quantile",0.01,0.378234582044421
2022-05-21,"50","15  day ahead inc hosp",2022-06-05,"quantile",0.025,1.91347690375603
2022-05-21,"50","15  day ahead inc hosp",2022-06-05,"quantile",0.05,3.23386999647315
2022-05-21,"50","15  day ahead inc hosp",2022-06-05,"quantile",0.1,4.75619866926732
2022-05-21,"50","15  day ahead inc hosp",2022-06-05,"quantile",0.15,5.78330659752997
2022-05-21,"50","15  day ahead inc hosp",2022-06-05,"quantile",0.2,6.5996194189292
2022-05-21,"50","15  day ahead inc hosp",2022-06-05,"quantile",0.25,7.29994313381787
2022-05-21,"50","15  day ahead inc hosp",2022-06-05,"quantile",0.3,7.92885547420224
2022-05-21,"50","15  day ahead inc hosp",2022-06-05,"quantile",0.35,8.51163648424345
2022-05-21,"50","15  day ahead inc hosp",2022-06-05,"quantile",0.4,9.06463867249334
2022-05-21,"50","15  day ahead inc hosp",2022-06-05,"quantile",0.45,9.59967468946729
2022-05-21,"50","15  day ahead inc hosp",2022-06-05,"quantile",0.5,10.1262279125308
2022-05-21,"50","15  day ahead inc hosp",2022-06-05,"quantile",0.55,10.6527811355943
2022-05-21,"50","15  day ahead inc hosp",2022-06-05,"quantile",0.6,11.1878171525683
2022-05-21,"50","15  day ahead inc hosp",2022-06-05,"quantile",0.65,11.7408193408182
2022-05-21,"50","15  day ahead inc hosp",2022-06-05,"quantile",0.7,12.3236003508594
2022-05-21,"50","15  day ahead inc hosp",2022-06-05,"quantile",0.75,12.9525126912438
2022-05-21,"50","15  day ahead inc hosp",2022-06-05,"quantile",0.8,13.6528364061324
2022-05-21,"50","15  day ahead inc hosp",2022-06-05,"quantile",0.85,14.4691492275317
2022-05-21,"50","15  day ahead inc hosp",2022-06-05,"quantile",0.9,15.4962571557943
2022-05-21,"50","15  day ahead inc hosp",2022-06-05,"quantile",0.95,17.0185858285885
2022-05-21,"50","15  day ahead inc hosp",2022-06-05,"quantile",0.975,18.3389789213056
2022-05-21,"50","15  day ahead inc hosp",2022-06-05,"quantile",0.99,19.8742212430172
2022-05-21,"50","16  day ahead inc hosp",2022-06-06,"quantile",0.01,0.620237368193555
2022-05-21,"50","16  day ahead inc hosp",2022-06-06,"quantile",0.025,2.18372872700336
2022-05-21,"50","16  day ahead inc hosp",2022-06-06,"quantile",0.05,3.52841755006406
2022-05-21,"50","16  day ahead inc hosp",2022-06-06,"quantile",0.1,5.07875764395133
2022-05-21,"50","16  day ahead inc hosp",2022-06-06,"quantile",0.15,6.12476474504097
2022-05-21,"50","16  day ahead inc hosp",2022-06-06,"quantile",0.2,6.95609802988711
2022-05-21,"50","16  day ahead inc hosp",2022-06-06,"quantile",0.25,7.66930796496582
2022-05-21,"50","16  day ahead inc hosp",2022-06-06,"quantile",0.3,8.30979252934622
2022-05-21,"50","16  day ahead inc hosp",2022-06-06,"quantile",0.35,8.90329692952588
2022-05-21,"50","16  day ahead inc hosp",2022-06-06,"quantile",0.4,9.46647456637455
2022-05-21,"50","16  day ahead inc hosp",2022-06-06,"quantile",0.45,10.0113554476273
2022-05-21,"50","16  day ahead inc hosp",2022-06-06,"quantile",0.5,10.547597448366
2022-05-21,"50","16  day ahead inc hosp",2022-06-06,"quantile",0.55,11.0838394491046
2022-05-21,"50","16  day ahead inc hosp",2022-06-06,"quantile",0.6,11.6287203303574
2022-05-21,"50","16  day ahead inc hosp",2022-06-06,"quantile",0.65,12.1918979672061
2022-05-21,"50","16  day ahead inc hosp",2022-06-06,"quantile",0.7,12.7854023673857
2022-05-21,"50","16  day ahead inc hosp",2022-06-06,"quantile",0.75,13.4258869317661
2022-05-21,"50","16  day ahead inc hosp",2022-06-06,"quantile",0.8,14.1390968668448
2022-05-21,"50","16  day ahead inc hosp",2022-06-06,"quantile",0.85,14.970430151691
2022-05-21,"50","16  day ahead inc hosp",2022-06-06,"quantile",0.9,16.0164372527806
2022-05-21,"50","16  day ahead inc hosp",2022-06-06,"quantile",0.95,17.5667773466679
2022-05-21,"50","16  day ahead inc hosp",2022-06-06,"quantile",0.975,18.9114661697286
2022-05-21,"50","16  day ahead inc hosp",2022-06-06,"quantile",0.99,20.4749575285384
2022-05-21,"50","17  day ahead inc hosp",2022-06-07,"quantile",0.01,1.13263705429007
2022-05-21,"50","17  day ahead inc hosp",2022-06-07,"quantile",0.025,2.72387602809991
2022-05-21,"50","17  day ahead inc hosp",2022-06-07,"quantile",0.05,4.0924293308374
2022-05-21,"50","17  day ahead inc hosp",2022-06-07,"quantile",0.1,5.6702836414179
2022-05-21,"50","17  day ahead inc hosp",2022-06-07,"quantile",0.15,6.73485445388643
2022-05-21,"50","17  day ahead inc hosp",2022-06-07,"quantile",0.2,7.5809415880549
2022-05-21,"50","17  day ahead inc hosp",2022-06-07,"quantile",0.25,8.30680901214451
2022-05-21,"50","17  day ahead inc hosp",2022-06-07,"quantile",0.3,8.95866039285283
2022-05-21,"50","17  day ahead inc hosp",2022-06-07,"quantile",0.35,9.56269784235458
2022-05-21,"50","17  day ahead inc hosp",2022-06-07,"quantile",0.4,10.1358703129808
2022-05-21,"50","17  day ahead inc hosp",2022-06-07,"quantile",0.45,10.6904213115826
2022-05-21,"50","17  day ahead inc hosp",2022-06-07,"quantile",0.5,11.2361801136131
2022-05-21,"50","17  day ahead inc hosp",2022-06-07,"quantile",0.55,11.7819389156436
2022-05-21,"50","17  day ahead inc hosp",2022-06-07,"quantile",0.6,12.3364899142454
2022-05-21,"50","17  day ahead inc hosp",2022-06-07,"quantile",0.65,12.9096623848716
2022-05-21,"50","17  day ahead inc hosp",2022-06-07,"quantile",0.7,13.5136998343734
2022-05-21,"50","17  day ahead inc hosp",2022-06-07,"quantile",0.75,14.1655512150817
2022-05-21,"50","17  day ahead inc hosp",2022-06-07,"quantile",0.8,14.8914186391713
2022-05-21,"50","17  day ahead inc hosp",2022-06-07,"quantile",0.85,15.7375057733398
2022-05-21,"50","17  day ahead inc hosp",2022-06-07,"quantile",0.9,16.8020765858083
2022-05-21,"50","17  day ahead inc hosp",2022-06-07,"quantile",0.95,18.3799308963888
2022-05-21,"50","17  day ahead inc hosp",2022-06-07,"quantile",0.975,19.7484841991263
2022-05-21,"50","17  day ahead inc hosp",2022-06-07,"quantile",0.99,21.3397231729361
2022-05-21,"50","18  day ahead inc hosp",2022-06-08,"quantile",0.01,0.978461121205962
2022-05-21,"50","18  day ahead inc hosp",2022-06-08,"quantile",0.025,2.59697207713733
2022-05-21,"50","18  day ahead inc hosp",2022-06-08,"quantile",0.05,3.98898078903642
2022-05-21,"50","18  day ahead inc hosp",2022-06-08,"quantile",0.1,5.59387768420464
2022-05-21,"50","18  day ahead inc hosp",2022-06-08,"quantile",0.15,6.67669400010955
2022-05-21,"50","18  day ahead inc hosp",2022-06-08,"quantile",0.2,7.53728208201501
2022-05-21,"50","18  day ahead inc hosp",2022-06-08,"quantile",0.25,8.2755900280741
2022-05-21,"50","18  day ahead inc hosp",2022-06-08,"quantile",0.3,8.9386133820015
2022-05-21,"50","18  day ahead inc hosp",2022-06-08,"quantile",0.35,9.55300332964758
2022-05-21,"50","18  day ahead inc hosp",2022-06-08,"quantile",0.4,10.1359993086397
2022-05-21,"50","18  day ahead inc hosp",2022-06-08,"quantile",0.45,10.7000546652722
2022-05-21,"50","18  day ahead inc hosp",2022-06-08,"quantile",0.5,11.2551671373275
2022-05-21,"50","18  day ahead inc hosp",2022-06-08,"quantile",0.55,11.8102796093828
2022-05-21,"50","18  day ahead inc hosp",2022-06-08,"quantile",0.6,12.3743349660152
2022-05-21,"50","18  day ahead inc hosp",2022-06-08,"quantile",0.65,12.9573309450074
2022-05-21,"50","18  day ahead inc hosp",2022-06-08,"quantile",0.7,13.5717208926535
2022-05-21,"50","18  day ahead inc hosp",2022-06-08,"quantile",0.75,14.2347442465809
2022-05-21,"50","18  day ahead inc hosp",2022-06-08,"quantile",0.8,14.97305219264
2022-05-21,"50","18  day ahead inc hosp",2022-06-08,"quantile",0.85,15.8336402745454
2022-05-21,"50","18  day ahead inc hosp",2022-06-08,"quantile",0.9,16.9164565904503
2022-05-21,"50","18  day ahead inc hosp",2022-06-08,"quantile",0.95,18.5213534856185
2022-05-21,"50","18  day ahead inc hosp",2022-06-08,"quantile",0.975,19.9133621975176
2022-05-21,"50","18  day ahead inc hosp",2022-06-08,"quantile",0.99,21.531873153449
2022-05-21,"50","19  day ahead inc hosp",2022-06-09,"quantile",0.01,0.0721989753189405
2022-05-21,"50","19  day ahead inc hosp",2022-06-09,"quantile",0.025,1.7175299320472
2022-05-21,"50","19  day ahead inc hosp",2022-06-09,"quantile",0.05,3.13260532423387
2022-05-21,"50","19  day ahead inc hosp",2022-06-09,"quantile",0.1,4.76409662449377
2022-05-21,"50","19  day ahead inc hosp",2022-06-09,"quantile",0.15,5.8648560592568
2022-05-21,"50","19  day ahead inc hosp",2022-06-09,"quantile",0.2,6.73970476322226
2022-05-21,"50","19  day ahead inc hosp",2022-06-09,"quantile",0.25,7.49024705321895
2022-05-21,"50","19  day ahead inc hosp",2022-06-09,"quantile",0.3,8.16425722612063
2022-05-21,"50","19  day ahead inc hosp",2022-06-09,"quantile",0.35,8.78882809890972
2022-05-21,"50","19  day ahead inc hosp",2022-06-09,"quantile",0.4,9.38148478026775
2022-05-21,"50","19  day ahead inc hosp",2022-06-09,"quantile",0.45,9.95488697824154
2022-05-21,"50","19  day ahead inc hosp",2022-06-09,"quantile",0.5,10.5191981010001
2022-05-21,"50","19  day ahead inc hosp",2022-06-09,"quantile",0.55,11.0835092237586
2022-05-21,"50","19  day ahead inc hosp",2022-06-09,"quantile",0.6,11.6569114217324
2022-05-21,"50","19  day ahead inc hosp",2022-06-09,"quantile",0.65,12.2495681030904
2022-05-21,"50","19  day ahead inc hosp",2022-06-09,"quantile",0.7,12.8741389758795
2022-05-21,"50","19  day ahead inc hosp",2022-06-09,"quantile",0.75,13.5481491487812
2022-05-21,"50","19  day ahead inc hosp",2022-06-09,"quantile",0.8,14.2986914387778
2022-05-21,"50","19  day ahead inc hosp",2022-06-09,"quantile",0.85,15.1735401427433
2022-05-21,"50","19  day ahead inc hosp",2022-06-09,"quantile",0.9,16.2742995775063
2022-05-21,"50","19  day ahead inc hosp",2022-06-09,"quantile",0.95,17.9057908777662
2022-05-21,"50","19  day ahead inc hosp",2022-06-09,"quantile",0.975,19.3208662699529
2022-05-21,"50","19  day ahead inc hosp",2022-06-09,"quantile",0.99,20.9661972266812
2022-05-21,"50","20  day ahead inc hosp",2022-06-10,"quantile",0.01,0.278047722525113
2022-05-21,"50","20  day ahead inc hosp",2022-06-10,"quantile",0.025,1.94976845275095
2022-05-21,"50","20  day ahead inc hosp",2022-06-10,"quantile",0.05,3.38754050601307
2022-05-21,"50","20  day ahead inc hosp",2022-06-10,"quantile",0.1,5.0451996029105
2022-05-21,"50","20  day ahead inc hosp",2022-06-10,"quantile",0.15,6.16361432583299
2022-05-21,"50","20  day ahead inc hosp",2022-06-10,"quantile",0.2,7.05249489314357
2022-05-21,"50","20  day ahead inc hosp",2022-06-10,"quantile",0.25,7.81507527246957
2022-05-21,"50","20  day ahead inc hosp",2022-06-10,"quantile",0.3,8.49989602164175
2022-05-21,"50","20  day ahead inc hosp",2022-06-10,"quantile",0.35,9.13448450444339
2022-05-21,"50","20  day ahead inc hosp",2022-06-10,"quantile",0.4,9.73664691807912
2022-05-21,"50","20  day ahead inc hosp",2022-06-10,"quantile",0.45,10.3192460220405
2022-05-21,"50","20  day ahead inc hosp",2022-06-10,"quantile",0.5,10.8926082373168
2022-05-21,"50","20  day ahead inc hosp",2022-06-10,"quantile",0.55,11.4659704525932
2022-05-21,"50","20  day ahead inc hosp",2022-06-10,"quantile",0.6,12.0485695565546
2022-05-21,"50","20  day ahead inc hosp",2022-06-10,"quantile",0.65,12.6507319701903
2022-05-21,"50","20  day ahead inc hosp",2022-06-10,"quantile",0.7,13.2853204529919
2022-05-21,"50","20  day ahead inc hosp",2022-06-10,"quantile",0.75,13.9701412021641
2022-05-21,"50","20  day ahead inc hosp",2022-06-10,"quantile",0.8,14.7327215814901
2022-05-21,"50","20  day ahead inc hosp",2022-06-10,"quantile",0.85,15.6216021488007
2022-05-21,"50","20  day ahead inc hosp",2022-06-10,"quantile",0.9,16.7400168717232
2022-05-21,"50","20  day ahead inc hosp",2022-06-10,"quantile",0.95,18.3976759686206
2022-05-21,"50","20  day ahead inc hosp",2022-06-10,"quantile",0.975,19.8354480218827
2022-05-21,"50","20  day ahead inc hosp",2022-06-10,"quantile",0.99,21.5071687521086
2022-05-21,"50","21  day ahead inc hosp",2022-06-11,"quantile",0.01,0
2022-05-21,"50","21  day ahead inc hosp",2022-06-11,"quantile",0.025,1.17051508365671
2022-05-21,"50","21  day ahead inc hosp",2022-06-11,"quantile",0.05,2.6306310340904
2022-05-21,"50","21  day ahead inc hosp",2022-06-11,"quantile",0.1,4.31405121343658
2022-05-21,"50","21  day ahead inc hosp",2022-06-11,"quantile",0.15,5.44984681638623
2022-05-21,"50","21  day ahead inc hosp",2022-06-11,"quantile",0.2,6.35254115615727
2022-05-21,"50","21  day ahead inc hosp",2022-06-11,"quantile",0.25,7.12697252225274
2022-05-21,"50","21  day ahead inc hosp",2022-06-11,"quantile",0.3,7.82243582381404
2022-05-21,"50","21  day ahead inc hosp",2022-06-11,"quantile",0.35,8.46688621746157
2022-05-21,"50","21  day ahead inc hosp",2022-06-11,"quantile",0.4,9.07840662009168
2022-05-21,"50","21  day ahead inc hosp",2022-06-11,"quantile",0.45,9.67005968670428
2022-05-21,"50","21  day ahead inc hosp",2022-06-11,"quantile",0.5,10.2523323174746
2022-05-21,"50","21  day ahead inc hosp",2022-06-11,"quantile",0.55,10.8346049482449
2022-05-21,"50","21  day ahead inc hosp",2022-06-11,"quantile",0.6,11.4262580148575
2022-05-21,"50","21  day ahead inc hosp",2022-06-11,"quantile",0.65,12.0377784174876
2022-05-21,"50","21  day ahead inc hosp",2022-06-11,"quantile",0.7,12.6822288111351
2022-05-21,"50","21  day ahead inc hosp",2022-06-11,"quantile",0.75,13.3776921126964
2022-05-21,"50","21  day ahead inc hosp",2022-06-11,"quantile",0.8,14.1521234787919
2022-05-21,"50","21  day ahead inc hosp",2022-06-11,"quantile",0.85,15.0548178185629
2022-05-21,"50","21  day ahead inc hosp",2022-06-11,"quantile",0.9,16.1906134215126
2022-05-21,"50","21  day ahead inc hosp",2022-06-11,"quantile",0.95,17.8740336008588
2022-05-21,"50","21  day ahead inc hosp",2022-06-11,"quantile",0.975,19.3341495512924
2022-05-21,"50","21  day ahead inc hosp",2022-06-11,"quantile",0.99,21.0318498907414
2022-05-21,"50","22  day ahead inc hosp",2022-06-12,"quantile",0.01,0
2022-05-21,"50","22  day ahead inc hosp",2022-06-12,"quantile",0.025,1.70733324855802
2022-05-21,"50","22  day ahead inc hosp",2022-06-12,"quantile",0.05,3.20156753723229
2022-05-21,"50","22  day ahead inc hosp",2022-06-12,"quantile",0.1,4.9243239754988
2022-05-21,"50","22  day ahead inc hosp",2022-06-12,"quantile",0.15,6.08665956559268
2022-05-21,"50","22  day ahead inc hosp",2022-06-12,"quantile",0.2,7.01044704581125
2022-05-21,"50","22  day ahead inc hosp",2022-06-12,"quantile",0.25,7.80297444824186
2022-05-21,"50","22  day ahead inc hosp",2022-06-12,"quantile",0.3,8.51468854971363
2022-05-21,"50","22  day ahead inc hosp",2022-06-12,"quantile",0.35,9.17419773133154
2022-05-21,"50","22  day ahead inc hosp",2022-06-12,"quantile",0.4,9.80000745114345
2022-05-21,"50","22  day ahead inc hosp",2022-06-12,"quantile",0.45,10.4054855974984
2022-05-21,"50","22  day ahead inc hosp",2022-06-12,"quantile",0.5,11.0013641165948
2022-05-21,"50","22  day ahead inc hosp",2022-06-12,"quantile",0.55,11.5972426356913
2022-05-21,"50","22  day ahead inc hosp",2022-06-12,"quantile",0.6,12.2027207820462
2022-05-21,"50","22  day ahead inc hosp",2022-06-12,"quantile",0.65,12.8285305018581
2022-05-21,"50","22  day ahead inc hosp",2022-06-12,"quantile",0.7,13.488039683476
2022-05-21,"50","22  day ahead inc hosp",2022-06-12,"quantile",0.75,14.1997537849478
2022-05-21,"50","22  day ahead inc hosp",2022-06-12,"quantile",0.8,14.9922811873784
2022-05-21,"50","22  day ahead inc hosp",2022-06-12,"quantile",0.85,15.916068667597
2022-05-21,"50","22  day ahead inc hosp",2022-06-12,"quantile",0.9,17.0784042576908
2022-05-21,"50","22  day ahead inc hosp",2022-06-12,"quantile",0.95,18.8011606959573
2022-05-21,"50","22  day ahead inc hosp",2022-06-12,"quantile",0.975,20.2953949846316
2022-05-21,"50","22  day ahead inc hosp",2022-06-12,"quantile",0.99,22.0327652656324
2022-05-21,"50","23  day ahead inc hosp",2022-06-13,"quantile",0.01,0.0383982386175745
2022-05-21,"50","23  day ahead inc hosp",2022-06-13,"quantile",0.025,1.80431680694476
2022-05-21,"50","23  day ahead inc hosp",2022-06-13,"quantile",0.05,3.32310419766791
2022-05-21,"50","23  day ahead inc hosp",2022-06-13,"quantile",0.1,5.07416879012063
2022-05-21,"50","23  day ahead inc hosp",2022-06-13,"quantile",0.15,6.25560375745068
2022-05-21,"50","23  day ahead inc hosp",2022-06-13,"quantile",0.2,7.19457081723398
2022-05-21,"50","23  day ahead inc hosp",2022-06-13,"quantile",0.25,8.00012094731573
2022-05-21,"50","23  day ahead inc hosp",2022-06-13,"quantile",0.3,8.72352986070255
2022-05-21,"50","23  day ahead inc hosp",2022-06-13,"quantile",0.35,9.39387602843513
2022-05-21,"50","23  day ahead inc hosp",2022-06-13,"quantile",0.4,10.0299689883187
2022-05-21,"50","23  day ahead inc hosp",2022-06-13,"quantile",0.45,10.6453962884499
2022-05-21,"50","23  day ahead inc hosp",2022-06-13,"quantile",0.5,11.2510662212483
2022-05-21,"50","23  day ahead inc hosp",2022-06-13,"quantile",0.55,11.8567361540468
2022-05-21,"50","23  day ahead inc hosp",2022-06-13,"quantile",0.6,12.472163454178
2022-05-21,"50","23  day ahead inc hosp",2022-06-13,"quantile",0.65,13.1082564140615
2022-05-21,"50","23  day ahead inc hosp",2022-06-13,"quantile",0.7,13.7786025817941
2022-05-21,"50","23  day ahead inc hosp",2022-06-13,"quantile",0.75,14.5020114951809
2022-05-21,"50","23  day ahead inc hosp",2022-06-13,"quantile",0.8,15.3075616252627
2022-05-21,"50","23  day ahead inc hosp",2022-06-13,"quantile",0.85,16.246528685046
2022-05-21,"50","23  day ahead inc hosp",2022-06-13,"quantile",0.9,17.427963652376
2022-05-21,"50","23  day ahead inc hosp",2022-06-13,"quantile",0.95,19.1790282448288
2022-05-21,"50","23  day ahead inc hosp",2022-06-13,"quantile",0.975,20.6978156355519
2022-05-21,"50","23  day ahead inc hosp",2022-06-13,"quantile",0.99,22.4637342038791
2022-05-21,"50","24  day ahead inc hosp",2022-06-14,"quantile",0.01,0
2022-05-21,"50","24  day ahead inc hosp",2022-06-14,"quantile",0.025,0.860527252801214
2022-05-21,"50","24  day ahead inc hosp",2022-06-14,"quantile",0.05,2.40347707926652
2022-05-21,"50","24  day ahead inc hosp",2022-06-14,"quantile",0.1,4.18239941267361
2022-05-21,"50","24  day ahead inc hosp",2022-06-14,"quantile",0.15,5.38262986557065
2022-05-21,"50","24  day ahead inc hosp",2022-06-14,"quantile",0.2,6.33653498145358
2022-05-21,"50","24  day ahead inc hosp",2022-06-14,"quantile",0.25,7.15490063355907
2022-05-21,"50","24  day ahead inc hosp",2022-06-14,"quantile",0.3,7.88981828180357
2022-05-21,"50","24  day ahead inc hosp",2022-06-14,"quantile",0.35,8.57082900752615
2022-05-21,"50","24  day ahead inc hosp",2022-06-14,"quantile",0.4,9.21704159005281
2022-05-21,"50","24  day ahead inc hosp",2022-06-14,"quantile",0.45,9.84225974220465
2022-05-21,"50","24  day ahead inc hosp",2022-06-14,"quantile",0.5,10.457565296764
2022-05-21,"50","24  day ahead inc hosp",2022-06-14,"quantile",0.55,11.0728708513233
2022-05-21,"50","24  day ahead inc hosp",2022-06-14,"quantile",0.6,11.6980890034752
2022-05-21,"50","24  day ahead inc hosp",2022-06-14,"quantile",0.65,12.3443015860018
2022-05-21,"50","24  day ahead inc hosp",2022-06-14,"quantile",0.7,13.0253123117244
2022-05-21,"50","24  day ahead inc hosp",2022-06-14,"quantile",0.75,13.7602299599689
2022-05-21,"50","24  day ahead inc hosp",2022-06-14,"quantile",0.8,14.5785956120744
2022-05-21,"50","24  day ahead inc hosp",2022-06-14,"quantile",0.85,15.5325007279573
2022-05-21,"50","24  day ahead inc hosp",2022-06-14,"quantile",0.9,16.7327311808544
2022-05-21,"50","24  day ahead inc hosp",2022-06-14,"quantile",0.95,18.5116535142614
2022-05-21,"50","24  day ahead inc hosp",2022-06-14,"quantile",0.975,20.0546033407268
2022-05-21,"50","24  day ahead inc hosp",2022-06-14,"quantile",0.99,21.8486159623716
2022-05-21,"50","25  day ahead inc hosp",2022-06-15,"quantile",0.01,0
2022-05-21,"50","25  day ahead inc hosp",2022-06-15,"quantile",0.025,0.652758184610333
2022-05-21,"50","25  day ahead inc hosp",2022-06-15,"quantile",0.05,2.21949785531477
2022-05-21,"50","25  day ahead inc hosp",2022-06-15,"quantile",0.1,4.02584835553542
2022-05-21,"50","25  day ahead inc hosp",2022-06-15,"quantile",0.15,5.24458446236607
2022-05-21,"50","25  day ahead inc hosp",2022-06-15,"quantile",0.2,6.21319728535425
2022-05-21,"50","25  day ahead inc hosp",2022-06-15,"quantile",0.25,7.04418084055698
2022-05-21,"50","25  day ahead inc hosp",2022-06-15,"quantile",0.3,7.79042975575549
2022-05-21,"50","25  day ahead inc hosp",2022-06-15,"quantile",0.35,8.48194058900731
2022-05-21,"50","25  day ahead inc hosp",2022-06-15,"quantile",0.4,9.13811674677148
2022-05-21,"50","25  day ahead inc hosp",2022-06-15,"quantile",0.45,9.77297477327311
2022-05-21,"50","25  day ahead inc hosp",2022-06-15,"quantile",0.5,10.3977673656164
2022-05-21,"50","25  day ahead inc hosp",2022-06-15,"quantile",0.55,11.0225599579597
2022-05-21,"50","25  day ahead inc hosp",2022-06-15,"quantile",0.6,11.6574179844613
2022-05-21,"50","25  day ahead inc hosp",2022-06-15,"quantile",0.65,12.3135941422255
2022-05-21,"50","25  day ahead inc hosp",2022-06-15,"quantile",0.7,13.0051049754773
2022-05-21,"50","25  day ahead inc hosp",2022-06-15,"quantile",0.75,13.7513538906758
2022-05-21,"50","25  day ahead inc hosp",2022-06-15,"quantile",0.8,14.5823374458786
2022-05-21,"50","25  day ahead inc hosp",2022-06-15,"quantile",0.85,15.5509502688668
2022-05-21,"50","25  day ahead inc hosp",2022-06-15,"quantile",0.9,16.7696863756974
2022-05-21,"50","25  day ahead inc hosp",2022-06-15,"quantile",0.95,18.576036875918
2022-05-21,"50","25  day ahead inc hosp",2022-06-15,"quantile",0.975,20.1427765466225
2022-05-21,"50","25  day ahead inc hosp",2022-06-15,"quantile",0.99,21.9644500034415
2022-05-21,"50","26  day ahead inc hosp",2022-06-16,"quantile",0.01,0
2022-05-21,"50","26  day ahead inc hosp",2022-06-16,"quantile",0.025,0.336213639091588
2022-05-21,"50","26  day ahead inc hosp",2022-06-16,"quantile",0.05,1.92638728512172
2022-05-21,"50","26  day ahead inc hosp",2022-06-16,"quantile",0.1,3.75975565808998
2022-05-21,"50","26  day ahead inc hosp",2022-06-16,"quantile",0.15,4.9967205953958
2022-05-21,"50","26  day ahead inc hosp",2022-06-16,"quantile",0.2,5.97982111497997
2022-05-21,"50","26  day ahead inc hosp",2022-06-16,"quantile",0.25,6.82323382385309
2022-05-21,"50","26  day ahead inc hosp",2022-06-16,"quantile",0.3,7.58064450318675
2022-05-21,"50","26  day ahead inc hosp",2022-06-16,"quantile",0.35,8.28249837434518
2022-05-21,"50","26  day ahead inc hosp",2022-06-16,"quantile",0.4,8.94848906363482
2022-05-21,"50","26  day ahead inc hosp",2022-06-16,"quantile",0.45,9.59284276297001
2022-05-21,"50","26  day ahead inc hosp",2022-06-16,"quantile",0.5,10.2269804778416
2022-05-21,"50","26  day ahead inc hosp",2022-06-16,"quantile",0.55,10.8611181927132
2022-05-21,"50","26  day ahead inc hosp",2022-06-16,"quantile",0.6,11.5054718920484
2022-05-21,"50","26  day ahead inc hosp",2022-06-16,"quantile",0.65,12.171462581338
2022-05-21,"50","26  day ahead inc hosp",2022-06-16,"quantile",0.7,12.8733164524964
2022-05-21,"50","26  day ahead inc hosp",2022-06-16,"quantile",0.75,13.6307271318301
2022-05-21,"50","26  day ahead inc hosp",2022-06-16,"quantile",0.8,14.4741398407032
2022-05-21,"50","26  day ahead inc hosp",2022-06-16,"quantile",0.85,15.4572403602874
2022-05-21,"50","26  day ahead inc hosp",2022-06-16,"quantile",0.9,16.6942052975932
2022-05-21,"50","26  day ahead inc hosp",2022-06-16,"quantile",0.95,18.5275736705615
2022-05-21,"50","26  day ahead inc hosp",2022-06-16,"quantile",0.975,20.1177473165916
2022-05-21,"50","26  day ahead inc hosp",2022-06-16,"quantile",0.99,21.9666678340658
2022-05-21,"50","27  day ahead inc hosp",2022-06-17,"quantile",0.01,0
2022-05-21,"50","27  day ahead inc hosp",2022-06-17,"quantile",0.025,0.785458559487298
2022-05-21,"50","27  day ahead inc hosp",2022-06-17,"quantile",0.05,2.3987258198315
2022-05-21,"50","27  day ahead inc hosp",2022-06-17,"quantile",0.1,4.25871965109901
2022-05-21,"50","27  day ahead inc hosp",2022-06-17,"quantile",0.15,5.51364865871469
2022-05-21,"50","27  day ahead inc hosp",2022-06-17,"quantile",0.2,6.51102645190851
2022-05-21,"50","27  day ahead inc hosp",2022-06-17,"quantile",0.25,7.36668779026616
2022-05-21,"50","27  day ahead inc hosp",2022-06-17,"quantile",0.3,8.13509811743675
2022-05-21,"50","27  day ahead inc hosp",2022-06-17,"quantile",0.35,8.84714480159131
2022-05-21,"50","27  day ahead inc hosp",2022-06-17,"quantile",0.4,9.52280747365693
2022-05-21,"50","27  day ahead inc hosp",2022-06-17,"quantile",0.45,10.1765189282608
2022-05-21,"50","27  day ahead inc hosp",2022-06-17,"quantile",0.5,10.8198660347267
2022-05-21,"50","27  day ahead inc hosp",2022-06-17,"quantile",0.55,11.4632131411926
2022-05-21,"50","27  day ahead inc hosp",2022-06-17,"quantile",0.6,12.1169245957965
2022-05-21,"50","27  day ahead inc hosp",2022-06-17,"quantile",0.65,12.7925872678621
2022-05-21,"50","27  day ahead inc hosp",2022-06-17,"quantile",0.7,13.5046339520167
2022-05-21,"50","27  day ahead inc hosp",2022-06-17,"quantile",0.75,14.2730442791873
2022-05-21,"50","27  day ahead inc hosp",2022-06-17,"quantile",0.8,15.1287056175449
2022-05-21,"50","27  day ahead inc hosp",2022-06-17,"quantile",0.85,16.1260834107387
2022-05-21,"50","27  day ahead inc hosp",2022-06-17,"quantile",0.9,17.3810124183544
2022-05-21,"50","27  day ahead inc hosp",2022-06-17,"quantile",0.95,19.2410062496219
2022-05-21,"50","27  day ahead inc hosp",2022-06-17,"quantile",0.975,20.8542735099661
2022-05-21,"50","27  day ahead inc hosp",2022-06-17,"quantile",0.99,22.7300453448638
2022-05-21,"50","28  day ahead inc hosp",2022-06-18,"quantile",0.01,0
2022-05-21,"50","28  day ahead inc hosp",2022-06-18,"quantile",0.025,0
2022-05-21,"50","28  day ahead inc hosp",2022-06-18,"quantile",0.05,1.61663434989686
2022-05-21,"50","28  day ahead inc hosp",2022-06-18,"quantile",0.1,3.5028778425844
2022-05-21,"50","28  day ahead inc hosp",2022-06-18,"quantile",0.15,4.77551737213962
2022-05-21,"50","28  day ahead inc hosp",2022-06-18,"quantile",0.2,5.78697092673603
2022-05-21,"50","28  day ahead inc hosp",2022-06-18,"quantile",0.25,6.65470801504754
2022-05-21,"50","28  day ahead inc hosp",2022-06-18,"quantile",0.3,7.43396273889342
2022-05-21,"50","28  day ahead inc hosp",2022-06-18,"quantile",0.35,8.15605837270583
2022-05-21,"50","28  day ahead inc hosp",2022-06-18,"quantile",0.4,8.84125651530782
2022-05-21,"50","28  day ahead inc hosp",2022-06-18,"quantile",0.45,9.50419364800874
2022-05-21,"50","28  day ahead inc hosp",2022-06-18,"quantile",0.5,10.1566201629309
2022-05-21,"50","28  day ahead inc hosp",2022-06-18,"quantile",0.55,10.8090466778531
2022-05-21,"50","28  day ahead inc hosp",2022-06-18,"quantile",0.6,11.4719838105541
2022-05-21,"50","28  day ahead inc hosp",2022-06-18,"quantile",0.65,12.1571819531561
2022-05-21,"50","28  day ahead inc hosp",2022-06-18,"quantile",0.7,12.8792775869685
2022-05-21,"50","28  day ahead inc hosp",2022-06-18,"quantile",0.75,13.6585323108144
2022-05-21,"50","28  day ahead inc hosp",2022-06-18,"quantile",0.8,14.5262693991259
2022-05-21,"50","28  day ahead inc hosp",2022-06-18,"quantile",0.85,15.5377229537223
2022-05-21,"50","28  day ahead inc hosp",2022-06-18,"quantile",0.9,16.8103624832775
2022-05-21,"50","28  day ahead inc hosp",2022-06-18,"quantile",0.95,18.696605975965
2022-05-21,"50","28  day ahead inc hosp",2022-06-18,"quantile",0.975,20.3326409028747
2022-05-21,"50","28  day ahead inc hosp",2022-06-18,"quantile",0.99,22.234885070497
2022-05-21,"50","29  day ahead inc hosp",2022-06-19,"quantile",0.01,0
2022-05-21,"50","29  day ahead inc hosp",2022-06-19,"quantile",0.025,0.00454414831716043
2022-05-21,"50","29  day ahead inc hosp",2022-06-19,"quantile",0.05,1.66303421787981
2022-05-21,"50","29  day ahead inc hosp",2022-06-19,"quantile",0.1,3.57516705193161
2022-05-21,"50","29  day ahead inc hosp",2022-06-19,"quantile",0.15,4.86527399719538
2022-05-21,"50","29  day ahead inc hosp",2022-06-19,"quantile",0.2,5.89061010006859
2022-05-21,"50","29  day ahead inc hosp",2022-06-19,"quantile",0.25,6.77025717867606
2022-05-21,"50","29  day ahead inc hosp",2022-06-19,"quantile",0.3,7.56020744190145
2022-05-21,"50","29  day ahead inc hosp",2022-06-19,"quantile",0.35,8.29221408690297
2022-05-21,"50","29  day ahead inc hosp",2022-06-19,"quantile",0.4,8.98681680992353
2022-05-21,"50","29  day ahead inc hosp",2022-06-19,"quantile",0.45,9.65885298301774
2022-05-21,"50","29  day ahead inc hosp",2022-06-19,"quantile",0.5,10.3202342764854
2022-05-21,"50","29  day ahead inc hosp",2022-06-19,"quantile",0.55,10.9816155699532
2022-05-21,"50","29  day ahead inc hosp",2022-06-19,"quantile",0.6,11.6536517430474
2022-05-21,"50","29  day ahead inc hosp",2022-06-19,"quantile",0.65,12.3482544660679
2022-05-21,"50","29  day ahead inc hosp",2022-06-19,"quantile",0.7,13.0802611110694
2022-05-21,"50","29  day ahead inc hosp",2022-06-19,"quantile",0.75,13.8702113742948
2022-05-21,"50","29  day ahead inc hosp",2022-06-19,"quantile",0.8,14.7498584529023
2022-05-21,"50","29  day ahead inc hosp",2022-06-19,"quantile",0.85,15.7751945557755
2022-05-21,"50","29  day ahead inc hosp",2022-06-19,"quantile",0.9,17.0653015010393
2022-05-21,"50","29  day ahead inc hosp",2022-06-19,"quantile",0.95,18.9774343350911
2022-05-21,"50","29  day ahead inc hosp",2022-06-19,"quantile",0.975,20.6359244046537
2022-05-21,"50","29  day ahead inc hosp",2022-06-19,"quantile",0.99,22.5642775284128
2022-05-21,"50","30  day ahead inc hosp",2022-06-20,"quantile",0.01,0
2022-05-21,"50","30  day ahead inc hosp",2022-06-20,"quantile",0.025,0
2022-05-21,"50","30  day ahead inc hosp",2022-06-20,"quantile",0.05,1.27928262767006
2022-05-21,"50","30  day ahead inc hosp",2022-06-20,"quantile",0.1,3.21695892581996
2022-05-21,"50","30  day ahead inc hosp",2022-06-20,"quantile",0.15,4.52429992504284
2022-05-21,"50","30  day ahead inc hosp",2022-06-20,"quantile",0.2,5.56333310767213
2022-05-21,"50","30  day ahead inc hosp",2022-06-20,"quantile",0.25,6.4547310610992
2022-05-21,"50","30  day ahead inc hosp",2022-06-20,"quantile",0.3,7.25523397308865
2022-05-21,"50","30  day ahead inc hosp",2022-06-20,"quantile",0.35,7.99701921982912
2022-05-21,"50","30  day ahead inc hosp",2022-06-20,"quantile",0.4,8.70090087964839
2022-05-21,"50","30  day ahead inc hosp",2022-06-20,"quantile",0.45,9.38191453147962
2022-05-21,"50","30  day ahead inc hosp",2022-06-20,"quantile",0.5,10.0521309691507
2022-05-21,"50","30  day ahead inc hosp",2022-06-20,"quantile",0.55,10.7223474068218
2022-05-21,"50","30  day ahead inc hosp",2022-06-20,"quantile",0.6,11.403361058653
2022-05-21,"50","30  day ahead inc hosp",2022-06-20,"quantile",0.65,12.1072427184723
2022-05-21,"50","30  day ahead inc hosp",2022-06-20,"quantile",0.7,12.8490279652127
2022-05-21,"50","30  day ahead inc hosp",2022-06-20,"quantile",0.75,13.6495308772022
2022-05-21,"50","30  day ahead inc hosp",2022-06-20,"quantile",0.8,14.5409288306293
2022-05-21,"50","30  day ahead inc hosp",2022-06-20,"quantile",0.85,15.5799620132585
2022-05-21,"50","30  day ahead inc hosp",2022-06-20,"quantile",0.9,16.8873030124814
2022-05-21,"50","30  day ahead inc hosp",2022-06-20,"quantile",0.95,18.8249793106313
2022-05-21,"50","30  day ahead inc hosp",2022-06-20,"quantile",0.975,20.5056245259006
2022-05-21,"50","30  day ahead inc hosp",2022-06-20,"quantile",0.99,22.4597377945137
2022-05-21,"50","31  day ahead inc hosp",2022-06-21,"quantile",0.01,0
2022-05-21,"50","31  day ahead inc hosp",2022-06-21,"quantile",0.025,0
2022-05-21,"50","31  day ahead inc hosp",2022-06-21,"quantile",0.05,1.3916730527607
2022-05-21,"50","31  day ahead inc hosp",2022-06-21,"quantile",0.1,3.35456044070857
2022-05-21,"50","31  day ahead inc hosp",2022-06-21,"quantile",0.15,4.67891124252822
2022-05-21,"50","31  day ahead inc hosp",2022-06-21,"quantile",0.2,5.73146327703971
2022-05-21,"50","31  day ahead inc hosp",2022-06-21,"quantile",0.25,6.63445920164031
2022-05-21,"50","31  day ahead inc hosp",2022-06-21,"quantile",0.3,7.44537745019395
2022-05-21,"50","31  day ahead inc hosp",2022-06-21,"quantile",0.35,8.19681405845659
2022-05-21,"50","31  day ahead inc hosp",2022-06-21,"quantile",0.4,8.9098539165517
2022-05-21,"50","31  day ahead inc hosp",2022-06-21,"quantile",0.45,9.59972823120177
2022-05-21,"50","31  day ahead inc hosp",2022-06-21,"quantile",0.5,10.2786648492303
2022-05-21,"50","31  day ahead inc hosp",2022-06-21,"quantile",0.55,10.9576014672588
2022-05-21,"50","31  day ahead inc hosp",2022-06-21,"quantile",0.6,11.6474757819089
2022-05-21,"50","31  day ahead inc hosp",2022-06-21,"quantile",0.65,12.360515640004
2022-05-21,"50","31  day ahead inc hosp",2022-06-21,"quantile",0.7,13.1119522482666
2022-05-21,"50","31  day ahead inc hosp",2022-06-21,"quantile",0.75,13.9228704968202
2022-05-21,"50","31  day ahead inc hosp",2022-06-21,"quantile",0.8,14.8258664214208
2022-05-21,"50","31  day ahead inc hosp",2022-06-21,"quantile",0.85,15.8784184559323
2022-05-21,"50","31  day ahead inc hosp",2022-06-21,"quantile",0.9,17.202769257752
2022-05-21,"50","31  day ahead inc hosp",2022-06-21,"quantile",0.95,19.1656566456999
2022-05-21,"50","31  day ahead inc hosp",2022-06-21,"quantile",0.975,20.8681687215388
2022-05-21,"50","31  day ahead inc hosp",2022-06-21,"quantile",0.99,22.8477069412324
2022-05-21,"50","32  day ahead inc hosp",2022-06-22,"quantile",0.01,0
2022-05-21,"50","32  day ahead inc hosp",2022-06-22,"quantile",0.025,0
2022-05-21,"50","32  day ahead inc hosp",2022-06-22,"quantile",0.05,0.936780592788004
2022-05-21,"50","32  day ahead inc hosp",2022-06-22,"quantile",0.1,2.92455934282979
2022-05-21,"50","32  day ahead inc hosp",2022-06-22,"quantile",0.15,4.26570422848221
2022-05-21,"50","32  day ahead inc hosp",2022-06-22,"quantile",0.2,5.33160366844068
2022-05-21,"50","32  day ahead inc hosp",2022-06-22,"quantile",0.25,6.24605047843928
2022-05-21,"50","32  day ahead inc hosp",2022-06-22,"quantile",0.3,7.06725197598482
2022-05-21,"50","32  day ahead inc hosp",2022-06-22,"quantile",0.35,7.82821754694891
2022-05-21,"50","32  day ahead inc hosp",2022-06-22,"quantile",0.4,8.55029945880839
2022-05-21,"50","32  day ahead inc hosp",2022-06-22,"quantile",0.45,9.24892206511833
2022-05-21,"50","32  day ahead inc hosp",2022-06-22,"quantile",0.5,9.93646827394758
2022-05-21,"50","32  day ahead inc hosp",2022-06-22,"quantile",0.55,10.6240144827768
2022-05-21,"50","32  day ahead inc hosp",2022-06-22,"quantile",0.6,11.3226370890868
2022-05-21,"50","32  day ahead inc hosp",2022-06-22,"quantile",0.65,12.0447190009463
2022-05-21,"50","32  day ahead inc hosp",2022-06-22,"quantile",0.7,12.8056845719103
2022-05-21,"50","32  day ahead inc hosp",2022-06-22,"quantile",0.75,13.6268860694559
2022-05-21,"50","32  day ahead inc hosp",2022-06-22,"quantile",0.8,14.5413328794545
2022-05-21,"50","32  day ahead inc hosp",2022-06-22,"quantile",0.85,15.607232319413
2022-05-21,"50","32  day ahead inc hosp",2022-06-22,"quantile",0.9,16.9483772050654
2022-05-21,"50","32  day ahead inc hosp",2022-06-22,"quantile",0.95,18.9361559551072
2022-05-21,"50","32  day ahead inc hosp",2022-06-22,"quantile",0.975,20.6602575754147
2022-05-21,"50","32  day ahead inc hosp",2022-06-22,"quantile",0.99,22.6648983062904
2022-05-21,"50","33  day ahead inc hosp",2022-06-23,"quantile",0.01,0
2022-05-21,"50","33  day ahead inc hosp",2022-06-23,"quantile",0.025,0.780584396839448
2022-05-21,"50","33  day ahead inc hosp",2022-06-23,"quantile",0.05,2.52600853610095
2022-05-21,"50","33  day ahead inc hosp",2022-06-23,"quantile",0.1,4.53837078491964
2022-05-21,"50","33  day ahead inc hosp",2022-06-23,"quantile",0.15,5.8961020404864
2022-05-21,"50","33  day ahead inc hosp",2022-06-23,"quantile",0.2,6.97518380145418
2022-05-21,"50","33  day ahead inc hosp",2022-06-23,"quantile",0.25,7.90093986910264
2022-05-21,"50","33  day ahead inc hosp",2022-06-23,"quantile",0.3,8.73229742954505
2022-05-21,"50","33  day ahead inc hosp",2022-06-23,"quantile",0.35,9.50267410633903
2022-05-21,"50","33  day ahead inc hosp",2022-06-23,"quantile",0.4,10.233686237317
2022-05-21,"50","33  day ahead inc hosp",2022-06-23,"quantile",0.45,10.9409489339727
2022-05-21,"50","33  day ahead inc hosp",2022-06-23,"quantile",0.5,11.6369982477796
2022-05-21,"50","33  day ahead inc hosp",2022-06-23,"quantile",0.55,12.3330475615864
2022-05-21,"50","33  day ahead inc hosp",2022-06-23,"quantile",0.6,13.0403102582421
2022-05-21,"50","33  day ahead inc hosp",2022-06-23,"quantile",0.65,13.7713223892201
2022-05-21,"50","33  day ahead inc hosp",2022-06-23,"quantile",0.7,14.5416990660141
2022-05-21,"50","33  day ahead inc hosp",2022-06-23,"quantile",0.75,15.3730566264565
2022-05-21,"50","33  day ahead inc hosp",2022-06-23,"quantile",0.8,16.298812694105
2022-05-21,"50","33  day ahead inc hosp",2022-06-23,"quantile",0.85,17.3778944550727
2022-05-21,"50","33  day ahead inc hosp",2022-06-23,"quantile",0.9,18.7356257106395
2022-05-21,"50","33  day ahead inc hosp",2022-06-23,"quantile",0.95,20.7479879594582
2022-05-21,"50","33  day ahead inc hosp",2022-06-23,"quantile",0.975,22.4934120987197
2022-05-21,"50","33  day ahead inc hosp",2022-06-23,"quantile",0.99,24.5228448659096
2022-05-21,"50","34  day ahead inc hosp",2022-06-24,"quantile",0.01,0
2022-05-21,"50","34  day ahead inc hosp",2022-06-24,"quantile",0.025,0
2022-05-21,"50","34  day ahead inc hosp",2022-06-24,"quantile",0.05,1.15129964307035
2022-05-21,"50","34  day ahead inc hosp",2022-06-24,"quantile",0.1,3.18794867562935
2022-05-21,"50","34  day ahead inc hosp",2022-06-24,"quantile",0.15,4.56206610888394
2022-05-21,"50","34  day ahead inc hosp",2022-06-24,"quantile",0.2,5.65417108442559
2022-05-21,"50","34  day ahead inc hosp",2022-06-24,"quantile",0.25,6.59109991056943
2022-05-21,"50","34  day ahead inc hosp",2022-06-24,"quantile",0.3,7.4324909534493
2022-05-21,"50","34  day ahead inc hosp",2022-06-24,"quantile",0.35,8.21216514700939
2022-05-21,"50","34  day ahead inc hosp",2022-06-24,"quantile",0.4,8.95199971219229
2022-05-21,"50","34  day ahead inc hosp",2022-06-24,"quantile",0.45,9.66779821604241
2022-05-21,"50","34  day ahead inc hosp",2022-06-24,"quantile",0.5,10.3722480050455
2022-05-21,"50","34  day ahead inc hosp",2022-06-24,"quantile",0.55,11.0766977940485
2022-05-21,"50","34  day ahead inc hosp",2022-06-24,"quantile",0.6,11.7924962978987
2022-05-21,"50","34  day ahead inc hosp",2022-06-24,"quantile",0.65,12.5323308630815
2022-05-21,"50","34  day ahead inc hosp",2022-06-24,"quantile",0.7,13.3120050566416
2022-05-21,"50","34  day ahead inc hosp",2022-06-24,"quantile",0.75,14.1533960995215
2022-05-21,"50","34  day ahead inc hosp",2022-06-24,"quantile",0.8,15.0903249256653
2022-05-21,"50","34  day ahead inc hosp",2022-06-24,"quantile",0.85,16.182429901207
2022-05-21,"50","34  day ahead inc hosp",2022-06-24,"quantile",0.9,17.5565473344616
2022-05-21,"50","34  day ahead inc hosp",2022-06-24,"quantile",0.95,19.5931963670206
2022-05-21,"50","34  day ahead inc hosp",2022-06-24,"quantile",0.975,21.3596856691921
2022-05-21,"50","34  day ahead inc hosp",2022-06-24,"quantile",0.99,23.4136112406777
2022-05-21,"50","35  day ahead inc hosp",2022-06-25,"quantile",0.01,0
2022-05-21,"50","35  day ahead inc hosp",2022-06-25,"quantile",0.025,0
2022-05-21,"50","35  day ahead inc hosp",2022-06-25,"quantile",0.05,0.991475454937444
2022-05-21,"50","35  day ahead inc hosp",2022-06-25,"quantile",0.1,3.05212504746316
2022-05-21,"50","35  day ahead inc hosp",2022-06-25,"quantile",0.15,4.44243554458438
2022-05-21,"50","35  day ahead inc hosp",2022-06-25,"quantile",0.2,5.54741025395665
2022-05-21,"50","35  day ahead inc hosp",2022-06-25,"quantile",0.25,6.49538016578434
2022-05-21,"50","35  day ahead inc hosp",2022-06-25,"quantile",0.3,7.34668644484741
2022-05-21,"50","35  day ahead inc hosp",2022-06-25,"quantile",0.35,8.13554858239681
2022-05-21,"50","35  day ahead inc hosp",2022-06-25,"quantile",0.4,8.88410160793457
2022-05-21,"50","35  day ahead inc hosp",2022-06-25,"quantile",0.45,9.60833532307593
2022-05-21,"50","35  day ahead inc hosp",2022-06-25,"quantile",0.5,10.3210865862821
2022-05-21,"50","35  day ahead inc hosp",2022-06-25,"quantile",0.55,11.0338378494882
2022-05-21,"50","35  day ahead inc hosp",2022-06-25,"quantile",0.6,11.7580715646296
2022-05-21,"50","35  day ahead inc hosp",2022-06-25,"quantile",0.65,12.5066245901673
2022-05-21,"50","35  day ahead inc hosp",2022-06-25,"quantile",0.7,13.2954867277167
2022-05-21,"50","35  day ahead inc hosp",2022-06-25,"quantile",0.75,14.1467930067798
2022-05-21,"50","35  day ahead inc hosp",2022-06-25,"quantile",0.8,15.0947629186075
2022-05-21,"50","35  day ahead inc hosp",2022-06-25,"quantile",0.85,16.1997376279798
2022-05-21,"50","35  day ahead inc hosp",2022-06-25,"quantile",0.9,17.590048125101
2022-05-21,"50","35  day ahead inc hosp",2022-06-25,"quantile",0.95,19.6506977176267
2022-05-21,"50","35  day ahead inc hosp",2022-06-25,"quantile",0.975,21.4380039262704
2022-05-21,"50","35  day ahead inc hosp",2022-06-25,"quantile",0.99,23.5161336502915
2022-05-21,"50","36  day ahead inc hosp",2022-06-26,"quantile",0.01,0
2022-05-21,"50","36  day ahead inc hosp",2022-06-26,"quantile",0.025,0
2022-05-21,"50","36  day ahead inc hosp",2022-06-26,"quantile",0.05,0.904201968543132
2022-05-21,"50","36  day ahead inc hosp",2022-06-26,"quantile",0.1,2.98857578447186
2022-05-21,"50","36  day ahead inc hosp",2022-06-26,"quantile",0.15,4.39489290249209
2022-05-21,"50","36  day ahead inc hosp",2022-06-26,"quantile",0.2,5.51258916673469
2022-05-21,"50","36  day ahead inc hosp",2022-06-26,"quantile",0.25,6.47147303989239
2022-05-21,"50","36  day ahead inc hosp",2022-06-26,"quantile",0.3,7.33258039353997
2022-05-21,"50","36  day ahead inc hosp",2022-06-26,"quantile",0.35,8.13052468734402
2022-05-21,"50","36  day ahead inc hosp",2022-06-26,"quantile",0.4,8.88769579102145
2022-05-21,"50","36  day ahead inc hosp",2022-06-26,"quantile",0.45,9.62026759649915
2022-05-21,"50","36  day ahead inc hosp",2022-06-26,"quantile",0.5,10.3412247527695
2022-05-21,"50","36  day ahead inc hosp",2022-06-26,"quantile",0.55,11.0621819090399
2022-05-21,"50","36  day ahead inc hosp",2022-06-26,"quantile",0.6,11.7947537145176
2022-05-21,"50","36  day ahead inc hosp",2022-06-26,"quantile",0.65,12.551924818195
2022-05-21,"50","36  day ahead inc hosp",2022-06-26,"quantile",0.7,13.349869111999
2022-05-21,"50","36  day ahead inc hosp",2022-06-26,"quantile",0.75,14.2109764656466
2022-05-21,"50","36  day ahead inc hosp",2022-06-26,"quantile",0.8,15.1698603388043
2022-05-21,"50","36  day ahead inc hosp",2022-06-26,"quantile",0.85,16.2875566030469
2022-05-21,"50","36  day ahead inc hosp",2022-06-26,"quantile",0.9,17.6938737210671
2022-05-21,"50","36  day ahead inc hosp",2022-06-26,"quantile",0.95,19.7782475369959
2022-05-21,"50","36  day ahead inc hosp",2022-06-26,"quantile",0.975,21.5861309713538
2022-05-21,"50","36  day ahead inc hosp",2022-06-26,"quantile",0.99,23.688186167232
2022-05-21,"50","37  day ahead inc hosp",2022-06-27,"quantile",0.01,0
2022-05-21,"50","37  day ahead inc hosp",2022-06-27,"quantile",0.025,0
2022-05-21,"50","37  day ahead inc hosp",2022-06-27,"quantile",0.05,0.975256015076889
2022-05-21,"50","37  day ahead inc hosp",2022-06-27,"quantile",0.1,3.08308704859978
2022-05-21,"50","37  day ahead inc hosp",2022-06-27,"quantile",0.15,4.5052306399674
2022-05-21,"50","37  day ahead inc hosp",2022-06-27,"quantile",0.2,5.6355052835171
2022-05-21,"50","37  day ahead inc hosp",2022-06-27,"quantile",0.25,6.60518028612016
2022-05-21,"50","37  day ahead inc hosp",2022-06-27,"quantile",0.3,7.47597840752354
2022-05-21,"50","37  day ahead inc hosp",2022-06-27,"quantile",0.35,8.28290264186645
2022-05-21,"50","37  day ahead inc hosp",2022-06-27,"quantile",0.4,9.04859483096494
2022-05-21,"50","37  day ahead inc hosp",2022-06-27,"quantile",0.45,9.78941088520125
2022-05-21,"50","37  day ahead inc hosp",2022-06-27,"quantile",0.5,10.5184815807808
2022-05-21,"50","37  day ahead inc hosp",2022-06-27,"quantile",0.55,11.2475522763604
2022-05-21,"50","37  day ahead inc hosp",2022-06-27,"quantile",0.6,11.9883683305967
2022-05-21,"50","37  day ahead inc hosp",2022-06-27,"quantile",0.65,12.7540605196952
2022-05-21,"50","37  day ahead inc hosp",2022-06-27,"quantile",0.7,13.5609847540381
2022-05-21,"50","37  day ahead inc hosp",2022-06-27,"quantile",0.75,14.4317828754415
2022-05-21,"50","37  day ahead inc hosp",2022-06-27,"quantile",0.8,15.4014578780446
2022-05-21,"50","37  day ahead inc hosp",2022-06-27,"quantile",0.85,16.5317325215943
2022-05-21,"50","37  day ahead inc hosp",2022-06-27,"quantile",0.9,17.9538761129619
2022-05-21,"50","37  day ahead inc hosp",2022-06-27,"quantile",0.95,20.0617071464848
2022-05-21,"50","37  day ahead inc hosp",2022-06-27,"quantile",0.975,21.8899362188375
2022-05-21,"50","37  day ahead inc hosp",2022-06-27,"quantile",0.99,24.0156476158001
2022-05-21,"51","1  day ahead inc hosp",2022-05-22,"quantile",0.01,61.7742189271768
2022-05-21,"51","1  day ahead inc hosp",2022-05-22,"quantile",0.025,69.0264029683242
2022-05-21,"51","1  day ahead inc hosp",2022-05-22,"quantile",0.05,75.26368133124
2022-05-21,"51","1  day ahead inc hosp",2022-05-22,"quantile",0.1,82.4548638241188
2022-05-21,"51","1  day ahead inc hosp",2022-05-22,"quantile",0.15,87.3067205118487
2022-05-21,"51","1  day ahead inc hosp",2022-05-22,"quantile",0.2,91.1628224002693
2022-05-21,"51","1  day ahead inc hosp",2022-05-22,"quantile",0.25,94.4710144667116
2022-05-21,"51","1  day ahead inc hosp",2022-05-22,"quantile",0.3,97.4418731863509
2022-05-21,"51","1  day ahead inc hosp",2022-05-22,"quantile",0.35,100.194816536553
2022-05-21,"51","1  day ahead inc hosp",2022-05-22,"quantile",0.4,102.807090564977
2022-05-21,"51","1  day ahead inc hosp",2022-05-22,"quantile",0.45,105.334495919079
2022-05-21,"51","1  day ahead inc hosp",2022-05-22,"quantile",0.5,107.821830216155
2022-05-21,"51","1  day ahead inc hosp",2022-05-22,"quantile",0.55,110.309164513232
2022-05-21,"51","1  day ahead inc hosp",2022-05-22,"quantile",0.6,112.836569867333
2022-05-21,"51","1  day ahead inc hosp",2022-05-22,"quantile",0.65,115.448843895758
2022-05-21,"51","1  day ahead inc hosp",2022-05-22,"quantile",0.7,118.20178724596
2022-05-21,"51","1  day ahead inc hosp",2022-05-22,"quantile",0.75,121.172645965599
2022-05-21,"51","1  day ahead inc hosp",2022-05-22,"quantile",0.8,124.480838032041
2022-05-21,"51","1  day ahead inc hosp",2022-05-22,"quantile",0.85,128.336939920462
2022-05-21,"51","1  day ahead inc hosp",2022-05-22,"quantile",0.9,133.188796608192
2022-05-21,"51","1  day ahead inc hosp",2022-05-22,"quantile",0.95,140.379979101071
2022-05-21,"51","1  day ahead inc hosp",2022-05-22,"quantile",0.975,146.617257463987
2022-05-21,"51","1  day ahead inc hosp",2022-05-22,"quantile",0.99,153.869441505134
2022-05-21,"51","2  day ahead inc hosp",2022-05-23,"quantile",0.01,56.0667094578508
2022-05-21,"51","2  day ahead inc hosp",2022-05-23,"quantile",0.025,64.778812648315
2022-05-21,"51","2  day ahead inc hosp",2022-05-23,"quantile",0.05,72.2717020202695
2022-05-21,"51","2  day ahead inc hosp",2022-05-23,"quantile",0.1,80.9105235923578
2022-05-21,"51","2  day ahead inc hosp",2022-05-23,"quantile",0.15,86.7390954941484
2022-05-21,"51","2  day ahead inc hosp",2022-05-23,"quantile",0.2,91.3714596722022
2022-05-21,"51","2  day ahead inc hosp",2022-05-23,"quantile",0.25,95.3456156634448
2022-05-21,"51","2  day ahead inc hosp",2022-05-23,"quantile",0.3,98.9145305700351
2022-05-21,"51","2  day ahead inc hosp",2022-05-23,"quantile",0.35,102.221662105636
2022-05-21,"51","2  day ahead inc hosp",2022-05-23,"quantile",0.4,105.359806527824
2022-05-21,"51","2  day ahead inc hosp",2022-05-23,"quantile",0.45,108.39599757374
2022-05-21,"51","2  day ahead inc hosp",2022-05-23,"quantile",0.5,111.384050957707
2022-05-21,"51","2  day ahead inc hosp",2022-05-23,"quantile",0.55,114.372104341675
2022-05-21,"51","2  day ahead inc hosp",2022-05-23,"quantile",0.6,117.408295387591
2022-05-21,"51","2  day ahead inc hosp",2022-05-23,"quantile",0.65,120.546439809779
2022-05-21,"51","2  day ahead inc hosp",2022-05-23,"quantile",0.7,123.85357134538
2022-05-21,"51","2  day ahead inc hosp",2022-05-23,"quantile",0.75,127.42248625197
2022-05-21,"51","2  day ahead inc hosp",2022-05-23,"quantile",0.8,131.396642243213
2022-05-21,"51","2  day ahead inc hosp",2022-05-23,"quantile",0.85,136.029006421267
2022-05-21,"51","2  day ahead inc hosp",2022-05-23,"quantile",0.9,141.857578323057
2022-05-21,"51","2  day ahead inc hosp",2022-05-23,"quantile",0.95,150.496399895145
2022-05-21,"51","2  day ahead inc hosp",2022-05-23,"quantile",0.975,157.9892892671
2022-05-21,"51","2  day ahead inc hosp",2022-05-23,"quantile",0.99,166.701392457564
2022-05-21,"51","3  day ahead inc hosp",2022-05-24,"quantile",0.01,57.2098373152453
2022-05-21,"51","3  day ahead inc hosp",2022-05-24,"quantile",0.025,66.6678232084925
2022-05-21,"51","3  day ahead inc hosp",2022-05-24,"quantile",0.05,74.8022128535985
2022-05-21,"51","3  day ahead inc hosp",2022-05-24,"quantile",0.1,84.1806431564583
2022-05-21,"51","3  day ahead inc hosp",2022-05-24,"quantile",0.15,90.5082255576
2022-05-21,"51","3  day ahead inc hosp",2022-05-24,"quantile",0.2,95.5371874615834
2022-05-21,"51","3  day ahead inc hosp",2022-05-24,"quantile",0.25,99.8515889879424
2022-05-21,"51","3  day ahead inc hosp",2022-05-24,"quantile",0.3,103.726054900798
2022-05-21,"51","3  day ahead inc hosp",2022-05-24,"quantile",0.35,107.316324979906
2022-05-21,"51","3  day ahead inc hosp",2022-05-24,"quantile",0.4,110.723140191703
2022-05-21,"51","3  day ahead inc hosp",2022-05-24,"quantile",0.45,114.019273335869
2022-05-21,"51","3  day ahead inc hosp",2022-05-24,"quantile",0.5,117.263147534325
2022-05-21,"51","3  day ahead inc hosp",2022-05-24,"quantile",0.55,120.507021732781
2022-05-21,"51","3  day ahead inc hosp",2022-05-24,"quantile",0.6,123.803154876947
2022-05-21,"51","3  day ahead inc hosp",2022-05-24,"quantile",0.65,127.209970088744
2022-05-21,"51","3  day ahead inc hosp",2022-05-24,"quantile",0.7,130.800240167852
2022-05-21,"51","3  day ahead inc hosp",2022-05-24,"quantile",0.75,134.674706080708
2022-05-21,"51","3  day ahead inc hosp",2022-05-24,"quantile",0.8,138.989107607067
2022-05-21,"51","3  day ahead inc hosp",2022-05-24,"quantile",0.85,144.01806951105
2022-05-21,"51","3  day ahead inc hosp",2022-05-24,"quantile",0.9,150.345651912192
2022-05-21,"51","3  day ahead inc hosp",2022-05-24,"quantile",0.95,159.724082215052
2022-05-21,"51","3  day ahead inc hosp",2022-05-24,"quantile",0.975,167.858471860158
2022-05-21,"51","3  day ahead inc hosp",2022-05-24,"quantile",0.99,177.316457753405
2022-05-21,"51","4  day ahead inc hosp",2022-05-25,"quantile",0.01,54.3933269829013
2022-05-21,"51","4  day ahead inc hosp",2022-05-25,"quantile",0.025,64.5379382205815
2022-05-21,"51","4  day ahead inc hosp",2022-05-25,"quantile",0.05,73.262863541556
2022-05-21,"51","4  day ahead inc hosp",2022-05-25,"quantile",0.1,83.3221436584908
2022-05-21,"51","4  day ahead inc hosp",2022-05-25,"quantile",0.15,90.1090921968473
2022-05-21,"51","4  day ahead inc hosp",2022-05-25,"quantile",0.2,95.503143744486
2022-05-21,"51","4  day ahead inc hosp",2022-05-25,"quantile",0.25,100.130759676903
2022-05-21,"51","4  day ahead inc hosp",2022-05-25,"quantile",0.3,104.286501806697
2022-05-21,"51","4  day ahead inc hosp",2022-05-25,"quantile",0.35,108.137416219334
2022-05-21,"51","4  day ahead inc hosp",2022-05-25,"quantile",0.4,111.791557415186
2022-05-21,"51","4  day ahead inc hosp",2022-05-25,"quantile",0.45,115.326981311204
2022-05-21,"51","4  day ahead inc hosp",2022-05-25,"quantile",0.5,118.806352397048
2022-05-21,"51","4  day ahead inc hosp",2022-05-25,"quantile",0.55,122.285723482892
2022-05-21,"51","4  day ahead inc hosp",2022-05-25,"quantile",0.6,125.82114737891
2022-05-21,"51","4  day ahead inc hosp",2022-05-25,"quantile",0.65,129.475288574762
2022-05-21,"51","4  day ahead inc hosp",2022-05-25,"quantile",0.7,133.326202987399
2022-05-21,"51","4  day ahead inc hosp",2022-05-25,"quantile",0.75,137.481945117193
2022-05-21,"51","4  day ahead inc hosp",2022-05-25,"quantile",0.8,142.10956104961
2022-05-21,"51","4  day ahead inc hosp",2022-05-25,"quantile",0.85,147.503612597249
2022-05-21,"51","4  day ahead inc hosp",2022-05-25,"quantile",0.9,154.290561135605
2022-05-21,"51","4  day ahead inc hosp",2022-05-25,"quantile",0.95,164.34984125254
2022-05-21,"51","4  day ahead inc hosp",2022-05-25,"quantile",0.975,173.074766573514
2022-05-21,"51","4  day ahead inc hosp",2022-05-25,"quantile",0.99,183.219377811195
2022-05-21,"51","5  day ahead inc hosp",2022-05-26,"quantile",0.01,48.7077256745947
2022-05-21,"51","5  day ahead inc hosp",2022-05-26,"quantile",0.025,59.4315398630747
2022-05-21,"51","5  day ahead inc hosp",2022-05-26,"quantile",0.05,68.6546116751288
2022-05-21,"51","5  day ahead inc hosp",2022-05-26,"quantile",0.1,79.2882227930398
2022-05-21,"51","5  day ahead inc hosp",2022-05-26,"quantile",0.15,86.4626697311123
2022-05-21,"51","5  day ahead inc hosp",2022-05-26,"quantile",0.2,92.1646927228961
2022-05-21,"51","5  day ahead inc hosp",2022-05-26,"quantile",0.25,97.0565207320923
2022-05-21,"51","5  day ahead inc hosp",2022-05-26,"quantile",0.3,101.449533472651
2022-05-21,"51","5  day ahead inc hosp",2022-05-26,"quantile",0.35,105.520314466552
2022-05-21,"51","5  day ahead inc hosp",2022-05-26,"quantile",0.4,109.383087547223
2022-05-21,"51","5  day ahead inc hosp",2022-05-26,"quantile",0.45,113.120365206281
2022-05-21,"51","5  day ahead inc hosp",2022-05-26,"quantile",0.5,116.798389740013
2022-05-21,"51","5  day ahead inc hosp",2022-05-26,"quantile",0.55,120.476414273745
2022-05-21,"51","5  day ahead inc hosp",2022-05-26,"quantile",0.6,124.213691932803
2022-05-21,"51","5  day ahead inc hosp",2022-05-26,"quantile",0.65,128.076465013474
2022-05-21,"51","5  day ahead inc hosp",2022-05-26,"quantile",0.7,132.147246007375
2022-05-21,"51","5  day ahead inc hosp",2022-05-26,"quantile",0.75,136.540258747934
2022-05-21,"51","5  day ahead inc hosp",2022-05-26,"quantile",0.8,141.43208675713
2022-05-21,"51","5  day ahead inc hosp",2022-05-26,"quantile",0.85,147.134109748914
2022-05-21,"51","5  day ahead inc hosp",2022-05-26,"quantile",0.9,154.308556686986
2022-05-21,"51","5  day ahead inc hosp",2022-05-26,"quantile",0.95,164.942167804897
2022-05-21,"51","5  day ahead inc hosp",2022-05-26,"quantile",0.975,174.165239616952
2022-05-21,"51","5  day ahead inc hosp",2022-05-26,"quantile",0.99,184.889053805432
2022-05-21,"51","6  day ahead inc hosp",2022-05-27,"quantile",0.01,42.1372374731796
2022-05-21,"51","6  day ahead inc hosp",2022-05-27,"quantile",0.025,53.5293654525027
2022-05-21,"51","6  day ahead inc hosp",2022-05-27,"quantile",0.05,63.3272239941287
2022-05-21,"51","6  day ahead inc hosp",2022-05-27,"quantile",0.1,74.6235273996585
2022-05-21,"51","6  day ahead inc hosp",2022-05-27,"quantile",0.15,82.2450896780488
2022-05-21,"51","6  day ahead inc hosp",2022-05-27,"quantile",0.2,88.3024657684724
2022-05-21,"51","6  day ahead inc hosp",2022-05-27,"quantile",0.25,93.4991550950617
2022-05-21,"51","6  day ahead inc hosp",2022-05-27,"quantile",0.3,98.1659427207745
2022-05-21,"51","6  day ahead inc hosp",2022-05-27,"quantile",0.35,102.490416946385
2022-05-21,"51","6  day ahead inc hosp",2022-05-27,"quantile",0.4,106.593920095233
2022-05-21,"51","6  day ahead inc hosp",2022-05-27,"quantile",0.45,110.564106881199
2022-05-21,"51","6  day ahead inc hosp",2022-05-27,"quantile",0.5,114.471347855625
2022-05-21,"51","6  day ahead inc hosp",2022-05-27,"quantile",0.55,118.378588830051
2022-05-21,"51","6  day ahead inc hosp",2022-05-27,"quantile",0.6,122.348775616017
2022-05-21,"51","6  day ahead inc hosp",2022-05-27,"quantile",0.65,126.452278764865
2022-05-21,"51","6  day ahead inc hosp",2022-05-27,"quantile",0.7,130.776752990476
2022-05-21,"51","6  day ahead inc hosp",2022-05-27,"quantile",0.75,135.443540616189
2022-05-21,"51","6  day ahead inc hosp",2022-05-27,"quantile",0.8,140.640229942778
2022-05-21,"51","6  day ahead inc hosp",2022-05-27,"quantile",0.85,146.697606033201
2022-05-21,"51","6  day ahead inc hosp",2022-05-27,"quantile",0.9,154.319168311592
2022-05-21,"51","6  day ahead inc hosp",2022-05-27,"quantile",0.95,165.615471717122
2022-05-21,"51","6  day ahead inc hosp",2022-05-27,"quantile",0.975,175.413330258748
2022-05-21,"51","6  day ahead inc hosp",2022-05-27,"quantile",0.99,186.805458238071
2022-05-21,"51","7  day ahead inc hosp",2022-05-28,"quantile",0.01,32.9317840152318
2022-05-21,"51","7  day ahead inc hosp",2022-05-28,"quantile",0.025,45.186616747059
2022-05-21,"51","7  day ahead inc hosp",2022-05-28,"quantile",0.05,55.7264489694201
2022-05-21,"51","7  day ahead inc hosp",2022-05-28,"quantile",0.1,67.8782005099574
2022-05-21,"51","7  day ahead inc hosp",2022-05-28,"quantile",0.15,76.0769295837882
2022-05-21,"51","7  day ahead inc hosp",2022-05-28,"quantile",0.2,82.5930195466681
2022-05-21,"51","7  day ahead inc hosp",2022-05-28,"quantile",0.25,88.1832445311672
2022-05-21,"51","7  day ahead inc hosp",2022-05-28,"quantile",0.3,93.2034393404138
2022-05-21,"51","7  day ahead inc hosp",2022-05-28,"quantile",0.35,97.8553979897677
2022-05-21,"51","7  day ahead inc hosp",2022-05-28,"quantile",0.4,102.269651831976
2022-05-21,"51","7  day ahead inc hosp",2022-05-28,"quantile",0.45,106.540493510057
2022-05-21,"51","7  day ahead inc hosp",2022-05-28,"quantile",0.5,110.743622606872
2022-05-21,"51","7  day ahead inc hosp",2022-05-28,"quantile",0.55,114.946751703687
2022-05-21,"51","7  day ahead inc hosp",2022-05-28,"quantile",0.6,119.217593381767
2022-05-21,"51","7  day ahead inc hosp",2022-05-28,"quantile",0.65,123.631847223976
2022-05-21,"51","7  day ahead inc hosp",2022-05-28,"quantile",0.7,128.28380587333
2022-05-21,"51","7  day ahead inc hosp",2022-05-28,"quantile",0.75,133.304000682577
2022-05-21,"51","7  day ahead inc hosp",2022-05-28,"quantile",0.8,138.894225667076
2022-05-21,"51","7  day ahead inc hosp",2022-05-28,"quantile",0.85,145.410315629956
2022-05-21,"51","7  day ahead inc hosp",2022-05-28,"quantile",0.9,153.609044703786
2022-05-21,"51","7  day ahead inc hosp",2022-05-28,"quantile",0.95,165.760796244324
2022-05-21,"51","7  day ahead inc hosp",2022-05-28,"quantile",0.975,176.300628466685
2022-05-21,"51","7  day ahead inc hosp",2022-05-28,"quantile",0.99,188.555461198512
2022-05-21,"51","8  day ahead inc hosp",2022-05-29,"quantile",0.01,36.0908588504758
2022-05-21,"51","8  day ahead inc hosp",2022-05-29,"quantile",0.025,49.2824727812185
2022-05-21,"51","8  day ahead inc hosp",2022-05-29,"quantile",0.05,60.6279885148679
2022-05-21,"51","8  day ahead inc hosp",2022-05-29,"quantile",0.1,73.7086415448154
2022-05-21,"51","8  day ahead inc hosp",2022-05-29,"quantile",0.15,82.5340960435815
2022-05-21,"51","8  day ahead inc hosp",2022-05-29,"quantile",0.2,89.5482875065997
2022-05-21,"51","8  day ahead inc hosp",2022-05-29,"quantile",0.25,95.5658392264189
2022-05-21,"51","8  day ahead inc hosp",2022-05-29,"quantile",0.3,100.969786651071
2022-05-21,"51","8  day ahead inc hosp",2022-05-29,"quantile",0.35,105.97734928917
2022-05-21,"51","8  day ahead inc hosp",2022-05-29,"quantile",0.4,110.729036542109
2022-05-21,"51","8  day ahead inc hosp",2022-05-29,"quantile",0.45,115.326348950155
2022-05-21,"51","8  day ahead inc hosp",2022-05-29,"quantile",0.5,119.850772706854
2022-05-21,"51","8  day ahead inc hosp",2022-05-29,"quantile",0.55,124.375196463554
2022-05-21,"51","8  day ahead inc hosp",2022-05-29,"quantile",0.6,128.9725088716
2022-05-21,"51","8  day ahead inc hosp",2022-05-29,"quantile",0.65,133.724196124538
2022-05-21,"51","8  day ahead inc hosp",2022-05-29,"quantile",0.7,138.731758762638
2022-05-21,"51","8  day ahead inc hosp",2022-05-29,"quantile",0.75,144.13570618729
2022-05-21,"51","8  day ahead inc hosp",2022-05-29,"quantile",0.8,150.153257907109
2022-05-21,"51","8  day ahead inc hosp",2022-05-29,"quantile",0.85,157.167449370127
2022-05-21,"51","8  day ahead inc hosp",2022-05-29,"quantile",0.9,165.992903868893
2022-05-21,"51","8  day ahead inc hosp",2022-05-29,"quantile",0.95,179.073556898841
2022-05-21,"51","8  day ahead inc hosp",2022-05-29,"quantile",0.975,190.41907263249
2022-05-21,"51","8  day ahead inc hosp",2022-05-29,"quantile",0.99,203.610686563233
2022-05-21,"51","9  day ahead inc hosp",2022-05-30,"quantile",0.01,35.5399363448586
2022-05-21,"51","9  day ahead inc hosp",2022-05-30,"quantile",0.025,49.5521567262595
2022-05-21,"51","9  day ahead inc hosp",2022-05-30,"quantile",0.05,61.603439278583
2022-05-21,"51","9  day ahead inc hosp",2022-05-30,"quantile",0.1,75.4977962504099
2022-05-21,"51","9  day ahead inc hosp",2022-05-30,"quantile",0.15,84.8722529356939
2022-05-21,"51","9  day ahead inc hosp",2022-05-30,"quantile",0.2,92.3227739328331
2022-05-21,"51","9  day ahead inc hosp",2022-05-30,"quantile",0.25,98.7146575414097
2022-05-21,"51","9  day ahead inc hosp",2022-05-30,"quantile",0.3,104.454766571379
2022-05-21,"51","9  day ahead inc hosp",2022-05-30,"quantile",0.35,109.773833034899
2022-05-21,"51","9  day ahead inc hosp",2022-05-30,"quantile",0.4,114.821106956136
2022-05-21,"51","9  day ahead inc hosp",2022-05-30,"quantile",0.45,119.704402886558
2022-05-21,"51","9  day ahead inc hosp",2022-05-30,"quantile",0.5,124.510276004932
2022-05-21,"51","9  day ahead inc hosp",2022-05-30,"quantile",0.55,129.316149123305
2022-05-21,"51","9  day ahead inc hosp",2022-05-30,"quantile",0.6,134.199445053727
2022-05-21,"51","9  day ahead inc hosp",2022-05-30,"quantile",0.65,139.246718974964
2022-05-21,"51","9  day ahead inc hosp",2022-05-30,"quantile",0.7,144.565785438484
2022-05-21,"51","9  day ahead inc hosp",2022-05-30,"quantile",0.75,150.305894468454
2022-05-21,"51","9  day ahead inc hosp",2022-05-30,"quantile",0.8,156.697778077031
2022-05-21,"51","9  day ahead inc hosp",2022-05-30,"quantile",0.85,164.14829907417
2022-05-21,"51","9  day ahead inc hosp",2022-05-30,"quantile",0.9,173.522755759454
2022-05-21,"51","9  day ahead inc hosp",2022-05-30,"quantile",0.95,187.417112731281
2022-05-21,"51","9  day ahead inc hosp",2022-05-30,"quantile",0.975,199.468395283604
2022-05-21,"51","9  day ahead inc hosp",2022-05-30,"quantile",0.99,213.480615665005
2022-05-21,"51","10  day ahead inc hosp",2022-05-31,"quantile",0.01,35.3821569310625
2022-05-21,"51","10  day ahead inc hosp",2022-05-31,"quantile",0.025,50.0064144721473
2022-05-21,"51","10  day ahead inc hosp",2022-05-31,"quantile",0.05,62.5840827465838
2022-05-21,"51","10  day ahead inc hosp",2022-05-31,"quantile",0.1,77.0853287442183
2022-05-21,"51","10  day ahead inc hosp",2022-05-31,"quantile",0.15,86.8692505740026
2022-05-21,"51","10  day ahead inc hosp",2022-05-31,"quantile",0.2,94.6452014876814
2022-05-21,"51","10  day ahead inc hosp",2022-05-31,"quantile",0.25,101.31627498782
2022-05-21,"51","10  day ahead inc hosp",2022-05-31,"quantile",0.3,107.307105169138
2022-05-21,"51","10  day ahead inc hosp",2022-05-31,"quantile",0.35,112.858502144304
2022-05-21,"51","10  day ahead inc hosp",2022-05-31,"quantile",0.4,118.126235001442
2022-05-21,"51","10  day ahead inc hosp",2022-05-31,"quantile",0.45,123.222827503699
2022-05-21,"51","10  day ahead inc hosp",2022-05-31,"quantile",0.5,128.238615457346
2022-05-21,"51","10  day ahead inc hosp",2022-05-31,"quantile",0.55,133.254403410992
2022-05-21,"51","10  day ahead inc hosp",2022-05-31,"quantile",0.6,138.350995913249
2022-05-21,"51","10  day ahead inc hosp",2022-05-31,"quantile",0.65,143.618728770388
2022-05-21,"51","10  day ahead inc hosp",2022-05-31,"quantile",0.7,149.170125745553
2022-05-21,"51","10  day ahead inc hosp",2022-05-31,"quantile",0.75,155.160955926872
2022-05-21,"51","10  day ahead inc hosp",2022-05-31,"quantile",0.8,161.83202942701
2022-05-21,"51","10  day ahead inc hosp",2022-05-31,"quantile",0.85,169.607980340689
2022-05-21,"51","10  day ahead inc hosp",2022-05-31,"quantile",0.9,179.391902170473
2022-05-21,"51","10  day ahead inc hosp",2022-05-31,"quantile",0.95,193.893148168108
2022-05-21,"51","10  day ahead inc hosp",2022-05-31,"quantile",0.975,206.470816442544
2022-05-21,"51","10  day ahead inc hosp",2022-05-31,"quantile",0.99,221.095073983629
2022-05-21,"51","11  day ahead inc hosp",2022-06-01,"quantile",0.01,33.7419009424378
2022-05-21,"51","11  day ahead inc hosp",2022-06-01,"quantile",0.025,48.8169556589606
2022-05-21,"51","11  day ahead inc hosp",2022-06-01,"quantile",0.05,61.7823343737928
2022-05-21,"51","11  day ahead inc hosp",2022-06-01,"quantile",0.1,76.7305856787191
2022-05-21,"51","11  day ahead inc hosp",2022-06-01,"quantile",0.15,86.8160998671707
2022-05-21,"51","11  day ahead inc hosp",2022-06-01,"quantile",0.2,94.8317468268459
2022-05-21,"51","11  day ahead inc hosp",2022-06-01,"quantile",0.25,101.708458191509
2022-05-21,"51","11  day ahead inc hosp",2022-06-01,"quantile",0.3,107.883957530675
2022-05-21,"51","11  day ahead inc hosp",2022-06-01,"quantile",0.35,113.606478001793
2022-05-21,"51","11  day ahead inc hosp",2022-06-01,"quantile",0.4,119.036590322388
2022-05-21,"51","11  day ahead inc hosp",2022-06-01,"quantile",0.45,124.29028683474
2022-05-21,"51","11  day ahead inc hosp",2022-06-01,"quantile",0.5,129.460687973757
2022-05-21,"51","11  day ahead inc hosp",2022-06-01,"quantile",0.55,134.631089112773
2022-05-21,"51","11  day ahead inc hosp",2022-06-01,"quantile",0.6,139.884785625126
2022-05-21,"51","11  day ahead inc hosp",2022-06-01,"quantile",0.65,145.31489794572
2022-05-21,"51","11  day ahead inc hosp",2022-06-01,"quantile",0.7,151.037418416839
2022-05-21,"51","11  day ahead inc hosp",2022-06-01,"quantile",0.75,157.212917756005
2022-05-21,"51","11  day ahead inc hosp",2022-06-01,"quantile",0.8,164.089629120668
2022-05-21,"51","11  day ahead inc hosp",2022-06-01,"quantile",0.85,172.105276080343
2022-05-21,"51","11  day ahead inc hosp",2022-06-01,"quantile",0.9,182.190790268795
2022-05-21,"51","11  day ahead inc hosp",2022-06-01,"quantile",0.95,197.139041573721
2022-05-21,"51","11  day ahead inc hosp",2022-06-01,"quantile",0.975,210.104420288553
2022-05-21,"51","11  day ahead inc hosp",2022-06-01,"quantile",0.99,225.179475005076
2022-05-21,"51","12  day ahead inc hosp",2022-06-02,"quantile",0.01,29.1255430234834
2022-05-21,"51","12  day ahead inc hosp",2022-06-02,"quantile",0.025,44.6065437551584
2022-05-21,"51","12  day ahead inc hosp",2022-06-02,"quantile",0.05,57.9210584381975
2022-05-21,"51","12  day ahead inc hosp",2022-06-02,"quantile",0.1,73.2718411544411
2022-05-21,"51","12  day ahead inc hosp",2022-06-02,"quantile",0.15,83.6289413750863
2022-05-21,"51","12  day ahead inc hosp",2022-06-02,"quantile",0.2,91.8604363036966
2022-05-21,"51","12  day ahead inc hosp",2022-06-02,"quantile",0.25,98.922326006238
2022-05-21,"51","12  day ahead inc hosp",2022-06-02,"quantile",0.3,105.264121215997
2022-05-21,"51","12  day ahead inc hosp",2022-06-02,"quantile",0.35,111.140739594258
2022-05-21,"51","12  day ahead inc hosp",2022-06-02,"quantile",0.4,116.717075759463
2022-05-21,"51","12  day ahead inc hosp",2022-06-02,"quantile",0.45,122.112245533712
2022-05-21,"51","12  day ahead inc hosp",2022-06-02,"quantile",0.5,127.421876929506
2022-05-21,"51","12  day ahead inc hosp",2022-06-02,"quantile",0.55,132.731508325301
2022-05-21,"51","12  day ahead inc hosp",2022-06-02,"quantile",0.6,138.12667809955
2022-05-21,"51","12  day ahead inc hosp",2022-06-02,"quantile",0.65,143.703014264755
2022-05-21,"51","12  day ahead inc hosp",2022-06-02,"quantile",0.7,149.579632643016
2022-05-21,"51","12  day ahead inc hosp",2022-06-02,"quantile",0.75,155.921427852775
2022-05-21,"51","12  day ahead inc hosp",2022-06-02,"quantile",0.8,162.983317555316
2022-05-21,"51","12  day ahead inc hosp",2022-06-02,"quantile",0.85,171.214812483927
2022-05-21,"51","12  day ahead inc hosp",2022-06-02,"quantile",0.9,181.571912704572
2022-05-21,"51","12  day ahead inc hosp",2022-06-02,"quantile",0.95,196.922695420815
2022-05-21,"51","12  day ahead inc hosp",2022-06-02,"quantile",0.975,210.237210103855
2022-05-21,"51","12  day ahead inc hosp",2022-06-02,"quantile",0.99,225.71821083553
2022-05-21,"51","13  day ahead inc hosp",2022-06-03,"quantile",0.01,22.4634214795912
2022-05-21,"51","13  day ahead inc hosp",2022-06-03,"quantile",0.025,38.4183804375271
2022-05-21,"51","13  day ahead inc hosp",2022-06-03,"quantile",0.05,52.1405253424154
2022-05-21,"51","13  day ahead inc hosp",2022-06-03,"quantile",0.1,67.9612795982263
2022-05-21,"51","13  day ahead inc hosp",2022-06-03,"quantile",0.15,78.6354673854227
2022-05-21,"51","13  day ahead inc hosp",2022-06-03,"quantile",0.2,87.1189734600475
2022-05-21,"51","13  day ahead inc hosp",2022-06-03,"quantile",0.25,94.3970662863714
2022-05-21,"51","13  day ahead inc hosp",2022-06-03,"quantile",0.3,100.933018583325
2022-05-21,"51","13  day ahead inc hosp",2022-06-03,"quantile",0.35,106.989552438063
2022-05-21,"51","13  day ahead inc hosp",2022-06-03,"quantile",0.4,112.736610796472
2022-05-21,"51","13  day ahead inc hosp",2022-06-03,"quantile",0.45,118.296956268397
2022-05-21,"51","13  day ahead inc hosp",2022-06-03,"quantile",0.5,123.769144563585
2022-05-21,"51","13  day ahead inc hosp",2022-06-03,"quantile",0.55,129.241332858773
2022-05-21,"51","13  day ahead inc hosp",2022-06-03,"quantile",0.6,134.801678330698
2022-05-21,"51","13  day ahead inc hosp",2022-06-03,"quantile",0.65,140.548736689106
2022-05-21,"51","13  day ahead inc hosp",2022-06-03,"quantile",0.7,146.605270543844
2022-05-21,"51","13  day ahead inc hosp",2022-06-03,"quantile",0.75,153.141222840798
2022-05-21,"51","13  day ahead inc hosp",2022-06-03,"quantile",0.8,160.419315667122
2022-05-21,"51","13  day ahead inc hosp",2022-06-03,"quantile",0.85,168.902821741746
2022-05-21,"51","13  day ahead inc hosp",2022-06-03,"quantile",0.9,179.577009528943
2022-05-21,"51","13  day ahead inc hosp",2022-06-03,"quantile",0.95,195.397763784754
2022-05-21,"51","13  day ahead inc hosp",2022-06-03,"quantile",0.975,209.119908689642
2022-05-21,"51","13  day ahead inc hosp",2022-06-03,"quantile",0.99,225.074867647578
2022-05-21,"51","14  day ahead inc hosp",2022-06-04,"quantile",0.01,16.0227459587489
2022-05-21,"51","14  day ahead inc hosp",2022-06-04,"quantile",0.025,32.5764135129619
2022-05-21,"51","14  day ahead inc hosp",2022-06-04,"quantile",0.05,46.813480840125
2022-05-21,"51","14  day ahead inc hosp",2022-06-04,"quantile",0.1,63.2279076711844
2022-05-21,"51","14  day ahead inc hosp",2022-06-04,"quantile",0.15,74.3026435264341
2022-05-21,"51","14  day ahead inc hosp",2022-06-04,"quantile",0.2,83.1044925079154
2022-05-21,"51","14  day ahead inc hosp",2022-06-04,"quantile",0.25,90.6556952025323
2022-05-21,"51","14  day ahead inc hosp",2022-06-04,"quantile",0.3,97.4369086020287
2022-05-21,"51","14  day ahead inc hosp",2022-06-04,"quantile",0.35,103.720713419483
2022-05-21,"51","14  day ahead inc hosp",2022-06-04,"quantile",0.4,109.683429696634
2022-05-21,"51","14  day ahead inc hosp",2022-06-04,"quantile",0.45,115.452426700731
2022-05-21,"51","14  day ahead inc hosp",2022-06-04,"quantile",0.5,121.129958436877
2022-05-21,"51","14  day ahead inc hosp",2022-06-04,"quantile",0.55,126.807490173024
2022-05-21,"51","14  day ahead inc hosp",2022-06-04,"quantile",0.6,132.576487177121
2022-05-21,"51","14  day ahead inc hosp",2022-06-04,"quantile",0.65,138.539203454272
2022-05-21,"51","14  day ahead inc hosp",2022-06-04,"quantile",0.7,144.823008271726
2022-05-21,"51","14  day ahead inc hosp",2022-06-04,"quantile",0.75,151.604221671222
2022-05-21,"51","14  day ahead inc hosp",2022-06-04,"quantile",0.8,159.155424365839
2022-05-21,"51","14  day ahead inc hosp",2022-06-04,"quantile",0.85,167.95727334732
2022-05-21,"51","14  day ahead inc hosp",2022-06-04,"quantile",0.9,179.03200920257
2022-05-21,"51","14  day ahead inc hosp",2022-06-04,"quantile",0.95,195.446436033629
2022-05-21,"51","14  day ahead inc hosp",2022-06-04,"quantile",0.975,209.683503360792
2022-05-21,"51","14  day ahead inc hosp",2022-06-04,"quantile",0.99,226.237170915005
2022-05-21,"51","15  day ahead inc hosp",2022-06-05,"quantile",0.01,19.1255611866613
2022-05-21,"51","15  day ahead inc hosp",2022-06-05,"quantile",0.025,36.3536202013081
2022-05-21,"51","15  day ahead inc hosp",2022-06-05,"quantile",0.05,51.170701389183
2022-05-21,"51","15  day ahead inc hosp",2022-06-05,"quantile",0.1,68.2538470552999
2022-05-21,"51","15  day ahead inc hosp",2022-06-05,"quantile",0.15,79.7797643338131
2022-05-21,"51","15  day ahead inc hosp",2022-06-05,"quantile",0.2,88.940198007762
2022-05-21,"51","15  day ahead inc hosp",2022-06-05,"quantile",0.25,96.7990344395298
2022-05-21,"51","15  day ahead inc hosp",2022-06-05,"quantile",0.3,103.856512442808
2022-05-21,"51","15  day ahead inc hosp",2022-06-05,"quantile",0.35,110.396317587322
2022-05-21,"51","15  day ahead inc hosp",2022-06-05,"quantile",0.4,116.601953140527
2022-05-21,"51","15  day ahead inc hosp",2022-06-05,"quantile",0.45,122.605977355487
2022-05-21,"51","15  day ahead inc hosp",2022-06-05,"quantile",0.5,128.514810034863
2022-05-21,"51","15  day ahead inc hosp",2022-06-05,"quantile",0.55,134.42364271424
2022-05-21,"51","15  day ahead inc hosp",2022-06-05,"quantile",0.6,140.4276669292
2022-05-21,"51","15  day ahead inc hosp",2022-06-05,"quantile",0.65,146.633302482405
2022-05-21,"51","15  day ahead inc hosp",2022-06-05,"quantile",0.7,153.173107626919
2022-05-21,"51","15  day ahead inc hosp",2022-06-05,"quantile",0.75,160.230585630197
2022-05-21,"51","15  day ahead inc hosp",2022-06-05,"quantile",0.8,168.089422061965
2022-05-21,"51","15  day ahead inc hosp",2022-06-05,"quantile",0.85,177.249855735914
2022-05-21,"51","15  day ahead inc hosp",2022-06-05,"quantile",0.9,188.775773014427
2022-05-21,"51","15  day ahead inc hosp",2022-06-05,"quantile",0.95,205.858918680544
2022-05-21,"51","15  day ahead inc hosp",2022-06-05,"quantile",0.975,220.675999868419
2022-05-21,"51","15  day ahead inc hosp",2022-06-05,"quantile",0.99,237.904058883066
2022-05-21,"51","16  day ahead inc hosp",2022-06-06,"quantile",0.01,20.1149296420884
2022-05-21,"51","16  day ahead inc hosp",2022-06-06,"quantile",0.025,37.9704989372036
2022-05-21,"51","16  day ahead inc hosp",2022-06-06,"quantile",0.05,53.3272735846855
2022-05-21,"51","16  day ahead inc hosp",2022-06-06,"quantile",0.1,71.0326512456611
2022-05-21,"51","16  day ahead inc hosp",2022-06-06,"quantile",0.15,82.9783854970525
2022-05-21,"51","16  day ahead inc hosp",2022-06-06,"quantile",0.2,92.4724763925762
2022-05-21,"51","16  day ahead inc hosp",2022-06-06,"quantile",0.25,100.617561011053
2022-05-21,"51","16  day ahead inc hosp",2022-06-06,"quantile",0.3,107.932098732867
2022-05-21,"51","16  day ahead inc hosp",2022-06-06,"quantile",0.35,114.710108016162
2022-05-21,"51","16  day ahead inc hosp",2022-06-06,"quantile",0.4,121.141776003036
2022-05-21,"51","16  day ahead inc hosp",2022-06-06,"quantile",0.45,127.364489213423
2022-05-21,"51","16  day ahead inc hosp",2022-06-06,"quantile",0.5,133.488543656825
2022-05-21,"51","16  day ahead inc hosp",2022-06-06,"quantile",0.55,139.612598100228
2022-05-21,"51","16  day ahead inc hosp",2022-06-06,"quantile",0.6,145.835311310615
2022-05-21,"51","16  day ahead inc hosp",2022-06-06,"quantile",0.65,152.266979297489
2022-05-21,"51","16  day ahead inc hosp",2022-06-06,"quantile",0.7,159.044988580784
2022-05-21,"51","16  day ahead inc hosp",2022-06-06,"quantile",0.75,166.359526302598
2022-05-21,"51","16  day ahead inc hosp",2022-06-06,"quantile",0.8,174.504610921075
2022-05-21,"51","16  day ahead inc hosp",2022-06-06,"quantile",0.85,183.998701816598
2022-05-21,"51","16  day ahead inc hosp",2022-06-06,"quantile",0.9,195.94443606799
2022-05-21,"51","16  day ahead inc hosp",2022-06-06,"quantile",0.95,213.649813728965
2022-05-21,"51","16  day ahead inc hosp",2022-06-06,"quantile",0.975,229.006588376447
2022-05-21,"51","16  day ahead inc hosp",2022-06-06,"quantile",0.99,246.862157671563
2022-05-21,"51","17  day ahead inc hosp",2022-06-07,"quantile",0.01,18.9071965978582
2022-05-21,"51","17  day ahead inc hosp",2022-06-07,"quantile",0.025,37.2601216681482
2022-05-21,"51","17  day ahead inc hosp",2022-06-07,"quantile",0.05,53.0446497203379
2022-05-21,"51","17  day ahead inc hosp",2022-06-07,"quantile",0.1,71.24319966195
2022-05-21,"51","17  day ahead inc hosp",2022-06-07,"quantile",0.15,83.5216749097462
2022-05-21,"51","17  day ahead inc hosp",2022-06-07,"quantile",0.2,93.2802178011082
2022-05-21,"51","17  day ahead inc hosp",2022-06-07,"quantile",0.25,101.652178684762
2022-05-21,"51","17  day ahead inc hosp",2022-06-07,"quantile",0.3,109.170458304611
2022-05-21,"51","17  day ahead inc hosp",2022-06-07,"quantile",0.35,116.137264820048
2022-05-21,"51","17  day ahead inc hosp",2022-06-07,"quantile",0.4,122.748082917702
2022-05-21,"51","17  day ahead inc hosp",2022-06-07,"quantile",0.45,129.144125933558
2022-05-21,"51","17  day ahead inc hosp",2022-06-07,"quantile",0.5,135.438762103847
2022-05-21,"51","17  day ahead inc hosp",2022-06-07,"quantile",0.55,141.733398274136
2022-05-21,"51","17  day ahead inc hosp",2022-06-07,"quantile",0.6,148.129441289992
2022-05-21,"51","17  day ahead inc hosp",2022-06-07,"quantile",0.65,154.740259387647
2022-05-21,"51","17  day ahead inc hosp",2022-06-07,"quantile",0.7,161.707065903083
2022-05-21,"51","17  day ahead inc hosp",2022-06-07,"quantile",0.75,169.225345522933
2022-05-21,"51","17  day ahead inc hosp",2022-06-07,"quantile",0.8,177.597306406586
2022-05-21,"51","17  day ahead inc hosp",2022-06-07,"quantile",0.85,187.355849297948
2022-05-21,"51","17  day ahead inc hosp",2022-06-07,"quantile",0.9,199.634324545744
2022-05-21,"51","17  day ahead inc hosp",2022-06-07,"quantile",0.95,217.832874487356
2022-05-21,"51","17  day ahead inc hosp",2022-06-07,"quantile",0.975,233.617402539546
2022-05-21,"51","17  day ahead inc hosp",2022-06-07,"quantile",0.99,251.970327609836
2022-05-21,"51","18  day ahead inc hosp",2022-06-08,"quantile",0.01,17.6583453573171
2022-05-21,"51","18  day ahead inc hosp",2022-06-08,"quantile",0.025,36.3932042211647
2022-05-21,"51","18  day ahead inc hosp",2022-06-08,"quantile",0.05,52.5062164062868
2022-05-21,"51","18  day ahead inc hosp",2022-06-08,"quantile",0.1,71.0834875157687
2022-05-21,"51","18  day ahead inc hosp",2022-06-08,"quantile",0.15,83.6174841375438
2022-05-21,"51","18  day ahead inc hosp",2022-06-08,"quantile",0.2,93.5791073167519
2022-05-21,"51","18  day ahead inc hosp",2022-06-08,"quantile",0.25,102.125293004766
2022-05-21,"51","18  day ahead inc hosp",2022-06-08,"quantile",0.3,109.800031883575
2022-05-21,"51","18  day ahead inc hosp",2022-06-08,"quantile",0.35,116.911821219528
2022-05-21,"51","18  day ahead inc hosp",2022-06-08,"quantile",0.4,123.660213835952
2022-05-21,"51","18  day ahead inc hosp",2022-06-08,"quantile",0.45,130.189361790854
2022-05-21,"51","18  day ahead inc hosp",2022-06-08,"quantile",0.5,136.614992571668
2022-05-21,"51","18  day ahead inc hosp",2022-06-08,"quantile",0.55,143.040623352483
2022-05-21,"51","18  day ahead inc hosp",2022-06-08,"quantile",0.6,149.569771307385
2022-05-21,"51","18  day ahead inc hosp",2022-06-08,"quantile",0.65,156.318163923809
2022-05-21,"51","18  day ahead inc hosp",2022-06-08,"quantile",0.7,163.429953259762
2022-05-21,"51","18  day ahead inc hosp",2022-06-08,"quantile",0.75,171.104692138571
2022-05-21,"51","18  day ahead inc hosp",2022-06-08,"quantile",0.8,179.650877826585
2022-05-21,"51","18  day ahead inc hosp",2022-06-08,"quantile",0.85,189.612501005793
2022-05-21,"51","18  day ahead inc hosp",2022-06-08,"quantile",0.9,202.146497627568
2022-05-21,"51","18  day ahead inc hosp",2022-06-08,"quantile",0.95,220.72376873705
2022-05-21,"51","18  day ahead inc hosp",2022-06-08,"quantile",0.975,236.836780922172
2022-05-21,"51","18  day ahead inc hosp",2022-06-08,"quantile",0.99,255.571639786019
2022-05-21,"51","19  day ahead inc hosp",2022-06-09,"quantile",0.01,15.4622872440683
2022-05-21,"51","19  day ahead inc hosp",2022-06-09,"quantile",0.025,34.5394707980932
2022-05-21,"51","19  day ahead inc hosp",2022-06-09,"quantile",0.05,50.9469011020909
2022-05-21,"51","19  day ahead inc hosp",2022-06-09,"quantile",0.1,69.8636174469552
2022-05-21,"51","19  day ahead inc hosp",2022-06-09,"quantile",0.15,82.6266361575229
2022-05-21,"51","19  day ahead inc hosp",2022-06-09,"quantile",0.2,92.7702788327553
2022-05-21,"51","19  day ahead inc hosp",2022-06-09,"quantile",0.25,101.472621041035
2022-05-21,"51","19  day ahead inc hosp",2022-06-09,"quantile",0.3,109.287593301262
2022-05-21,"51","19  day ahead inc hosp",2022-06-09,"quantile",0.35,116.529329764052
2022-05-21,"51","19  day ahead inc hosp",2022-06-09,"quantile",0.4,123.401029496286
2022-05-21,"51","19  day ahead inc hosp",2022-06-09,"quantile",0.45,130.049478512756
2022-05-21,"51","19  day ahead inc hosp",2022-06-09,"quantile",0.5,136.59251888188
2022-05-21,"51","19  day ahead inc hosp",2022-06-09,"quantile",0.55,143.135559251003
2022-05-21,"51","19  day ahead inc hosp",2022-06-09,"quantile",0.6,149.784008267473
2022-05-21,"51","19  day ahead inc hosp",2022-06-09,"quantile",0.65,156.655707999707
2022-05-21,"51","19  day ahead inc hosp",2022-06-09,"quantile",0.7,163.897444462497
2022-05-21,"51","19  day ahead inc hosp",2022-06-09,"quantile",0.75,171.712416722724
2022-05-21,"51","19  day ahead inc hosp",2022-06-09,"quantile",0.8,180.414758931004
2022-05-21,"51","19  day ahead inc hosp",2022-06-09,"quantile",0.85,190.558401606236
2022-05-21,"51","19  day ahead inc hosp",2022-06-09,"quantile",0.9,203.321420316804
2022-05-21,"51","19  day ahead inc hosp",2022-06-09,"quantile",0.95,222.238136661668
2022-05-21,"51","19  day ahead inc hosp",2022-06-09,"quantile",0.975,238.645566965666
2022-05-21,"51","19  day ahead inc hosp",2022-06-09,"quantile",0.99,257.722750519691
2022-05-21,"51","20  day ahead inc hosp",2022-06-10,"quantile",0.01,12.3617320909193
2022-05-21,"51","20  day ahead inc hosp",2022-06-10,"quantile",0.025,31.8241372586065
2022-05-21,"51","20  day ahead inc hosp",2022-06-10,"quantile",0.05,48.5628794022088
2022-05-21,"51","20  day ahead inc hosp",2022-06-10,"quantile",0.1,67.8615770796385
2022-05-21,"51","20  day ahead inc hosp",2022-06-10,"quantile",0.15,80.8823167818275
2022-05-21,"51","20  day ahead inc hosp",2022-06-10,"quantile",0.2,91.230787931279
2022-05-21,"51","20  day ahead inc hosp",2022-06-10,"quantile",0.25,100.108854732165
2022-05-21,"51","20  day ahead inc hosp",2022-06-10,"quantile",0.3,108.081633107551
2022-05-21,"51","20  day ahead inc hosp",2022-06-10,"quantile",0.35,115.469600453846
2022-05-21,"51","20  day ahead inc hosp",2022-06-10,"quantile",0.4,122.480058994578
2022-05-21,"51","20  day ahead inc hosp",2022-06-10,"quantile",0.45,129.262758764112
2022-05-21,"51","20  day ahead inc hosp",2022-06-10,"quantile",0.5,135.937921391331
2022-05-21,"51","20  day ahead inc hosp",2022-06-10,"quantile",0.55,142.61308401855
2022-05-21,"51","20  day ahead inc hosp",2022-06-10,"quantile",0.6,149.395783788084
2022-05-21,"51","20  day ahead inc hosp",2022-06-10,"quantile",0.65,156.406242328817
2022-05-21,"51","20  day ahead inc hosp",2022-06-10,"quantile",0.7,163.794209675112
2022-05-21,"51","20  day ahead inc hosp",2022-06-10,"quantile",0.75,171.766988050497
2022-05-21,"51","20  day ahead inc hosp",2022-06-10,"quantile",0.8,180.645054851383
2022-05-21,"51","20  day ahead inc hosp",2022-06-10,"quantile",0.85,190.993526000835
2022-05-21,"51","20  day ahead inc hosp",2022-06-10,"quantile",0.9,204.014265703024
2022-05-21,"51","20  day ahead inc hosp",2022-06-10,"quantile",0.95,223.312963380454
2022-05-21,"51","20  day ahead inc hosp",2022-06-10,"quantile",0.975,240.051705524056
2022-05-21,"51","20  day ahead inc hosp",2022-06-10,"quantile",0.99,259.514110691743
2022-05-21,"51","21  day ahead inc hosp",2022-06-11,"quantile",0.01,7.41560315676742
2022-05-21,"51","21  day ahead inc hosp",2022-06-11,"quantile",0.025,27.353924797172
2022-05-21,"51","21  day ahead inc hosp",2022-06-11,"quantile",0.05,44.5019813626083
2022-05-21,"51","21  day ahead inc hosp",2022-06-11,"quantile",0.1,64.2725923543251
2022-05-21,"51","21  day ahead inc hosp",2022-06-11,"quantile",0.15,77.6117297292503
2022-05-21,"51","21  day ahead inc hosp",2022-06-11,"quantile",0.2,88.2132532555808
2022-05-21,"51","21  day ahead inc hosp",2022-06-11,"quantile",0.25,97.3084164636182
2022-05-21,"51","21  day ahead inc hosp",2022-06-11,"quantile",0.3,105.476154122272
2022-05-21,"51","21  day ahead inc hosp",2022-06-11,"quantile",0.35,113.044780299257
2022-05-21,"51","21  day ahead inc hosp",2022-06-11,"quantile",0.4,120.226666403648
2022-05-21,"51","21  day ahead inc hosp",2022-06-11,"quantile",0.45,127.175224324937
2022-05-21,"51","21  day ahead inc hosp",2022-06-11,"quantile",0.5,134.013615485577
2022-05-21,"51","21  day ahead inc hosp",2022-06-11,"quantile",0.55,140.852006646216
2022-05-21,"51","21  day ahead inc hosp",2022-06-11,"quantile",0.6,147.800564567505
2022-05-21,"51","21  day ahead inc hosp",2022-06-11,"quantile",0.65,154.982450671896
2022-05-21,"51","21  day ahead inc hosp",2022-06-11,"quantile",0.7,162.551076848881
2022-05-21,"51","21  day ahead inc hosp",2022-06-11,"quantile",0.75,170.718814507535
2022-05-21,"51","21  day ahead inc hosp",2022-06-11,"quantile",0.8,179.813977715573
2022-05-21,"51","21  day ahead inc hosp",2022-06-11,"quantile",0.85,190.415501241903
2022-05-21,"51","21  day ahead inc hosp",2022-06-11,"quantile",0.9,203.754638616828
2022-05-21,"51","21  day ahead inc hosp",2022-06-11,"quantile",0.95,223.525249608545
2022-05-21,"51","21  day ahead inc hosp",2022-06-11,"quantile",0.975,240.673306173981
2022-05-21,"51","21  day ahead inc hosp",2022-06-11,"quantile",0.99,260.611627814386
2022-05-21,"51","22  day ahead inc hosp",2022-06-12,"quantile",0.01,12.9327641454191
2022-05-21,"51","22  day ahead inc hosp",2022-06-12,"quantile",0.025,33.62438694085
2022-05-21,"51","22  day ahead inc hosp",2022-06-12,"quantile",0.05,51.4203240576273
2022-05-21,"51","22  day ahead inc hosp",2022-06-12,"quantile",0.1,71.9378998322502
2022-05-21,"51","22  day ahead inc hosp",2022-06-12,"quantile",0.15,85.7810107999788
2022-05-21,"51","22  day ahead inc hosp",2022-06-12,"quantile",0.2,96.7830765615814
2022-05-21,"51","22  day ahead inc hosp",2022-06-12,"quantile",0.25,106.221869342526
2022-05-21,"51","22  day ahead inc hosp",2022-06-12,"quantile",0.3,114.698196977968
2022-05-21,"51","22  day ahead inc hosp",2022-06-12,"quantile",0.35,122.552777757547
2022-05-21,"51","22  day ahead inc hosp",2022-06-12,"quantile",0.4,130.006006816239
2022-05-21,"51","22  day ahead inc hosp",2022-06-12,"quantile",0.45,137.217092186041
2022-05-21,"51","22  day ahead inc hosp",2022-06-12,"quantile",0.5,144.31384852168
2022-05-21,"51","22  day ahead inc hosp",2022-06-12,"quantile",0.55,151.41060485732
2022-05-21,"51","22  day ahead inc hosp",2022-06-12,"quantile",0.6,158.621690227121
2022-05-21,"51","22  day ahead inc hosp",2022-06-12,"quantile",0.65,166.074919285813
2022-05-21,"51","22  day ahead inc hosp",2022-06-12,"quantile",0.7,173.929500065393
2022-05-21,"51","22  day ahead inc hosp",2022-06-12,"quantile",0.75,182.405827700835
2022-05-21,"51","22  day ahead inc hosp",2022-06-12,"quantile",0.8,191.844620481779
2022-05-21,"51","22  day ahead inc hosp",2022-06-12,"quantile",0.85,202.846686243382
2022-05-21,"51","22  day ahead inc hosp",2022-06-12,"quantile",0.9,216.68979721111
2022-05-21,"51","22  day ahead inc hosp",2022-06-12,"quantile",0.95,237.207372985733
2022-05-21,"51","22  day ahead inc hosp",2022-06-12,"quantile",0.975,255.003310102511
2022-05-21,"51","22  day ahead inc hosp",2022-06-12,"quantile",0.99,275.694932897941
2022-05-21,"51","23  day ahead inc hosp",2022-06-13,"quantile",0.01,10.5099179783541
2022-05-21,"51","23  day ahead inc hosp",2022-06-13,"quantile",0.025,31.8500759720129
2022-05-21,"51","23  day ahead inc hosp",2022-06-13,"quantile",0.05,50.2037891375702
2022-05-21,"51","23  day ahead inc hosp",2022-06-13,"quantile",0.1,71.3644449742889
2022-05-21,"51","23  day ahead inc hosp",2022-06-13,"quantile",0.15,85.6414390068842
2022-05-21,"51","23  day ahead inc hosp",2022-06-13,"quantile",0.2,96.9883412740698
2022-05-21,"51","23  day ahead inc hosp",2022-06-13,"quantile",0.25,106.722973071979
2022-05-21,"51","23  day ahead inc hosp",2022-06-13,"quantile",0.3,115.464973287946
2022-05-21,"51","23  day ahead inc hosp",2022-06-13,"quantile",0.35,123.565739306511
2022-05-21,"51","23  day ahead inc hosp",2022-06-13,"quantile",0.4,131.252574082492
2022-05-21,"51","23  day ahead inc hosp",2022-06-13,"quantile",0.45,138.689675687269
2022-05-21,"51","23  day ahead inc hosp",2022-06-13,"quantile",0.5,146.008864855867
2022-05-21,"51","23  day ahead inc hosp",2022-06-13,"quantile",0.55,153.328054024466
2022-05-21,"51","23  day ahead inc hosp",2022-06-13,"quantile",0.6,160.765155629242
2022-05-21,"51","23  day ahead inc hosp",2022-06-13,"quantile",0.65,168.451990405224
2022-05-21,"51","23  day ahead inc hosp",2022-06-13,"quantile",0.7,176.552756423789
2022-05-21,"51","23  day ahead inc hosp",2022-06-13,"quantile",0.75,185.294756639755
2022-05-21,"51","23  day ahead inc hosp",2022-06-13,"quantile",0.8,195.029388437665
2022-05-21,"51","23  day ahead inc hosp",2022-06-13,"quantile",0.85,206.37629070485
2022-05-21,"51","23  day ahead inc hosp",2022-06-13,"quantile",0.9,220.653284737446
2022-05-21,"51","23  day ahead inc hosp",2022-06-13,"quantile",0.95,241.813940574164
2022-05-21,"51","23  day ahead inc hosp",2022-06-13,"quantile",0.975,260.167653739722
2022-05-21,"51","23  day ahead inc hosp",2022-06-13,"quantile",0.99,281.507811733381
2022-05-21,"51","24  day ahead inc hosp",2022-06-14,"quantile",0.01,10.8305699602513
2022-05-21,"51","24  day ahead inc hosp",2022-06-14,"quantile",0.025,32.6862677366566
2022-05-21,"51","24  day ahead inc hosp",2022-06-14,"quantile",0.05,51.4833735566063
2022-05-21,"51","24  day ahead inc hosp",2022-06-14,"quantile",0.1,73.1552327272496
2022-05-21,"51","24  day ahead inc hosp",2022-06-14,"quantile",0.15,87.7771332223005
2022-05-21,"51","24  day ahead inc hosp",2022-06-14,"quantile",0.2,99.3981562120885
2022-05-21,"51","24  day ahead inc hosp",2022-06-14,"quantile",0.25,109.367959181819
2022-05-21,"51","24  day ahead inc hosp",2022-06-14,"quantile",0.3,118.321150378351
2022-05-21,"51","24  day ahead inc hosp",2022-06-14,"quantile",0.35,126.617616314158
2022-05-21,"51","24  day ahead inc hosp",2022-06-14,"quantile",0.4,134.490151174066
2022-05-21,"51","24  day ahead inc hosp",2022-06-14,"quantile",0.45,142.10691975913
2022-05-21,"51","24  day ahead inc hosp",2022-06-14,"quantile",0.5,149.602927355923
2022-05-21,"51","24  day ahead inc hosp",2022-06-14,"quantile",0.55,157.098934952716
2022-05-21,"51","24  day ahead inc hosp",2022-06-14,"quantile",0.6,164.715703537781
2022-05-21,"51","24  day ahead inc hosp",2022-06-14,"quantile",0.65,172.588238397688
2022-05-21,"51","24  day ahead inc hosp",2022-06-14,"quantile",0.7,180.884704333495
2022-05-21,"51","24  day ahead inc hosp",2022-06-14,"quantile",0.75,189.837895530027
2022-05-21,"51","24  day ahead inc hosp",2022-06-14,"quantile",0.8,199.807698499758
2022-05-21,"51","24  day ahead inc hosp",2022-06-14,"quantile",0.85,211.428721489546
2022-05-21,"51","24  day ahead inc hosp",2022-06-14,"quantile",0.9,226.050621984597
2022-05-21,"51","24  day ahead inc hosp",2022-06-14,"quantile",0.95,247.72248115524
2022-05-21,"51","24  day ahead inc hosp",2022-06-14,"quantile",0.975,266.51958697519
2022-05-21,"51","24  day ahead inc hosp",2022-06-14,"quantile",0.99,288.375284751595
2022-05-21,"51","25  day ahead inc hosp",2022-06-15,"quantile",0.01,10.0957837700383
2022-05-21,"51","25  day ahead inc hosp",2022-06-15,"quantile",0.025,32.3677151191246
2022-05-21,"51","25  day ahead inc hosp",2022-06-15,"quantile",0.05,51.5228047742986
2022-05-21,"51","25  day ahead inc hosp",2022-06-15,"quantile",0.1,73.6073963802786
2022-05-21,"51","25  day ahead inc hosp",2022-06-15,"quantile",0.15,88.5077654899995
2022-05-21,"51","25  day ahead inc hosp",2022-06-15,"quantile",0.2,100.350106507092
2022-05-21,"51","25  day ahead inc hosp",2022-06-15,"quantile",0.25,110.50978063772
2022-05-21,"51","25  day ahead inc hosp",2022-06-15,"quantile",0.3,119.633482004953
2022-05-21,"51","25  day ahead inc hosp",2022-06-15,"quantile",0.35,128.087951025008
2022-05-21,"51","25  day ahead inc hosp",2022-06-15,"quantile",0.4,136.110415360713
2022-05-21,"51","25  day ahead inc hosp",2022-06-15,"quantile",0.45,143.872242448731
2022-05-21,"51","25  day ahead inc hosp",2022-06-15,"quantile",0.5,151.511008700716
2022-05-21,"51","25  day ahead inc hosp",2022-06-15,"quantile",0.55,159.149774952702
2022-05-21,"51","25  day ahead inc hosp",2022-06-15,"quantile",0.6,166.91160204072
2022-05-21,"51","25  day ahead inc hosp",2022-06-15,"quantile",0.65,174.934066376425
2022-05-21,"51","25  day ahead inc hosp",2022-06-15,"quantile",0.7,183.38853539648
2022-05-21,"51","25  day ahead inc hosp",2022-06-15,"quantile",0.75,192.512236763713
2022-05-21,"51","25  day ahead inc hosp",2022-06-15,"quantile",0.8,202.67191089434
2022-05-21,"51","25  day ahead inc hosp",2022-06-15,"quantile",0.85,214.514251911433
2022-05-21,"51","25  day ahead inc hosp",2022-06-15,"quantile",0.9,229.414621021154
2022-05-21,"51","25  day ahead inc hosp",2022-06-15,"quantile",0.95,251.499212627134
2022-05-21,"51","25  day ahead inc hosp",2022-06-15,"quantile",0.975,270.654302282308
2022-05-21,"51","25  day ahead inc hosp",2022-06-15,"quantile",0.99,292.926233631395
2022-05-21,"51","26  day ahead inc hosp",2022-06-16,"quantile",0.01,6.61767137722853
2022-05-21,"51","26  day ahead inc hosp",2022-06-16,"quantile",0.025,29.260027835302
2022-05-21,"51","26  day ahead inc hosp",2022-06-16,"quantile",0.05,48.7337035197683
2022-05-21,"51","26  day ahead inc hosp",2022-06-16,"quantile",0.1,71.1856044140339
2022-05-21,"51","26  day ahead inc hosp",2022-06-16,"quantile",0.15,86.3337953567564
2022-05-21,"51","26  day ahead inc hosp",2022-06-16,"quantile",0.2,98.3730973106071
2022-05-21,"51","26  day ahead inc hosp",2022-06-16,"quantile",0.25,108.701746387238
2022-05-21,"51","26  day ahead inc hosp",2022-06-16,"quantile",0.3,117.977192478373
2022-05-21,"51","26  day ahead inc hosp",2022-06-16,"quantile",0.35,126.572275599608
2022-05-21,"51","26  day ahead inc hosp",2022-06-16,"quantile",0.4,134.728168966649
2022-05-21,"51","26  day ahead inc hosp",2022-06-16,"quantile",0.45,142.619090186646
2022-05-21,"51","26  day ahead inc hosp",2022-06-16,"quantile",0.5,150.384903831921
2022-05-21,"51","26  day ahead inc hosp",2022-06-16,"quantile",0.55,158.150717477196
2022-05-21,"51","26  day ahead inc hosp",2022-06-16,"quantile",0.6,166.041638697193
2022-05-21,"51","26  day ahead inc hosp",2022-06-16,"quantile",0.65,174.197532064235
2022-05-21,"51","26  day ahead inc hosp",2022-06-16,"quantile",0.7,182.79261518547
2022-05-21,"51","26  day ahead inc hosp",2022-06-16,"quantile",0.75,192.068061276604
2022-05-21,"51","26  day ahead inc hosp",2022-06-16,"quantile",0.8,202.396710353235
2022-05-21,"51","26  day ahead inc hosp",2022-06-16,"quantile",0.85,214.436012307086
2022-05-21,"51","26  day ahead inc hosp",2022-06-16,"quantile",0.9,229.584203249808
2022-05-21,"51","26  day ahead inc hosp",2022-06-16,"quantile",0.95,252.036104144074
2022-05-21,"51","26  day ahead inc hosp",2022-06-16,"quantile",0.975,271.50977982854
2022-05-21,"51","26  day ahead inc hosp",2022-06-16,"quantile",0.99,294.152136286614
2022-05-21,"51","27  day ahead inc hosp",2022-06-17,"quantile",0.01,2.6181811646168
2022-05-21,"51","27  day ahead inc hosp",2022-06-17,"quantile",0.025,25.6667894975986
2022-05-21,"51","27  day ahead inc hosp",2022-06-17,"quantile",0.05,45.4898642065357
2022-05-21,"51","27  day ahead inc hosp",2022-06-17,"quantile",0.1,68.3445997991438
2022-05-21,"51","27  day ahead inc hosp",2022-06-17,"quantile",0.15,83.764581400376
2022-05-21,"51","27  day ahead inc hosp",2022-06-17,"quantile",0.2,96.019893953671
2022-05-21,"51","27  day ahead inc hosp",2022-06-17,"quantile",0.25,106.533860890677
2022-05-21,"51","27  day ahead inc hosp",2022-06-17,"quantile",0.3,115.975728147917
2022-05-21,"51","27  day ahead inc hosp",2022-06-17,"quantile",0.35,124.725025281261
2022-05-21,"51","27  day ahead inc hosp",2022-06-17,"quantile",0.4,133.027252665172
2022-05-21,"51","27  day ahead inc hosp",2022-06-17,"quantile",0.45,141.05975374
2022-05-21,"51","27  day ahead inc hosp",2022-06-17,"quantile",0.5,148.964902544998
2022-05-21,"51","27  day ahead inc hosp",2022-06-17,"quantile",0.55,156.870051349996
2022-05-21,"51","27  day ahead inc hosp",2022-06-17,"quantile",0.6,164.902552424825
2022-05-21,"51","27  day ahead inc hosp",2022-06-17,"quantile",0.65,173.204779808736
2022-05-21,"51","27  day ahead inc hosp",2022-06-17,"quantile",0.7,181.95407694208
2022-05-21,"51","27  day ahead inc hosp",2022-06-17,"quantile",0.75,191.39594419932
2022-05-21,"51","27  day ahead inc hosp",2022-06-17,"quantile",0.8,201.909911136325
2022-05-21,"51","27  day ahead inc hosp",2022-06-17,"quantile",0.85,214.16522368962
2022-05-21,"51","27  day ahead inc hosp",2022-06-17,"quantile",0.9,229.585205290853
2022-05-21,"51","27  day ahead inc hosp",2022-06-17,"quantile",0.95,252.439940883461
2022-05-21,"51","27  day ahead inc hosp",2022-06-17,"quantile",0.975,272.263015592398
2022-05-21,"51","27  day ahead inc hosp",2022-06-17,"quantile",0.99,295.31162392538
2022-05-21,"51","28  day ahead inc hosp",2022-06-18,"quantile",0.01,0
2022-05-21,"51","28  day ahead inc hosp",2022-06-18,"quantile",0.025,20.1297471690332
2022-05-21,"51","28  day ahead inc hosp",2022-06-18,"quantile",0.05,40.3774800718354
2022-05-21,"51","28  day ahead inc hosp",2022-06-18,"quantile",0.1,63.7218193652079
2022-05-21,"51","28  day ahead inc hosp",2022-06-18,"quantile",0.15,79.4721342589469
2022-05-21,"51","28  day ahead inc hosp",2022-06-18,"quantile",0.2,91.9899852413479
2022-05-21,"51","28  day ahead inc hosp",2022-06-18,"quantile",0.25,102.729186773662
2022-05-21,"51","28  day ahead inc hosp",2022-06-18,"quantile",0.3,112.373321658656
2022-05-21,"51","28  day ahead inc hosp",2022-06-18,"quantile",0.35,121.310049893017
2022-05-21,"51","28  day ahead inc hosp",2022-06-18,"quantile",0.4,129.790131062865
2022-05-21,"51","28  day ahead inc hosp",2022-06-18,"quantile",0.45,137.994707733874
2022-05-21,"51","28  day ahead inc hosp",2022-06-18,"quantile",0.5,146.069203941485
2022-05-21,"51","28  day ahead inc hosp",2022-06-18,"quantile",0.55,154.143700149096
2022-05-21,"51","28  day ahead inc hosp",2022-06-18,"quantile",0.6,162.348276820104
2022-05-21,"51","28  day ahead inc hosp",2022-06-18,"quantile",0.65,170.828357989953
2022-05-21,"51","28  day ahead inc hosp",2022-06-18,"quantile",0.7,179.765086224314
2022-05-21,"51","28  day ahead inc hosp",2022-06-18,"quantile",0.75,189.409221109308
2022-05-21,"51","28  day ahead inc hosp",2022-06-18,"quantile",0.8,200.148422641622
2022-05-21,"51","28  day ahead inc hosp",2022-06-18,"quantile",0.85,212.666273624023
2022-05-21,"51","28  day ahead inc hosp",2022-06-18,"quantile",0.9,228.416588517762
2022-05-21,"51","28  day ahead inc hosp",2022-06-18,"quantile",0.95,251.760927811134
2022-05-21,"51","28  day ahead inc hosp",2022-06-18,"quantile",0.975,272.008660713936
2022-05-21,"51","28  day ahead inc hosp",2022-06-18,"quantile",0.99,295.551025970579
2022-05-21,"51","29  day ahead inc hosp",2022-06-19,"quantile",0.01,0
2022-05-21,"51","29  day ahead inc hosp",2022-06-19,"quantile",0.025,19.9469814337155
2022-05-21,"51","29  day ahead inc hosp",2022-06-19,"quantile",0.05,40.6770037288082
2022-05-21,"51","29  day ahead inc hosp",2022-06-19,"quantile",0.1,64.5773918038033
2022-05-21,"51","29  day ahead inc hosp",2022-06-19,"quantile",0.15,80.7028701706556
2022-05-21,"51","29  day ahead inc hosp",2022-06-19,"quantile",0.2,93.5188891885629
2022-05-21,"51","29  day ahead inc hosp",2022-06-19,"quantile",0.25,104.513892345956
2022-05-21,"51","29  day ahead inc hosp",2022-06-19,"quantile",0.3,114.387744996153
2022-05-21,"51","29  day ahead inc hosp",2022-06-19,"quantile",0.35,123.537340974764
2022-05-21,"51","29  day ahead inc hosp",2022-06-19,"quantile",0.4,132.219412817525
2022-05-21,"51","29  day ahead inc hosp",2022-06-19,"quantile",0.45,140.619417802195
2022-05-21,"51","29  day ahead inc hosp",2022-06-19,"quantile",0.5,148.886243881388
2022-05-21,"51","29  day ahead inc hosp",2022-06-19,"quantile",0.55,157.153069960581
2022-05-21,"51","29  day ahead inc hosp",2022-06-19,"quantile",0.6,165.553074945251
2022-05-21,"51","29  day ahead inc hosp",2022-06-19,"quantile",0.65,174.235146788012
2022-05-21,"51","29  day ahead inc hosp",2022-06-19,"quantile",0.7,183.384742766623
2022-05-21,"51","29  day ahead inc hosp",2022-06-19,"quantile",0.75,193.25859541682
2022-05-21,"51","29  day ahead inc hosp",2022-06-19,"quantile",0.8,204.253598574213
2022-05-21,"51","29  day ahead inc hosp",2022-06-19,"quantile",0.85,217.06961759212
2022-05-21,"51","29  day ahead inc hosp",2022-06-19,"quantile",0.9,233.195095958973
2022-05-21,"51","29  day ahead inc hosp",2022-06-19,"quantile",0.95,257.095484033968
2022-05-21,"51","29  day ahead inc hosp",2022-06-19,"quantile",0.975,277.82550632906
2022-05-21,"51","29  day ahead inc hosp",2022-06-19,"quantile",0.99,301.928637232268
2022-05-21,"51","30  day ahead inc hosp",2022-06-20,"quantile",0.01,0
2022-05-21,"51","30  day ahead inc hosp",2022-06-20,"quantile",0.025,19.1608316273972
2022-05-21,"51","30  day ahead inc hosp",2022-06-20,"quantile",0.05,40.3618628652759
2022-05-21,"51","30  day ahead inc hosp",2022-06-20,"quantile",0.1,64.8052940860587
2022-05-21,"51","30  day ahead inc hosp",2022-06-20,"quantile",0.15,81.2971610852709
2022-05-21,"51","30  day ahead inc hosp",2022-06-20,"quantile",0.2,94.4043741734218
2022-05-21,"51","30  day ahead inc hosp",2022-06-20,"quantile",0.25,105.649195914672
2022-05-21,"51","30  day ahead inc hosp",2022-06-20,"quantile",0.3,115.747393374141
2022-05-21,"51","30  day ahead inc hosp",2022-06-20,"quantile",0.35,125.104878252603
2022-05-21,"51","30  day ahead inc hosp",2022-06-20,"quantile",0.4,133.984216331822
2022-05-21,"51","30  day ahead inc hosp",2022-06-20,"quantile",0.45,142.575078683209
2022-05-21,"51","30  day ahead inc hosp",2022-06-20,"quantile",0.5,151.029736157676
2022-05-21,"51","30  day ahead inc hosp",2022-06-20,"quantile",0.55,159.484393632143
2022-05-21,"51","30  day ahead inc hosp",2022-06-20,"quantile",0.6,168.07525598353
2022-05-21,"51","30  day ahead inc hosp",2022-06-20,"quantile",0.65,176.95459406275
2022-05-21,"51","30  day ahead inc hosp",2022-06-20,"quantile",0.7,186.312078941212
2022-05-21,"51","30  day ahead inc hosp",2022-06-20,"quantile",0.75,196.410276400681
2022-05-21,"51","30  day ahead inc hosp",2022-06-20,"quantile",0.8,207.655098141931
2022-05-21,"51","30  day ahead inc hosp",2022-06-20,"quantile",0.85,220.762311230082
2022-05-21,"51","30  day ahead inc hosp",2022-06-20,"quantile",0.9,237.254178229294
2022-05-21,"51","30  day ahead inc hosp",2022-06-20,"quantile",0.95,261.697609450077
2022-05-21,"51","30  day ahead inc hosp",2022-06-20,"quantile",0.975,282.898640687955
2022-05-21,"51","30  day ahead inc hosp",2022-06-20,"quantile",0.99,307.549421277349
2022-05-21,"51","31  day ahead inc hosp",2022-06-21,"quantile",0.01,0
2022-05-21,"51","31  day ahead inc hosp",2022-06-21,"quantile",0.025,18.9420953945915
2022-05-21,"51","31  day ahead inc hosp",2022-06-21,"quantile",0.05,40.5425911843703
2022-05-21,"51","31  day ahead inc hosp",2022-06-21,"quantile",0.1,65.4465794502305
2022-05-21,"51","31  day ahead inc hosp",2022-06-21,"quantile",0.15,82.249182101257
2022-05-21,"51","31  day ahead inc hosp",2022-06-21,"quantile",0.2,95.6033580349492
2022-05-21,"51","31  day ahead inc hosp",2022-06-21,"quantile",0.25,107.060051907685
2022-05-21,"51","31  day ahead inc hosp",2022-06-21,"quantile",0.3,117.348517089412
2022-05-21,"51","31  day ahead inc hosp",2022-06-21,"quantile",0.35,126.882313368105
2022-05-21,"51","31  day ahead inc hosp",2022-06-21,"quantile",0.4,135.928953724613
2022-05-21,"51","31  day ahead inc hosp",2022-06-21,"quantile",0.45,144.681682965452
2022-05-21,"51","31  day ahead inc hosp",2022-06-21,"quantile",0.5,153.295640990992
2022-05-21,"51","31  day ahead inc hosp",2022-06-21,"quantile",0.55,161.909599016532
2022-05-21,"51","31  day ahead inc hosp",2022-06-21,"quantile",0.6,170.66232825737
2022-05-21,"51","31  day ahead inc hosp",2022-06-21,"quantile",0.65,179.708968613878
2022-05-21,"51","31  day ahead inc hosp",2022-06-21,"quantile",0.7,189.242764892571
2022-05-21,"51","31  day ahead inc hosp",2022-06-21,"quantile",0.75,199.531230074298
2022-05-21,"51","31  day ahead inc hosp",2022-06-21,"quantile",0.8,210.987923947034
2022-05-21,"51","31  day ahead inc hosp",2022-06-21,"quantile",0.85,224.342099880726
2022-05-21,"51","31  day ahead inc hosp",2022-06-21,"quantile",0.9,241.144702531753
2022-05-21,"51","31  day ahead inc hosp",2022-06-21,"quantile",0.95,266.048690797613
2022-05-21,"51","31  day ahead inc hosp",2022-06-21,"quantile",0.975,287.649186587392
2022-05-21,"51","31  day ahead inc hosp",2022-06-21,"quantile",0.99,312.76443104704
2022-05-21,"51","32  day ahead inc hosp",2022-06-22,"quantile",0.01,0
2022-05-21,"51","32  day ahead inc hosp",2022-06-22,"quantile",0.025,18.4162005365557
2022-05-21,"51","32  day ahead inc hosp",2022-06-22,"quantile",0.05,40.3399273820933
2022-05-21,"51","32  day ahead inc hosp",2022-06-22,"quantile",0.1,65.6165803542696
2022-05-21,"51","32  day ahead inc hosp",2022-06-22,"quantile",0.15,82.6706181134179
2022-05-21,"51","32  day ahead inc hosp",2022-06-22,"quantile",0.2,96.2246267003901
2022-05-21,"51","32  day ahead inc hosp",2022-06-22,"quantile",0.25,107.852759196204
2022-05-21,"51","32  day ahead inc hosp",2022-06-22,"quantile",0.3,118.295181559987
2022-05-21,"51","32  day ahead inc hosp",2022-06-22,"quantile",0.35,127.971642112063
2022-05-21,"51","32  day ahead inc hosp",2022-06-22,"quantile",0.4,137.153656912842
2022-05-21,"51","32  day ahead inc hosp",2022-06-22,"quantile",0.45,146.037362495187
2022-05-21,"51","32  day ahead inc hosp",2022-06-22,"quantile",0.5,154.780220281823
2022-05-21,"51","32  day ahead inc hosp",2022-06-22,"quantile",0.55,163.523078068459
2022-05-21,"51","32  day ahead inc hosp",2022-06-22,"quantile",0.6,172.406783650804
2022-05-21,"51","32  day ahead inc hosp",2022-06-22,"quantile",0.65,181.588798451583
2022-05-21,"51","32  day ahead inc hosp",2022-06-22,"quantile",0.7,191.265259003659
2022-05-21,"51","32  day ahead inc hosp",2022-06-22,"quantile",0.75,201.707681367442
2022-05-21,"51","32  day ahead inc hosp",2022-06-22,"quantile",0.8,213.335813863256
2022-05-21,"51","32  day ahead inc hosp",2022-06-22,"quantile",0.85,226.889822450228
2022-05-21,"51","32  day ahead inc hosp",2022-06-22,"quantile",0.9,243.943860209376
2022-05-21,"51","32  day ahead inc hosp",2022-06-22,"quantile",0.95,269.220513181553
2022-05-21,"51","32  day ahead inc hosp",2022-06-22,"quantile",0.975,291.14424002709
2022-05-21,"51","32  day ahead inc hosp",2022-06-22,"quantile",0.99,316.635310442834
2022-05-21,"51","33  day ahead inc hosp",2022-06-23,"quantile",0.01,0
2022-05-21,"51","33  day ahead inc hosp",2022-06-23,"quantile",0.025,15.908664952931
2022-05-21,"51","33  day ahead inc hosp",2022-06-23,"quantile",0.05,38.1212083920406
2022-05-21,"51","33  day ahead inc hosp",2022-06-23,"quantile",0.1,63.7308483996676
2022-05-21,"51","33  day ahead inc hosp",2022-06-23,"quantile",0.15,81.009550930775
2022-05-21,"51","33  day ahead inc hosp",2022-06-23,"quantile",0.2,94.7421159564821
2022-05-21,"51","33  day ahead inc hosp",2022-06-23,"quantile",0.25,106.523433977763
2022-05-21,"51","33  day ahead inc hosp",2022-06-23,"quantile",0.3,117.103421677815
2022-05-21,"51","33  day ahead inc hosp",2022-06-23,"quantile",0.35,126.907357015275
2022-05-21,"51","33  day ahead inc hosp",2022-06-23,"quantile",0.4,136.210332921599
2022-05-21,"51","33  day ahead inc hosp",2022-06-23,"quantile",0.45,145.21106977343
2022-05-21,"51","33  day ahead inc hosp",2022-06-23,"quantile",0.5,154.069103342989
2022-05-21,"51","33  day ahead inc hosp",2022-06-23,"quantile",0.55,162.927136912548
2022-05-21,"51","33  day ahead inc hosp",2022-06-23,"quantile",0.6,171.927873764379
2022-05-21,"51","33  day ahead inc hosp",2022-06-23,"quantile",0.65,181.230849670702
2022-05-21,"51","33  day ahead inc hosp",2022-06-23,"quantile",0.7,191.034785008163
2022-05-21,"51","33  day ahead inc hosp",2022-06-23,"quantile",0.75,201.614772708214
2022-05-21,"51","33  day ahead inc hosp",2022-06-23,"quantile",0.8,213.396090729495
2022-05-21,"51","33  day ahead inc hosp",2022-06-23,"quantile",0.85,227.128655755203
2022-05-21,"51","33  day ahead inc hosp",2022-06-23,"quantile",0.9,244.40735828631
2022-05-21,"51","33  day ahead inc hosp",2022-06-23,"quantile",0.95,270.016998293937
2022-05-21,"51","33  day ahead inc hosp",2022-06-23,"quantile",0.975,292.229541733047
2022-05-21,"51","33  day ahead inc hosp",2022-06-23,"quantile",0.99,318.056423855252
2022-05-21,"51","34  day ahead inc hosp",2022-06-24,"quantile",0.01,0
2022-05-21,"51","34  day ahead inc hosp",2022-06-24,"quantile",0.025,11.4715773971129
2022-05-21,"51","34  day ahead inc hosp",2022-06-24,"quantile",0.05,33.9927153001502
2022-05-21,"51","34  day ahead inc hosp",2022-06-24,"quantile",0.1,59.9581449610962
2022-05-21,"51","34  day ahead inc hosp",2022-06-24,"quantile",0.15,77.4768970821827
2022-05-21,"51","34  day ahead inc hosp",2022-06-24,"quantile",0.2,91.4002459122785
2022-05-21,"51","34  day ahead inc hosp",2022-06-24,"quantile",0.25,103.345239450013
2022-05-21,"51","34  day ahead inc hosp",2022-06-24,"quantile",0.3,114.072212822444
2022-05-21,"51","34  day ahead inc hosp",2022-06-24,"quantile",0.35,124.012352290609
2022-05-21,"51","34  day ahead inc hosp",2022-06-24,"quantile",0.4,133.444572597539
2022-05-21,"51","34  day ahead inc hosp",2022-06-24,"quantile",0.45,142.57035490269
2022-05-21,"51","34  day ahead inc hosp",2022-06-24,"quantile",0.5,151.55145137715
2022-05-21,"51","34  day ahead inc hosp",2022-06-24,"quantile",0.55,160.53254785161
2022-05-21,"51","34  day ahead inc hosp",2022-06-24,"quantile",0.6,169.658330156761
2022-05-21,"51","34  day ahead inc hosp",2022-06-24,"quantile",0.65,179.090550463692
2022-05-21,"51","34  day ahead inc hosp",2022-06-24,"quantile",0.7,189.030689931856
2022-05-21,"51","34  day ahead inc hosp",2022-06-24,"quantile",0.75,199.757663304287
2022-05-21,"51","34  day ahead inc hosp",2022-06-24,"quantile",0.8,211.702656842022
2022-05-21,"51","34  day ahead inc hosp",2022-06-24,"quantile",0.85,225.626005672118
2022-05-21,"51","34  day ahead inc hosp",2022-06-24,"quantile",0.9,243.144757793204
2022-05-21,"51","34  day ahead inc hosp",2022-06-24,"quantile",0.95,269.11018745415
2022-05-21,"51","34  day ahead inc hosp",2022-06-24,"quantile",0.975,291.631325357187
2022-05-21,"51","34  day ahead inc hosp",2022-06-24,"quantile",0.99,317.817015234356
2022-05-21,"51","35  day ahead inc hosp",2022-06-25,"quantile",0.01,0
2022-05-21,"51","35  day ahead inc hosp",2022-06-25,"quantile",0.025,7.36075309912312
2022-05-21,"51","35  day ahead inc hosp",2022-06-25,"quantile",0.05,30.2466118761315
2022-05-21,"51","35  day ahead inc hosp",2022-06-25,"quantile",0.1,56.632541346623
2022-05-21,"51","35  day ahead inc hosp",2022-06-25,"quantile",0.15,74.4350026928826
2022-05-21,"51","35  day ahead inc hosp",2022-06-25,"quantile",0.2,88.5838346213804
2022-05-21,"51","35  day ahead inc hosp",2022-06-25,"quantile",0.25,100.722272580148
2022-05-21,"51","35  day ahead inc hosp",2022-06-25,"quantile",0.3,111.622965021318
2022-05-21,"51","35  day ahead inc hosp",2022-06-25,"quantile",0.35,121.724081095986
2022-05-21,"51","35  day ahead inc hosp",2022-06-25,"quantile",0.4,131.309052460551
2022-05-21,"51","35  day ahead inc hosp",2022-06-25,"quantile",0.45,140.582623181738
2022-05-21,"51","35  day ahead inc hosp",2022-06-25,"quantile",0.5,149.709164942732
2022-05-21,"51","35  day ahead inc hosp",2022-06-25,"quantile",0.55,158.835706703726
2022-05-21,"51","35  day ahead inc hosp",2022-06-25,"quantile",0.6,168.109277424913
2022-05-21,"51","35  day ahead inc hosp",2022-06-25,"quantile",0.65,177.694248789478
2022-05-21,"51","35  day ahead inc hosp",2022-06-25,"quantile",0.7,187.795364864146
2022-05-21,"51","35  day ahead inc hosp",2022-06-25,"quantile",0.75,198.696057305316
2022-05-21,"51","35  day ahead inc hosp",2022-06-25,"quantile",0.8,210.834495264084
2022-05-21,"51","35  day ahead inc hosp",2022-06-25,"quantile",0.85,224.983327192582
2022-05-21,"51","35  day ahead inc hosp",2022-06-25,"quantile",0.9,242.785788538841
2022-05-21,"51","35  day ahead inc hosp",2022-06-25,"quantile",0.95,269.171718009333
2022-05-21,"51","35  day ahead inc hosp",2022-06-25,"quantile",0.975,292.057576786341
2022-05-21,"51","35  day ahead inc hosp",2022-06-25,"quantile",0.99,318.667333499682
2022-05-21,"51","36  day ahead inc hosp",2022-06-26,"quantile",0.01,0
2022-05-21,"51","36  day ahead inc hosp",2022-06-26,"quantile",0.025,5.57766044703015
2022-05-21,"51","36  day ahead inc hosp",2022-06-26,"quantile",0.05,28.877086438392
2022-05-21,"51","36  day ahead inc hosp",2022-06-26,"quantile",0.1,55.7398324205803
2022-05-21,"51","36  day ahead inc hosp",2022-06-26,"quantile",0.15,73.8639996035902
2022-05-21,"51","36  day ahead inc hosp",2022-06-26,"quantile",0.2,88.2685131328546
2022-05-21,"51","36  day ahead inc hosp",2022-06-26,"quantile",0.25,100.626303138759
2022-05-21,"51","36  day ahead inc hosp",2022-06-26,"quantile",0.3,111.723980497617
2022-05-21,"51","36  day ahead inc hosp",2022-06-26,"quantile",0.35,122.007632455145
2022-05-21,"51","36  day ahead inc hosp",2022-06-26,"quantile",0.4,131.765812522321
2022-05-21,"51","36  day ahead inc hosp",2022-06-26,"quantile",0.45,141.206964667812
2022-05-21,"51","36  day ahead inc hosp",2022-06-26,"quantile",0.5,150.49843091294
2022-05-21,"51","36  day ahead inc hosp",2022-06-26,"quantile",0.55,159.789897158069
2022-05-21,"51","36  day ahead inc hosp",2022-06-26,"quantile",0.6,169.231049303559
2022-05-21,"51","36  day ahead inc hosp",2022-06-26,"quantile",0.65,178.989229370736
2022-05-21,"51","36  day ahead inc hosp",2022-06-26,"quantile",0.7,189.272881328263
2022-05-21,"51","36  day ahead inc hosp",2022-06-26,"quantile",0.75,200.370558687122
2022-05-21,"51","36  day ahead inc hosp",2022-06-26,"quantile",0.8,212.728348693026
2022-05-21,"51","36  day ahead inc hosp",2022-06-26,"quantile",0.85,227.13286222229
2022-05-21,"51","36  day ahead inc hosp",2022-06-26,"quantile",0.9,245.2570294053
2022-05-21,"51","36  day ahead inc hosp",2022-06-26,"quantile",0.95,272.119775387488
2022-05-21,"51","36  day ahead inc hosp",2022-06-26,"quantile",0.975,295.41920137885
2022-05-21,"51","36  day ahead inc hosp",2022-06-26,"quantile",0.99,322.509819355288
2022-05-21,"51","37  day ahead inc hosp",2022-06-27,"quantile",0.01,0
2022-05-21,"51","37  day ahead inc hosp",2022-06-27,"quantile",0.025,5.43606643934879
2022-05-21,"51","37  day ahead inc hosp",2022-06-27,"quantile",0.05,29.1481129156852
2022-05-21,"51","37  day ahead inc hosp",2022-06-27,"quantile",0.1,56.4865838912285
2022-05-21,"51","37  day ahead inc hosp",2022-06-27,"quantile",0.15,74.9317204687456
2022-05-21,"51","37  day ahead inc hosp",2022-06-27,"quantile",0.2,89.5913302978275
2022-05-21,"51","37  day ahead inc hosp",2022-06-27,"quantile",0.25,102.16797021477
2022-05-21,"51","37  day ahead inc hosp",2022-06-27,"quantile",0.3,113.462181557581
2022-05-21,"51","37  day ahead inc hosp",2022-06-27,"quantile",0.35,123.92795154066
2022-05-21,"51","37  day ahead inc hosp",2022-06-27,"quantile",0.4,133.858943804724
2022-05-21,"51","37  day ahead inc hosp",2022-06-27,"quantile",0.45,143.467293750643
2022-05-21,"51","37  day ahead inc hosp",2022-06-27,"quantile",0.5,152.923306938241
2022-05-21,"51","37  day ahead inc hosp",2022-06-27,"quantile",0.55,162.37932012584
2022-05-21,"51","37  day ahead inc hosp",2022-06-27,"quantile",0.6,171.987670071759
2022-05-21,"51","37  day ahead inc hosp",2022-06-27,"quantile",0.65,181.918662335823
2022-05-21,"51","37  day ahead inc hosp",2022-06-27,"quantile",0.7,192.384432318901
2022-05-21,"51","37  day ahead inc hosp",2022-06-27,"quantile",0.75,203.678643661713
2022-05-21,"51","37  day ahead inc hosp",2022-06-27,"quantile",0.8,216.255283578655
2022-05-21,"51","37  day ahead inc hosp",2022-06-27,"quantile",0.85,230.914893407737
2022-05-21,"51","37  day ahead inc hosp",2022-06-27,"quantile",0.9,249.360029985254
2022-05-21,"51","37  day ahead inc hosp",2022-06-27,"quantile",0.95,276.698500960797
2022-05-21,"51","37  day ahead inc hosp",2022-06-27,"quantile",0.975,300.410547437134
2022-05-21,"51","37  day ahead inc hosp",2022-06-27,"quantile",0.99,327.980925899166
2022-05-21,"53","1  day ahead inc hosp",2022-05-22,"quantile",0.01,93.7051991408321
2022-05-21,"53","1  day ahead inc hosp",2022-05-22,"quantile",0.025,98.869122345387
2022-05-21,"53","1  day ahead inc hosp",2022-05-22,"quantile",0.05,103.310381183936
2022-05-21,"53","1  day ahead inc hosp",2022-05-22,"quantile",0.1,108.430868189295
2022-05-21,"53","1  day ahead inc hosp",2022-05-22,"quantile",0.15,111.885636462244
2022-05-21,"53","1  day ahead inc hosp",2022-05-22,"quantile",0.2,114.631376767201
2022-05-21,"53","1  day ahead inc hosp",2022-05-22,"quantile",0.25,116.986977463501
2022-05-21,"53","1  day ahead inc hosp",2022-05-22,"quantile",0.3,119.102379691679
2022-05-21,"53","1  day ahead inc hosp",2022-05-22,"quantile",0.35,121.062615114039
2022-05-21,"53","1  day ahead inc hosp",2022-05-22,"quantile",0.4,122.922686838019
2022-05-21,"53","1  day ahead inc hosp",2022-05-22,"quantile",0.45,124.722327757405
2022-05-21,"53","1  day ahead inc hosp",2022-05-22,"quantile",0.5,126.493436049925
2022-05-21,"53","1  day ahead inc hosp",2022-05-22,"quantile",0.55,128.264544342445
2022-05-21,"53","1  day ahead inc hosp",2022-05-22,"quantile",0.6,130.06418526183
2022-05-21,"53","1  day ahead inc hosp",2022-05-22,"quantile",0.65,131.92425698581
2022-05-21,"53","1  day ahead inc hosp",2022-05-22,"quantile",0.7,133.88449240817
2022-05-21,"53","1  day ahead inc hosp",2022-05-22,"quantile",0.75,135.999894636348
2022-05-21,"53","1  day ahead inc hosp",2022-05-22,"quantile",0.8,138.355495332649
2022-05-21,"53","1  day ahead inc hosp",2022-05-22,"quantile",0.85,141.101235637605
2022-05-21,"53","1  day ahead inc hosp",2022-05-22,"quantile",0.9,144.556003910555
2022-05-21,"53","1  day ahead inc hosp",2022-05-22,"quantile",0.95,149.676490915913
2022-05-21,"53","1  day ahead inc hosp",2022-05-22,"quantile",0.975,154.117749754462
2022-05-21,"53","1  day ahead inc hosp",2022-05-22,"quantile",0.99,159.281672959017
2022-05-21,"53","2  day ahead inc hosp",2022-05-23,"quantile",0.01,89.8383289390186
2022-05-21,"53","2  day ahead inc hosp",2022-05-23,"quantile",0.025,95.6918726425381
2022-05-21,"53","2  day ahead inc hosp",2022-05-23,"quantile",0.05,100.726243155089
2022-05-21,"53","2  day ahead inc hosp",2022-05-23,"quantile",0.1,106.530549935394
2022-05-21,"53","2  day ahead inc hosp",2022-05-23,"quantile",0.15,110.446688164057
2022-05-21,"53","2  day ahead inc hosp",2022-05-23,"quantile",0.2,113.559110684091
2022-05-21,"53","2  day ahead inc hosp",2022-05-23,"quantile",0.25,116.229292070923
2022-05-21,"53","2  day ahead inc hosp",2022-05-23,"quantile",0.3,118.627197481724
2022-05-21,"53","2  day ahead inc hosp",2022-05-23,"quantile",0.35,120.849214204175
2022-05-21,"53","2  day ahead inc hosp",2022-05-23,"quantile",0.4,122.957690782292
2022-05-21,"53","2  day ahead inc hosp",2022-05-23,"quantile",0.45,124.99766627282
2022-05-21,"53","2  day ahead inc hosp",2022-05-23,"quantile",0.5,127.005298722657
2022-05-21,"53","2  day ahead inc hosp",2022-05-23,"quantile",0.55,129.012931172494
2022-05-21,"53","2  day ahead inc hosp",2022-05-23,"quantile",0.6,131.052906663023
2022-05-21,"53","2  day ahead inc hosp",2022-05-23,"quantile",0.65,133.16138324114
2022-05-21,"53","2  day ahead inc hosp",2022-05-23,"quantile",0.7,135.383399963591
2022-05-21,"53","2  day ahead inc hosp",2022-05-23,"quantile",0.75,137.781305374392
2022-05-21,"53","2  day ahead inc hosp",2022-05-23,"quantile",0.8,140.451486761224
2022-05-21,"53","2  day ahead inc hosp",2022-05-23,"quantile",0.85,143.563909281258
2022-05-21,"53","2  day ahead inc hosp",2022-05-23,"quantile",0.9,147.480047509921
2022-05-21,"53","2  day ahead inc hosp",2022-05-23,"quantile",0.95,153.284354290226
2022-05-21,"53","2  day ahead inc hosp",2022-05-23,"quantile",0.975,158.318724802777
2022-05-21,"53","2  day ahead inc hosp",2022-05-23,"quantile",0.99,164.172268506296
2022-05-21,"53","3  day ahead inc hosp",2022-05-24,"quantile",0.01,86.2777098647701
2022-05-21,"53","3  day ahead inc hosp",2022-05-24,"quantile",0.025,92.747782887193
2022-05-21,"53","3  day ahead inc hosp",2022-05-24,"quantile",0.05,98.3124026266085
2022-05-21,"53","3  day ahead inc hosp",2022-05-24,"quantile",0.1,104.728052806266
2022-05-21,"53","3  day ahead inc hosp",2022-05-24,"quantile",0.15,109.056661524113
2022-05-21,"53","3  day ahead inc hosp",2022-05-24,"quantile",0.2,112.496902513369
2022-05-21,"53","3  day ahead inc hosp",2022-05-24,"quantile",0.25,115.448322957285
2022-05-21,"53","3  day ahead inc hosp",2022-05-24,"quantile",0.3,118.098789733405
2022-05-21,"53","3  day ahead inc hosp",2022-05-24,"quantile",0.35,120.554842199991
2022-05-21,"53","3  day ahead inc hosp",2022-05-24,"quantile",0.4,122.885395812888
2022-05-21,"53","3  day ahead inc hosp",2022-05-24,"quantile",0.45,125.140233404642
2022-05-21,"53","3  day ahead inc hosp",2022-05-24,"quantile",0.5,127.359321398266
2022-05-21,"53","3  day ahead inc hosp",2022-05-24,"quantile",0.55,129.57840939189
2022-05-21,"53","3  day ahead inc hosp",2022-05-24,"quantile",0.6,131.833246983644
2022-05-21,"53","3  day ahead inc hosp",2022-05-24,"quantile",0.65,134.16380059654
2022-05-21,"53","3  day ahead inc hosp",2022-05-24,"quantile",0.7,136.619853063127
2022-05-21,"53","3  day ahead inc hosp",2022-05-24,"quantile",0.75,139.270319839247
2022-05-21,"53","3  day ahead inc hosp",2022-05-24,"quantile",0.8,142.221740283163
2022-05-21,"53","3  day ahead inc hosp",2022-05-24,"quantile",0.85,145.661981272419
2022-05-21,"53","3  day ahead inc hosp",2022-05-24,"quantile",0.9,149.990589990266
2022-05-21,"53","3  day ahead inc hosp",2022-05-24,"quantile",0.95,156.406240169923
2022-05-21,"53","3  day ahead inc hosp",2022-05-24,"quantile",0.975,161.970859909339
2022-05-21,"53","3  day ahead inc hosp",2022-05-24,"quantile",0.99,168.440932931762
2022-05-21,"53","4  day ahead inc hosp",2022-05-25,"quantile",0.01,82.9222529838131
2022-05-21,"53","4  day ahead inc hosp",2022-05-25,"quantile",0.025,89.9550131775036
2022-05-21,"53","4  day ahead inc hosp",2022-05-25,"quantile",0.05,96.0035749264606
2022-05-21,"53","4  day ahead inc hosp",2022-05-25,"quantile",0.1,102.977179249591
2022-05-21,"53","4  day ahead inc hosp",2022-05-25,"quantile",0.15,107.682236979146
2022-05-21,"53","4  day ahead inc hosp",2022-05-25,"quantile",0.2,111.421667709231
2022-05-21,"53","4  day ahead inc hosp",2022-05-25,"quantile",0.25,114.629766310418
2022-05-21,"53","4  day ahead inc hosp",2022-05-25,"quantile",0.3,117.51073800474
2022-05-21,"53","4  day ahead inc hosp",2022-05-25,"quantile",0.35,120.180387630141
2022-05-21,"53","4  day ahead inc hosp",2022-05-25,"quantile",0.4,122.71362405904
2022-05-21,"53","4  day ahead inc hosp",2022-05-25,"quantile",0.45,125.164559620906
2022-05-21,"53","4  day ahead inc hosp",2022-05-25,"quantile",0.5,127.576636525412
2022-05-21,"53","4  day ahead inc hosp",2022-05-25,"quantile",0.55,129.988713429918
2022-05-21,"53","4  day ahead inc hosp",2022-05-25,"quantile",0.6,132.439648991784
2022-05-21,"53","4  day ahead inc hosp",2022-05-25,"quantile",0.65,134.972885420683
2022-05-21,"53","4  day ahead inc hosp",2022-05-25,"quantile",0.7,137.642535046084
2022-05-21,"53","4  day ahead inc hosp",2022-05-25,"quantile",0.75,140.523506740405
2022-05-21,"53","4  day ahead inc hosp",2022-05-25,"quantile",0.8,143.731605341593
2022-05-21,"53","4  day ahead inc hosp",2022-05-25,"quantile",0.85,147.471036071678
2022-05-21,"53","4  day ahead inc hosp",2022-05-25,"quantile",0.9,152.176093801233
2022-05-21,"53","4  day ahead inc hosp",2022-05-25,"quantile",0.95,159.149698124363
2022-05-21,"53","4  day ahead inc hosp",2022-05-25,"quantile",0.975,165.19825987332
2022-05-21,"53","4  day ahead inc hosp",2022-05-25,"quantile",0.99,172.23102006701
2022-05-21,"53","5  day ahead inc hosp",2022-05-26,"quantile",0.01,79.8960468665406
2022-05-21,"53","5  day ahead inc hosp",2022-05-26,"quantile",0.025,87.4496941291833
2022-05-21,"53","5  day ahead inc hosp",2022-05-26,"quantile",0.05,93.946247493668
2022-05-21,"53","5  day ahead inc hosp",2022-05-26,"quantile",0.1,101.436357458376
2022-05-21,"53","5  day ahead inc hosp",2022-05-26,"quantile",0.15,106.489899092188
2022-05-21,"53","5  day ahead inc hosp",2022-05-26,"quantile",0.2,110.506293782212
2022-05-21,"53","5  day ahead inc hosp",2022-05-26,"quantile",0.25,113.952002799688
2022-05-21,"53","5  day ahead inc hosp",2022-05-26,"quantile",0.3,117.046355991496
2022-05-21,"53","5  day ahead inc hosp",2022-05-26,"quantile",0.35,119.913735374517
2022-05-21,"53","5  day ahead inc hosp",2022-05-26,"quantile",0.4,122.634598007363
2022-05-21,"53","5  day ahead inc hosp",2022-05-26,"quantile",0.45,125.267064092929
2022-05-21,"53","5  day ahead inc hosp",2022-05-26,"quantile",0.5,127.857793423264
2022-05-21,"53","5  day ahead inc hosp",2022-05-26,"quantile",0.55,130.448522753598
2022-05-21,"53","5  day ahead inc hosp",2022-05-26,"quantile",0.6,133.080988839164
2022-05-21,"53","5  day ahead inc hosp",2022-05-26,"quantile",0.65,135.80185147201
2022-05-21,"53","5  day ahead inc hosp",2022-05-26,"quantile",0.7,138.669230855031
2022-05-21,"53","5  day ahead inc hosp",2022-05-26,"quantile",0.75,141.763584046839
2022-05-21,"53","5  day ahead inc hosp",2022-05-26,"quantile",0.8,145.209293064315
2022-05-21,"53","5  day ahead inc hosp",2022-05-26,"quantile",0.85,149.225687754339
2022-05-21,"53","5  day ahead inc hosp",2022-05-26,"quantile",0.9,154.279229388151
2022-05-21,"53","5  day ahead inc hosp",2022-05-26,"quantile",0.95,161.769339352859
2022-05-21,"53","5  day ahead inc hosp",2022-05-26,"quantile",0.975,168.265892717344
2022-05-21,"53","5  day ahead inc hosp",2022-05-26,"quantile",0.99,175.819539979987
2022-05-21,"53","6  day ahead inc hosp",2022-05-27,"quantile",0.01,75.3271996666178
2022-05-21,"53","6  day ahead inc hosp",2022-05-27,"quantile",0.025,83.3680614360366
2022-05-21,"53","6  day ahead inc hosp",2022-05-27,"quantile",0.05,90.2836461549342
2022-05-21,"53","6  day ahead inc hosp",2022-05-27,"quantile",0.1,98.2568724348831
2022-05-21,"53","6  day ahead inc hosp",2022-05-27,"quantile",0.15,103.636370352988
2022-05-21,"53","6  day ahead inc hosp",2022-05-27,"quantile",0.2,107.911824764743
2022-05-21,"53","6  day ahead inc hosp",2022-05-27,"quantile",0.25,111.57978395635
2022-05-21,"53","6  day ahead inc hosp",2022-05-27,"quantile",0.3,114.873724673457
2022-05-21,"53","6  day ahead inc hosp",2022-05-27,"quantile",0.35,117.926051643156
2022-05-21,"53","6  day ahead inc hosp",2022-05-27,"quantile",0.4,120.822411449695
2022-05-21,"53","6  day ahead inc hosp",2022-05-27,"quantile",0.45,123.624673081821
2022-05-21,"53","6  day ahead inc hosp",2022-05-27,"quantile",0.5,126.382505914475
2022-05-21,"53","6  day ahead inc hosp",2022-05-27,"quantile",0.55,129.140338747129
2022-05-21,"53","6  day ahead inc hosp",2022-05-27,"quantile",0.6,131.942600379254
2022-05-21,"53","6  day ahead inc hosp",2022-05-27,"quantile",0.65,134.838960185793
2022-05-21,"53","6  day ahead inc hosp",2022-05-27,"quantile",0.7,137.891287155492
2022-05-21,"53","6  day ahead inc hosp",2022-05-27,"quantile",0.75,141.1852278726
2022-05-21,"53","6  day ahead inc hosp",2022-05-27,"quantile",0.8,144.853187064206
2022-05-21,"53","6  day ahead inc hosp",2022-05-27,"quantile",0.85,149.128641475962
2022-05-21,"53","6  day ahead inc hosp",2022-05-27,"quantile",0.9,154.508139394067
2022-05-21,"53","6  day ahead inc hosp",2022-05-27,"quantile",0.95,162.481365674015
2022-05-21,"53","6  day ahead inc hosp",2022-05-27,"quantile",0.975,169.396950392913
2022-05-21,"53","6  day ahead inc hosp",2022-05-27,"quantile",0.99,177.437812162332
2022-05-21,"53","7  day ahead inc hosp",2022-05-28,"quantile",0.01,73.0676611805925
2022-05-21,"53","7  day ahead inc hosp",2022-05-28,"quantile",0.025,81.5678570031234
2022-05-21,"53","7  day ahead inc hosp",2022-05-28,"quantile",0.05,88.8784943481778
2022-05-21,"53","7  day ahead inc hosp",2022-05-28,"quantile",0.1,97.3071910053787
2022-05-21,"53","7  day ahead inc hosp",2022-05-28,"quantile",0.15,102.993992624665
2022-05-21,"53","7  day ahead inc hosp",2022-05-28,"quantile",0.2,107.513682276394
2022-05-21,"53","7  day ahead inc hosp",2022-05-28,"quantile",0.25,111.39117355678
2022-05-21,"53","7  day ahead inc hosp",2022-05-28,"quantile",0.3,114.873280565472
2022-05-21,"53","7  day ahead inc hosp",2022-05-28,"quantile",0.35,118.099971646708
2022-05-21,"53","7  day ahead inc hosp",2022-05-28,"quantile",0.4,121.161785943992
2022-05-21,"53","7  day ahead inc hosp",2022-05-28,"quantile",0.45,124.124126710703
2022-05-21,"53","7  day ahead inc hosp",2022-05-28,"quantile",0.5,127.039500683741
2022-05-21,"53","7  day ahead inc hosp",2022-05-28,"quantile",0.55,129.954874656779
2022-05-21,"53","7  day ahead inc hosp",2022-05-28,"quantile",0.6,132.91721542349
2022-05-21,"53","7  day ahead inc hosp",2022-05-28,"quantile",0.65,135.979029720774
2022-05-21,"53","7  day ahead inc hosp",2022-05-28,"quantile",0.7,139.205720802009
2022-05-21,"53","7  day ahead inc hosp",2022-05-28,"quantile",0.75,142.687827810702
2022-05-21,"53","7  day ahead inc hosp",2022-05-28,"quantile",0.8,146.565319091088
2022-05-21,"53","7  day ahead inc hosp",2022-05-28,"quantile",0.85,151.085008742817
2022-05-21,"53","7  day ahead inc hosp",2022-05-28,"quantile",0.9,156.771810362103
2022-05-21,"53","7  day ahead inc hosp",2022-05-28,"quantile",0.95,165.200507019304
2022-05-21,"53","7  day ahead inc hosp",2022-05-28,"quantile",0.975,172.511144364358
2022-05-21,"53","7  day ahead inc hosp",2022-05-28,"quantile",0.99,181.011340186889
2022-05-21,"53","8  day ahead inc hosp",2022-05-29,"quantile",0.01,78.6446095884584
2022-05-21,"53","8  day ahead inc hosp",2022-05-29,"quantile",0.025,87.5805594567065
2022-05-21,"53","8  day ahead inc hosp",2022-05-29,"quantile",0.05,95.2659693206992
2022-05-21,"53","8  day ahead inc hosp",2022-05-29,"quantile",0.1,104.126754690346
2022-05-21,"53","8  day ahead inc hosp",2022-05-29,"quantile",0.15,110.105084512574
2022-05-21,"53","8  day ahead inc hosp",2022-05-29,"quantile",0.2,114.856471538369
2022-05-21,"53","8  day ahead inc hosp",2022-05-29,"quantile",0.25,118.932738534978
2022-05-21,"53","8  day ahead inc hosp",2022-05-29,"quantile",0.3,122.593352280261
2022-05-21,"53","8  day ahead inc hosp",2022-05-29,"quantile",0.35,125.98545645577
2022-05-21,"53","8  day ahead inc hosp",2022-05-29,"quantile",0.4,129.204231603737
2022-05-21,"53","8  day ahead inc hosp",2022-05-29,"quantile",0.45,132.318433809976
2022-05-21,"53","8  day ahead inc hosp",2022-05-29,"quantile",0.5,135.383261516793
2022-05-21,"53","8  day ahead inc hosp",2022-05-29,"quantile",0.55,138.448089223611
2022-05-21,"53","8  day ahead inc hosp",2022-05-29,"quantile",0.6,141.56229142985
2022-05-21,"53","8  day ahead inc hosp",2022-05-29,"quantile",0.65,144.781066577817
2022-05-21,"53","8  day ahead inc hosp",2022-05-29,"quantile",0.7,148.173170753325
2022-05-21,"53","8  day ahead inc hosp",2022-05-29,"quantile",0.75,151.833784498608
2022-05-21,"53","8  day ahead inc hosp",2022-05-29,"quantile",0.8,155.910051495217
2022-05-21,"53","8  day ahead inc hosp",2022-05-29,"quantile",0.85,160.661438521012
2022-05-21,"53","8  day ahead inc hosp",2022-05-29,"quantile",0.9,166.63976834324
2022-05-21,"53","8  day ahead inc hosp",2022-05-29,"quantile",0.95,175.500553712887
2022-05-21,"53","8  day ahead inc hosp",2022-05-29,"quantile",0.975,183.18596357688
2022-05-21,"53","8  day ahead inc hosp",2022-05-29,"quantile",0.99,192.121913445128
2022-05-21,"53","9  day ahead inc hosp",2022-05-30,"quantile",0.01,76.9876662525892
2022-05-21,"53","9  day ahead inc hosp",2022-05-30,"quantile",0.025,86.3390870577031
2022-05-21,"53","9  day ahead inc hosp",2022-05-30,"quantile",0.05,94.3818248480459
2022-05-21,"53","9  day ahead inc hosp",2022-05-30,"quantile",0.1,103.654586432105
2022-05-21,"53","9  day ahead inc hosp",2022-05-30,"quantile",0.15,109.910874650335
2022-05-21,"53","9  day ahead inc hosp",2022-05-30,"quantile",0.2,114.883174197812
2022-05-21,"53","9  day ahead inc hosp",2022-05-30,"quantile",0.25,119.1489644676
2022-05-21,"53","9  day ahead inc hosp",2022-05-30,"quantile",0.3,122.979775969661
2022-05-21,"53","9  day ahead inc hosp",2022-05-30,"quantile",0.35,126.52959373136
2022-05-21,"53","9  day ahead inc hosp",2022-05-30,"quantile",0.4,129.898023649777
2022-05-21,"53","9  day ahead inc hosp",2022-05-30,"quantile",0.45,133.157018578368
2022-05-21,"53","9  day ahead inc hosp",2022-05-30,"quantile",0.5,136.364343373626
2022-05-21,"53","9  day ahead inc hosp",2022-05-30,"quantile",0.55,139.571668168885
2022-05-21,"53","9  day ahead inc hosp",2022-05-30,"quantile",0.6,142.830663097475
2022-05-21,"53","9  day ahead inc hosp",2022-05-30,"quantile",0.65,146.199093015892
2022-05-21,"53","9  day ahead inc hosp",2022-05-30,"quantile",0.7,149.748910777592
2022-05-21,"53","9  day ahead inc hosp",2022-05-30,"quantile",0.75,153.579722279653
2022-05-21,"53","9  day ahead inc hosp",2022-05-30,"quantile",0.8,157.845512549441
2022-05-21,"53","9  day ahead inc hosp",2022-05-30,"quantile",0.85,162.817812096918
2022-05-21,"53","9  day ahead inc hosp",2022-05-30,"quantile",0.9,169.074100315148
2022-05-21,"53","9  day ahead inc hosp",2022-05-30,"quantile",0.95,178.346861899207
2022-05-21,"53","9  day ahead inc hosp",2022-05-30,"quantile",0.975,186.389599689549
2022-05-21,"53","9  day ahead inc hosp",2022-05-30,"quantile",0.99,195.741020494663
2022-05-21,"53","10  day ahead inc hosp",2022-05-31,"quantile",0.01,74.7212262123612
2022-05-21,"53","10  day ahead inc hosp",2022-05-31,"quantile",0.025,84.4704283387297
2022-05-21,"53","10  day ahead inc hosp",2022-05-31,"quantile",0.05,92.8552800100987
2022-05-21,"53","10  day ahead inc hosp",2022-05-31,"quantile",0.1,102.522476988677
2022-05-21,"53","10  day ahead inc hosp",2022-05-31,"quantile",0.15,109.044888895004
2022-05-21,"53","10  day ahead inc hosp",2022-05-31,"quantile",0.2,114.228695113487
2022-05-21,"53","10  day ahead inc hosp",2022-05-31,"quantile",0.25,118.675939274088
2022-05-21,"53","10  day ahead inc hosp",2022-05-31,"quantile",0.3,122.669701978166
2022-05-21,"53","10  day ahead inc hosp",2022-05-31,"quantile",0.35,126.370518313119
2022-05-21,"53","10  day ahead inc hosp",2022-05-31,"quantile",0.4,129.882231111371
2022-05-21,"53","10  day ahead inc hosp",2022-05-31,"quantile",0.45,133.2798538844
2022-05-21,"53","10  day ahead inc hosp",2022-05-31,"quantile",0.5,136.623608631998
2022-05-21,"53","10  day ahead inc hosp",2022-05-31,"quantile",0.55,139.967363379597
2022-05-21,"53","10  day ahead inc hosp",2022-05-31,"quantile",0.6,143.364986152626
2022-05-21,"53","10  day ahead inc hosp",2022-05-31,"quantile",0.65,146.876698950878
2022-05-21,"53","10  day ahead inc hosp",2022-05-31,"quantile",0.7,150.577515285831
2022-05-21,"53","10  day ahead inc hosp",2022-05-31,"quantile",0.75,154.571277989909
2022-05-21,"53","10  day ahead inc hosp",2022-05-31,"quantile",0.8,159.01852215051
2022-05-21,"53","10  day ahead inc hosp",2022-05-31,"quantile",0.85,164.202328368993
2022-05-21,"53","10  day ahead inc hosp",2022-05-31,"quantile",0.9,170.72474027532
2022-05-21,"53","10  day ahead inc hosp",2022-05-31,"quantile",0.95,180.391937253898
2022-05-21,"53","10  day ahead inc hosp",2022-05-31,"quantile",0.975,188.776788925267
2022-05-21,"53","10  day ahead inc hosp",2022-05-31,"quantile",0.99,198.525991051636
2022-05-21,"53","11  day ahead inc hosp",2022-06-01,"quantile",0.01,74.9772699502314
2022-05-21,"53","11  day ahead inc hosp",2022-06-01,"quantile",0.025,85.1086476022223
2022-05-21,"53","11  day ahead inc hosp",2022-06-01,"quantile",0.05,93.8221913094353
2022-05-21,"53","11  day ahead inc hosp",2022-06-01,"quantile",0.1,103.868349154626
2022-05-21,"53","11  day ahead inc hosp",2022-06-01,"quantile",0.15,110.646444158535
2022-05-21,"53","11  day ahead inc hosp",2022-06-01,"quantile",0.2,116.033459197657
2022-05-21,"53","11  day ahead inc hosp",2022-06-01,"quantile",0.25,120.65503843231
2022-05-21,"53","11  day ahead inc hosp",2022-06-01,"quantile",0.3,124.805359420939
2022-05-21,"53","11  day ahead inc hosp",2022-06-01,"quantile",0.35,128.651250338376
2022-05-21,"53","11  day ahead inc hosp",2022-06-01,"quantile",0.4,132.300624728532
2022-05-21,"53","11  day ahead inc hosp",2022-06-01,"quantile",0.45,135.831436684873
2022-05-21,"53","11  day ahead inc hosp",2022-06-01,"quantile",0.5,139.306268951601
2022-05-21,"53","11  day ahead inc hosp",2022-06-01,"quantile",0.55,142.781101218328
2022-05-21,"53","11  day ahead inc hosp",2022-06-01,"quantile",0.6,146.311913174669
2022-05-21,"53","11  day ahead inc hosp",2022-06-01,"quantile",0.65,149.961287564825
2022-05-21,"53","11  day ahead inc hosp",2022-06-01,"quantile",0.7,153.807178482262
2022-05-21,"53","11  day ahead inc hosp",2022-06-01,"quantile",0.75,157.957499470891
2022-05-21,"53","11  day ahead inc hosp",2022-06-01,"quantile",0.8,162.579078705544
2022-05-21,"53","11  day ahead inc hosp",2022-06-01,"quantile",0.85,167.966093744666
2022-05-21,"53","11  day ahead inc hosp",2022-06-01,"quantile",0.9,174.744188748575
2022-05-21,"53","11  day ahead inc hosp",2022-06-01,"quantile",0.95,184.790346593766
2022-05-21,"53","11  day ahead inc hosp",2022-06-01,"quantile",0.975,193.503890300979
2022-05-21,"53","11  day ahead inc hosp",2022-06-01,"quantile",0.99,203.63526795297
2022-05-21,"53","12  day ahead inc hosp",2022-06-02,"quantile",0.01,71.6701622557958
2022-05-21,"53","12  day ahead inc hosp",2022-06-02,"quantile",0.025,82.1698138763845
2022-05-21,"53","12  day ahead inc hosp",2022-06-02,"quantile",0.05,91.2000935134813
2022-05-21,"53","12  day ahead inc hosp",2022-06-02,"quantile",0.1,101.611427600827
2022-05-21,"53","12  day ahead inc hosp",2022-06-02,"quantile",0.15,108.63590528164
2022-05-21,"53","12  day ahead inc hosp",2022-06-02,"quantile",0.2,114.218737461876
2022-05-21,"53","12  day ahead inc hosp",2022-06-02,"quantile",0.25,119.008310367715
2022-05-21,"53","12  day ahead inc hosp",2022-06-02,"quantile",0.3,123.309494865132
2022-05-21,"53","12  day ahead inc hosp",2022-06-02,"quantile",0.35,127.295183306619
2022-05-21,"53","12  day ahead inc hosp",2022-06-02,"quantile",0.4,131.077211876268
2022-05-21,"53","12  day ahead inc hosp",2022-06-02,"quantile",0.45,134.736368286463
2022-05-21,"53","12  day ahead inc hosp",2022-06-02,"quantile",0.5,138.337510154218
2022-05-21,"53","12  day ahead inc hosp",2022-06-02,"quantile",0.55,141.938652021973
2022-05-21,"53","12  day ahead inc hosp",2022-06-02,"quantile",0.6,145.597808432169
2022-05-21,"53","12  day ahead inc hosp",2022-06-02,"quantile",0.65,149.379837001817
2022-05-21,"53","12  day ahead inc hosp",2022-06-02,"quantile",0.7,153.365525443304
2022-05-21,"53","12  day ahead inc hosp",2022-06-02,"quantile",0.75,157.666709940721
2022-05-21,"53","12  day ahead inc hosp",2022-06-02,"quantile",0.8,162.456282846561
2022-05-21,"53","12  day ahead inc hosp",2022-06-02,"quantile",0.85,168.039115026797
2022-05-21,"53","12  day ahead inc hosp",2022-06-02,"quantile",0.9,175.063592707609
2022-05-21,"53","12  day ahead inc hosp",2022-06-02,"quantile",0.95,185.474926794955
2022-05-21,"53","12  day ahead inc hosp",2022-06-02,"quantile",0.975,194.505206432052
2022-05-21,"53","12  day ahead inc hosp",2022-06-02,"quantile",0.99,205.004858052641
2022-05-21,"53","13  day ahead inc hosp",2022-06-03,"quantile",0.01,71.6721278208198
2022-05-21,"53","13  day ahead inc hosp",2022-06-03,"quantile",0.025,82.527566788462
2022-05-21,"53","13  day ahead inc hosp",2022-06-03,"quantile",0.05,91.8638431720539
2022-05-21,"53","13  day ahead inc hosp",2022-06-03,"quantile",0.1,102.627971910887
2022-05-21,"53","13  day ahead inc hosp",2022-06-03,"quantile",0.15,109.890478468162
2022-05-21,"53","13  day ahead inc hosp",2022-06-03,"quantile",0.2,115.662488453741
2022-05-21,"53","13  day ahead inc hosp",2022-06-03,"quantile",0.25,120.614359071854
2022-05-21,"53","13  day ahead inc hosp",2022-06-03,"quantile",0.3,125.061291930914
2022-05-21,"53","13  day ahead inc hosp",2022-06-03,"quantile",0.35,129.182037950311
2022-05-21,"53","13  day ahead inc hosp",2022-06-03,"quantile",0.4,133.092222954087
2022-05-21,"53","13  day ahead inc hosp",2022-06-03,"quantile",0.45,136.875372197443
2022-05-21,"53","13  day ahead inc hosp",2022-06-03,"quantile",0.5,140.598541038834
2022-05-21,"53","13  day ahead inc hosp",2022-06-03,"quantile",0.55,144.321709880225
2022-05-21,"53","13  day ahead inc hosp",2022-06-03,"quantile",0.6,148.104859123581
2022-05-21,"53","13  day ahead inc hosp",2022-06-03,"quantile",0.65,152.015044127357
2022-05-21,"53","13  day ahead inc hosp",2022-06-03,"quantile",0.7,156.135790146754
2022-05-21,"53","13  day ahead inc hosp",2022-06-03,"quantile",0.75,160.582723005814
2022-05-21,"53","13  day ahead inc hosp",2022-06-03,"quantile",0.8,165.534593623927
2022-05-21,"53","13  day ahead inc hosp",2022-06-03,"quantile",0.85,171.306603609506
2022-05-21,"53","13  day ahead inc hosp",2022-06-03,"quantile",0.9,178.569110166781
2022-05-21,"53","13  day ahead inc hosp",2022-06-03,"quantile",0.95,189.333238905614
2022-05-21,"53","13  day ahead inc hosp",2022-06-03,"quantile",0.975,198.669515289206
2022-05-21,"53","13  day ahead inc hosp",2022-06-03,"quantile",0.99,209.524954256848
2022-05-21,"53","14  day ahead inc hosp",2022-06-04,"quantile",0.01,68.8032221362501
2022-05-21,"53","14  day ahead inc hosp",2022-06-04,"quantile",0.025,80.0031518773992
2022-05-21,"53","14  day ahead inc hosp",2022-06-04,"quantile",0.05,89.6357093310285
2022-05-21,"53","14  day ahead inc hosp",2022-06-04,"quantile",0.1,100.741431168623
2022-05-21,"53","14  day ahead inc hosp",2022-06-04,"quantile",0.15,108.234408967915
2022-05-21,"53","14  day ahead inc hosp",2022-06-04,"quantile",0.2,114.189590190562
2022-05-21,"53","14  day ahead inc hosp",2022-06-04,"quantile",0.25,119.298605420203
2022-05-21,"53","14  day ahead inc hosp",2022-06-04,"quantile",0.3,123.886658997174
2022-05-21,"53","14  day ahead inc hosp",2022-06-04,"quantile",0.35,128.138174392907
2022-05-21,"53","14  day ahead inc hosp",2022-06-04,"quantile",0.4,132.17244674686
2022-05-21,"53","14  day ahead inc hosp",2022-06-04,"quantile",0.45,136.075651937564
2022-05-21,"53","14  day ahead inc hosp",2022-06-04,"quantile",0.5,139.916973284615
2022-05-21,"53","14  day ahead inc hosp",2022-06-04,"quantile",0.55,143.758294631666
2022-05-21,"53","14  day ahead inc hosp",2022-06-04,"quantile",0.6,147.66149982237
2022-05-21,"53","14  day ahead inc hosp",2022-06-04,"quantile",0.65,151.695772176323
2022-05-21,"53","14  day ahead inc hosp",2022-06-04,"quantile",0.7,155.947287572056
2022-05-21,"53","14  day ahead inc hosp",2022-06-04,"quantile",0.75,160.535341149027
2022-05-21,"53","14  day ahead inc hosp",2022-06-04,"quantile",0.8,165.644356378668
2022-05-21,"53","14  day ahead inc hosp",2022-06-04,"quantile",0.85,171.599537601315
2022-05-21,"53","14  day ahead inc hosp",2022-06-04,"quantile",0.9,179.092515400607
2022-05-21,"53","14  day ahead inc hosp",2022-06-04,"quantile",0.95,190.198237238202
2022-05-21,"53","14  day ahead inc hosp",2022-06-04,"quantile",0.975,199.830794691831
2022-05-21,"53","14  day ahead inc hosp",2022-06-04,"quantile",0.99,211.03072443298
2022-05-21,"53","15  day ahead inc hosp",2022-06-05,"quantile",0.01,64.0088063991145
2022-05-21,"53","15  day ahead inc hosp",2022-06-05,"quantile",0.025,75.5429425710672
2022-05-21,"53","15  day ahead inc hosp",2022-06-05,"quantile",0.05,85.4629359926437
2022-05-21,"53","15  day ahead inc hosp",2022-06-05,"quantile",0.1,96.9000530927639
2022-05-21,"53","15  day ahead inc hosp",2022-06-05,"quantile",0.15,104.61662170238
2022-05-21,"53","15  day ahead inc hosp",2022-06-05,"quantile",0.2,110.749505813099
2022-05-21,"53","15  day ahead inc hosp",2022-06-05,"quantile",0.25,116.010974297741
2022-05-21,"53","15  day ahead inc hosp",2022-06-05,"quantile",0.3,120.735935609469
2022-05-21,"53","15  day ahead inc hosp",2022-06-05,"quantile",0.35,125.114316424785
2022-05-21,"53","15  day ahead inc hosp",2022-06-05,"quantile",0.4,129.268971655727
2022-05-21,"53","15  day ahead inc hosp",2022-06-05,"quantile",0.45,133.288648673096
2022-05-21,"53","15  day ahead inc hosp",2022-06-05,"quantile",0.5,137.244595230005
2022-05-21,"53","15  day ahead inc hosp",2022-06-05,"quantile",0.55,141.200541786913
2022-05-21,"53","15  day ahead inc hosp",2022-06-05,"quantile",0.6,145.220218804282
2022-05-21,"53","15  day ahead inc hosp",2022-06-05,"quantile",0.65,149.374874035224
2022-05-21,"53","15  day ahead inc hosp",2022-06-05,"quantile",0.7,153.75325485054
2022-05-21,"53","15  day ahead inc hosp",2022-06-05,"quantile",0.75,158.478216162268
2022-05-21,"53","15  day ahead inc hosp",2022-06-05,"quantile",0.8,163.73968464691
2022-05-21,"53","15  day ahead inc hosp",2022-06-05,"quantile",0.85,169.872568757629
2022-05-21,"53","15  day ahead inc hosp",2022-06-05,"quantile",0.9,177.589137367245
2022-05-21,"53","15  day ahead inc hosp",2022-06-05,"quantile",0.95,189.026254467365
2022-05-21,"53","15  day ahead inc hosp",2022-06-05,"quantile",0.975,198.946247888942
2022-05-21,"53","15  day ahead inc hosp",2022-06-05,"quantile",0.99,210.480384060895
2022-05-21,"53","16  day ahead inc hosp",2022-06-06,"quantile",0.01,70.029667567936
2022-05-21,"53","16  day ahead inc hosp",2022-06-06,"quantile",0.025,81.8885953550346
2022-05-21,"53","16  day ahead inc hosp",2022-06-06,"quantile",0.05,92.0879274836975
2022-05-21,"53","16  day ahead inc hosp",2022-06-06,"quantile",0.1,103.847104223151
2022-05-21,"53","16  day ahead inc hosp",2022-06-06,"quantile",0.15,111.780964942443
2022-05-21,"53","16  day ahead inc hosp",2022-06-06,"quantile",0.2,118.086545933634
2022-05-21,"53","16  day ahead inc hosp",2022-06-06,"quantile",0.25,123.496172964498
2022-05-21,"53","16  day ahead inc hosp",2022-06-06,"quantile",0.3,128.354185229766
2022-05-21,"53","16  day ahead inc hosp",2022-06-06,"quantile",0.35,132.855857582093
2022-05-21,"53","16  day ahead inc hosp",2022-06-06,"quantile",0.4,137.127504424952
2022-05-21,"53","16  day ahead inc hosp",2022-06-06,"quantile",0.45,141.260372180784
2022-05-21,"53","16  day ahead inc hosp",2022-06-06,"quantile",0.5,145.327714879761
2022-05-21,"53","16  day ahead inc hosp",2022-06-06,"quantile",0.55,149.395057578738
2022-05-21,"53","16  day ahead inc hosp",2022-06-06,"quantile",0.6,153.527925334571
2022-05-21,"53","16  day ahead inc hosp",2022-06-06,"quantile",0.65,157.799572177429
2022-05-21,"53","16  day ahead inc hosp",2022-06-06,"quantile",0.7,162.301244529756
2022-05-21,"53","16  day ahead inc hosp",2022-06-06,"quantile",0.75,167.159256795024
2022-05-21,"53","16  day ahead inc hosp",2022-06-06,"quantile",0.8,172.568883825888
2022-05-21,"53","16  day ahead inc hosp",2022-06-06,"quantile",0.85,178.874464817079
2022-05-21,"53","16  day ahead inc hosp",2022-06-06,"quantile",0.9,186.808325536371
2022-05-21,"53","16  day ahead inc hosp",2022-06-06,"quantile",0.95,198.567502275825
2022-05-21,"53","16  day ahead inc hosp",2022-06-06,"quantile",0.975,208.766834404488
2022-05-21,"53","16  day ahead inc hosp",2022-06-06,"quantile",0.99,220.625762191586
2022-05-21,"53","17  day ahead inc hosp",2022-06-07,"quantile",0.01,67.0701601470097
2022-05-21,"53","17  day ahead inc hosp",2022-06-07,"quantile",0.025,79.2452182284355
2022-05-21,"53","17  day ahead inc hosp",2022-06-07,"quantile",0.05,89.7164398504539
2022-05-21,"53","17  day ahead inc hosp",2022-06-07,"quantile",0.1,101.789087762886
2022-05-21,"53","17  day ahead inc hosp",2022-06-07,"quantile",0.15,109.934445994379
2022-05-21,"53","17  day ahead inc hosp",2022-06-07,"quantile",0.2,116.40811850366
2022-05-21,"53","17  day ahead inc hosp",2022-06-07,"quantile",0.25,121.961953089892
2022-05-21,"53","17  day ahead inc hosp",2022-06-07,"quantile",0.3,126.949468196802
2022-05-21,"53","17  day ahead inc hosp",2022-06-07,"quantile",0.35,131.571144231693
2022-05-21,"53","17  day ahead inc hosp",2022-06-07,"quantile",0.4,135.956662834119
2022-05-21,"53","17  day ahead inc hosp",2022-06-07,"quantile",0.45,140.199702835159
2022-05-21,"53","17  day ahead inc hosp",2022-06-07,"quantile",0.5,144.37547104002
2022-05-21,"53","17  day ahead inc hosp",2022-06-07,"quantile",0.55,148.551239244881
2022-05-21,"53","17  day ahead inc hosp",2022-06-07,"quantile",0.6,152.794279245922
2022-05-21,"53","17  day ahead inc hosp",2022-06-07,"quantile",0.65,157.179797848348
2022-05-21,"53","17  day ahead inc hosp",2022-06-07,"quantile",0.7,161.801473883238
2022-05-21,"53","17  day ahead inc hosp",2022-06-07,"quantile",0.75,166.788988990148
2022-05-21,"53","17  day ahead inc hosp",2022-06-07,"quantile",0.8,172.342823576381
2022-05-21,"53","17  day ahead inc hosp",2022-06-07,"quantile",0.85,178.816496085661
2022-05-21,"53","17  day ahead inc hosp",2022-06-07,"quantile",0.9,186.961854317154
2022-05-21,"53","17  day ahead inc hosp",2022-06-07,"quantile",0.95,199.034502229586
2022-05-21,"53","17  day ahead inc hosp",2022-06-07,"quantile",0.975,209.505723851605
2022-05-21,"53","17  day ahead inc hosp",2022-06-07,"quantile",0.99,221.680781933031
2022-05-21,"53","18  day ahead inc hosp",2022-06-08,"quantile",0.01,66.6322123193108
2022-05-21,"53","18  day ahead inc hosp",2022-06-08,"quantile",0.025,79.1153974221827
2022-05-21,"53","18  day ahead inc hosp",2022-06-08,"quantile",0.05,89.8516252813555
2022-05-21,"53","18  day ahead inc hosp",2022-06-08,"quantile",0.1,102.229808413196
2022-05-21,"53","18  day ahead inc hosp",2022-06-08,"quantile",0.15,110.581309806693
2022-05-21,"53","18  day ahead inc hosp",2022-06-08,"quantile",0.2,117.218818366263
2022-05-21,"53","18  day ahead inc hosp",2022-06-08,"quantile",0.25,122.913209695405
2022-05-21,"53","18  day ahead inc hosp",2022-06-08,"quantile",0.3,128.026949101537
2022-05-21,"53","18  day ahead inc hosp",2022-06-08,"quantile",0.35,132.765590760837
2022-05-21,"53","18  day ahead inc hosp",2022-06-08,"quantile",0.4,137.262098302734
2022-05-21,"53","18  day ahead inc hosp",2022-06-08,"quantile",0.45,141.612521387178
2022-05-21,"53","18  day ahead inc hosp",2022-06-08,"quantile",0.5,145.893970157225
2022-05-21,"53","18  day ahead inc hosp",2022-06-08,"quantile",0.55,150.175418927272
2022-05-21,"53","18  day ahead inc hosp",2022-06-08,"quantile",0.6,154.525842011715
2022-05-21,"53","18  day ahead inc hosp",2022-06-08,"quantile",0.65,159.022349553613
2022-05-21,"53","18  day ahead inc hosp",2022-06-08,"quantile",0.7,163.760991212913
2022-05-21,"53","18  day ahead inc hosp",2022-06-08,"quantile",0.75,168.874730619045
2022-05-21,"53","18  day ahead inc hosp",2022-06-08,"quantile",0.8,174.569121948187
2022-05-21,"53","18  day ahead inc hosp",2022-06-08,"quantile",0.85,181.206630507756
2022-05-21,"53","18  day ahead inc hosp",2022-06-08,"quantile",0.9,189.558131901253
2022-05-21,"53","18  day ahead inc hosp",2022-06-08,"quantile",0.95,201.936315033094
2022-05-21,"53","18  day ahead inc hosp",2022-06-08,"quantile",0.975,212.672542892267
2022-05-21,"53","18  day ahead inc hosp",2022-06-08,"quantile",0.99,225.155727995139
2022-05-21,"53","19  day ahead inc hosp",2022-06-09,"quantile",0.01,66.0781823572709
2022-05-21,"53","19  day ahead inc hosp",2022-06-09,"quantile",0.025,78.8620699247926
2022-05-21,"53","19  day ahead inc hosp",2022-06-09,"quantile",0.05,89.856918492678
2022-05-21,"53","19  day ahead inc hosp",2022-06-09,"quantile",0.1,102.533274738589
2022-05-21,"53","19  day ahead inc hosp",2022-06-09,"quantile",0.15,111.085952116568
2022-05-21,"53","19  day ahead inc hosp",2022-06-09,"quantile",0.2,117.883348971196
2022-05-21,"53","19  day ahead inc hosp",2022-06-09,"quantile",0.25,123.714910220774
2022-05-21,"53","19  day ahead inc hosp",2022-06-09,"quantile",0.3,128.951832454873
2022-05-21,"53","19  day ahead inc hosp",2022-06-09,"quantile",0.35,133.804621362195
2022-05-21,"53","19  day ahead inc hosp",2022-06-09,"quantile",0.4,138.409443479982
2022-05-21,"53","19  day ahead inc hosp",2022-06-09,"quantile",0.45,142.864662170113
2022-05-21,"53","19  day ahead inc hosp",2022-06-09,"quantile",0.5,147.249245051111
2022-05-21,"53","19  day ahead inc hosp",2022-06-09,"quantile",0.55,151.633827932109
2022-05-21,"53","19  day ahead inc hosp",2022-06-09,"quantile",0.6,156.08904662224
2022-05-21,"53","19  day ahead inc hosp",2022-06-09,"quantile",0.65,160.693868740026
2022-05-21,"53","19  day ahead inc hosp",2022-06-09,"quantile",0.7,165.546657647349
2022-05-21,"53","19  day ahead inc hosp",2022-06-09,"quantile",0.75,170.783579881447
2022-05-21,"53","19  day ahead inc hosp",2022-06-09,"quantile",0.8,176.615141131025
2022-05-21,"53","19  day ahead inc hosp",2022-06-09,"quantile",0.85,183.412537985653
2022-05-21,"53","19  day ahead inc hosp",2022-06-09,"quantile",0.9,191.965215363633
2022-05-21,"53","19  day ahead inc hosp",2022-06-09,"quantile",0.95,204.641571609543
2022-05-21,"53","19  day ahead inc hosp",2022-06-09,"quantile",0.975,215.636420177429
2022-05-21,"53","19  day ahead inc hosp",2022-06-09,"quantile",0.99,228.420307744951
2022-05-21,"53","20  day ahead inc hosp",2022-06-10,"quantile",0.01,62.5313645017296
2022-05-21,"53","20  day ahead inc hosp",2022-06-10,"quantile",0.025,75.6090421382792
2022-05-21,"53","20  day ahead inc hosp",2022-06-10,"quantile",0.05,86.8565663733001
2022-05-21,"53","20  day ahead inc hosp",2022-06-10,"quantile",0.1,99.8242414810856
2022-05-21,"53","20  day ahead inc hosp",2022-06-10,"quantile",0.15,108.573470312133
2022-05-21,"53","20  day ahead inc hosp",2022-06-10,"quantile",0.2,115.527080030851
2022-05-21,"53","20  day ahead inc hosp",2022-06-10,"quantile",0.25,121.492658008362
2022-05-21,"53","20  day ahead inc hosp",2022-06-10,"quantile",0.3,126.849931406104
2022-05-21,"53","20  day ahead inc hosp",2022-06-10,"quantile",0.35,131.814243602452
2022-05-21,"53","20  day ahead inc hosp",2022-06-10,"quantile",0.4,136.524890415637
2022-05-21,"53","20  day ahead inc hosp",2022-06-10,"quantile",0.45,141.082495723266
2022-05-21,"53","20  day ahead inc hosp",2022-06-10,"quantile",0.5,145.567841920623
2022-05-21,"53","20  day ahead inc hosp",2022-06-10,"quantile",0.55,150.05318811798
2022-05-21,"53","20  day ahead inc hosp",2022-06-10,"quantile",0.6,154.610793425609
2022-05-21,"53","20  day ahead inc hosp",2022-06-10,"quantile",0.65,159.321440238794
2022-05-21,"53","20  day ahead inc hosp",2022-06-10,"quantile",0.7,164.285752435142
2022-05-21,"53","20  day ahead inc hosp",2022-06-10,"quantile",0.75,169.643025832885
2022-05-21,"53","20  day ahead inc hosp",2022-06-10,"quantile",0.8,175.608603810395
2022-05-21,"53","20  day ahead inc hosp",2022-06-10,"quantile",0.85,182.562213529113
2022-05-21,"53","20  day ahead inc hosp",2022-06-10,"quantile",0.9,191.311442360161
2022-05-21,"53","20  day ahead inc hosp",2022-06-10,"quantile",0.95,204.279117467946
2022-05-21,"53","20  day ahead inc hosp",2022-06-10,"quantile",0.975,215.526641702967
2022-05-21,"53","20  day ahead inc hosp",2022-06-10,"quantile",0.99,228.604319339517
2022-05-21,"53","21  day ahead inc hosp",2022-06-11,"quantile",0.01,62.3774890488954
2022-05-21,"53","21  day ahead inc hosp",2022-06-11,"quantile",0.025,75.7425002120774
2022-05-21,"53","21  day ahead inc hosp",2022-06-11,"quantile",0.05,87.2371471315802
2022-05-21,"53","21  day ahead inc hosp",2022-06-11,"quantile",0.1,100.489738867876
2022-05-21,"53","21  day ahead inc hosp",2022-06-11,"quantile",0.15,109.431199595534
2022-05-21,"53","21  day ahead inc hosp",2022-06-11,"quantile",0.2,116.537589131803
2022-05-21,"53","21  day ahead inc hosp",2022-06-11,"quantile",0.25,122.634238589
2022-05-21,"53","21  day ahead inc hosp",2022-06-11,"quantile",0.3,128.109218226435
2022-05-21,"53","21  day ahead inc hosp",2022-06-11,"quantile",0.35,133.182602795594
2022-05-21,"53","21  day ahead inc hosp",2022-06-11,"quantile",0.4,137.996748624367
2022-05-21,"53","21  day ahead inc hosp",2022-06-11,"quantile",0.45,142.65449042736
2022-05-21,"53","21  day ahead inc hosp",2022-06-11,"quantile",0.5,147.238385493781
2022-05-21,"53","21  day ahead inc hosp",2022-06-11,"quantile",0.55,151.822280560201
2022-05-21,"53","21  day ahead inc hosp",2022-06-11,"quantile",0.6,156.480022363195
2022-05-21,"53","21  day ahead inc hosp",2022-06-11,"quantile",0.65,161.294168191968
2022-05-21,"53","21  day ahead inc hosp",2022-06-11,"quantile",0.7,166.367552761127
2022-05-21,"53","21  day ahead inc hosp",2022-06-11,"quantile",0.75,171.842532398562
2022-05-21,"53","21  day ahead inc hosp",2022-06-11,"quantile",0.8,177.939181855758
2022-05-21,"53","21  day ahead inc hosp",2022-06-11,"quantile",0.85,185.045571392028
2022-05-21,"53","21  day ahead inc hosp",2022-06-11,"quantile",0.9,193.987032119686
2022-05-21,"53","21  day ahead inc hosp",2022-06-11,"quantile",0.95,207.239623855981
2022-05-21,"53","21  day ahead inc hosp",2022-06-11,"quantile",0.975,218.734270775484
2022-05-21,"53","21  day ahead inc hosp",2022-06-11,"quantile",0.99,232.099281938666
2022-05-21,"53","22  day ahead inc hosp",2022-06-12,"quantile",0.01,52.0488653047248
2022-05-21,"53","22  day ahead inc hosp",2022-06-12,"quantile",0.025,65.8327954294426
2022-05-21,"53","22  day ahead inc hosp",2022-06-12,"quantile",0.05,77.687735766732
2022-05-21,"53","22  day ahead inc hosp",2022-06-12,"quantile",0.1,91.3557227391435
2022-05-21,"53","22  day ahead inc hosp",2022-06-12,"quantile",0.15,100.577448660516
2022-05-21,"53","22  day ahead inc hosp",2022-06-12,"quantile",0.2,107.906584088162
2022-05-21,"53","22  day ahead inc hosp",2022-06-12,"quantile",0.25,114.194329686489
2022-05-21,"53","22  day ahead inc hosp",2022-06-12,"quantile",0.3,119.840919564735
2022-05-21,"53","22  day ahead inc hosp",2022-06-12,"quantile",0.35,125.073326597043
2022-05-21,"53","22  day ahead inc hosp",2022-06-12,"quantile",0.4,130.038369192504
2022-05-21,"53","22  day ahead inc hosp",2022-06-12,"quantile",0.45,134.842105363582
2022-05-21,"53","22  day ahead inc hosp",2022-06-12,"quantile",0.5,139.569680112538
2022-05-21,"53","22  day ahead inc hosp",2022-06-12,"quantile",0.55,144.297254861494
2022-05-21,"53","22  day ahead inc hosp",2022-06-12,"quantile",0.6,149.100991032572
2022-05-21,"53","22  day ahead inc hosp",2022-06-12,"quantile",0.65,154.066033628033
2022-05-21,"53","22  day ahead inc hosp",2022-06-12,"quantile",0.7,159.298440660341
2022-05-21,"53","22  day ahead inc hosp",2022-06-12,"quantile",0.75,164.945030538587
2022-05-21,"53","22  day ahead inc hosp",2022-06-12,"quantile",0.8,171.232776136914
2022-05-21,"53","22  day ahead inc hosp",2022-06-12,"quantile",0.85,178.56191156456
2022-05-21,"53","22  day ahead inc hosp",2022-06-12,"quantile",0.9,187.783637485933
2022-05-21,"53","22  day ahead inc hosp",2022-06-12,"quantile",0.95,201.451624458344
2022-05-21,"53","22  day ahead inc hosp",2022-06-12,"quantile",0.975,213.306564795633
2022-05-21,"53","22  day ahead inc hosp",2022-06-12,"quantile",0.99,227.090494920351
2022-05-21,"53","23  day ahead inc hosp",2022-06-13,"quantile",0.01,49.8944801574802
2022-05-21,"53","23  day ahead inc hosp",2022-06-13,"quantile",0.025,64.0194717641357
2022-05-21,"53","23  day ahead inc hosp",2022-06-13,"quantile",0.05,76.1677437915262
2022-05-21,"53","23  day ahead inc hosp",2022-06-13,"quantile",0.1,90.1739234165222
2022-05-21,"53","23  day ahead inc hosp",2022-06-13,"quantile",0.15,99.6238263150201
2022-05-21,"53","23  day ahead inc hosp",2022-06-13,"quantile",0.2,107.134309570728
2022-05-21,"53","23  day ahead inc hosp",2022-06-13,"quantile",0.25,113.577635458016
2022-05-21,"53","23  day ahead inc hosp",2022-06-13,"quantile",0.3,119.363941244159
2022-05-21,"53","23  day ahead inc hosp",2022-06-13,"quantile",0.35,124.725815886966
2022-05-21,"53","23  day ahead inc hosp",2022-06-13,"quantile",0.4,129.813710584126
2022-05-21,"53","23  day ahead inc hosp",2022-06-13,"quantile",0.45,134.736307585354
2022-05-21,"53","23  day ahead inc hosp",2022-06-13,"quantile",0.5,139.580858670903
2022-05-21,"53","23  day ahead inc hosp",2022-06-13,"quantile",0.55,144.425409756453
2022-05-21,"53","23  day ahead inc hosp",2022-06-13,"quantile",0.6,149.348006757681
2022-05-21,"53","23  day ahead inc hosp",2022-06-13,"quantile",0.65,154.43590145484
2022-05-21,"53","23  day ahead inc hosp",2022-06-13,"quantile",0.7,159.797776097648
2022-05-21,"53","23  day ahead inc hosp",2022-06-13,"quantile",0.75,165.584081883791
2022-05-21,"53","23  day ahead inc hosp",2022-06-13,"quantile",0.8,172.027407771079
2022-05-21,"53","23  day ahead inc hosp",2022-06-13,"quantile",0.85,179.537891026787
2022-05-21,"53","23  day ahead inc hosp",2022-06-13,"quantile",0.9,188.987793925284
2022-05-21,"53","23  day ahead inc hosp",2022-06-13,"quantile",0.95,202.99397355028
2022-05-21,"53","23  day ahead inc hosp",2022-06-13,"quantile",0.975,215.142245577671
2022-05-21,"53","23  day ahead inc hosp",2022-06-13,"quantile",0.99,229.267237184326
2022-05-21,"53","24  day ahead inc hosp",2022-06-14,"quantile",0.01,47.5641407627042
2022-05-21,"53","24  day ahead inc hosp",2022-06-14,"quantile",0.025,62.0221505183059
2022-05-21,"53","24  day ahead inc hosp",2022-06-14,"quantile",0.05,74.4568365256913
2022-05-21,"53","24  day ahead inc hosp",2022-06-14,"quantile",0.1,88.7932331265563
2022-05-21,"53","24  day ahead inc hosp",2022-06-14,"quantile",0.15,98.4659318509644
2022-05-21,"53","24  day ahead inc hosp",2022-06-14,"quantile",0.2,106.153486166334
2022-05-21,"53","24  day ahead inc hosp",2022-06-14,"quantile",0.25,112.748723256106
2022-05-21,"53","24  day ahead inc hosp",2022-06-14,"quantile",0.3,118.671449997093
2022-05-21,"53","24  day ahead inc hosp",2022-06-14,"quantile",0.35,124.159738985349
2022-05-21,"53","24  day ahead inc hosp",2022-06-14,"quantile",0.4,129.367588534254
2022-05-21,"53","24  day ahead inc hosp",2022-06-14,"quantile",0.45,134.406243242772
2022-05-21,"53","24  day ahead inc hosp",2022-06-14,"quantile",0.5,139.365011984509
2022-05-21,"53","24  day ahead inc hosp",2022-06-14,"quantile",0.55,144.323780726247
2022-05-21,"53","24  day ahead inc hosp",2022-06-14,"quantile",0.6,149.362435434764
2022-05-21,"53","24  day ahead inc hosp",2022-06-14,"quantile",0.65,154.57028498367
2022-05-21,"53","24  day ahead inc hosp",2022-06-14,"quantile",0.7,160.058573971926
2022-05-21,"53","24  day ahead inc hosp",2022-06-14,"quantile",0.75,165.981300712913
2022-05-21,"53","24  day ahead inc hosp",2022-06-14,"quantile",0.8,172.576537802684
2022-05-21,"53","24  day ahead inc hosp",2022-06-14,"quantile",0.85,180.264092118054
2022-05-21,"53","24  day ahead inc hosp",2022-06-14,"quantile",0.9,189.936790842463
2022-05-21,"53","24  day ahead inc hosp",2022-06-14,"quantile",0.95,204.273187443327
2022-05-21,"53","24  day ahead inc hosp",2022-06-14,"quantile",0.975,216.707873450713
2022-05-21,"53","24  day ahead inc hosp",2022-06-14,"quantile",0.99,231.165883206315
2022-05-21,"53","25  day ahead inc hosp",2022-06-15,"quantile",0.01,46.2167993011245
2022-05-21,"53","25  day ahead inc hosp",2022-06-15,"quantile",0.025,61.0003274422031
2022-05-21,"53","25  day ahead inc hosp",2022-06-15,"quantile",0.05,73.7149772192537
2022-05-21,"53","25  day ahead inc hosp",2022-06-15,"quantile",0.1,88.3741541165741
2022-05-21,"53","25  day ahead inc hosp",2022-06-15,"quantile",0.15,98.2646311745978
2022-05-21,"53","25  day ahead inc hosp",2022-06-15,"quantile",0.2,106.125268805812
2022-05-21,"53","25  day ahead inc hosp",2022-06-15,"quantile",0.25,112.868995968947
2022-05-21,"53","25  day ahead inc hosp",2022-06-15,"quantile",0.3,118.925071385093
2022-05-21,"53","25  day ahead inc hosp",2022-06-15,"quantile",0.35,124.536927793809
2022-05-21,"53","25  day ahead inc hosp",2022-06-15,"quantile",0.4,129.862030741047
2022-05-21,"53","25  day ahead inc hosp",2022-06-15,"quantile",0.45,135.014129469413
2022-05-21,"53","25  day ahead inc hosp",2022-06-15,"quantile",0.5,140.084543618925
2022-05-21,"53","25  day ahead inc hosp",2022-06-15,"quantile",0.55,145.154957768436
2022-05-21,"53","25  day ahead inc hosp",2022-06-15,"quantile",0.6,150.307056496803
2022-05-21,"53","25  day ahead inc hosp",2022-06-15,"quantile",0.65,155.63215944404
2022-05-21,"53","25  day ahead inc hosp",2022-06-15,"quantile",0.7,161.244015852757
2022-05-21,"53","25  day ahead inc hosp",2022-06-15,"quantile",0.75,167.300091268902
2022-05-21,"53","25  day ahead inc hosp",2022-06-15,"quantile",0.8,174.043818432038
2022-05-21,"53","25  day ahead inc hosp",2022-06-15,"quantile",0.85,181.904456063252
2022-05-21,"53","25  day ahead inc hosp",2022-06-15,"quantile",0.9,191.794933121275
2022-05-21,"53","25  day ahead inc hosp",2022-06-15,"quantile",0.95,206.454110018596
2022-05-21,"53","25  day ahead inc hosp",2022-06-15,"quantile",0.975,219.168759795646
2022-05-21,"53","25  day ahead inc hosp",2022-06-15,"quantile",0.99,233.952287936725
2022-05-21,"53","26  day ahead inc hosp",2022-06-16,"quantile",0.01,43.1647605543161
2022-05-21,"53","26  day ahead inc hosp",2022-06-16,"quantile",0.025,58.2667922885911
2022-05-21,"53","26  day ahead inc hosp",2022-06-16,"quantile",0.05,71.2553727269548
2022-05-21,"53","26  day ahead inc hosp",2022-06-16,"quantile",0.1,86.2303741331841
2022-05-21,"53","26  day ahead inc hosp",2022-06-16,"quantile",0.15,96.3339364879885
2022-05-21,"53","26  day ahead inc hosp",2022-06-16,"quantile",0.2,104.363927558142
2022-05-21,"53","26  day ahead inc hosp",2022-06-16,"quantile",0.25,111.252944892372
2022-05-21,"53","26  day ahead inc hosp",2022-06-16,"quantile",0.3,117.439495372542
2022-05-21,"53","26  day ahead inc hosp",2022-06-16,"quantile",0.35,123.172256372748
2022-05-21,"53","26  day ahead inc hosp",2022-06-16,"quantile",0.4,128.612085954024
2022-05-21,"53","26  day ahead inc hosp",2022-06-16,"quantile",0.45,133.875184028543
2022-05-21,"53","26  day ahead inc hosp",2022-06-16,"quantile",0.5,139.05483767151
2022-05-21,"53","26  day ahead inc hosp",2022-06-16,"quantile",0.55,144.234491314477
2022-05-21,"53","26  day ahead inc hosp",2022-06-16,"quantile",0.6,149.497589388996
2022-05-21,"53","26  day ahead inc hosp",2022-06-16,"quantile",0.65,154.937418970272
2022-05-21,"53","26  day ahead inc hosp",2022-06-16,"quantile",0.7,160.670179970478
2022-05-21,"53","26  day ahead inc hosp",2022-06-16,"quantile",0.75,166.856730450648
2022-05-21,"53","26  day ahead inc hosp",2022-06-16,"quantile",0.8,173.745747784878
2022-05-21,"53","26  day ahead inc hosp",2022-06-16,"quantile",0.85,181.775738855032
2022-05-21,"53","26  day ahead inc hosp",2022-06-16,"quantile",0.9,191.879301209836
2022-05-21,"53","26  day ahead inc hosp",2022-06-16,"quantile",0.95,206.854302616065
2022-05-21,"53","26  day ahead inc hosp",2022-06-16,"quantile",0.975,219.842883054429
2022-05-21,"53","26  day ahead inc hosp",2022-06-16,"quantile",0.99,234.944914788704
2022-05-21,"53","27  day ahead inc hosp",2022-06-17,"quantile",0.01,40.6520694364064
2022-05-21,"53","27  day ahead inc hosp",2022-06-17,"quantile",0.025,56.0660248245615
2022-05-21,"53","27  day ahead inc hosp",2022-06-17,"quantile",0.05,69.3228768134249
2022-05-21,"53","27  day ahead inc hosp",2022-06-17,"quantile",0.1,84.607178136227
2022-05-21,"53","27  day ahead inc hosp",2022-06-17,"quantile",0.15,94.9194236763384
2022-05-21,"53","27  day ahead inc hosp",2022-06-17,"quantile",0.2,103.115269526783
2022-05-21,"53","27  day ahead inc hosp",2022-06-17,"quantile",0.25,110.146575494512
2022-05-21,"53","27  day ahead inc hosp",2022-06-17,"quantile",0.3,116.460905565179
2022-05-21,"53","27  day ahead inc hosp",2022-06-17,"quantile",0.35,122.312073398948
2022-05-21,"53","27  day ahead inc hosp",2022-06-17,"quantile",0.4,127.864259486244
2022-05-21,"53","27  day ahead inc hosp",2022-06-17,"quantile",0.45,133.23606378063
2022-05-21,"53","27  day ahead inc hosp",2022-06-17,"quantile",0.5,138.522700147416
2022-05-21,"53","27  day ahead inc hosp",2022-06-17,"quantile",0.55,143.809336514203
2022-05-21,"53","27  day ahead inc hosp",2022-06-17,"quantile",0.6,149.181140808588
2022-05-21,"53","27  day ahead inc hosp",2022-06-17,"quantile",0.65,154.733326895885
2022-05-21,"53","27  day ahead inc hosp",2022-06-17,"quantile",0.7,160.584494729653
2022-05-21,"53","27  day ahead inc hosp",2022-06-17,"quantile",0.75,166.898824800321
2022-05-21,"53","27  day ahead inc hosp",2022-06-17,"quantile",0.8,173.93013076805
2022-05-21,"53","27  day ahead inc hosp",2022-06-17,"quantile",0.85,182.125976618494
2022-05-21,"53","27  day ahead inc hosp",2022-06-17,"quantile",0.9,192.438222158605
2022-05-21,"53","27  day ahead inc hosp",2022-06-17,"quantile",0.95,207.722523481408
2022-05-21,"53","27  day ahead inc hosp",2022-06-17,"quantile",0.975,220.979375470271
2022-05-21,"53","27  day ahead inc hosp",2022-06-17,"quantile",0.99,236.393330858426
2022-05-21,"53","28  day ahead inc hosp",2022-06-18,"quantile",0.01,39.6604057610187
2022-05-21,"53","28  day ahead inc hosp",2022-06-18,"quantile",0.025,55.3800965630994
2022-05-21,"53","28  day ahead inc hosp",2022-06-18,"quantile",0.05,68.8998978747097
2022-05-21,"53","28  day ahead inc hosp",2022-06-18,"quantile",0.1,84.4873629263418
2022-05-21,"53","28  day ahead inc hosp",2022-06-18,"quantile",0.15,95.0041515950217
2022-05-21,"53","28  day ahead inc hosp",2022-06-18,"quantile",0.2,103.362561839903
2022-05-21,"53","28  day ahead inc hosp",2022-06-18,"quantile",0.25,110.533333583051
2022-05-21,"53","28  day ahead inc hosp",2022-06-18,"quantile",0.3,116.972908230416
2022-05-21,"53","28  day ahead inc hosp",2022-06-18,"quantile",0.35,122.940133829667
2022-05-21,"53","28  day ahead inc hosp",2022-06-18,"quantile",0.4,128.602447387094
2022-05-21,"53","28  day ahead inc hosp",2022-06-18,"quantile",0.45,134.080801283325
2022-05-21,"53","28  day ahead inc hosp",2022-06-18,"quantile",0.5,139.472297948274
2022-05-21,"53","28  day ahead inc hosp",2022-06-18,"quantile",0.55,144.863794613224
2022-05-21,"53","28  day ahead inc hosp",2022-06-18,"quantile",0.6,150.342148509455
2022-05-21,"53","28  day ahead inc hosp",2022-06-18,"quantile",0.65,156.004462066881
2022-05-21,"53","28  day ahead inc hosp",2022-06-18,"quantile",0.7,161.971687666133
2022-05-21,"53","28  day ahead inc hosp",2022-06-18,"quantile",0.75,168.411262313497
2022-05-21,"53","28  day ahead inc hosp",2022-06-18,"quantile",0.8,175.582034056645
2022-05-21,"53","28  day ahead inc hosp",2022-06-18,"quantile",0.85,183.940444301527
2022-05-21,"53","28  day ahead inc hosp",2022-06-18,"quantile",0.9,194.457232970207
2022-05-21,"53","28  day ahead inc hosp",2022-06-18,"quantile",0.95,210.044698021839
2022-05-21,"53","28  day ahead inc hosp",2022-06-18,"quantile",0.975,223.564499333449
2022-05-21,"53","28  day ahead inc hosp",2022-06-18,"quantile",0.99,239.28419013553
2022-05-21,"53","29  day ahead inc hosp",2022-06-19,"quantile",0.01,31.1870451319538
2022-05-21,"53","29  day ahead inc hosp",2022-06-19,"quantile",0.025,47.2066374213353
2022-05-21,"53","29  day ahead inc hosp",2022-06-19,"quantile",0.05,60.9843705569496
2022-05-21,"53","29  day ahead inc hosp",2022-06-19,"quantile",0.1,76.8692144827014
2022-05-21,"53","29  day ahead inc hosp",2022-06-19,"quantile",0.15,87.5866432659405
2022-05-21,"53","29  day ahead inc hosp",2022-06-19,"quantile",0.2,96.1045159134525
2022-05-21,"53","29  day ahead inc hosp",2022-06-19,"quantile",0.25,103.412092199256
2022-05-21,"53","29  day ahead inc hosp",2022-06-19,"quantile",0.3,109.974521554047
2022-05-21,"53","29  day ahead inc hosp",2022-06-19,"quantile",0.35,116.055590348741
2022-05-21,"53","29  day ahead inc hosp",2022-06-19,"quantile",0.4,121.825929965892
2022-05-21,"53","29  day ahead inc hosp",2022-06-19,"quantile",0.45,127.408800325082
2022-05-21,"53","29  day ahead inc hosp",2022-06-19,"quantile",0.5,132.903156383957
2022-05-21,"53","29  day ahead inc hosp",2022-06-19,"quantile",0.55,138.397512442831
2022-05-21,"53","29  day ahead inc hosp",2022-06-19,"quantile",0.6,143.980382802021
2022-05-21,"53","29  day ahead inc hosp",2022-06-19,"quantile",0.65,149.750722419172
2022-05-21,"53","29  day ahead inc hosp",2022-06-19,"quantile",0.7,155.831791213866
2022-05-21,"53","29  day ahead inc hosp",2022-06-19,"quantile",0.75,162.394220568657
2022-05-21,"53","29  day ahead inc hosp",2022-06-19,"quantile",0.8,169.701796854461
2022-05-21,"53","29  day ahead inc hosp",2022-06-19,"quantile",0.85,178.219669501973
2022-05-21,"53","29  day ahead inc hosp",2022-06-19,"quantile",0.9,188.937098285212
2022-05-21,"53","29  day ahead inc hosp",2022-06-19,"quantile",0.95,204.821942210963
2022-05-21,"53","29  day ahead inc hosp",2022-06-19,"quantile",0.975,218.599675346578
2022-05-21,"53","29  day ahead inc hosp",2022-06-19,"quantile",0.99,234.619267635959
2022-05-21,"53","30  day ahead inc hosp",2022-06-20,"quantile",0.01,30.8339708853287
2022-05-21,"53","30  day ahead inc hosp",2022-06-20,"quantile",0.025,47.1479524754554
2022-05-21,"53","30  day ahead inc hosp",2022-06-20,"quantile",0.05,61.1788766505408
2022-05-21,"53","30  day ahead inc hosp",2022-06-20,"quantile",0.1,77.3556336294637
2022-05-21,"53","30  day ahead inc hosp",2022-06-20,"quantile",0.15,88.2700147638171
2022-05-21,"53","30  day ahead inc hosp",2022-06-20,"quantile",0.2,96.9444188964781
2022-05-21,"53","30  day ahead inc hosp",2022-06-20,"quantile",0.25,104.386285258712
2022-05-21,"53","30  day ahead inc hosp",2022-06-20,"quantile",0.3,111.069311252547
2022-05-21,"53","30  day ahead inc hosp",2022-06-20,"quantile",0.35,117.262130805807
2022-05-21,"53","30  day ahead inc hosp",2022-06-20,"quantile",0.4,123.138510964706
2022-05-21,"53","30  day ahead inc hosp",2022-06-20,"quantile",0.45,128.823976775234
2022-05-21,"53","30  day ahead inc hosp",2022-06-20,"quantile",0.5,134.419301673328
2022-05-21,"53","30  day ahead inc hosp",2022-06-20,"quantile",0.55,140.014626571422
2022-05-21,"53","30  day ahead inc hosp",2022-06-20,"quantile",0.6,145.70009238195
2022-05-21,"53","30  day ahead inc hosp",2022-06-20,"quantile",0.65,151.57647254085
2022-05-21,"53","30  day ahead inc hosp",2022-06-20,"quantile",0.7,157.769292094109
2022-05-21,"53","30  day ahead inc hosp",2022-06-20,"quantile",0.75,164.452318087944
2022-05-21,"53","30  day ahead inc hosp",2022-06-20,"quantile",0.8,171.894184450178
2022-05-21,"53","30  day ahead inc hosp",2022-06-20,"quantile",0.85,180.568588582839
2022-05-21,"53","30  day ahead inc hosp",2022-06-20,"quantile",0.9,191.482969717192
2022-05-21,"53","30  day ahead inc hosp",2022-06-20,"quantile",0.95,207.659726696115
2022-05-21,"53","30  day ahead inc hosp",2022-06-20,"quantile",0.975,221.690650871201
2022-05-21,"53","30  day ahead inc hosp",2022-06-20,"quantile",0.99,238.004632461327
2022-05-21,"53","31  day ahead inc hosp",2022-06-21,"quantile",0.01,29.9278266123242
2022-05-21,"53","31  day ahead inc hosp",2022-06-21,"quantile",0.025,46.5309785277884
2022-05-21,"53","31  day ahead inc hosp",2022-06-21,"quantile",0.05,60.8106051355742
2022-05-21,"53","31  day ahead inc hosp",2022-06-21,"quantile",0.1,77.2741000915297
2022-05-21,"53","31  day ahead inc hosp",2022-06-21,"quantile",0.15,88.3819419776953
2022-05-21,"53","31  day ahead inc hosp",2022-06-21,"quantile",0.2,97.2101025830661
2022-05-21,"53","31  day ahead inc hosp",2022-06-21,"quantile",0.25,104.783878308149
2022-05-21,"53","31  day ahead inc hosp",2022-06-21,"quantile",0.3,111.585362986652
2022-05-21,"53","31  day ahead inc hosp",2022-06-21,"quantile",0.35,117.887952165131
2022-05-21,"53","31  day ahead inc hosp",2022-06-21,"quantile",0.4,123.868492963967
2022-05-21,"53","31  day ahead inc hosp",2022-06-21,"quantile",0.45,129.654735399077
2022-05-21,"53","31  day ahead inc hosp",2022-06-21,"quantile",0.5,135.349239146442
2022-05-21,"53","31  day ahead inc hosp",2022-06-21,"quantile",0.55,141.043742893808
2022-05-21,"53","31  day ahead inc hosp",2022-06-21,"quantile",0.6,146.829985328917
2022-05-21,"53","31  day ahead inc hosp",2022-06-21,"quantile",0.65,152.810526127754
2022-05-21,"53","31  day ahead inc hosp",2022-06-21,"quantile",0.7,159.113115306232
2022-05-21,"53","31  day ahead inc hosp",2022-06-21,"quantile",0.75,165.914599984736
2022-05-21,"53","31  day ahead inc hosp",2022-06-21,"quantile",0.8,173.488375709819
2022-05-21,"53","31  day ahead inc hosp",2022-06-21,"quantile",0.85,182.316536315189
2022-05-21,"53","31  day ahead inc hosp",2022-06-21,"quantile",0.9,193.424378201355
2022-05-21,"53","31  day ahead inc hosp",2022-06-21,"quantile",0.95,209.887873157311
2022-05-21,"53","31  day ahead inc hosp",2022-06-21,"quantile",0.975,224.167499765096
2022-05-21,"53","31  day ahead inc hosp",2022-06-21,"quantile",0.99,240.77065168056
2022-05-21,"53","32  day ahead inc hosp",2022-06-22,"quantile",0.01,29.4707204340045
2022-05-21,"53","32  day ahead inc hosp",2022-06-22,"quantile",0.025,46.3580918023664
2022-05-21,"53","32  day ahead inc hosp",2022-06-22,"quantile",0.05,60.8821628194253
2022-05-21,"53","32  day ahead inc hosp",2022-06-22,"quantile",0.1,77.6274865241022
2022-05-21,"53","32  day ahead inc hosp",2022-06-22,"quantile",0.15,88.9254769290451
2022-05-21,"53","32  day ahead inc hosp",2022-06-22,"quantile",0.2,97.9047615493094
2022-05-21,"53","32  day ahead inc hosp",2022-06-22,"quantile",0.25,105.608188222833
2022-05-21,"53","32  day ahead inc hosp",2022-06-22,"quantile",0.3,112.526103460068
2022-05-21,"53","32  day ahead inc hosp",2022-06-22,"quantile",0.35,118.936582902833
2022-05-21,"53","32  day ahead inc hosp",2022-06-22,"quantile",0.4,125.019501011865
2022-05-21,"53","32  day ahead inc hosp",2022-06-22,"quantile",0.45,130.904794679392
2022-05-21,"53","32  day ahead inc hosp",2022-06-22,"quantile",0.5,136.696779239307
2022-05-21,"53","32  day ahead inc hosp",2022-06-22,"quantile",0.55,142.488763799222
2022-05-21,"53","32  day ahead inc hosp",2022-06-22,"quantile",0.6,148.374057466749
2022-05-21,"53","32  day ahead inc hosp",2022-06-22,"quantile",0.65,154.456975575781
2022-05-21,"53","32  day ahead inc hosp",2022-06-22,"quantile",0.7,160.867455018546
2022-05-21,"53","32  day ahead inc hosp",2022-06-22,"quantile",0.75,167.785370255781
2022-05-21,"53","32  day ahead inc hosp",2022-06-22,"quantile",0.8,175.488796929305
2022-05-21,"53","32  day ahead inc hosp",2022-06-22,"quantile",0.85,184.468081549569
2022-05-21,"53","32  day ahead inc hosp",2022-06-22,"quantile",0.9,195.766071954512
2022-05-21,"53","32  day ahead inc hosp",2022-06-22,"quantile",0.95,212.511395659189
2022-05-21,"53","32  day ahead inc hosp",2022-06-22,"quantile",0.975,227.035466676248
2022-05-21,"53","32  day ahead inc hosp",2022-06-22,"quantile",0.99,243.922838044609
2022-05-21,"53","33  day ahead inc hosp",2022-06-23,"quantile",0.01,26.8296218433974
2022-05-21,"53","33  day ahead inc hosp",2022-06-23,"quantile",0.025,43.9965076977962
2022-05-21,"53","33  day ahead inc hosp",2022-06-23,"quantile",0.05,58.760976593065
2022-05-21,"53","33  day ahead inc hosp",2022-06-23,"quantile",0.1,75.7834636553027
2022-05-21,"53","33  day ahead inc hosp",2022-06-23,"quantile",0.15,87.268454861756
2022-05-21,"53","33  day ahead inc hosp",2022-06-23,"quantile",0.2,96.3963617910147
2022-05-21,"53","33  day ahead inc hosp",2022-06-23,"quantile",0.25,104.227293172074
2022-05-21,"53","33  day ahead inc hosp",2022-06-23,"quantile",0.3,111.259711577375
2022-05-21,"53","33  day ahead inc hosp",2022-06-23,"quantile",0.35,117.776295269736
2022-05-21,"53","33  day ahead inc hosp",2022-06-23,"quantile",0.4,123.959895935678
2022-05-21,"53","33  day ahead inc hosp",2022-06-23,"quantile",0.45,129.942601142205
2022-05-21,"53","33  day ahead inc hosp",2022-06-23,"quantile",0.5,135.830452817971
2022-05-21,"53","33  day ahead inc hosp",2022-06-23,"quantile",0.55,141.718304493738
2022-05-21,"53","33  day ahead inc hosp",2022-06-23,"quantile",0.6,147.701009700264
2022-05-21,"53","33  day ahead inc hosp",2022-06-23,"quantile",0.65,153.884610366207
2022-05-21,"53","33  day ahead inc hosp",2022-06-23,"quantile",0.7,160.401194058568
2022-05-21,"53","33  day ahead inc hosp",2022-06-23,"quantile",0.75,167.433612463868
2022-05-21,"53","33  day ahead inc hosp",2022-06-23,"quantile",0.8,175.264543844928
2022-05-21,"53","33  day ahead inc hosp",2022-06-23,"quantile",0.85,184.392450774187
2022-05-21,"53","33  day ahead inc hosp",2022-06-23,"quantile",0.9,195.87744198064
2022-05-21,"53","33  day ahead inc hosp",2022-06-23,"quantile",0.95,212.899929042878
2022-05-21,"53","33  day ahead inc hosp",2022-06-23,"quantile",0.975,227.664397938147
2022-05-21,"53","33  day ahead inc hosp",2022-06-23,"quantile",0.99,244.831283792545
2022-05-21,"53","34  day ahead inc hosp",2022-06-24,"quantile",0.01,26.7369509621009
2022-05-21,"53","34  day ahead inc hosp",2022-06-24,"quantile",0.025,44.1788725346497
2022-05-21,"53","34  day ahead inc hosp",2022-06-24,"quantile",0.05,59.1798873206616
2022-05-21,"53","34  day ahead inc hosp",2022-06-24,"quantile",0.1,76.4750966456074
2022-05-21,"53","34  day ahead inc hosp",2022-06-24,"quantile",0.15,88.144092267958
2022-05-21,"53","34  day ahead inc hosp",2022-06-24,"quantile",0.2,97.4182400739132
2022-05-21,"53","34  day ahead inc hosp",2022-06-24,"quantile",0.25,105.374633105644
2022-05-21,"53","34  day ahead inc hosp",2022-06-24,"quantile",0.3,112.519719950802
2022-05-21,"53","34  day ahead inc hosp",2022-06-24,"quantile",0.35,119.140707743646
2022-05-21,"53","34  day ahead inc hosp",2022-06-24,"quantile",0.4,125.423377691247
2022-05-21,"53","34  day ahead inc hosp",2022-06-24,"quantile",0.45,131.501933574297
2022-05-21,"53","34  day ahead inc hosp",2022-06-24,"quantile",0.5,137.484116250325
2022-05-21,"53","34  day ahead inc hosp",2022-06-24,"quantile",0.55,143.466298926352
2022-05-21,"53","34  day ahead inc hosp",2022-06-24,"quantile",0.6,149.544854809402
2022-05-21,"53","34  day ahead inc hosp",2022-06-24,"quantile",0.65,155.827524757003
2022-05-21,"53","34  day ahead inc hosp",2022-06-24,"quantile",0.7,162.448512549847
2022-05-21,"53","34  day ahead inc hosp",2022-06-24,"quantile",0.75,169.593599395005
2022-05-21,"53","34  day ahead inc hosp",2022-06-24,"quantile",0.8,177.549992426736
2022-05-21,"53","34  day ahead inc hosp",2022-06-24,"quantile",0.85,186.824140232691
2022-05-21,"53","34  day ahead inc hosp",2022-06-24,"quantile",0.9,198.493135855042
2022-05-21,"53","34  day ahead inc hosp",2022-06-24,"quantile",0.95,215.788345179987
2022-05-21,"53","34  day ahead inc hosp",2022-06-24,"quantile",0.975,230.789359965999
2022-05-21,"53","34  day ahead inc hosp",2022-06-24,"quantile",0.99,248.231281538548
2022-05-21,"53","35  day ahead inc hosp",2022-06-25,"quantile",0.01,24.9417754428327
2022-05-21,"53","35  day ahead inc hosp",2022-06-25,"quantile",0.025,42.6544626005716
2022-05-21,"53","35  day ahead inc hosp",2022-06-25,"quantile",0.05,57.8883507274069
2022-05-21,"53","35  day ahead inc hosp",2022-06-25,"quantile",0.1,75.4520481002078
2022-05-21,"53","35  day ahead inc hosp",2022-06-25,"quantile",0.15,87.3021913337963
2022-05-21,"53","35  day ahead inc hosp",2022-06-25,"quantile",0.2,96.7203095186673
2022-05-21,"53","35  day ahead inc hosp",2022-06-25,"quantile",0.25,104.800216316142
2022-05-21,"53","35  day ahead inc hosp",2022-06-25,"quantile",0.3,112.056222340292
2022-05-21,"53","35  day ahead inc hosp",2022-06-25,"quantile",0.35,118.779993282734
2022-05-21,"53","35  day ahead inc hosp",2022-06-25,"quantile",0.4,125.160194388117
2022-05-21,"53","35  day ahead inc hosp",2022-06-25,"quantile",0.45,131.333112795041
2022-05-21,"53","35  day ahead inc hosp",2022-06-25,"quantile",0.5,137.408161912776
2022-05-21,"53","35  day ahead inc hosp",2022-06-25,"quantile",0.55,143.483211030511
2022-05-21,"53","35  day ahead inc hosp",2022-06-25,"quantile",0.6,149.656129437435
2022-05-21,"53","35  day ahead inc hosp",2022-06-25,"quantile",0.65,156.036330542818
2022-05-21,"53","35  day ahead inc hosp",2022-06-25,"quantile",0.7,162.760101485259
2022-05-21,"53","35  day ahead inc hosp",2022-06-25,"quantile",0.75,170.016107509409
2022-05-21,"53","35  day ahead inc hosp",2022-06-25,"quantile",0.8,178.096014306884
2022-05-21,"53","35  day ahead inc hosp",2022-06-25,"quantile",0.85,187.514132491755
2022-05-21,"53","35  day ahead inc hosp",2022-06-25,"quantile",0.9,199.364275725344
2022-05-21,"53","35  day ahead inc hosp",2022-06-25,"quantile",0.95,216.927973098144
2022-05-21,"53","35  day ahead inc hosp",2022-06-25,"quantile",0.975,232.16186122498
2022-05-21,"53","35  day ahead inc hosp",2022-06-25,"quantile",0.99,249.874548382719
2022-05-21,"53","36  day ahead inc hosp",2022-06-26,"quantile",0.01,11.0121564106391
2022-05-21,"53","36  day ahead inc hosp",2022-06-26,"quantile",0.025,28.9915319435356
2022-05-21,"53","36  day ahead inc hosp",2022-06-26,"quantile",0.05,44.4547867856354
2022-05-21,"53","36  day ahead inc hosp",2022-06-26,"quantile",0.1,62.2829292915997
2022-05-21,"53","36  day ahead inc hosp",2022-06-26,"quantile",0.15,74.3114924010776
2022-05-21,"53","36  day ahead inc hosp",2022-06-26,"quantile",0.2,83.8714130472802
2022-05-21,"53","36  day ahead inc hosp",2022-06-26,"quantile",0.25,92.072973730247
2022-05-21,"53","36  day ahead inc hosp",2022-06-26,"quantile",0.3,99.4382287034403
2022-05-21,"53","36  day ahead inc hosp",2022-06-26,"quantile",0.35,106.263235078519
2022-05-21,"53","36  day ahead inc hosp",2022-06-26,"quantile",0.4,112.739498709639
2022-05-21,"53","36  day ahead inc hosp",2022-06-26,"quantile",0.45,119.005358721937
2022-05-21,"53","36  day ahead inc hosp",2022-06-26,"quantile",0.5,125.171875891006
2022-05-21,"53","36  day ahead inc hosp",2022-06-26,"quantile",0.55,131.338393060075
2022-05-21,"53","36  day ahead inc hosp",2022-06-26,"quantile",0.6,137.604253072373
2022-05-21,"53","36  day ahead inc hosp",2022-06-26,"quantile",0.65,144.080516703493
2022-05-21,"53","36  day ahead inc hosp",2022-06-26,"quantile",0.7,150.905523078572
2022-05-21,"53","36  day ahead inc hosp",2022-06-26,"quantile",0.75,158.270778051765
2022-05-21,"53","36  day ahead inc hosp",2022-06-26,"quantile",0.8,166.472338734732
2022-05-21,"53","36  day ahead inc hosp",2022-06-26,"quantile",0.85,176.032259380934
2022-05-21,"53","36  day ahead inc hosp",2022-06-26,"quantile",0.9,188.060822490412
2022-05-21,"53","36  day ahead inc hosp",2022-06-26,"quantile",0.95,205.888964996377
2022-05-21,"53","36  day ahead inc hosp",2022-06-26,"quantile",0.975,221.352219838476
2022-05-21,"53","36  day ahead inc hosp",2022-06-26,"quantile",0.99,239.331595371373
2022-05-21,"53","37  day ahead inc hosp",2022-06-27,"quantile",0.01,15.1112249778139
2022-05-21,"53","37  day ahead inc hosp",2022-06-27,"quantile",0.025,33.3533904950408
2022-05-21,"53","37  day ahead inc hosp",2022-06-27,"quantile",0.05,49.0426592212279
2022-05-21,"53","37  day ahead inc hosp",2022-06-27,"quantile",0.1,67.1313812607368
2022-05-21,"53","37  day ahead inc hosp",2022-06-27,"quantile",0.15,79.3357561443929
2022-05-21,"53","37  day ahead inc hosp",2022-06-27,"quantile",0.2,89.0354064153658
2022-05-21,"53","37  day ahead inc hosp",2022-06-27,"quantile",0.25,97.3568426746239
2022-05-21,"53","37  day ahead inc hosp",2022-06-27,"quantile",0.3,104.829749620237
2022-05-21,"53","37  day ahead inc hosp",2022-06-27,"quantile",0.35,111.754511591113
2022-05-21,"53","37  day ahead inc hosp",2022-06-27,"quantile",0.4,118.325433527526
2022-05-21,"53","37  day ahead inc hosp",2022-06-27,"quantile",0.45,124.682876545664
2022-05-21,"53","37  day ahead inc hosp",2022-06-27,"quantile",0.5,130.939524706617
2022-05-21,"53","37  day ahead inc hosp",2022-06-27,"quantile",0.55,137.19617286757
2022-05-21,"53","37  day ahead inc hosp",2022-06-27,"quantile",0.6,143.553615885709
2022-05-21,"53","37  day ahead inc hosp",2022-06-27,"quantile",0.65,150.124537822121
2022-05-21,"53","37  day ahead inc hosp",2022-06-27,"quantile",0.7,157.049299792998
2022-05-21,"53","37  day ahead inc hosp",2022-06-27,"quantile",0.75,164.522206738611
2022-05-21,"53","37  day ahead inc hosp",2022-06-27,"quantile",0.8,172.843642997869
2022-05-21,"53","37  day ahead inc hosp",2022-06-27,"quantile",0.85,182.543293268842
2022-05-21,"53","37  day ahead inc hosp",2022-06-27,"quantile",0.9,194.747668152498
2022-05-21,"53","37  day ahead inc hosp",2022-06-27,"quantile",0.95,212.836390192007
2022-05-21,"53","37  day ahead inc hosp",2022-06-27,"quantile",0.975,228.525658918194
2022-05-21,"53","37  day ahead inc hosp",2022-06-27,"quantile",0.99,246.767824435421
2022-05-21,"54","1  day ahead inc hosp",2022-05-22,"quantile",0.01,5.22168039623952
2022-05-21,"54","1  day ahead inc hosp",2022-05-22,"quantile",0.025,8.66237884128425
2022-05-21,"54","1  day ahead inc hosp",2022-05-22,"quantile",0.05,11.621569320019
2022-05-21,"54","1  day ahead inc hosp",2022-05-22,"quantile",0.1,15.0333264239335
2022-05-21,"54","1  day ahead inc hosp",2022-05-22,"quantile",0.15,17.3352227445915
2022-05-21,"54","1  day ahead inc hosp",2022-05-22,"quantile",0.2,19.1646969686522
2022-05-21,"54","1  day ahead inc hosp",2022-05-22,"quantile",0.25,20.7342229534224
2022-05-21,"54","1  day ahead inc hosp",2022-05-22,"quantile",0.3,22.143705795986
2022-05-21,"54","1  day ahead inc hosp",2022-05-22,"quantile",0.35,23.4498017045555
2022-05-21,"54","1  day ahead inc hosp",2022-05-22,"quantile",0.4,24.6891589983907
2022-05-21,"54","1  day ahead inc hosp",2022-05-22,"quantile",0.45,25.8882515231413
2022-05-21,"54","1  day ahead inc hosp",2022-05-22,"quantile",0.5,27.0683328889339
2022-05-21,"54","1  day ahead inc hosp",2022-05-22,"quantile",0.55,28.2484142547264
2022-05-21,"54","1  day ahead inc hosp",2022-05-22,"quantile",0.6,29.4475067794771
2022-05-21,"54","1  day ahead inc hosp",2022-05-22,"quantile",0.65,30.6868640733122
2022-05-21,"54","1  day ahead inc hosp",2022-05-22,"quantile",0.7,31.9929599818818
2022-05-21,"54","1  day ahead inc hosp",2022-05-22,"quantile",0.75,33.4024428244453
2022-05-21,"54","1  day ahead inc hosp",2022-05-22,"quantile",0.8,34.9719688092156
2022-05-21,"54","1  day ahead inc hosp",2022-05-22,"quantile",0.85,36.8014430332762
2022-05-21,"54","1  day ahead inc hosp",2022-05-22,"quantile",0.9,39.1033393539342
2022-05-21,"54","1  day ahead inc hosp",2022-05-22,"quantile",0.95,42.5150964578488
2022-05-21,"54","1  day ahead inc hosp",2022-05-22,"quantile",0.975,45.4742869365835
2022-05-21,"54","1  day ahead inc hosp",2022-05-22,"quantile",0.99,48.9149853816283
2022-05-21,"54","2  day ahead inc hosp",2022-05-23,"quantile",0.01,3.53195009427342
2022-05-21,"54","2  day ahead inc hosp",2022-05-23,"quantile",0.025,7.40106782657739
2022-05-21,"54","2  day ahead inc hosp",2022-05-23,"quantile",0.05,10.7287225273336
2022-05-21,"54","2  day ahead inc hosp",2022-05-23,"quantile",0.1,14.5652952813571
2022-05-21,"54","2  day ahead inc hosp",2022-05-23,"quantile",0.15,17.1538127043269
2022-05-21,"54","2  day ahead inc hosp",2022-05-23,"quantile",0.2,19.211084294431
2022-05-21,"54","2  day ahead inc hosp",2022-05-23,"quantile",0.25,20.9760401358045
2022-05-21,"54","2  day ahead inc hosp",2022-05-23,"quantile",0.3,22.5610250296114
2022-05-21,"54","2  day ahead inc hosp",2022-05-23,"quantile",0.35,24.0297497436921
2022-05-21,"54","2  day ahead inc hosp",2022-05-23,"quantile",0.4,25.4234258704518
2022-05-21,"54","2  day ahead inc hosp",2022-05-23,"quantile",0.45,26.7718236519741
2022-05-21,"54","2  day ahead inc hosp",2022-05-23,"quantile",0.5,28.0988430961004
2022-05-21,"54","2  day ahead inc hosp",2022-05-23,"quantile",0.55,29.4258625402267
2022-05-21,"54","2  day ahead inc hosp",2022-05-23,"quantile",0.6,30.7742603217491
2022-05-21,"54","2  day ahead inc hosp",2022-05-23,"quantile",0.65,32.1679364485087
2022-05-21,"54","2  day ahead inc hosp",2022-05-23,"quantile",0.7,33.6366611625894
2022-05-21,"54","2  day ahead inc hosp",2022-05-23,"quantile",0.75,35.2216460563963
2022-05-21,"54","2  day ahead inc hosp",2022-05-23,"quantile",0.8,36.9866018977698
2022-05-21,"54","2  day ahead inc hosp",2022-05-23,"quantile",0.85,39.043873487874
2022-05-21,"54","2  day ahead inc hosp",2022-05-23,"quantile",0.9,41.6323909108437
2022-05-21,"54","2  day ahead inc hosp",2022-05-23,"quantile",0.95,45.4689636648673
2022-05-21,"54","2  day ahead inc hosp",2022-05-23,"quantile",0.975,48.7966183656234
2022-05-21,"54","2  day ahead inc hosp",2022-05-23,"quantile",0.99,52.6657360979274
2022-05-21,"54","3  day ahead inc hosp",2022-05-24,"quantile",0.01,2.58131587094816
2022-05-21,"54","3  day ahead inc hosp",2022-05-24,"quantile",0.025,6.58241528613697
2022-05-21,"54","3  day ahead inc hosp",2022-05-24,"quantile",0.05,10.0235815153221
2022-05-21,"54","3  day ahead inc hosp",2022-05-24,"quantile",0.1,13.9910257919046
2022-05-21,"54","3  day ahead inc hosp",2022-05-24,"quantile",0.15,16.6678416098308
2022-05-21,"54","3  day ahead inc hosp",2022-05-24,"quantile",0.2,18.7952899651303
2022-05-21,"54","3  day ahead inc hosp",2022-05-24,"quantile",0.25,20.6204512223838
2022-05-21,"54","3  day ahead inc hosp",2022-05-24,"quantile",0.3,22.2595024403775
2022-05-21,"54","3  day ahead inc hosp",2022-05-24,"quantile",0.35,23.7783276613103
2022-05-21,"54","3  day ahead inc hosp",2022-05-24,"quantile",0.4,25.2195442697334
2022-05-21,"54","3  day ahead inc hosp",2022-05-24,"quantile",0.45,26.6139380174466
2022-05-21,"54","3  day ahead inc hosp",2022-05-24,"quantile",0.5,27.9862241790973
2022-05-21,"54","3  day ahead inc hosp",2022-05-24,"quantile",0.55,29.3585103407479
2022-05-21,"54","3  day ahead inc hosp",2022-05-24,"quantile",0.6,30.7529040884612
2022-05-21,"54","3  day ahead inc hosp",2022-05-24,"quantile",0.65,32.1941206968842
2022-05-21,"54","3  day ahead inc hosp",2022-05-24,"quantile",0.7,33.712945917817
2022-05-21,"54","3  day ahead inc hosp",2022-05-24,"quantile",0.75,35.3519971358107
2022-05-21,"54","3  day ahead inc hosp",2022-05-24,"quantile",0.8,37.1771583930642
2022-05-21,"54","3  day ahead inc hosp",2022-05-24,"quantile",0.85,39.3046067483637
2022-05-21,"54","3  day ahead inc hosp",2022-05-24,"quantile",0.9,41.98142256629
2022-05-21,"54","3  day ahead inc hosp",2022-05-24,"quantile",0.95,45.9488668428724
2022-05-21,"54","3  day ahead inc hosp",2022-05-24,"quantile",0.975,49.3900330720576
2022-05-21,"54","3  day ahead inc hosp",2022-05-24,"quantile",0.99,53.3911324872464
2022-05-21,"54","4  day ahead inc hosp",2022-05-25,"quantile",0.01,1.27369049871962
2022-05-21,"54","4  day ahead inc hosp",2022-05-25,"quantile",0.025,5.38900624001274
2022-05-21,"54","4  day ahead inc hosp",2022-05-25,"quantile",0.05,8.92840481071875
2022-05-21,"54","4  day ahead inc hosp",2022-05-25,"quantile",0.1,13.0091046858936
2022-05-21,"54","4  day ahead inc hosp",2022-05-25,"quantile",0.15,15.7623335185079
2022-05-21,"54","4  day ahead inc hosp",2022-05-25,"quantile",0.2,17.9505125155397
2022-05-21,"54","4  day ahead inc hosp",2022-05-25,"quantile",0.25,19.8277752558406
2022-05-21,"54","4  day ahead inc hosp",2022-05-25,"quantile",0.3,21.5136152158749
2022-05-21,"54","4  day ahead inc hosp",2022-05-25,"quantile",0.35,23.0757971792248
2022-05-21,"54","4  day ahead inc hosp",2022-05-25,"quantile",0.4,24.5581550963366
2022-05-21,"54","4  day ahead inc hosp",2022-05-25,"quantile",0.45,25.9923535363306
2022-05-21,"54","4  day ahead inc hosp",2022-05-25,"quantile",0.5,27.4038133019044
2022-05-21,"54","4  day ahead inc hosp",2022-05-25,"quantile",0.55,28.8152730674781
2022-05-21,"54","4  day ahead inc hosp",2022-05-25,"quantile",0.6,30.2494715074722
2022-05-21,"54","4  day ahead inc hosp",2022-05-25,"quantile",0.65,31.731829424584
2022-05-21,"54","4  day ahead inc hosp",2022-05-25,"quantile",0.7,33.2940113879339
2022-05-21,"54","4  day ahead inc hosp",2022-05-25,"quantile",0.75,34.9798513479682
2022-05-21,"54","4  day ahead inc hosp",2022-05-25,"quantile",0.8,36.8571140882691
2022-05-21,"54","4  day ahead inc hosp",2022-05-25,"quantile",0.85,39.0452930853008
2022-05-21,"54","4  day ahead inc hosp",2022-05-25,"quantile",0.9,41.7985219179152
2022-05-21,"54","4  day ahead inc hosp",2022-05-25,"quantile",0.95,45.87922179309
2022-05-21,"54","4  day ahead inc hosp",2022-05-25,"quantile",0.975,49.418620363796
2022-05-21,"54","4  day ahead inc hosp",2022-05-25,"quantile",0.99,53.5339361050892
2022-05-21,"54","5  day ahead inc hosp",2022-05-26,"quantile",0.01,0
2022-05-21,"54","5  day ahead inc hosp",2022-05-26,"quantile",0.025,3.66833808670093
2022-05-21,"54","5  day ahead inc hosp",2022-05-26,"quantile",0.05,7.36040343470305
2022-05-21,"54","5  day ahead inc hosp",2022-05-26,"quantile",0.1,11.6171183267262
2022-05-21,"54","5  day ahead inc hosp",2022-05-26,"quantile",0.15,14.4891036555749
2022-05-21,"54","5  day ahead inc hosp",2022-05-26,"quantile",0.2,16.7716665511562
2022-05-21,"54","5  day ahead inc hosp",2022-05-26,"quantile",0.25,18.7299022723109
2022-05-21,"54","5  day ahead inc hosp",2022-05-26,"quantile",0.3,20.4884584717271
2022-05-21,"54","5  day ahead inc hosp",2022-05-26,"quantile",0.35,22.1180228677503
2022-05-21,"54","5  day ahead inc hosp",2022-05-26,"quantile",0.4,23.6643201241266
2022-05-21,"54","5  day ahead inc hosp",2022-05-26,"quantile",0.45,25.1603806148231
2022-05-21,"54","5  day ahead inc hosp",2022-05-26,"quantile",0.5,26.6327216316571
2022-05-21,"54","5  day ahead inc hosp",2022-05-26,"quantile",0.55,28.1050626484911
2022-05-21,"54","5  day ahead inc hosp",2022-05-26,"quantile",0.6,29.6011231391875
2022-05-21,"54","5  day ahead inc hosp",2022-05-26,"quantile",0.65,31.1474203955638
2022-05-21,"54","5  day ahead inc hosp",2022-05-26,"quantile",0.7,32.7769847915871
2022-05-21,"54","5  day ahead inc hosp",2022-05-26,"quantile",0.75,34.5355409910033
2022-05-21,"54","5  day ahead inc hosp",2022-05-26,"quantile",0.8,36.493776712158
2022-05-21,"54","5  day ahead inc hosp",2022-05-26,"quantile",0.85,38.7763396077393
2022-05-21,"54","5  day ahead inc hosp",2022-05-26,"quantile",0.9,41.648324936588
2022-05-21,"54","5  day ahead inc hosp",2022-05-26,"quantile",0.95,45.9050398286111
2022-05-21,"54","5  day ahead inc hosp",2022-05-26,"quantile",0.975,49.5971051766132
2022-05-21,"54","5  day ahead inc hosp",2022-05-26,"quantile",0.99,53.8899290394779
2022-05-21,"54","6  day ahead inc hosp",2022-05-27,"quantile",0.01,0
2022-05-21,"54","6  day ahead inc hosp",2022-05-27,"quantile",0.025,3.38074383409573
2022-05-21,"54","6  day ahead inc hosp",2022-05-27,"quantile",0.05,7.29383906998506
2022-05-21,"54","6  day ahead inc hosp",2022-05-27,"quantile",0.1,11.8053872671285
2022-05-21,"54","6  day ahead inc hosp",2022-05-27,"quantile",0.15,14.8493074171181
2022-05-21,"54","6  day ahead inc hosp",2022-05-27,"quantile",0.2,17.2685186580974
2022-05-21,"54","6  day ahead inc hosp",2022-05-27,"quantile",0.25,19.3439864922042
2022-05-21,"54","6  day ahead inc hosp",2022-05-27,"quantile",0.3,21.2078207522622
2022-05-21,"54","6  day ahead inc hosp",2022-05-27,"quantile",0.35,22.9349409610375
2022-05-21,"54","6  day ahead inc hosp",2022-05-27,"quantile",0.4,24.5738091437118
2022-05-21,"54","6  day ahead inc hosp",2022-05-27,"quantile",0.45,26.1594330769161
2022-05-21,"54","6  day ahead inc hosp",2022-05-27,"quantile",0.5,27.7199175417144
2022-05-21,"54","6  day ahead inc hosp",2022-05-27,"quantile",0.55,29.2804020065128
2022-05-21,"54","6  day ahead inc hosp",2022-05-27,"quantile",0.6,30.8660259397171
2022-05-21,"54","6  day ahead inc hosp",2022-05-27,"quantile",0.65,32.5048941223914
2022-05-21,"54","6  day ahead inc hosp",2022-05-27,"quantile",0.7,34.2320143311667
2022-05-21,"54","6  day ahead inc hosp",2022-05-27,"quantile",0.75,36.0958485912246
2022-05-21,"54","6  day ahead inc hosp",2022-05-27,"quantile",0.8,38.1713164253315
2022-05-21,"54","6  day ahead inc hosp",2022-05-27,"quantile",0.85,40.5905276663108
2022-05-21,"54","6  day ahead inc hosp",2022-05-27,"quantile",0.9,43.6344478163004
2022-05-21,"54","6  day ahead inc hosp",2022-05-27,"quantile",0.95,48.1459960134438
2022-05-21,"54","6  day ahead inc hosp",2022-05-27,"quantile",0.975,52.0590912493331
2022-05-21,"54","6  day ahead inc hosp",2022-05-27,"quantile",0.99,56.6089101238495
2022-05-21,"54","7  day ahead inc hosp",2022-05-28,"quantile",0.01,0
2022-05-21,"54","7  day ahead inc hosp",2022-05-28,"quantile",0.025,0.833980759726689
2022-05-21,"54","7  day ahead inc hosp",2022-05-28,"quantile",0.05,5.00766406253527
2022-05-21,"54","7  day ahead inc hosp",2022-05-28,"quantile",0.1,9.8196536117634
2022-05-21,"54","7  day ahead inc hosp",2022-05-28,"quantile",0.15,13.066280115656
2022-05-21,"54","7  day ahead inc hosp",2022-05-28,"quantile",0.2,15.6465959407952
2022-05-21,"54","7  day ahead inc hosp",2022-05-28,"quantile",0.25,17.8602771630871
2022-05-21,"54","7  day ahead inc hosp",2022-05-28,"quantile",0.3,19.8482313173996
2022-05-21,"54","7  day ahead inc hosp",2022-05-28,"quantile",0.35,21.6903671057636
2022-05-21,"54","7  day ahead inc hosp",2022-05-28,"quantile",0.4,23.4383738260696
2022-05-21,"54","7  day ahead inc hosp",2022-05-28,"quantile",0.45,25.1295905574827
2022-05-21,"54","7  day ahead inc hosp",2022-05-28,"quantile",0.5,26.7939936865674
2022-05-21,"54","7  day ahead inc hosp",2022-05-28,"quantile",0.55,28.4583968156522
2022-05-21,"54","7  day ahead inc hosp",2022-05-28,"quantile",0.6,30.1496135470652
2022-05-21,"54","7  day ahead inc hosp",2022-05-28,"quantile",0.65,31.8976202673712
2022-05-21,"54","7  day ahead inc hosp",2022-05-28,"quantile",0.7,33.7397560557353
2022-05-21,"54","7  day ahead inc hosp",2022-05-28,"quantile",0.75,35.7277102100478
2022-05-21,"54","7  day ahead inc hosp",2022-05-28,"quantile",0.8,37.9413914323396
2022-05-21,"54","7  day ahead inc hosp",2022-05-28,"quantile",0.85,40.5217072574789
2022-05-21,"54","7  day ahead inc hosp",2022-05-28,"quantile",0.9,43.7683337613715
2022-05-21,"54","7  day ahead inc hosp",2022-05-28,"quantile",0.95,48.5803233105996
2022-05-21,"54","7  day ahead inc hosp",2022-05-28,"quantile",0.975,52.7540066134082
2022-05-21,"54","7  day ahead inc hosp",2022-05-28,"quantile",0.99,57.6068154316573
2022-05-21,"54","8  day ahead inc hosp",2022-05-29,"quantile",0.01,0
2022-05-21,"54","8  day ahead inc hosp",2022-05-29,"quantile",0.025,0.161677555372727
2022-05-21,"54","8  day ahead inc hosp",2022-05-29,"quantile",0.05,4.59850291189726
2022-05-21,"54","8  day ahead inc hosp",2022-05-29,"quantile",0.1,9.7138783964194
2022-05-21,"54","8  day ahead inc hosp",2022-05-29,"quantile",0.15,13.1651979505269
2022-05-21,"54","8  day ahead inc hosp",2022-05-29,"quantile",0.2,15.9081973230752
2022-05-21,"54","8  day ahead inc hosp",2022-05-29,"quantile",0.25,18.2614465434263
2022-05-21,"54","8  day ahead inc hosp",2022-05-29,"quantile",0.3,20.3747370735263
2022-05-21,"54","8  day ahead inc hosp",2022-05-29,"quantile",0.35,22.3330156929115
2022-05-21,"54","8  day ahead inc hosp",2022-05-29,"quantile",0.4,24.1912306022244
2022-05-21,"54","8  day ahead inc hosp",2022-05-29,"quantile",0.45,25.9890750319305
2022-05-21,"54","8  day ahead inc hosp",2022-05-29,"quantile",0.5,27.7584153174363
2022-05-21,"54","8  day ahead inc hosp",2022-05-29,"quantile",0.55,29.5277556029421
2022-05-21,"54","8  day ahead inc hosp",2022-05-29,"quantile",0.6,31.3256000326482
2022-05-21,"54","8  day ahead inc hosp",2022-05-29,"quantile",0.65,33.1838149419611
2022-05-21,"54","8  day ahead inc hosp",2022-05-29,"quantile",0.7,35.1420935613463
2022-05-21,"54","8  day ahead inc hosp",2022-05-29,"quantile",0.75,37.2553840914462
2022-05-21,"54","8  day ahead inc hosp",2022-05-29,"quantile",0.8,39.6086333117974
2022-05-21,"54","8  day ahead inc hosp",2022-05-29,"quantile",0.85,42.3516326843457
2022-05-21,"54","8  day ahead inc hosp",2022-05-29,"quantile",0.9,45.8029522384532
2022-05-21,"54","8  day ahead inc hosp",2022-05-29,"quantile",0.95,50.9183277229753
2022-05-21,"54","8  day ahead inc hosp",2022-05-29,"quantile",0.975,55.3551530794998
2022-05-21,"54","8  day ahead inc hosp",2022-05-29,"quantile",0.99,60.5139214030774
2022-05-21,"54","9  day ahead inc hosp",2022-05-30,"quantile",0.01,0
2022-05-21,"54","9  day ahead inc hosp",2022-05-30,"quantile",0.025,0
2022-05-21,"54","9  day ahead inc hosp",2022-05-30,"quantile",0.05,3.77458504906009
2022-05-21,"54","9  day ahead inc hosp",2022-05-30,"quantile",0.1,9.17225473604206
2022-05-21,"54","9  day ahead inc hosp",2022-05-30,"quantile",0.15,12.8140368483545
2022-05-21,"54","9  day ahead inc hosp",2022-05-30,"quantile",0.2,15.7084098243781
2022-05-21,"54","9  day ahead inc hosp",2022-05-30,"quantile",0.25,18.1915241179498
2022-05-21,"54","9  day ahead inc hosp",2022-05-30,"quantile",0.3,20.4214374974507
2022-05-21,"54","9  day ahead inc hosp",2022-05-30,"quantile",0.35,22.4877845670848
2022-05-21,"54","9  day ahead inc hosp",2022-05-30,"quantile",0.4,24.448545867647
2022-05-21,"54","9  day ahead inc hosp",2022-05-30,"quantile",0.45,26.3456051176467
2022-05-21,"54","9  day ahead inc hosp",2022-05-30,"quantile",0.5,28.212587209954
2022-05-21,"54","9  day ahead inc hosp",2022-05-30,"quantile",0.55,30.0795693022613
2022-05-21,"54","9  day ahead inc hosp",2022-05-30,"quantile",0.6,31.9766285522609
2022-05-21,"54","9  day ahead inc hosp",2022-05-30,"quantile",0.65,33.9373898528232
2022-05-21,"54","9  day ahead inc hosp",2022-05-30,"quantile",0.7,36.0037369224573
2022-05-21,"54","9  day ahead inc hosp",2022-05-30,"quantile",0.75,38.2336503019582
2022-05-21,"54","9  day ahead inc hosp",2022-05-30,"quantile",0.8,40.7167645955299
2022-05-21,"54","9  day ahead inc hosp",2022-05-30,"quantile",0.85,43.6111375715535
2022-05-21,"54","9  day ahead inc hosp",2022-05-30,"quantile",0.9,47.2529196838659
2022-05-21,"54","9  day ahead inc hosp",2022-05-30,"quantile",0.95,52.6505893708479
2022-05-21,"54","9  day ahead inc hosp",2022-05-30,"quantile",0.975,57.3322628483487
2022-05-21,"54","9  day ahead inc hosp",2022-05-30,"quantile",0.99,62.7757200269255
2022-05-21,"54","10  day ahead inc hosp",2022-05-31,"quantile",0.01,0
2022-05-21,"54","10  day ahead inc hosp",2022-05-31,"quantile",0.025,0
2022-05-21,"54","10  day ahead inc hosp",2022-05-31,"quantile",0.05,2.99058991903651
2022-05-21,"54","10  day ahead inc hosp",2022-05-31,"quantile",0.1,8.64479819434494
2022-05-21,"54","10  day ahead inc hosp",2022-05-31,"quantile",0.15,12.4596656742815
2022-05-21,"54","10  day ahead inc hosp",2022-05-31,"quantile",0.2,15.491601413575
2022-05-21,"54","10  day ahead inc hosp",2022-05-31,"quantile",0.25,18.0927323092116
2022-05-21,"54","10  day ahead inc hosp",2022-05-31,"quantile",0.3,20.4286282448232
2022-05-21,"54","10  day ahead inc hosp",2022-05-31,"quantile",0.35,22.5931839472521
2022-05-21,"54","10  day ahead inc hosp",2022-05-31,"quantile",0.4,24.6471356364934
2022-05-21,"54","10  day ahead inc hosp",2022-05-31,"quantile",0.45,26.6343576660237
2022-05-21,"54","10  day ahead inc hosp",2022-05-31,"quantile",0.5,28.590073041056
2022-05-21,"54","10  day ahead inc hosp",2022-05-31,"quantile",0.55,30.5457884160884
2022-05-21,"54","10  day ahead inc hosp",2022-05-31,"quantile",0.6,32.5330104456187
2022-05-21,"54","10  day ahead inc hosp",2022-05-31,"quantile",0.65,34.58696213486
2022-05-21,"54","10  day ahead inc hosp",2022-05-31,"quantile",0.7,36.7515178372889
2022-05-21,"54","10  day ahead inc hosp",2022-05-31,"quantile",0.75,39.0874137729005
2022-05-21,"54","10  day ahead inc hosp",2022-05-31,"quantile",0.8,41.6885446685371
2022-05-21,"54","10  day ahead inc hosp",2022-05-31,"quantile",0.85,44.7204804078306
2022-05-21,"54","10  day ahead inc hosp",2022-05-31,"quantile",0.9,48.5353478877672
2022-05-21,"54","10  day ahead inc hosp",2022-05-31,"quantile",0.95,54.1895561630756
2022-05-21,"54","10  day ahead inc hosp",2022-05-31,"quantile",0.975,59.0937386073293
2022-05-21,"54","10  day ahead inc hosp",2022-05-31,"quantile",0.99,64.7959105463841
2022-05-21,"54","11  day ahead inc hosp",2022-06-01,"quantile",0.01,0
2022-05-21,"54","11  day ahead inc hosp",2022-06-01,"quantile",0.025,0
2022-05-21,"54","11  day ahead inc hosp",2022-06-01,"quantile",0.05,2.47780699164333
2022-05-21,"54","11  day ahead inc hosp",2022-06-01,"quantile",0.1,8.36778727800071
2022-05-21,"54","11  day ahead inc hosp",2022-06-01,"quantile",0.15,12.3417290144619
2022-05-21,"54","11  day ahead inc hosp",2022-06-01,"quantile",0.2,15.5000919300846
2022-05-21,"54","11  day ahead inc hosp",2022-06-01,"quantile",0.25,18.2096860857224
2022-05-21,"54","11  day ahead inc hosp",2022-06-01,"quantile",0.3,20.642985381013
2022-05-21,"54","11  day ahead inc hosp",2022-06-01,"quantile",0.35,22.897799812187
2022-05-21,"54","11  day ahead inc hosp",2022-06-01,"quantile",0.4,25.0373982085871
2022-05-21,"54","11  day ahead inc hosp",2022-06-01,"quantile",0.45,27.1074844184747
2022-05-21,"54","11  day ahead inc hosp",2022-06-01,"quantile",0.5,29.1447501935912
2022-05-21,"54","11  day ahead inc hosp",2022-06-01,"quantile",0.55,31.1820159687078
2022-05-21,"54","11  day ahead inc hosp",2022-06-01,"quantile",0.6,33.2521021785954
2022-05-21,"54","11  day ahead inc hosp",2022-06-01,"quantile",0.65,35.3917005749955
2022-05-21,"54","11  day ahead inc hosp",2022-06-01,"quantile",0.7,37.6465150061695
2022-05-21,"54","11  day ahead inc hosp",2022-06-01,"quantile",0.75,40.0798143014601
2022-05-21,"54","11  day ahead inc hosp",2022-06-01,"quantile",0.8,42.7894084570979
2022-05-21,"54","11  day ahead inc hosp",2022-06-01,"quantile",0.85,45.9477713727205
2022-05-21,"54","11  day ahead inc hosp",2022-06-01,"quantile",0.9,49.9217131091818
2022-05-21,"54","11  day ahead inc hosp",2022-06-01,"quantile",0.95,55.8116933955391
2022-05-21,"54","11  day ahead inc hosp",2022-06-01,"quantile",0.975,60.9203728977598
2022-05-21,"54","11  day ahead inc hosp",2022-06-01,"quantile",0.99,66.860316860758
2022-05-21,"54","12  day ahead inc hosp",2022-06-02,"quantile",0.01,0
2022-05-21,"54","12  day ahead inc hosp",2022-06-02,"quantile",0.025,0
2022-05-21,"54","12  day ahead inc hosp",2022-06-02,"quantile",0.05,1.16654432244513
2022-05-21,"54","12  day ahead inc hosp",2022-06-02,"quantile",0.1,7.27836553880778
2022-05-21,"54","12  day ahead inc hosp",2022-06-02,"quantile",0.15,11.4019822975514
2022-05-21,"54","12  day ahead inc hosp",2022-06-02,"quantile",0.2,14.6793021760893
2022-05-21,"54","12  day ahead inc hosp",2022-06-02,"quantile",0.25,17.4909508137796
2022-05-21,"54","12  day ahead inc hosp",2022-06-02,"quantile",0.3,20.0158981880797
2022-05-21,"54","12  day ahead inc hosp",2022-06-02,"quantile",0.35,22.3556382227501
2022-05-21,"54","12  day ahead inc hosp",2022-06-02,"quantile",0.4,24.5758227119754
2022-05-21,"54","12  day ahead inc hosp",2022-06-02,"quantile",0.45,26.7238768992867
2022-05-21,"54","12  day ahead inc hosp",2022-06-02,"quantile",0.5,28.8378744990015
2022-05-21,"54","12  day ahead inc hosp",2022-06-02,"quantile",0.55,30.9518720987162
2022-05-21,"54","12  day ahead inc hosp",2022-06-02,"quantile",0.6,33.0999262860275
2022-05-21,"54","12  day ahead inc hosp",2022-06-02,"quantile",0.65,35.3201107752528
2022-05-21,"54","12  day ahead inc hosp",2022-06-02,"quantile",0.7,37.6598508099232
2022-05-21,"54","12  day ahead inc hosp",2022-06-02,"quantile",0.75,40.1847981842233
2022-05-21,"54","12  day ahead inc hosp",2022-06-02,"quantile",0.8,42.9964468219136
2022-05-21,"54","12  day ahead inc hosp",2022-06-02,"quantile",0.85,46.2737667004515
2022-05-21,"54","12  day ahead inc hosp",2022-06-02,"quantile",0.9,50.3973834591951
2022-05-21,"54","12  day ahead inc hosp",2022-06-02,"quantile",0.95,56.5092046755578
2022-05-21,"54","12  day ahead inc hosp",2022-06-02,"quantile",0.975,61.8102981005374
2022-05-21,"54","12  day ahead inc hosp",2022-06-02,"quantile",0.99,67.973964831502
2022-05-21,"54","13  day ahead inc hosp",2022-06-03,"quantile",0.01,0
2022-05-21,"54","13  day ahead inc hosp",2022-06-03,"quantile",0.025,0
2022-05-21,"54","13  day ahead inc hosp",2022-06-03,"quantile",0.05,0
2022-05-21,"54","13  day ahead inc hosp",2022-06-03,"quantile",0.1,6.29763870874596
2022-05-21,"54","13  day ahead inc hosp",2022-06-03,"quantile",0.15,10.5649941849286
2022-05-21,"54","13  day ahead inc hosp",2022-06-03,"quantile",0.2,13.9565530394771
2022-05-21,"54","13  day ahead inc hosp",2022-06-03,"quantile",0.25,16.8662085465531
2022-05-21,"54","13  day ahead inc hosp",2022-06-03,"quantile",0.3,19.4791691185912
2022-05-21,"54","13  day ahead inc hosp",2022-06-03,"quantile",0.35,21.9004664975544
2022-05-21,"54","13  day ahead inc hosp",2022-06-03,"quantile",0.4,24.1980409310035
2022-05-21,"54","13  day ahead inc hosp",2022-06-03,"quantile",0.45,26.4209707849778
2022-05-21,"54","13  day ahead inc hosp",2022-06-03,"quantile",0.5,28.608656925949
2022-05-21,"54","13  day ahead inc hosp",2022-06-03,"quantile",0.55,30.7963430669202
2022-05-21,"54","13  day ahead inc hosp",2022-06-03,"quantile",0.6,33.0192729208945
2022-05-21,"54","13  day ahead inc hosp",2022-06-03,"quantile",0.65,35.3168473543436
2022-05-21,"54","13  day ahead inc hosp",2022-06-03,"quantile",0.7,37.7381447333068
2022-05-21,"54","13  day ahead inc hosp",2022-06-03,"quantile",0.75,40.3511053053449
2022-05-21,"54","13  day ahead inc hosp",2022-06-03,"quantile",0.8,43.2607608124209
2022-05-21,"54","13  day ahead inc hosp",2022-06-03,"quantile",0.85,46.6523196669693
2022-05-21,"54","13  day ahead inc hosp",2022-06-03,"quantile",0.9,50.919675143152
2022-05-21,"54","13  day ahead inc hosp",2022-06-03,"quantile",0.95,57.2445387914997
2022-05-21,"54","13  day ahead inc hosp",2022-06-03,"quantile",0.975,62.7304147543609
2022-05-21,"54","13  day ahead inc hosp",2022-06-03,"quantile",0.99,69.1089311191456
2022-05-21,"54","14  day ahead inc hosp",2022-06-04,"quantile",0.01,0
2022-05-21,"54","14  day ahead inc hosp",2022-06-04,"quantile",0.025,0
2022-05-21,"54","14  day ahead inc hosp",2022-06-04,"quantile",0.05,0
2022-05-21,"54","14  day ahead inc hosp",2022-06-04,"quantile",0.1,5.63536475813423
2022-05-21,"54","14  day ahead inc hosp",2022-06-04,"quantile",0.15,10.0423762167785
2022-05-21,"54","14  day ahead inc hosp",2022-06-04,"quantile",0.2,13.5449292190026
2022-05-21,"54","14  day ahead inc hosp",2022-06-04,"quantile",0.25,16.549807821678
2022-05-21,"54","14  day ahead inc hosp",2022-06-04,"quantile",0.3,19.248281676558
2022-05-21,"54","14  day ahead inc hosp",2022-06-04,"quantile",0.35,21.7488198561008
2022-05-21,"54","14  day ahead inc hosp",2022-06-04,"quantile",0.4,24.1215860603252
2022-05-21,"54","14  day ahead inc hosp",2022-06-04,"quantile",0.45,26.4172648227119
2022-05-21,"54","14  day ahead inc hosp",2022-06-04,"quantile",0.5,28.6765464656374
2022-05-21,"54","14  day ahead inc hosp",2022-06-04,"quantile",0.55,30.9358281085629
2022-05-21,"54","14  day ahead inc hosp",2022-06-04,"quantile",0.6,33.2315068709496
2022-05-21,"54","14  day ahead inc hosp",2022-06-04,"quantile",0.65,35.604273075174
2022-05-21,"54","14  day ahead inc hosp",2022-06-04,"quantile",0.7,38.1048112547169
2022-05-21,"54","14  day ahead inc hosp",2022-06-04,"quantile",0.75,40.8032851095968
2022-05-21,"54","14  day ahead inc hosp",2022-06-04,"quantile",0.8,43.8081637122722
2022-05-21,"54","14  day ahead inc hosp",2022-06-04,"quantile",0.85,47.3107167144964
2022-05-21,"54","14  day ahead inc hosp",2022-06-04,"quantile",0.9,51.7177281731406
2022-05-21,"54","14  day ahead inc hosp",2022-06-04,"quantile",0.95,58.2495830252151
2022-05-21,"54","14  day ahead inc hosp",2022-06-04,"quantile",0.975,63.9149929878875
2022-05-21,"54","14  day ahead inc hosp",2022-06-04,"quantile",0.99,70.5022564267192
2022-05-21,"54","15  day ahead inc hosp",2022-06-05,"quantile",0.01,0
2022-05-21,"54","15  day ahead inc hosp",2022-06-05,"quantile",0.025,0
2022-05-21,"54","15  day ahead inc hosp",2022-06-05,"quantile",0.05,0
2022-05-21,"54","15  day ahead inc hosp",2022-06-05,"quantile",0.1,6.11844601376818
2022-05-21,"54","15  day ahead inc hosp",2022-06-05,"quantile",0.15,10.6616899590576
2022-05-21,"54","15  day ahead inc hosp",2022-06-05,"quantile",0.2,14.2725162230097
2022-05-21,"54","15  day ahead inc hosp",2022-06-05,"quantile",0.25,17.3702836434136
2022-05-21,"54","15  day ahead inc hosp",2022-06-05,"quantile",0.3,20.1521745274633
2022-05-21,"54","15  day ahead inc hosp",2022-06-05,"quantile",0.35,22.7300110161545
2022-05-21,"54","15  day ahead inc hosp",2022-06-05,"quantile",0.4,25.1761257567425
2022-05-21,"54","15  day ahead inc hosp",2022-06-05,"quantile",0.45,27.5427700769167
2022-05-21,"54","15  day ahead inc hosp",2022-06-05,"quantile",0.5,29.871892145522
2022-05-21,"54","15  day ahead inc hosp",2022-06-05,"quantile",0.55,32.2010142141274
2022-05-21,"54","15  day ahead inc hosp",2022-06-05,"quantile",0.6,34.5676585343015
2022-05-21,"54","15  day ahead inc hosp",2022-06-05,"quantile",0.65,37.0137732748896
2022-05-21,"54","15  day ahead inc hosp",2022-06-05,"quantile",0.7,39.5916097635807
2022-05-21,"54","15  day ahead inc hosp",2022-06-05,"quantile",0.75,42.3735006476304
2022-05-21,"54","15  day ahead inc hosp",2022-06-05,"quantile",0.8,45.4712680680344
2022-05-21,"54","15  day ahead inc hosp",2022-06-05,"quantile",0.85,49.0820943319864
2022-05-21,"54","15  day ahead inc hosp",2022-06-05,"quantile",0.9,53.6253382772759
2022-05-21,"54","15  day ahead inc hosp",2022-06-05,"quantile",0.95,60.3591101965634
2022-05-21,"54","15  day ahead inc hosp",2022-06-05,"quantile",0.975,66.1996531023476
2022-05-21,"54","15  day ahead inc hosp",2022-06-05,"quantile",0.99,72.9905464356962
2022-05-21,"54","16  day ahead inc hosp",2022-06-06,"quantile",0.01,0
2022-05-21,"54","16  day ahead inc hosp",2022-06-06,"quantile",0.025,0
2022-05-21,"54","16  day ahead inc hosp",2022-06-06,"quantile",0.05,0
2022-05-21,"54","16  day ahead inc hosp",2022-06-06,"quantile",0.1,5.70276742964633
2022-05-21,"54","16  day ahead inc hosp",2022-06-06,"quantile",0.15,10.3788916853207
2022-05-21,"54","16  day ahead inc hosp",2022-06-06,"quantile",0.2,14.0953270075752
2022-05-21,"54","16  day ahead inc hosp",2022-06-06,"quantile",0.25,17.2836975963937
2022-05-21,"54","16  day ahead inc hosp",2022-06-06,"quantile",0.3,20.1469529258884
2022-05-21,"54","16  day ahead inc hosp",2022-06-06,"quantile",0.35,22.8001856990107
2022-05-21,"54","16  day ahead inc hosp",2022-06-06,"quantile",0.4,25.3178441405051
2022-05-21,"54","16  day ahead inc hosp",2022-06-06,"quantile",0.45,27.7537078192747
2022-05-21,"54","16  day ahead inc hosp",2022-06-06,"quantile",0.5,30.1509517996963
2022-05-21,"54","16  day ahead inc hosp",2022-06-06,"quantile",0.55,32.5481957801179
2022-05-21,"54","16  day ahead inc hosp",2022-06-06,"quantile",0.6,34.9840594588875
2022-05-21,"54","16  day ahead inc hosp",2022-06-06,"quantile",0.65,37.5017179003819
2022-05-21,"54","16  day ahead inc hosp",2022-06-06,"quantile",0.7,40.1549506735042
2022-05-21,"54","16  day ahead inc hosp",2022-06-06,"quantile",0.75,43.0182060029989
2022-05-21,"54","16  day ahead inc hosp",2022-06-06,"quantile",0.8,46.2065765918174
2022-05-21,"54","16  day ahead inc hosp",2022-06-06,"quantile",0.85,49.9230119140719
2022-05-21,"54","16  day ahead inc hosp",2022-06-06,"quantile",0.9,54.5991361697463
2022-05-21,"54","16  day ahead inc hosp",2022-06-06,"quantile",0.95,61.5298567260587
2022-05-21,"54","16  day ahead inc hosp",2022-06-06,"quantile",0.975,67.5412232027281
2022-05-21,"54","16  day ahead inc hosp",2022-06-06,"quantile",0.99,74.530735854078
2022-05-21,"54","17  day ahead inc hosp",2022-06-07,"quantile",0.01,0
2022-05-21,"54","17  day ahead inc hosp",2022-06-07,"quantile",0.025,0
2022-05-21,"54","17  day ahead inc hosp",2022-06-07,"quantile",0.05,0
2022-05-21,"54","17  day ahead inc hosp",2022-06-07,"quantile",0.1,5.86331958048709
2022-05-21,"54","17  day ahead inc hosp",2022-06-07,"quantile",0.15,10.6689114592985
2022-05-21,"54","17  day ahead inc hosp",2022-06-07,"quantile",0.2,14.4882435442151
2022-05-21,"54","17  day ahead inc hosp",2022-06-07,"quantile",0.25,17.7648903932963
2022-05-21,"54","17  day ahead inc hosp",2022-06-07,"quantile",0.3,20.7074205327994
2022-05-21,"54","17  day ahead inc hosp",2022-06-07,"quantile",0.35,23.4341132317028
2022-05-21,"54","17  day ahead inc hosp",2022-06-07,"quantile",0.4,26.0214779591018
2022-05-21,"54","17  day ahead inc hosp",2022-06-07,"quantile",0.45,28.5247832761883
2022-05-21,"54","17  day ahead inc hosp",2022-06-07,"quantile",0.5,30.988399633231
2022-05-21,"54","17  day ahead inc hosp",2022-06-07,"quantile",0.55,33.4520159902737
2022-05-21,"54","17  day ahead inc hosp",2022-06-07,"quantile",0.6,35.9553213073603
2022-05-21,"54","17  day ahead inc hosp",2022-06-07,"quantile",0.65,38.5426860347592
2022-05-21,"54","17  day ahead inc hosp",2022-06-07,"quantile",0.7,41.2693787336626
2022-05-21,"54","17  day ahead inc hosp",2022-06-07,"quantile",0.75,44.2119088731657
2022-05-21,"54","17  day ahead inc hosp",2022-06-07,"quantile",0.8,47.4885557222469
2022-05-21,"54","17  day ahead inc hosp",2022-06-07,"quantile",0.85,51.3078878071635
2022-05-21,"54","17  day ahead inc hosp",2022-06-07,"quantile",0.9,56.113479685975
2022-05-21,"54","17  day ahead inc hosp",2022-06-07,"quantile",0.95,63.2360907627251
2022-05-21,"54","17  day ahead inc hosp",2022-06-07,"quantile",0.975,69.4138936484775
2022-05-21,"54","17  day ahead inc hosp",2022-06-07,"quantile",0.99,76.5969245941196
2022-05-21,"54","18  day ahead inc hosp",2022-06-08,"quantile",0.01,0
2022-05-21,"54","18  day ahead inc hosp",2022-06-08,"quantile",0.025,0
2022-05-21,"54","18  day ahead inc hosp",2022-06-08,"quantile",0.05,0
2022-05-21,"54","18  day ahead inc hosp",2022-06-08,"quantile",0.1,5.01722832281808
2022-05-21,"54","18  day ahead inc hosp",2022-06-08,"quantile",0.15,9.9489009517333
2022-05-21,"54","18  day ahead inc hosp",2022-06-08,"quantile",0.2,13.8684380199913
2022-05-21,"54","18  day ahead inc hosp",2022-06-08,"quantile",0.25,17.2310518223584
2022-05-21,"54","18  day ahead inc hosp",2022-06-08,"quantile",0.3,20.2507829428327
2022-05-21,"54","18  day ahead inc hosp",2022-06-08,"quantile",0.35,23.0490138558521
2022-05-21,"54","18  day ahead inc hosp",2022-06-08,"quantile",0.4,25.7042613527099
2022-05-21,"54","18  day ahead inc hosp",2022-06-08,"quantile",0.45,28.2732440348487
2022-05-21,"54","18  day ahead inc hosp",2022-06-08,"quantile",0.5,30.801496467134
2022-05-21,"54","18  day ahead inc hosp",2022-06-08,"quantile",0.55,33.3297488994192
2022-05-21,"54","18  day ahead inc hosp",2022-06-08,"quantile",0.6,35.8987315815581
2022-05-21,"54","18  day ahead inc hosp",2022-06-08,"quantile",0.65,38.5539790784158
2022-05-21,"54","18  day ahead inc hosp",2022-06-08,"quantile",0.7,41.3522099914352
2022-05-21,"54","18  day ahead inc hosp",2022-06-08,"quantile",0.75,44.3719411119095
2022-05-21,"54","18  day ahead inc hosp",2022-06-08,"quantile",0.8,47.7345549142767
2022-05-21,"54","18  day ahead inc hosp",2022-06-08,"quantile",0.85,51.6540919825346
2022-05-21,"54","18  day ahead inc hosp",2022-06-08,"quantile",0.9,56.5857646114498
2022-05-21,"54","18  day ahead inc hosp",2022-06-08,"quantile",0.95,63.8952463526053
2022-05-21,"54","18  day ahead inc hosp",2022-06-08,"quantile",0.975,70.2351316709636
2022-05-21,"54","18  day ahead inc hosp",2022-06-08,"quantile",0.99,77.6066184723013
2022-05-21,"54","19  day ahead inc hosp",2022-06-09,"quantile",0.01,0
2022-05-21,"54","19  day ahead inc hosp",2022-06-09,"quantile",0.025,0
2022-05-21,"54","19  day ahead inc hosp",2022-06-09,"quantile",0.05,0
2022-05-21,"54","19  day ahead inc hosp",2022-06-09,"quantile",0.1,3.96162453613639
2022-05-21,"54","19  day ahead inc hosp",2022-06-09,"quantile",0.15,9.01614036513121
2022-05-21,"54","19  day ahead inc hosp",2022-06-09,"quantile",0.2,13.0333093146038
2022-05-21,"54","19  day ahead inc hosp",2022-06-09,"quantile",0.25,16.4796825777455
2022-05-21,"54","19  day ahead inc hosp",2022-06-09,"quantile",0.3,19.5746322826903
2022-05-21,"54","19  day ahead inc hosp",2022-06-09,"quantile",0.35,22.4425644240316
2022-05-21,"54","19  day ahead inc hosp",2022-06-09,"quantile",0.4,25.1639515704689
2022-05-21,"54","19  day ahead inc hosp",2022-06-09,"quantile",0.45,27.7969251290039
2022-05-21,"54","19  day ahead inc hosp",2022-06-09,"quantile",0.5,30.388153886516
2022-05-21,"54","19  day ahead inc hosp",2022-06-09,"quantile",0.55,32.9793826440281
2022-05-21,"54","19  day ahead inc hosp",2022-06-09,"quantile",0.6,35.6123562025631
2022-05-21,"54","19  day ahead inc hosp",2022-06-09,"quantile",0.65,38.3337433490004
2022-05-21,"54","19  day ahead inc hosp",2022-06-09,"quantile",0.7,41.2016754903417
2022-05-21,"54","19  day ahead inc hosp",2022-06-09,"quantile",0.75,44.2966251952865
2022-05-21,"54","19  day ahead inc hosp",2022-06-09,"quantile",0.8,47.7429984584282
2022-05-21,"54","19  day ahead inc hosp",2022-06-09,"quantile",0.85,51.7601674079008
2022-05-21,"54","19  day ahead inc hosp",2022-06-09,"quantile",0.9,56.8146832368956
2022-05-21,"54","19  day ahead inc hosp",2022-06-09,"quantile",0.95,64.3062371056174
2022-05-21,"54","19  day ahead inc hosp",2022-06-09,"quantile",0.975,70.8040428414986
2022-05-21,"54","19  day ahead inc hosp",2022-06-09,"quantile",0.99,78.3591462565409
2022-05-21,"54","20  day ahead inc hosp",2022-06-10,"quantile",0.01,0
2022-05-21,"54","20  day ahead inc hosp",2022-06-10,"quantile",0.025,0
2022-05-21,"54","20  day ahead inc hosp",2022-06-10,"quantile",0.05,0
2022-05-21,"54","20  day ahead inc hosp",2022-06-10,"quantile",0.1,4.0386654696059
2022-05-21,"54","20  day ahead inc hosp",2022-06-10,"quantile",0.15,9.21301211635921
2022-05-21,"54","20  day ahead inc hosp",2022-06-10,"quantile",0.2,13.325418801072
2022-05-21,"54","20  day ahead inc hosp",2022-06-10,"quantile",0.25,16.8534975609211
2022-05-21,"54","20  day ahead inc hosp",2022-06-10,"quantile",0.3,20.0218213271237
2022-05-21,"54","20  day ahead inc hosp",2022-06-10,"quantile",0.35,22.9577454711413
2022-05-21,"54","20  day ahead inc hosp",2022-06-10,"quantile",0.4,25.7436503791661
2022-05-21,"54","20  day ahead inc hosp",2022-06-10,"quantile",0.45,28.4390456186949
2022-05-21,"54","20  day ahead inc hosp",2022-06-10,"quantile",0.5,31.0917063850318
2022-05-21,"54","20  day ahead inc hosp",2022-06-10,"quantile",0.55,33.7443671513687
2022-05-21,"54","20  day ahead inc hosp",2022-06-10,"quantile",0.6,36.4397623908975
2022-05-21,"54","20  day ahead inc hosp",2022-06-10,"quantile",0.65,39.2256672989223
2022-05-21,"54","20  day ahead inc hosp",2022-06-10,"quantile",0.7,42.1615914429399
2022-05-21,"54","20  day ahead inc hosp",2022-06-10,"quantile",0.75,45.3299152091425
2022-05-21,"54","20  day ahead inc hosp",2022-06-10,"quantile",0.8,48.8579939689916
2022-05-21,"54","20  day ahead inc hosp",2022-06-10,"quantile",0.85,52.9704006537044
2022-05-21,"54","20  day ahead inc hosp",2022-06-10,"quantile",0.9,58.1447473004577
2022-05-21,"54","20  day ahead inc hosp",2022-06-10,"quantile",0.95,65.8139084923618
2022-05-21,"54","20  day ahead inc hosp",2022-06-10,"quantile",0.975,72.465762093817
2022-05-21,"54","20  day ahead inc hosp",2022-06-10,"quantile",0.99,80.1999794440222
2022-05-21,"54","21  day ahead inc hosp",2022-06-11,"quantile",0.01,0
2022-05-21,"54","21  day ahead inc hosp",2022-06-11,"quantile",0.025,0
2022-05-21,"54","21  day ahead inc hosp",2022-06-11,"quantile",0.05,0
2022-05-21,"54","21  day ahead inc hosp",2022-06-11,"quantile",0.1,2.29020690136704
2022-05-21,"54","21  day ahead inc hosp",2022-06-11,"quantile",0.15,7.58161311468535
2022-05-21,"54","21  day ahead inc hosp",2022-06-11,"quantile",0.2,11.7870550320402
2022-05-21,"54","21  day ahead inc hosp",2022-06-11,"quantile",0.25,15.394949737482
2022-05-21,"54","21  day ahead inc hosp",2022-06-11,"quantile",0.3,18.6349506896424
2022-05-21,"54","21  day ahead inc hosp",2022-06-11,"quantile",0.35,21.637294428486
2022-05-21,"54","21  day ahead inc hosp",2022-06-11,"quantile",0.4,24.4862250368142
2022-05-21,"54","21  day ahead inc hosp",2022-06-11,"quantile",0.45,27.2425983707771
2022-05-21,"54","21  day ahead inc hosp",2022-06-11,"quantile",0.5,29.9552704468987
2022-05-21,"54","21  day ahead inc hosp",2022-06-11,"quantile",0.55,32.6679425230202
2022-05-21,"54","21  day ahead inc hosp",2022-06-11,"quantile",0.6,35.4243158569831
2022-05-21,"54","21  day ahead inc hosp",2022-06-11,"quantile",0.65,38.2732464653114
2022-05-21,"54","21  day ahead inc hosp",2022-06-11,"quantile",0.7,41.275590204155
2022-05-21,"54","21  day ahead inc hosp",2022-06-11,"quantile",0.75,44.5155911563153
2022-05-21,"54","21  day ahead inc hosp",2022-06-11,"quantile",0.8,48.1234858617571
2022-05-21,"54","21  day ahead inc hosp",2022-06-11,"quantile",0.85,52.328927779112
2022-05-21,"54","21  day ahead inc hosp",2022-06-11,"quantile",0.9,57.6203339924303
2022-05-21,"54","21  day ahead inc hosp",2022-06-11,"quantile",0.95,65.4629950957879
2022-05-21,"54","21  day ahead inc hosp",2022-06-11,"quantile",0.975,72.2653339956969
2022-05-21,"54","21  day ahead inc hosp",2022-06-11,"quantile",0.99,80.174523026878
2022-05-21,"54","22  day ahead inc hosp",2022-06-12,"quantile",0.01,0
2022-05-21,"54","22  day ahead inc hosp",2022-06-12,"quantile",0.025,0
2022-05-21,"54","22  day ahead inc hosp",2022-06-12,"quantile",0.05,0
2022-05-21,"54","22  day ahead inc hosp",2022-06-12,"quantile",0.1,5.50161948185975
2022-05-21,"54","22  day ahead inc hosp",2022-06-12,"quantile",0.15,10.9589548647846
2022-05-21,"54","22  day ahead inc hosp",2022-06-12,"quantile",0.2,15.296272026081
2022-05-21,"54","22  day ahead inc hosp",2022-06-12,"quantile",0.25,19.0173039484303
2022-05-21,"54","22  day ahead inc hosp",2022-06-12,"quantile",0.3,22.3589056180263
2022-05-21,"54","22  day ahead inc hosp",2022-06-12,"quantile",0.35,25.4553975631077
2022-05-21,"54","22  day ahead inc hosp",2022-06-12,"quantile",0.4,28.3936656123825
2022-05-21,"54","22  day ahead inc hosp",2022-06-12,"quantile",0.45,31.236473954355
2022-05-21,"54","22  day ahead inc hosp",2022-06-12,"quantile",0.5,34.0342106440896
2022-05-21,"54","22  day ahead inc hosp",2022-06-12,"quantile",0.55,36.8319473338243
2022-05-21,"54","22  day ahead inc hosp",2022-06-12,"quantile",0.6,39.6747556757967
2022-05-21,"54","22  day ahead inc hosp",2022-06-12,"quantile",0.65,42.6130237250715
2022-05-21,"54","22  day ahead inc hosp",2022-06-12,"quantile",0.7,45.709515670153
2022-05-21,"54","22  day ahead inc hosp",2022-06-12,"quantile",0.75,49.0511173397489
2022-05-21,"54","22  day ahead inc hosp",2022-06-12,"quantile",0.8,52.7721492620982
2022-05-21,"54","22  day ahead inc hosp",2022-06-12,"quantile",0.85,57.1094664233947
2022-05-21,"54","22  day ahead inc hosp",2022-06-12,"quantile",0.9,62.5668018063195
2022-05-21,"54","22  day ahead inc hosp",2022-06-12,"quantile",0.95,70.6553949345348
2022-05-21,"54","22  day ahead inc hosp",2022-06-12,"quantile",0.975,77.6710431891864
2022-05-21,"54","22  day ahead inc hosp",2022-06-12,"quantile",0.99,85.8282504437468
2022-05-21,"54","23  day ahead inc hosp",2022-06-13,"quantile",0.01,0
2022-05-21,"54","23  day ahead inc hosp",2022-06-13,"quantile",0.025,0
2022-05-21,"54","23  day ahead inc hosp",2022-06-13,"quantile",0.05,0
2022-05-21,"54","23  day ahead inc hosp",2022-06-13,"quantile",0.1,5.5034403654012
2022-05-21,"54","23  day ahead inc hosp",2022-06-13,"quantile",0.15,11.0964474123451
2022-05-21,"54","23  day ahead inc hosp",2022-06-13,"quantile",0.2,15.5415921113246
2022-05-21,"54","23  day ahead inc hosp",2022-06-13,"quantile",0.25,19.35513045986
2022-05-21,"54","23  day ahead inc hosp",2022-06-13,"quantile",0.3,22.7798057592023
2022-05-21,"54","23  day ahead inc hosp",2022-06-13,"quantile",0.35,25.9532778026895
2022-05-21,"54","23  day ahead inc hosp",2022-06-13,"quantile",0.4,28.9645924374512
2022-05-21,"54","23  day ahead inc hosp",2022-06-13,"quantile",0.45,31.8780741962434
2022-05-21,"54","23  day ahead inc hosp",2022-06-13,"quantile",0.5,34.7453638024748
2022-05-21,"54","23  day ahead inc hosp",2022-06-13,"quantile",0.55,37.6126534087063
2022-05-21,"54","23  day ahead inc hosp",2022-06-13,"quantile",0.6,40.5261351674985
2022-05-21,"54","23  day ahead inc hosp",2022-06-13,"quantile",0.65,43.5374498022601
2022-05-21,"54","23  day ahead inc hosp",2022-06-13,"quantile",0.7,46.7109218457474
2022-05-21,"54","23  day ahead inc hosp",2022-06-13,"quantile",0.75,50.1355971450897
2022-05-21,"54","23  day ahead inc hosp",2022-06-13,"quantile",0.8,53.949135493625
2022-05-21,"54","23  day ahead inc hosp",2022-06-13,"quantile",0.85,58.3942801926046
2022-05-21,"54","23  day ahead inc hosp",2022-06-13,"quantile",0.9,63.9872872395485
2022-05-21,"54","23  day ahead inc hosp",2022-06-13,"quantile",0.95,72.2769662113627
2022-05-21,"54","23  day ahead inc hosp",2022-06-13,"quantile",0.975,79.4670264466046
2022-05-21,"54","23  day ahead inc hosp",2022-06-13,"quantile",0.99,87.8270253209429
2022-05-21,"54","24  day ahead inc hosp",2022-06-14,"quantile",0.01,0
2022-05-21,"54","24  day ahead inc hosp",2022-06-14,"quantile",0.025,0
2022-05-21,"54","24  day ahead inc hosp",2022-06-14,"quantile",0.05,0
2022-05-21,"54","24  day ahead inc hosp",2022-06-14,"quantile",0.1,4.22375166630944
2022-05-21,"54","24  day ahead inc hosp",2022-06-14,"quantile",0.15,9.9387679849188
2022-05-21,"54","24  day ahead inc hosp",2022-06-14,"quantile",0.2,14.4808817852454
2022-05-21,"54","24  day ahead inc hosp",2022-06-14,"quantile",0.25,18.377610988444
2022-05-21,"54","24  day ahead inc hosp",2022-06-14,"quantile",0.3,21.8769942463954
2022-05-21,"54","24  day ahead inc hosp",2022-06-14,"quantile",0.35,25.1196943472455
2022-05-21,"54","24  day ahead inc hosp",2022-06-14,"quantile",0.4,28.196699638618
2022-05-21,"54","24  day ahead inc hosp",2022-06-14,"quantile",0.45,31.173737867913
2022-05-21,"54","24  day ahead inc hosp",2022-06-14,"quantile",0.5,34.1035762808192
2022-05-21,"54","24  day ahead inc hosp",2022-06-14,"quantile",0.55,37.0334146937254
2022-05-21,"54","24  day ahead inc hosp",2022-06-14,"quantile",0.6,40.0104529230204
2022-05-21,"54","24  day ahead inc hosp",2022-06-14,"quantile",0.65,43.0874582143929
2022-05-21,"54","24  day ahead inc hosp",2022-06-14,"quantile",0.7,46.3301583152429
2022-05-21,"54","24  day ahead inc hosp",2022-06-14,"quantile",0.75,49.8295415731943
2022-05-21,"54","24  day ahead inc hosp",2022-06-14,"quantile",0.8,53.726270776393
2022-05-21,"54","24  day ahead inc hosp",2022-06-14,"quantile",0.85,58.2683845767196
2022-05-21,"54","24  day ahead inc hosp",2022-06-14,"quantile",0.9,63.9834008953289
2022-05-21,"54","24  day ahead inc hosp",2022-06-14,"quantile",0.95,72.4539159871771
2022-05-21,"54","24  day ahead inc hosp",2022-06-14,"quantile",0.975,79.8008245877382
2022-05-21,"54","24  day ahead inc hosp",2022-06-14,"quantile",0.99,88.3431935834121
2022-05-21,"54","25  day ahead inc hosp",2022-06-15,"quantile",0.01,0
2022-05-21,"54","25  day ahead inc hosp",2022-06-15,"quantile",0.025,0
2022-05-21,"54","25  day ahead inc hosp",2022-06-15,"quantile",0.05,0
2022-05-21,"54","25  day ahead inc hosp",2022-06-15,"quantile",0.1,3.83156558624434
2022-05-21,"54","25  day ahead inc hosp",2022-06-15,"quantile",0.15,9.66529803768055
2022-05-21,"54","25  day ahead inc hosp",2022-06-15,"quantile",0.2,14.3017636569999
2022-05-21,"54","25  day ahead inc hosp",2022-06-15,"quantile",0.25,18.2794383196491
2022-05-21,"54","25  day ahead inc hosp",2022-06-15,"quantile",0.3,21.8515131019117
2022-05-21,"54","25  day ahead inc hosp",2022-06-15,"quantile",0.35,25.1615727332388
2022-05-21,"54","25  day ahead inc hosp",2022-06-15,"quantile",0.4,28.3024956319311
2022-05-21,"54","25  day ahead inc hosp",2022-06-15,"quantile",0.45,31.3413748860205
2022-05-21,"54","25  day ahead inc hosp",2022-06-15,"quantile",0.5,34.3320738576368
2022-05-21,"54","25  day ahead inc hosp",2022-06-15,"quantile",0.55,37.3227728292532
2022-05-21,"54","25  day ahead inc hosp",2022-06-15,"quantile",0.6,40.3616520833425
2022-05-21,"54","25  day ahead inc hosp",2022-06-15,"quantile",0.65,43.5025749820349
2022-05-21,"54","25  day ahead inc hosp",2022-06-15,"quantile",0.7,46.812634613362
2022-05-21,"54","25  day ahead inc hosp",2022-06-15,"quantile",0.75,50.3847093956246
2022-05-21,"54","25  day ahead inc hosp",2022-06-15,"quantile",0.8,54.3623840582738
2022-05-21,"54","25  day ahead inc hosp",2022-06-15,"quantile",0.85,58.9988496775931
2022-05-21,"54","25  day ahead inc hosp",2022-06-15,"quantile",0.9,64.8325821290293
2022-05-21,"54","25  day ahead inc hosp",2022-06-15,"quantile",0.95,73.4790524130755
2022-05-21,"54","25  day ahead inc hosp",2022-06-15,"quantile",0.975,80.9785759019706
2022-05-21,"54","25  day ahead inc hosp",2022-06-15,"quantile",0.99,89.6983926870836
2022-05-21,"54","26  day ahead inc hosp",2022-06-16,"quantile",0.01,0
2022-05-21,"54","26  day ahead inc hosp",2022-06-16,"quantile",0.025,0
2022-05-21,"54","26  day ahead inc hosp",2022-06-16,"quantile",0.05,0
2022-05-21,"54","26  day ahead inc hosp",2022-06-16,"quantile",0.1,3.41934276745935
2022-05-21,"54","26  day ahead inc hosp",2022-06-16,"quantile",0.15,9.37283910458412
2022-05-21,"54","26  day ahead inc hosp",2022-06-16,"quantile",0.2,14.1044892636563
2022-05-21,"54","26  day ahead inc hosp",2022-06-16,"quantile",0.25,18.1638237860213
2022-05-21,"54","26  day ahead inc hosp",2022-06-16,"quantile",0.3,21.8092316461128
2022-05-21,"54","26  day ahead inc hosp",2022-06-16,"quantile",0.35,25.1872453028616
2022-05-21,"54","26  day ahead inc hosp",2022-06-16,"quantile",0.4,28.3926499264406
2022-05-21,"54","26  day ahead inc hosp",2022-06-16,"quantile",0.45,31.4939159955987
2022-05-21,"54","26  day ahead inc hosp",2022-06-16,"quantile",0.5,34.5460126629008
2022-05-21,"54","26  day ahead inc hosp",2022-06-16,"quantile",0.55,37.5981093302029
2022-05-21,"54","26  day ahead inc hosp",2022-06-16,"quantile",0.6,40.699375399361
2022-05-21,"54","26  day ahead inc hosp",2022-06-16,"quantile",0.65,43.9047800229399
2022-05-21,"54","26  day ahead inc hosp",2022-06-16,"quantile",0.7,47.2827936796888
2022-05-21,"54","26  day ahead inc hosp",2022-06-16,"quantile",0.75,50.9282015397802
2022-05-21,"54","26  day ahead inc hosp",2022-06-16,"quantile",0.8,54.9875360621452
2022-05-21,"54","26  day ahead inc hosp",2022-06-16,"quantile",0.85,59.7191862212174
2022-05-21,"54","26  day ahead inc hosp",2022-06-16,"quantile",0.9,65.6726825583422
2022-05-21,"54","26  day ahead inc hosp",2022-06-16,"quantile",0.95,74.4966609621604
2022-05-21,"54","26  day ahead inc hosp",2022-06-16,"quantile",0.975,82.1501462724657
2022-05-21,"54","26  day ahead inc hosp",2022-06-16,"quantile",0.99,91.0489769478061
2022-05-21,"54","27  day ahead inc hosp",2022-06-17,"quantile",0.01,0
2022-05-21,"54","27  day ahead inc hosp",2022-06-17,"quantile",0.025,0
2022-05-21,"54","27  day ahead inc hosp",2022-06-17,"quantile",0.05,0
2022-05-21,"54","27  day ahead inc hosp",2022-06-17,"quantile",0.1,3.39374156857825
2022-05-21,"54","27  day ahead inc hosp",2022-06-17,"quantile",0.15,9.46838768121077
2022-05-21,"54","27  day ahead inc hosp",2022-06-17,"quantile",0.2,14.2963238413305
2022-05-21,"54","27  day ahead inc hosp",2022-06-17,"quantile",0.25,18.4382631791262
2022-05-21,"54","27  day ahead inc hosp",2022-06-17,"quantile",0.3,22.1578527164835
2022-05-21,"54","27  day ahead inc hosp",2022-06-17,"quantile",0.35,25.6046067524991
2022-05-21,"54","27  day ahead inc hosp",2022-06-17,"quantile",0.4,28.8752392738658
2022-05-21,"54","27  day ahead inc hosp",2022-06-17,"quantile",0.45,32.0396140890099
2022-05-21,"54","27  day ahead inc hosp",2022-06-17,"quantile",0.5,35.1538189369732
2022-05-21,"54","27  day ahead inc hosp",2022-06-17,"quantile",0.55,38.2680237849364
2022-05-21,"54","27  day ahead inc hosp",2022-06-17,"quantile",0.6,41.4323986000805
2022-05-21,"54","27  day ahead inc hosp",2022-06-17,"quantile",0.65,44.7030311214473
2022-05-21,"54","27  day ahead inc hosp",2022-06-17,"quantile",0.7,48.1497851574629
2022-05-21,"54","27  day ahead inc hosp",2022-06-17,"quantile",0.75,51.8693746948202
2022-05-21,"54","27  day ahead inc hosp",2022-06-17,"quantile",0.8,56.0113140326159
2022-05-21,"54","27  day ahead inc hosp",2022-06-17,"quantile",0.85,60.8392501927356
2022-05-21,"54","27  day ahead inc hosp",2022-06-17,"quantile",0.9,66.9138963053681
2022-05-21,"54","27  day ahead inc hosp",2022-06-17,"quantile",0.95,75.9174369264404
2022-05-21,"54","27  day ahead inc hosp",2022-06-17,"quantile",0.975,83.7266656813856
2022-05-21,"54","27  day ahead inc hosp",2022-06-17,"quantile",0.99,92.8065817689864
2022-05-21,"54","28  day ahead inc hosp",2022-06-18,"quantile",0.01,0
2022-05-21,"54","28  day ahead inc hosp",2022-06-18,"quantile",0.025,0
2022-05-21,"54","28  day ahead inc hosp",2022-06-18,"quantile",0.05,0
2022-05-21,"54","28  day ahead inc hosp",2022-06-18,"quantile",0.1,1.70166901016785
2022-05-21,"54","28  day ahead inc hosp",2022-06-18,"quantile",0.15,7.89744271785251
2022-05-21,"54","28  day ahead inc hosp",2022-06-18,"quantile",0.2,12.8216472506968
2022-05-21,"54","28  day ahead inc hosp",2022-06-18,"quantile",0.25,17.0461762803917
2022-05-21,"54","28  day ahead inc hosp",2022-06-18,"quantile",0.3,20.8399339136162
2022-05-21,"54","28  day ahead inc hosp",2022-06-18,"quantile",0.35,24.3554157437087
2022-05-21,"54","28  day ahead inc hosp",2022-06-18,"quantile",0.4,27.6912642207487
2022-05-21,"54","28  day ahead inc hosp",2022-06-18,"quantile",0.45,30.9187362277449
2022-05-21,"54","28  day ahead inc hosp",2022-06-18,"quantile",0.5,34.0950378854217
2022-05-21,"54","28  day ahead inc hosp",2022-06-18,"quantile",0.55,37.2713395430985
2022-05-21,"54","28  day ahead inc hosp",2022-06-18,"quantile",0.6,40.4988115500947
2022-05-21,"54","28  day ahead inc hosp",2022-06-18,"quantile",0.65,43.8346600271347
2022-05-21,"54","28  day ahead inc hosp",2022-06-18,"quantile",0.7,47.3501418572272
2022-05-21,"54","28  day ahead inc hosp",2022-06-18,"quantile",0.75,51.1438994904518
2022-05-21,"54","28  day ahead inc hosp",2022-06-18,"quantile",0.8,55.3684285201467
2022-05-21,"54","28  day ahead inc hosp",2022-06-18,"quantile",0.85,60.2926330529909
2022-05-21,"54","28  day ahead inc hosp",2022-06-18,"quantile",0.9,66.4884067606756
2022-05-21,"54","28  day ahead inc hosp",2022-06-18,"quantile",0.95,75.6714767242254
2022-05-21,"54","28  day ahead inc hosp",2022-06-18,"quantile",0.975,83.6364204098448
2022-05-21,"54","28  day ahead inc hosp",2022-06-18,"quantile",0.99,92.8973887560585
2022-05-21,"54","29  day ahead inc hosp",2022-06-19,"quantile",0.01,0
2022-05-21,"54","29  day ahead inc hosp",2022-06-19,"quantile",0.025,0
2022-05-21,"54","29  day ahead inc hosp",2022-06-19,"quantile",0.05,0
2022-05-21,"54","29  day ahead inc hosp",2022-06-19,"quantile",0.1,2.03090523193809
2022-05-21,"54","29  day ahead inc hosp",2022-06-19,"quantile",0.15,8.3462828860354
2022-05-21,"54","29  day ahead inc hosp",2022-06-19,"quantile",0.2,13.3655448439662
2022-05-21,"54","29  day ahead inc hosp",2022-06-19,"quantile",0.25,17.6716246803117
2022-05-21,"54","29  day ahead inc hosp",2022-06-19,"quantile",0.3,21.5386174583421
2022-05-21,"54","29  day ahead inc hosp",2022-06-19,"quantile",0.35,25.1219625643156
2022-05-21,"54","29  day ahead inc hosp",2022-06-19,"quantile",0.4,28.5222066538025
2022-05-21,"54","29  day ahead inc hosp",2022-06-19,"quantile",0.45,31.8119821610854
2022-05-21,"54","29  day ahead inc hosp",2022-06-19,"quantile",0.5,35.0495995205904
2022-05-21,"54","29  day ahead inc hosp",2022-06-19,"quantile",0.55,38.2872168800954
2022-05-21,"54","29  day ahead inc hosp",2022-06-19,"quantile",0.6,41.5769923873783
2022-05-21,"54","29  day ahead inc hosp",2022-06-19,"quantile",0.65,44.9772364768652
2022-05-21,"54","29  day ahead inc hosp",2022-06-19,"quantile",0.7,48.5605815828387
2022-05-21,"54","29  day ahead inc hosp",2022-06-19,"quantile",0.75,52.4275743608691
2022-05-21,"54","29  day ahead inc hosp",2022-06-19,"quantile",0.8,56.7336541972146
2022-05-21,"54","29  day ahead inc hosp",2022-06-19,"quantile",0.85,61.7529161551454
2022-05-21,"54","29  day ahead inc hosp",2022-06-19,"quantile",0.9,68.0682938092427
2022-05-21,"54","29  day ahead inc hosp",2022-06-19,"quantile",0.95,77.4286348384646
2022-05-21,"54","29  day ahead inc hosp",2022-06-19,"quantile",0.975,85.5473347364151
2022-05-21,"54","29  day ahead inc hosp",2022-06-19,"quantile",0.99,94.9870779078676
2022-05-21,"54","30  day ahead inc hosp",2022-06-20,"quantile",0.01,0
2022-05-21,"54","30  day ahead inc hosp",2022-06-20,"quantile",0.025,0
2022-05-21,"54","30  day ahead inc hosp",2022-06-20,"quantile",0.05,0
2022-05-21,"54","30  day ahead inc hosp",2022-06-20,"quantile",0.1,2.14875090445606
2022-05-21,"54","30  day ahead inc hosp",2022-06-20,"quantile",0.15,8.58134560537718
2022-05-21,"54","30  day ahead inc hosp",2022-06-20,"quantile",0.2,13.6937679562675
2022-05-21,"54","30  day ahead inc hosp",2022-06-20,"quantile",0.25,18.0797711146136
2022-05-21,"54","30  day ahead inc hosp",2022-06-20,"quantile",0.3,22.0185375059348
2022-05-21,"54","30  day ahead inc hosp",2022-06-20,"quantile",0.35,25.6683915610287
2022-05-21,"54","30  day ahead inc hosp",2022-06-20,"quantile",0.4,29.1317461393066
2022-05-21,"54","30  day ahead inc hosp",2022-06-20,"quantile",0.45,32.4825817748665
2022-05-21,"54","30  day ahead inc hosp",2022-06-20,"quantile",0.5,35.7802911773835
2022-05-21,"54","30  day ahead inc hosp",2022-06-20,"quantile",0.55,39.0780005799004
2022-05-21,"54","30  day ahead inc hosp",2022-06-20,"quantile",0.6,42.4288362154603
2022-05-21,"54","30  day ahead inc hosp",2022-06-20,"quantile",0.65,45.8921907937382
2022-05-21,"54","30  day ahead inc hosp",2022-06-20,"quantile",0.7,49.5420448488322
2022-05-21,"54","30  day ahead inc hosp",2022-06-20,"quantile",0.75,53.4808112401533
2022-05-21,"54","30  day ahead inc hosp",2022-06-20,"quantile",0.8,57.8668143984994
2022-05-21,"54","30  day ahead inc hosp",2022-06-20,"quantile",0.85,62.9792367493897
2022-05-21,"54","30  day ahead inc hosp",2022-06-20,"quantile",0.9,69.4118314503109
2022-05-21,"54","30  day ahead inc hosp",2022-06-20,"quantile",0.95,78.9459058004526
2022-05-21,"54","30  day ahead inc hosp",2022-06-20,"quantile",0.975,87.2152934447597
2022-05-21,"54","30  day ahead inc hosp",2022-06-20,"quantile",0.99,96.8302436866262
2022-05-21,"54","31  day ahead inc hosp",2022-06-21,"quantile",0.01,0
2022-05-21,"54","31  day ahead inc hosp",2022-06-21,"quantile",0.025,0
2022-05-21,"54","31  day ahead inc hosp",2022-06-21,"quantile",0.05,0
2022-05-21,"54","31  day ahead inc hosp",2022-06-21,"quantile",0.1,2.26337829866804
2022-05-21,"54","31  day ahead inc hosp",2022-06-21,"quantile",0.15,8.8106050260877
2022-05-21,"54","31  day ahead inc hosp",2022-06-21,"quantile",0.2,14.0141332777299
2022-05-21,"54","31  day ahead inc hosp",2022-06-21,"quantile",0.25,18.4782971866979
2022-05-21,"54","31  day ahead inc hosp",2022-06-21,"quantile",0.3,22.487254347737
2022-05-21,"54","31  day ahead inc hosp",2022-06-21,"quantile",0.35,26.2021506114904
2022-05-21,"54","31  day ahead inc hosp",2022-06-21,"quantile",0.4,29.7272238852948
2022-05-21,"54","31  day ahead inc hosp",2022-06-21,"quantile",0.45,33.1377730730411
2022-05-21,"54","31  day ahead inc hosp",2022-06-21,"quantile",0.5,36.4942492919346
2022-05-21,"54","31  day ahead inc hosp",2022-06-21,"quantile",0.55,39.8507255108281
2022-05-21,"54","31  day ahead inc hosp",2022-06-21,"quantile",0.6,43.2612746985744
2022-05-21,"54","31  day ahead inc hosp",2022-06-21,"quantile",0.65,46.7863479723788
2022-05-21,"54","31  day ahead inc hosp",2022-06-21,"quantile",0.7,50.5012442361323
2022-05-21,"54","31  day ahead inc hosp",2022-06-21,"quantile",0.75,54.5102013971713
2022-05-21,"54","31  day ahead inc hosp",2022-06-21,"quantile",0.8,58.9743653061393
2022-05-21,"54","31  day ahead inc hosp",2022-06-21,"quantile",0.85,64.1778935577815
2022-05-21,"54","31  day ahead inc hosp",2022-06-21,"quantile",0.9,70.7251202852012
2022-05-21,"54","31  day ahead inc hosp",2022-06-21,"quantile",0.95,80.4290965667343
2022-05-21,"54","31  day ahead inc hosp",2022-06-21,"quantile",0.975,88.8458487983724
2022-05-21,"54","31  day ahead inc hosp",2022-06-21,"quantile",0.99,98.6321422201147
2022-05-21,"54","32  day ahead inc hosp",2022-06-22,"quantile",0.01,0
2022-05-21,"54","32  day ahead inc hosp",2022-06-22,"quantile",0.025,0
2022-05-21,"54","32  day ahead inc hosp",2022-06-22,"quantile",0.05,0
2022-05-21,"54","32  day ahead inc hosp",2022-06-22,"quantile",0.1,1.75049981856549
2022-05-21,"54","32  day ahead inc hosp",2022-06-22,"quantile",0.15,8.40996832143384
2022-05-21,"54","32  day ahead inc hosp",2022-06-22,"quantile",0.2,13.7027027780659
2022-05-21,"54","32  day ahead inc hosp",2022-06-22,"quantile",0.25,18.2433976678442
2022-05-21,"54","32  day ahead inc hosp",2022-06-22,"quantile",0.3,22.3210820149403
2022-05-21,"54","32  day ahead inc hosp",2022-06-22,"quantile",0.35,26.0996642589738
2022-05-21,"54","32  day ahead inc hosp",2022-06-22,"quantile",0.4,29.6851693001983
2022-05-21,"54","32  day ahead inc hosp",2022-06-22,"quantile",0.45,33.1541869222948
2022-05-21,"54","32  day ahead inc hosp",2022-06-22,"quantile",0.5,36.5682045806014
2022-05-21,"54","32  day ahead inc hosp",2022-06-22,"quantile",0.55,39.982222238908
2022-05-21,"54","32  day ahead inc hosp",2022-06-22,"quantile",0.6,43.4512398610045
2022-05-21,"54","32  day ahead inc hosp",2022-06-22,"quantile",0.65,47.036744902229
2022-05-21,"54","32  day ahead inc hosp",2022-06-22,"quantile",0.7,50.8153271462625
2022-05-21,"54","32  day ahead inc hosp",2022-06-22,"quantile",0.75,54.8930114933586
2022-05-21,"54","32  day ahead inc hosp",2022-06-22,"quantile",0.8,59.4337063831369
2022-05-21,"54","32  day ahead inc hosp",2022-06-22,"quantile",0.85,64.726440839769
2022-05-21,"54","32  day ahead inc hosp",2022-06-22,"quantile",0.9,71.3859093426373
2022-05-21,"54","32  day ahead inc hosp",2022-06-22,"quantile",0.95,81.2562448434395
2022-05-21,"54","32  day ahead inc hosp",2022-06-22,"quantile",0.975,89.8172888879813
2022-05-21,"54","32  day ahead inc hosp",2022-06-22,"quantile",0.99,99.7713527252673
2022-05-21,"54","33  day ahead inc hosp",2022-06-23,"quantile",0.01,0
2022-05-21,"54","33  day ahead inc hosp",2022-06-23,"quantile",0.025,0
2022-05-21,"54","33  day ahead inc hosp",2022-06-23,"quantile",0.05,0
2022-05-21,"54","33  day ahead inc hosp",2022-06-23,"quantile",0.1,1.43859287644946
2022-05-21,"54","33  day ahead inc hosp",2022-06-23,"quantile",0.15,8.20822487008841
2022-05-21,"54","33  day ahead inc hosp",2022-06-23,"quantile",0.2,13.5885137769313
2022-05-21,"54","33  day ahead inc hosp",2022-06-23,"quantile",0.25,18.2043225889943
2022-05-21,"54","33  day ahead inc hosp",2022-06-23,"quantile",0.3,22.3494615597954
2022-05-21,"54","33  day ahead inc hosp",2022-06-23,"quantile",0.35,26.1905505654402
2022-05-21,"54","33  day ahead inc hosp",2022-06-23,"quantile",0.4,29.8353684108842
2022-05-21,"54","33  day ahead inc hosp",2022-06-23,"quantile",0.45,33.3617718574846
2022-05-21,"54","33  day ahead inc hosp",2022-06-23,"quantile",0.5,36.8322655097282
2022-05-21,"54","33  day ahead inc hosp",2022-06-23,"quantile",0.55,40.3027591619718
2022-05-21,"54","33  day ahead inc hosp",2022-06-23,"quantile",0.6,43.8291626085722
2022-05-21,"54","33  day ahead inc hosp",2022-06-23,"quantile",0.65,47.4739804540163
2022-05-21,"54","33  day ahead inc hosp",2022-06-23,"quantile",0.7,51.3150694596611
2022-05-21,"54","33  day ahead inc hosp",2022-06-23,"quantile",0.75,55.4602084304622
2022-05-21,"54","33  day ahead inc hosp",2022-06-23,"quantile",0.8,60.0760172425252
2022-05-21,"54","33  day ahead inc hosp",2022-06-23,"quantile",0.85,65.4563061493681
2022-05-21,"54","33  day ahead inc hosp",2022-06-23,"quantile",0.9,72.225938143007
2022-05-21,"54","33  day ahead inc hosp",2022-06-23,"quantile",0.95,82.2595525321134
2022-05-21,"54","33  day ahead inc hosp",2022-06-23,"quantile",0.975,90.9622166618288
2022-05-21,"54","33  day ahead inc hosp",2022-06-23,"quantile",0.99,101.080944453783
2022-05-21,"54","34  day ahead inc hosp",2022-06-24,"quantile",0.01,0
2022-05-21,"54","34  day ahead inc hosp",2022-06-24,"quantile",0.025,0
2022-05-21,"54","34  day ahead inc hosp",2022-06-24,"quantile",0.05,0
2022-05-21,"54","34  day ahead inc hosp",2022-06-24,"quantile",0.1,0
2022-05-21,"54","34  day ahead inc hosp",2022-06-24,"quantile",0.15,6.23774252094021
2022-05-21,"54","34  day ahead inc hosp",2022-06-24,"quantile",0.2,11.704146443458
2022-05-21,"54","34  day ahead inc hosp",2022-06-24,"quantile",0.25,16.3938342711437
2022-05-21,"54","34  day ahead inc hosp",2022-06-24,"quantile",0.3,20.605318881301
2022-05-21,"54","34  day ahead inc hosp",2022-06-24,"quantile",0.35,24.507887009286
2022-05-21,"54","34  day ahead inc hosp",2022-06-24,"quantile",0.4,28.2110425297745
2022-05-21,"54","34  day ahead inc hosp",2022-06-24,"quantile",0.45,31.7938883521169
2022-05-21,"54","34  day ahead inc hosp",2022-06-24,"quantile",0.5,35.3199295075591
2022-05-21,"54","34  day ahead inc hosp",2022-06-24,"quantile",0.55,38.8459706630014
2022-05-21,"54","34  day ahead inc hosp",2022-06-24,"quantile",0.6,42.4288164853438
2022-05-21,"54","34  day ahead inc hosp",2022-06-24,"quantile",0.65,46.1319720058323
2022-05-21,"54","34  day ahead inc hosp",2022-06-24,"quantile",0.7,50.0345401338173
2022-05-21,"54","34  day ahead inc hosp",2022-06-24,"quantile",0.75,54.2460247439746
2022-05-21,"54","34  day ahead inc hosp",2022-06-24,"quantile",0.8,58.9357125716603
2022-05-21,"54","34  day ahead inc hosp",2022-06-24,"quantile",0.85,64.4021164941781
2022-05-21,"54","34  day ahead inc hosp",2022-06-24,"quantile",0.9,71.2801008412574
2022-05-21,"54","34  day ahead inc hosp",2022-06-24,"quantile",0.95,81.4743097403157
2022-05-21,"54","34  day ahead inc hosp",2022-06-24,"quantile",0.975,90.3162656573162
2022-05-21,"54","34  day ahead inc hosp",2022-06-24,"quantile",0.99,100.596950254472
2022-05-21,"54","35  day ahead inc hosp",2022-06-25,"quantile",0.01,0
2022-05-21,"54","35  day ahead inc hosp",2022-06-25,"quantile",0.025,0
2022-05-21,"54","35  day ahead inc hosp",2022-06-25,"quantile",0.05,0
2022-05-21,"54","35  day ahead inc hosp",2022-06-25,"quantile",0.1,0.331973924118003
2022-05-21,"54","35  day ahead inc hosp",2022-06-25,"quantile",0.15,7.31667193460776
2022-05-21,"54","35  day ahead inc hosp",2022-06-25,"quantile",0.2,12.8678884939122
2022-05-21,"54","35  day ahead inc hosp",2022-06-25,"quantile",0.25,17.6303380121004
2022-05-21,"54","35  day ahead inc hosp",2022-06-25,"quantile",0.3,21.9071648691236
2022-05-21,"54","35  day ahead inc hosp",2022-06-25,"quantile",0.35,25.8702823267713
2022-05-21,"54","35  day ahead inc hosp",2022-06-25,"quantile",0.4,29.6308932399778
2022-05-21,"54","35  day ahead inc hosp",2022-06-25,"quantile",0.45,33.2693278197007
2022-05-21,"54","35  day ahead inc hosp",2022-06-25,"quantile",0.5,36.8500763937769
2022-05-21,"54","35  day ahead inc hosp",2022-06-25,"quantile",0.55,40.4308249678531
2022-05-21,"54","35  day ahead inc hosp",2022-06-25,"quantile",0.6,44.0692595475759
2022-05-21,"54","35  day ahead inc hosp",2022-06-25,"quantile",0.65,47.8298704607824
2022-05-21,"54","35  day ahead inc hosp",2022-06-25,"quantile",0.7,51.7929879184301
2022-05-21,"54","35  day ahead inc hosp",2022-06-25,"quantile",0.75,56.0698147754533
2022-05-21,"54","35  day ahead inc hosp",2022-06-25,"quantile",0.8,60.8322642936416
2022-05-21,"54","35  day ahead inc hosp",2022-06-25,"quantile",0.85,66.383480852946
2022-05-21,"54","35  day ahead inc hosp",2022-06-25,"quantile",0.9,73.3681788634357
2022-05-21,"54","35  day ahead inc hosp",2022-06-25,"quantile",0.95,83.7205534869699
2022-05-21,"54","35  day ahead inc hosp",2022-06-25,"quantile",0.975,92.6996945820694
2022-05-21,"54","35  day ahead inc hosp",2022-06-25,"quantile",0.99,103.139886595987
2022-05-21,"54","36  day ahead inc hosp",2022-06-26,"quantile",0.01,0
2022-05-21,"54","36  day ahead inc hosp",2022-06-26,"quantile",0.025,0
2022-05-21,"54","36  day ahead inc hosp",2022-06-26,"quantile",0.05,0
2022-05-21,"54","36  day ahead inc hosp",2022-06-26,"quantile",0.1,0
2022-05-21,"54","36  day ahead inc hosp",2022-06-26,"quantile",0.15,6.6620927618059
2022-05-21,"54","36  day ahead inc hosp",2022-06-26,"quantile",0.2,12.2968940322225
2022-05-21,"54","36  day ahead inc hosp",2022-06-26,"quantile",0.25,17.1310517900212
2022-05-21,"54","36  day ahead inc hosp",2022-06-26,"quantile",0.3,21.4722748624509
2022-05-21,"54","36  day ahead inc hosp",2022-06-26,"quantile",0.35,25.4950650106273
2022-05-21,"54","36  day ahead inc hosp",2022-06-26,"quantile",0.4,29.3122994717404
2022-05-21,"54","36  day ahead inc hosp",2022-06-26,"quantile",0.45,33.0055179893619
2022-05-21,"54","36  day ahead inc hosp",2022-06-26,"quantile",0.5,36.6401819226989
2022-05-21,"54","36  day ahead inc hosp",2022-06-26,"quantile",0.55,40.274845856036
2022-05-21,"54","36  day ahead inc hosp",2022-06-26,"quantile",0.6,43.9680643736574
2022-05-21,"54","36  day ahead inc hosp",2022-06-26,"quantile",0.65,47.7852988347706
2022-05-21,"54","36  day ahead inc hosp",2022-06-26,"quantile",0.7,51.808088982947
2022-05-21,"54","36  day ahead inc hosp",2022-06-26,"quantile",0.75,56.1493120553767
2022-05-21,"54","36  day ahead inc hosp",2022-06-26,"quantile",0.8,60.9834698131754
2022-05-21,"54","36  day ahead inc hosp",2022-06-26,"quantile",0.85,66.618271083592
2022-05-21,"54","36  day ahead inc hosp",2022-06-26,"quantile",0.9,73.7081377466061
2022-05-21,"54","36  day ahead inc hosp",2022-06-26,"quantile",0.95,84.2163881557431
2022-05-21,"54","36  day ahead inc hosp",2022-06-26,"quantile",0.975,93.3307282484771
2022-05-21,"54","36  day ahead inc hosp",2022-06-26,"quantile",0.99,103.92811831513
2022-05-21,"54","37  day ahead inc hosp",2022-06-27,"quantile",0.01,0
2022-05-21,"54","37  day ahead inc hosp",2022-06-27,"quantile",0.025,0
2022-05-21,"54","37  day ahead inc hosp",2022-06-27,"quantile",0.05,0
2022-05-21,"54","37  day ahead inc hosp",2022-06-27,"quantile",0.1,0
2022-05-21,"54","37  day ahead inc hosp",2022-06-27,"quantile",0.15,6.72051446568637
2022-05-21,"54","37  day ahead inc hosp",2022-06-27,"quantile",0.2,12.4377133440181
2022-05-21,"54","37  day ahead inc hosp",2022-06-27,"quantile",0.25,17.3425609125858
2022-05-21,"54","37  day ahead inc hosp",2022-06-27,"quantile",0.3,21.7472656198466
2022-05-21,"54","37  day ahead inc hosp",2022-06-27,"quantile",0.35,25.8288809633488
2022-05-21,"54","37  day ahead inc hosp",2022-06-27,"quantile",0.4,29.7019347822977
2022-05-21,"54","37  day ahead inc hosp",2022-06-27,"quantile",0.45,33.4491591746174
2022-05-21,"54","37  day ahead inc hosp",2022-06-27,"quantile",0.5,37.136972739913
2022-05-21,"54","37  day ahead inc hosp",2022-06-27,"quantile",0.55,40.8247863052086
2022-05-21,"54","37  day ahead inc hosp",2022-06-27,"quantile",0.6,44.5720106975284
2022-05-21,"54","37  day ahead inc hosp",2022-06-27,"quantile",0.65,48.4450645164773
2022-05-21,"54","37  day ahead inc hosp",2022-06-27,"quantile",0.7,52.5266798599795
2022-05-21,"54","37  day ahead inc hosp",2022-06-27,"quantile",0.75,56.9313845672402
2022-05-21,"54","37  day ahead inc hosp",2022-06-27,"quantile",0.8,61.836232135808
2022-05-21,"54","37  day ahead inc hosp",2022-06-27,"quantile",0.85,67.5534310141397
2022-05-21,"54","37  day ahead inc hosp",2022-06-27,"quantile",0.9,74.74697268279
2022-05-21,"54","37  day ahead inc hosp",2022-06-27,"quantile",0.95,85.4088850678394
2022-05-21,"54","37  day ahead inc hosp",2022-06-27,"quantile",0.975,94.6565040084556
2022-05-21,"54","37  day ahead inc hosp",2022-06-27,"quantile",0.99,105.408859538793
2022-05-21,"55","1  day ahead inc hosp",2022-05-22,"quantile",0.01,33.4426828772915
2022-05-21,"55","1  day ahead inc hosp",2022-05-22,"quantile",0.025,40.5160643146803
2022-05-21,"55","1  day ahead inc hosp",2022-05-22,"quantile",0.05,46.5995625742052
2022-05-21,"55","1  day ahead inc hosp",2022-05-22,"quantile",0.1,53.6134464565501
2022-05-21,"55","1  day ahead inc hosp",2022-05-22,"quantile",0.15,58.3456806134799
2022-05-21,"55","1  day ahead inc hosp",2022-05-22,"quantile",0.2,62.106710306532
2022-05-21,"55","1  day ahead inc hosp",2022-05-22,"quantile",0.25,65.3333388947369
2022-05-21,"55","1  day ahead inc hosp",2022-05-22,"quantile",0.3,68.2309510900937
2022-05-21,"55","1  day ahead inc hosp",2022-05-22,"quantile",0.35,70.9160206196338
2022-05-21,"55","1  day ahead inc hosp",2022-05-22,"quantile",0.4,73.4638890296455
2022-05-21,"55","1  day ahead inc hosp",2022-05-22,"quantile",0.45,75.9289812025727
2022-05-21,"55","1  day ahead inc hosp",2022-05-22,"quantile",0.5,78.3549902704197
2022-05-21,"55","1  day ahead inc hosp",2022-05-22,"quantile",0.55,80.7809993382667
2022-05-21,"55","1  day ahead inc hosp",2022-05-22,"quantile",0.6,83.2460915111939
2022-05-21,"55","1  day ahead inc hosp",2022-05-22,"quantile",0.65,85.7939599212056
2022-05-21,"55","1  day ahead inc hosp",2022-05-22,"quantile",0.7,88.4790294507457
2022-05-21,"55","1  day ahead inc hosp",2022-05-22,"quantile",0.75,91.3766416461025
2022-05-21,"55","1  day ahead inc hosp",2022-05-22,"quantile",0.8,94.6032702343074
2022-05-21,"55","1  day ahead inc hosp",2022-05-22,"quantile",0.85,98.3642999273595
2022-05-21,"55","1  day ahead inc hosp",2022-05-22,"quantile",0.9,103.096534084289
2022-05-21,"55","1  day ahead inc hosp",2022-05-22,"quantile",0.95,110.110417966634
2022-05-21,"55","1  day ahead inc hosp",2022-05-22,"quantile",0.975,116.193916226159
2022-05-21,"55","1  day ahead inc hosp",2022-05-22,"quantile",0.99,123.267297663548
2022-05-21,"55","2  day ahead inc hosp",2022-05-23,"quantile",0.01,26.2918799001805
2022-05-21,"55","2  day ahead inc hosp",2022-05-23,"quantile",0.025,34.2757830646302
2022-05-21,"55","2  day ahead inc hosp",2022-05-23,"quantile",0.05,41.1423802409695
2022-05-21,"55","2  day ahead inc hosp",2022-05-23,"quantile",0.1,49.0591270217014
2022-05-21,"55","2  day ahead inc hosp",2022-05-23,"quantile",0.15,54.4005184898216
2022-05-21,"55","2  day ahead inc hosp",2022-05-23,"quantile",0.2,58.6456871031282
2022-05-21,"55","2  day ahead inc hosp",2022-05-23,"quantile",0.25,62.2876637763645
2022-05-21,"55","2  day ahead inc hosp",2022-05-23,"quantile",0.3,65.5582713889518
2022-05-21,"55","2  day ahead inc hosp",2022-05-23,"quantile",0.35,68.5889767599852
2022-05-21,"55","2  day ahead inc hosp",2022-05-23,"quantile",0.4,71.4648197837715
2022-05-21,"55","2  day ahead inc hosp",2022-05-23,"quantile",0.45,74.2472311911449
2022-05-21,"55","2  day ahead inc hosp",2022-05-23,"quantile",0.5,76.9855285168603
2022-05-21,"55","2  day ahead inc hosp",2022-05-23,"quantile",0.55,79.7238258425758
2022-05-21,"55","2  day ahead inc hosp",2022-05-23,"quantile",0.6,82.5062372499492
2022-05-21,"55","2  day ahead inc hosp",2022-05-23,"quantile",0.65,85.3820802737355
2022-05-21,"55","2  day ahead inc hosp",2022-05-23,"quantile",0.7,88.4127856447689
2022-05-21,"55","2  day ahead inc hosp",2022-05-23,"quantile",0.75,91.6833932573562
2022-05-21,"55","2  day ahead inc hosp",2022-05-23,"quantile",0.8,95.3253699305925
2022-05-21,"55","2  day ahead inc hosp",2022-05-23,"quantile",0.85,99.5705385438991
2022-05-21,"55","2  day ahead inc hosp",2022-05-23,"quantile",0.9,104.911930012019
2022-05-21,"55","2  day ahead inc hosp",2022-05-23,"quantile",0.95,112.828676792751
2022-05-21,"55","2  day ahead inc hosp",2022-05-23,"quantile",0.975,119.695273969091
2022-05-21,"55","2  day ahead inc hosp",2022-05-23,"quantile",0.99,127.67917713354
2022-05-21,"55","3  day ahead inc hosp",2022-05-24,"quantile",0.01,23.5145820784304
2022-05-21,"55","3  day ahead inc hosp",2022-05-24,"quantile",0.025,32.195794744517
2022-05-21,"55","3  day ahead inc hosp",2022-05-24,"quantile",0.05,39.6621165613424
2022-05-21,"55","3  day ahead inc hosp",2022-05-24,"quantile",0.1,48.2703074438564
2022-05-21,"55","3  day ahead inc hosp",2022-05-24,"quantile",0.15,54.0782129648108
2022-05-21,"55","3  day ahead inc hosp",2022-05-24,"quantile",0.2,58.6941521585135
2022-05-21,"55","3  day ahead inc hosp",2022-05-24,"quantile",0.25,62.6542169756913
2022-05-21,"55","3  day ahead inc hosp",2022-05-24,"quantile",0.3,66.2104775724653
2022-05-21,"55","3  day ahead inc hosp",2022-05-24,"quantile",0.35,69.5058830041525
2022-05-21,"55","3  day ahead inc hosp",2022-05-24,"quantile",0.4,72.6329005004239
2022-05-21,"55","3  day ahead inc hosp",2022-05-24,"quantile",0.45,75.6583261167451
2022-05-21,"55","3  day ahead inc hosp",2022-05-24,"quantile",0.5,78.6357847529372
2022-05-21,"55","3  day ahead inc hosp",2022-05-24,"quantile",0.55,81.6132433891293
2022-05-21,"55","3  day ahead inc hosp",2022-05-24,"quantile",0.6,84.6386690054505
2022-05-21,"55","3  day ahead inc hosp",2022-05-24,"quantile",0.65,87.7656865017219
2022-05-21,"55","3  day ahead inc hosp",2022-05-24,"quantile",0.7,91.061091933409
2022-05-21,"55","3  day ahead inc hosp",2022-05-24,"quantile",0.75,94.6173525301831
2022-05-21,"55","3  day ahead inc hosp",2022-05-24,"quantile",0.8,98.5774173473608
2022-05-21,"55","3  day ahead inc hosp",2022-05-24,"quantile",0.85,103.193356541064
2022-05-21,"55","3  day ahead inc hosp",2022-05-24,"quantile",0.9,109.001262062018
2022-05-21,"55","3  day ahead inc hosp",2022-05-24,"quantile",0.95,117.609452944532
2022-05-21,"55","3  day ahead inc hosp",2022-05-24,"quantile",0.975,125.075774761357
2022-05-21,"55","3  day ahead inc hosp",2022-05-24,"quantile",0.99,133.756987427444
2022-05-21,"55","4  day ahead inc hosp",2022-05-25,"quantile",0.01,14.6165568207101
2022-05-21,"55","4  day ahead inc hosp",2022-05-25,"quantile",0.025,24.0378978304003
2022-05-21,"55","4  day ahead inc hosp",2022-05-25,"quantile",0.05,32.1407708540273
2022-05-21,"55","4  day ahead inc hosp",2022-05-25,"quantile",0.1,41.4828645107687
2022-05-21,"55","4  day ahead inc hosp",2022-05-25,"quantile",0.15,47.7859307492831
2022-05-21,"55","4  day ahead inc hosp",2022-05-25,"quantile",0.2,52.7954079843884
2022-05-21,"55","4  day ahead inc hosp",2022-05-25,"quantile",0.25,57.0930933997978
2022-05-21,"55","4  day ahead inc hosp",2022-05-25,"quantile",0.3,60.9525477283872
2022-05-21,"55","4  day ahead inc hosp",2022-05-25,"quantile",0.35,64.5289073375
2022-05-21,"55","4  day ahead inc hosp",2022-05-25,"quantile",0.4,67.9225228735793
2022-05-21,"55","4  day ahead inc hosp",2022-05-25,"quantile",0.45,71.2058851787287
2022-05-21,"55","4  day ahead inc hosp",2022-05-25,"quantile",0.5,74.4371910149972
2022-05-21,"55","4  day ahead inc hosp",2022-05-25,"quantile",0.55,77.6684968512656
2022-05-21,"55","4  day ahead inc hosp",2022-05-25,"quantile",0.6,80.951859156415
2022-05-21,"55","4  day ahead inc hosp",2022-05-25,"quantile",0.65,84.3454746924944
2022-05-21,"55","4  day ahead inc hosp",2022-05-25,"quantile",0.7,87.9218343016072
2022-05-21,"55","4  day ahead inc hosp",2022-05-25,"quantile",0.75,91.7812886301966
2022-05-21,"55","4  day ahead inc hosp",2022-05-25,"quantile",0.8,96.078974045606
2022-05-21,"55","4  day ahead inc hosp",2022-05-25,"quantile",0.85,101.088451280711
2022-05-21,"55","4  day ahead inc hosp",2022-05-25,"quantile",0.9,107.391517519226
2022-05-21,"55","4  day ahead inc hosp",2022-05-25,"quantile",0.95,116.733611175967
2022-05-21,"55","4  day ahead inc hosp",2022-05-25,"quantile",0.975,124.836484199594
2022-05-21,"55","4  day ahead inc hosp",2022-05-25,"quantile",0.99,134.257825209284
2022-05-21,"55","5  day ahead inc hosp",2022-05-26,"quantile",0.01,12.0723632844919
2022-05-21,"55","5  day ahead inc hosp",2022-05-26,"quantile",0.025,22.4943357921675
2022-05-21,"55","5  day ahead inc hosp",2022-05-26,"quantile",0.05,31.4578071067679
2022-05-21,"55","5  day ahead inc hosp",2022-05-26,"quantile",0.1,41.7921154769403
2022-05-21,"55","5  day ahead inc hosp",2022-05-26,"quantile",0.15,48.7646242720565
2022-05-21,"55","5  day ahead inc hosp",2022-05-26,"quantile",0.2,54.3061532293881
2022-05-21,"55","5  day ahead inc hosp",2022-05-26,"quantile",0.25,59.060291647684
2022-05-21,"55","5  day ahead inc hosp",2022-05-26,"quantile",0.3,63.3296548801386
2022-05-21,"55","5  day ahead inc hosp",2022-05-26,"quantile",0.35,67.2858561773211
2022-05-21,"55","5  day ahead inc hosp",2022-05-26,"quantile",0.4,71.0399043305789
2022-05-21,"55","5  day ahead inc hosp",2022-05-26,"quantile",0.45,74.6719893641012
2022-05-21,"55","5  day ahead inc hosp",2022-05-26,"quantile",0.5,78.246489061633
2022-05-21,"55","5  day ahead inc hosp",2022-05-26,"quantile",0.55,81.8209887591647
2022-05-21,"55","5  day ahead inc hosp",2022-05-26,"quantile",0.6,85.453073792687
2022-05-21,"55","5  day ahead inc hosp",2022-05-26,"quantile",0.65,89.2071219459449
2022-05-21,"55","5  day ahead inc hosp",2022-05-26,"quantile",0.7,93.1633232431274
2022-05-21,"55","5  day ahead inc hosp",2022-05-26,"quantile",0.75,97.4326864755819
2022-05-21,"55","5  day ahead inc hosp",2022-05-26,"quantile",0.8,102.186824893878
2022-05-21,"55","5  day ahead inc hosp",2022-05-26,"quantile",0.85,107.728353851209
2022-05-21,"55","5  day ahead inc hosp",2022-05-26,"quantile",0.9,114.700862646326
2022-05-21,"55","5  day ahead inc hosp",2022-05-26,"quantile",0.95,125.035171016498
2022-05-21,"55","5  day ahead inc hosp",2022-05-26,"quantile",0.975,133.998642331098
2022-05-21,"55","5  day ahead inc hosp",2022-05-26,"quantile",0.99,144.420614838774
2022-05-21,"55","6  day ahead inc hosp",2022-05-27,"quantile",0.01,3.63339313903252
2022-05-21,"55","6  day ahead inc hosp",2022-05-27,"quantile",0.025,15.2133390386848
2022-05-21,"55","6  day ahead inc hosp",2022-05-27,"quantile",0.05,25.172731353308
2022-05-21,"55","6  day ahead inc hosp",2022-05-27,"quantile",0.1,36.6552728538525
2022-05-21,"55","6  day ahead inc hosp",2022-05-27,"quantile",0.15,44.4024890907819
2022-05-21,"55","6  day ahead inc hosp",2022-05-27,"quantile",0.2,50.5597309641409
2022-05-21,"55","6  day ahead inc hosp",2022-05-27,"quantile",0.25,55.8420962402707
2022-05-21,"55","6  day ahead inc hosp",2022-05-27,"quantile",0.3,60.5858235165975
2022-05-21,"55","6  day ahead inc hosp",2022-05-27,"quantile",0.35,64.9815937948023
2022-05-21,"55","6  day ahead inc hosp",2022-05-27,"quantile",0.4,69.1527499255059
2022-05-21,"55","6  day ahead inc hosp",2022-05-27,"quantile",0.45,73.1883917543582
2022-05-21,"55","6  day ahead inc hosp",2022-05-27,"quantile",0.5,77.1600500066954
2022-05-21,"55","6  day ahead inc hosp",2022-05-27,"quantile",0.55,81.1317082590326
2022-05-21,"55","6  day ahead inc hosp",2022-05-27,"quantile",0.6,85.167350087885
2022-05-21,"55","6  day ahead inc hosp",2022-05-27,"quantile",0.65,89.3385062185885
2022-05-21,"55","6  day ahead inc hosp",2022-05-27,"quantile",0.7,93.7342764967933
2022-05-21,"55","6  day ahead inc hosp",2022-05-27,"quantile",0.75,98.4780037731201
2022-05-21,"55","6  day ahead inc hosp",2022-05-27,"quantile",0.8,103.76036904925
2022-05-21,"55","6  day ahead inc hosp",2022-05-27,"quantile",0.85,109.917610922609
2022-05-21,"55","6  day ahead inc hosp",2022-05-27,"quantile",0.9,117.664827159538
2022-05-21,"55","6  day ahead inc hosp",2022-05-27,"quantile",0.95,129.147368660083
2022-05-21,"55","6  day ahead inc hosp",2022-05-27,"quantile",0.975,139.106760974706
2022-05-21,"55","6  day ahead inc hosp",2022-05-27,"quantile",0.99,150.686706874358
2022-05-21,"55","7  day ahead inc hosp",2022-05-28,"quantile",0.01,0
2022-05-21,"55","7  day ahead inc hosp",2022-05-28,"quantile",0.025,10.5077700680081
2022-05-21,"55","7  day ahead inc hosp",2022-05-28,"quantile",0.05,21.5287706208271
2022-05-21,"55","7  day ahead inc hosp",2022-05-28,"quantile",0.1,34.2352784304913
2022-05-21,"55","7  day ahead inc hosp",2022-05-28,"quantile",0.15,42.8082989253907
2022-05-21,"55","7  day ahead inc hosp",2022-05-28,"quantile",0.2,49.6218638444564
2022-05-21,"55","7  day ahead inc hosp",2022-05-28,"quantile",0.25,55.4672958536906
2022-05-21,"55","7  day ahead inc hosp",2022-05-28,"quantile",0.3,60.7166744586541
2022-05-21,"55","7  day ahead inc hosp",2022-05-28,"quantile",0.35,65.5810060499529
2022-05-21,"55","7  day ahead inc hosp",2022-05-28,"quantile",0.4,70.196781046072
2022-05-21,"55","7  day ahead inc hosp",2022-05-28,"quantile",0.45,74.6625967727462
2022-05-21,"55","7  day ahead inc hosp",2022-05-28,"quantile",0.5,79.0576086782765
2022-05-21,"55","7  day ahead inc hosp",2022-05-28,"quantile",0.55,83.4526205838069
2022-05-21,"55","7  day ahead inc hosp",2022-05-28,"quantile",0.6,87.918436310481
2022-05-21,"55","7  day ahead inc hosp",2022-05-28,"quantile",0.65,92.5342113066002
2022-05-21,"55","7  day ahead inc hosp",2022-05-28,"quantile",0.7,97.398542897899
2022-05-21,"55","7  day ahead inc hosp",2022-05-28,"quantile",0.75,102.647921502862
2022-05-21,"55","7  day ahead inc hosp",2022-05-28,"quantile",0.8,108.493353512097
2022-05-21,"55","7  day ahead inc hosp",2022-05-28,"quantile",0.85,115.306918431162
2022-05-21,"55","7  day ahead inc hosp",2022-05-28,"quantile",0.9,123.879938926062
2022-05-21,"55","7  day ahead inc hosp",2022-05-28,"quantile",0.95,136.586446735726
2022-05-21,"55","7  day ahead inc hosp",2022-05-28,"quantile",0.975,147.607447288545
2022-05-21,"55","7  day ahead inc hosp",2022-05-28,"quantile",0.99,160.421742190283
2022-05-21,"55","8  day ahead inc hosp",2022-05-29,"quantile",0.01,0
2022-05-21,"55","8  day ahead inc hosp",2022-05-29,"quantile",0.025,0
2022-05-21,"55","8  day ahead inc hosp",2022-05-29,"quantile",0.05,11.911375513956
2022-05-21,"55","8  day ahead inc hosp",2022-05-29,"quantile",0.1,25.8647134156017
2022-05-21,"55","8  day ahead inc hosp",2022-05-29,"quantile",0.15,35.2789642542219
2022-05-21,"55","8  day ahead inc hosp",2022-05-29,"quantile",0.2,42.7611123829323
2022-05-21,"55","8  day ahead inc hosp",2022-05-29,"quantile",0.25,49.1801292542639
2022-05-21,"55","8  day ahead inc hosp",2022-05-29,"quantile",0.3,54.9446047927761
2022-05-21,"55","8  day ahead inc hosp",2022-05-29,"quantile",0.35,60.2862504577967
2022-05-21,"55","8  day ahead inc hosp",2022-05-29,"quantile",0.4,65.3549498332327
2022-05-21,"55","8  day ahead inc hosp",2022-05-29,"quantile",0.45,70.258975138547
2022-05-21,"55","8  day ahead inc hosp",2022-05-29,"quantile",0.5,75.0852489754056
2022-05-21,"55","8  day ahead inc hosp",2022-05-29,"quantile",0.55,79.9115228122641
2022-05-21,"55","8  day ahead inc hosp",2022-05-29,"quantile",0.6,84.8155481175784
2022-05-21,"55","8  day ahead inc hosp",2022-05-29,"quantile",0.65,89.8842474930144
2022-05-21,"55","8  day ahead inc hosp",2022-05-29,"quantile",0.7,95.225893158035
2022-05-21,"55","8  day ahead inc hosp",2022-05-29,"quantile",0.75,100.990368696547
2022-05-21,"55","8  day ahead inc hosp",2022-05-29,"quantile",0.8,107.409385567879
2022-05-21,"55","8  day ahead inc hosp",2022-05-29,"quantile",0.85,114.891533696589
2022-05-21,"55","8  day ahead inc hosp",2022-05-29,"quantile",0.9,124.305784535209
2022-05-21,"55","8  day ahead inc hosp",2022-05-29,"quantile",0.95,138.259122436855
2022-05-21,"55","8  day ahead inc hosp",2022-05-29,"quantile",0.975,150.361562149736
2022-05-21,"55","8  day ahead inc hosp",2022-05-29,"quantile",0.99,164.433263785908
2022-05-21,"55","9  day ahead inc hosp",2022-05-30,"quantile",0.01,0
2022-05-21,"55","9  day ahead inc hosp",2022-05-30,"quantile",0.025,1.70174153165755
2022-05-21,"55","9  day ahead inc hosp",2022-05-30,"quantile",0.05,14.8778793894973
2022-05-21,"55","9  day ahead inc hosp",2022-05-30,"quantile",0.1,30.069122488476
2022-05-21,"55","9  day ahead inc hosp",2022-05-30,"quantile",0.15,40.3185820867686
2022-05-21,"55","9  day ahead inc hosp",2022-05-30,"quantile",0.2,48.4645276610103
2022-05-21,"55","9  day ahead inc hosp",2022-05-30,"quantile",0.25,55.4530236349623
2022-05-21,"55","9  day ahead inc hosp",2022-05-30,"quantile",0.3,61.7289090081193
2022-05-21,"55","9  day ahead inc hosp",2022-05-30,"quantile",0.35,67.5444521002394
2022-05-21,"55","9  day ahead inc hosp",2022-05-30,"quantile",0.4,73.0628337914624
2022-05-21,"55","9  day ahead inc hosp",2022-05-30,"quantile",0.45,78.4019319414317
2022-05-21,"55","9  day ahead inc hosp",2022-05-30,"quantile",0.5,83.6563807073655
2022-05-21,"55","9  day ahead inc hosp",2022-05-30,"quantile",0.55,88.9108294732992
2022-05-21,"55","9  day ahead inc hosp",2022-05-30,"quantile",0.6,94.2499276232685
2022-05-21,"55","9  day ahead inc hosp",2022-05-30,"quantile",0.65,99.7683093144915
2022-05-21,"55","9  day ahead inc hosp",2022-05-30,"quantile",0.7,105.583852406612
2022-05-21,"55","9  day ahead inc hosp",2022-05-30,"quantile",0.75,111.859737779769
2022-05-21,"55","9  day ahead inc hosp",2022-05-30,"quantile",0.8,118.848233753721
2022-05-21,"55","9  day ahead inc hosp",2022-05-30,"quantile",0.85,126.994179327962
2022-05-21,"55","9  day ahead inc hosp",2022-05-30,"quantile",0.9,137.243638926255
2022-05-21,"55","9  day ahead inc hosp",2022-05-30,"quantile",0.95,152.434882025234
2022-05-21,"55","9  day ahead inc hosp",2022-05-30,"quantile",0.975,165.611019883073
2022-05-21,"55","9  day ahead inc hosp",2022-05-30,"quantile",0.99,180.931127650705
2022-05-21,"55","10  day ahead inc hosp",2022-05-31,"quantile",0.01,0
2022-05-21,"55","10  day ahead inc hosp",2022-05-31,"quantile",0.025,0
2022-05-21,"55","10  day ahead inc hosp",2022-05-31,"quantile",0.05,11.4167891178054
2022-05-21,"55","10  day ahead inc hosp",2022-05-31,"quantile",0.1,27.8191491479363
2022-05-21,"55","10  day ahead inc hosp",2022-05-31,"quantile",0.15,38.8857435898869
2022-05-21,"55","10  day ahead inc hosp",2022-05-31,"quantile",0.2,47.6811220341661
2022-05-21,"55","10  day ahead inc hosp",2022-05-31,"quantile",0.25,55.2267735840112
2022-05-21,"55","10  day ahead inc hosp",2022-05-31,"quantile",0.3,62.0030018839371
2022-05-21,"55","10  day ahead inc hosp",2022-05-31,"quantile",0.35,68.2821872637108
2022-05-21,"55","10  day ahead inc hosp",2022-05-31,"quantile",0.4,74.2405201462389
2022-05-21,"55","10  day ahead inc hosp",2022-05-31,"quantile",0.45,80.0052761653095
2022-05-21,"55","10  day ahead inc hosp",2022-05-31,"quantile",0.5,85.6786341556452
2022-05-21,"55","10  day ahead inc hosp",2022-05-31,"quantile",0.55,91.3519921459808
2022-05-21,"55","10  day ahead inc hosp",2022-05-31,"quantile",0.6,97.1167481650515
2022-05-21,"55","10  day ahead inc hosp",2022-05-31,"quantile",0.65,103.07508104758
2022-05-21,"55","10  day ahead inc hosp",2022-05-31,"quantile",0.7,109.354266427353
2022-05-21,"55","10  day ahead inc hosp",2022-05-31,"quantile",0.75,116.130494727279
2022-05-21,"55","10  day ahead inc hosp",2022-05-31,"quantile",0.8,123.676146277124
2022-05-21,"55","10  day ahead inc hosp",2022-05-31,"quantile",0.85,132.471524721404
2022-05-21,"55","10  day ahead inc hosp",2022-05-31,"quantile",0.9,143.538119163354
2022-05-21,"55","10  day ahead inc hosp",2022-05-31,"quantile",0.95,159.940479193485
2022-05-21,"55","10  day ahead inc hosp",2022-05-31,"quantile",0.975,174.167080370413
2022-05-21,"55","10  day ahead inc hosp",2022-05-31,"quantile",0.99,190.708578763127
2022-05-21,"55","11  day ahead inc hosp",2022-06-01,"quantile",0.01,0
2022-05-21,"55","11  day ahead inc hosp",2022-06-01,"quantile",0.025,0
2022-05-21,"55","11  day ahead inc hosp",2022-06-01,"quantile",0.05,11.3570559340306
2022-05-21,"55","11  day ahead inc hosp",2022-06-01,"quantile",0.1,28.9345238344643
2022-05-21,"55","11  day ahead inc hosp",2022-06-01,"quantile",0.15,40.7939579776709
2022-05-21,"55","11  day ahead inc hosp",2022-06-01,"quantile",0.2,50.2194602829785
2022-05-21,"55","11  day ahead inc hosp",2022-06-01,"quantile",0.25,58.3057019982934
2022-05-21,"55","11  day ahead inc hosp",2022-06-01,"quantile",0.3,65.5673969744527
2022-05-21,"55","11  day ahead inc hosp",2022-06-01,"quantile",0.35,72.2964395787542
2022-05-21,"55","11  day ahead inc hosp",2022-06-01,"quantile",0.4,78.6816429757254
2022-05-21,"55","11  day ahead inc hosp",2022-06-01,"quantile",0.45,84.8594011576518
2022-05-21,"55","11  day ahead inc hosp",2022-06-01,"quantile",0.5,90.9392133175851
2022-05-21,"55","11  day ahead inc hosp",2022-06-01,"quantile",0.55,97.0190254775184
2022-05-21,"55","11  day ahead inc hosp",2022-06-01,"quantile",0.6,103.196783659445
2022-05-21,"55","11  day ahead inc hosp",2022-06-01,"quantile",0.65,109.581987056416
2022-05-21,"55","11  day ahead inc hosp",2022-06-01,"quantile",0.7,116.311029660718
2022-05-21,"55","11  day ahead inc hosp",2022-06-01,"quantile",0.75,123.572724636877
2022-05-21,"55","11  day ahead inc hosp",2022-06-01,"quantile",0.8,131.658966352192
2022-05-21,"55","11  day ahead inc hosp",2022-06-01,"quantile",0.85,141.084468657499
2022-05-21,"55","11  day ahead inc hosp",2022-06-01,"quantile",0.9,152.943902800706
2022-05-21,"55","11  day ahead inc hosp",2022-06-01,"quantile",0.95,170.52137070114
2022-05-21,"55","11  day ahead inc hosp",2022-06-01,"quantile",0.975,185.767202707043
2022-05-21,"55","11  day ahead inc hosp",2022-06-01,"quantile",0.99,203.493777205401
2022-05-21,"55","12  day ahead inc hosp",2022-06-02,"quantile",0.01,0
2022-05-21,"55","12  day ahead inc hosp",2022-06-02,"quantile",0.025,0
2022-05-21,"55","12  day ahead inc hosp",2022-06-02,"quantile",0.05,3.03462977163068
2022-05-21,"55","12  day ahead inc hosp",2022-06-02,"quantile",0.1,21.7471745145714
2022-05-21,"55","12  day ahead inc hosp",2022-06-02,"quantile",0.15,34.3724396146281
2022-05-21,"55","12  day ahead inc hosp",2022-06-02,"quantile",0.2,44.4066000871048
2022-05-21,"55","12  day ahead inc hosp",2022-06-02,"quantile",0.25,53.0150163139
2022-05-21,"55","12  day ahead inc hosp",2022-06-02,"quantile",0.3,60.7456401398503
2022-05-21,"55","12  day ahead inc hosp",2022-06-02,"quantile",0.35,67.909215207852
2022-05-21,"55","12  day ahead inc hosp",2022-06-02,"quantile",0.4,74.7067474198523
2022-05-21,"55","12  day ahead inc hosp",2022-06-02,"quantile",0.45,81.283438502162
2022-05-21,"55","12  day ahead inc hosp",2022-06-02,"quantile",0.5,87.7558586320614
2022-05-21,"55","12  day ahead inc hosp",2022-06-02,"quantile",0.55,94.2282787619607
2022-05-21,"55","12  day ahead inc hosp",2022-06-02,"quantile",0.6,100.80496984427
2022-05-21,"55","12  day ahead inc hosp",2022-06-02,"quantile",0.65,107.602502056271
2022-05-21,"55","12  day ahead inc hosp",2022-06-02,"quantile",0.7,114.766077124272
2022-05-21,"55","12  day ahead inc hosp",2022-06-02,"quantile",0.75,122.496700950223
2022-05-21,"55","12  day ahead inc hosp",2022-06-02,"quantile",0.8,131.105117177018
2022-05-21,"55","12  day ahead inc hosp",2022-06-02,"quantile",0.85,141.139277649495
2022-05-21,"55","12  day ahead inc hosp",2022-06-02,"quantile",0.9,153.764542749551
2022-05-21,"55","12  day ahead inc hosp",2022-06-02,"quantile",0.95,172.477087492492
2022-05-21,"55","12  day ahead inc hosp",2022-06-02,"quantile",0.975,188.707429380744
2022-05-21,"55","12  day ahead inc hosp",2022-06-02,"quantile",0.99,207.578709380717
2022-05-21,"55","13  day ahead inc hosp",2022-06-03,"quantile",0.01,0
2022-05-21,"55","13  day ahead inc hosp",2022-06-03,"quantile",0.025,0
2022-05-21,"55","13  day ahead inc hosp",2022-06-03,"quantile",0.05,2.08238539143132
2022-05-21,"55","13  day ahead inc hosp",2022-06-03,"quantile",0.1,21.8890077766524
2022-05-21,"55","13  day ahead inc hosp",2022-06-03,"quantile",0.15,35.2524418678104
2022-05-21,"55","13  day ahead inc hosp",2022-06-03,"quantile",0.2,45.8732756539812
2022-05-21,"55","13  day ahead inc hosp",2022-06-03,"quantile",0.25,54.9850053455435
2022-05-21,"55","13  day ahead inc hosp",2022-06-03,"quantile",0.3,63.1676202184114
2022-05-21,"55","13  day ahead inc hosp",2022-06-03,"quantile",0.35,70.7500323515137
2022-05-21,"55","13  day ahead inc hosp",2022-06-03,"quantile",0.4,77.9449999801286
2022-05-21,"55","13  day ahead inc hosp",2022-06-03,"quantile",0.45,84.9062144274956
2022-05-21,"55","13  day ahead inc hosp",2022-06-03,"quantile",0.5,91.7570614497736
2022-05-21,"55","13  day ahead inc hosp",2022-06-03,"quantile",0.55,98.6079084720517
2022-05-21,"55","13  day ahead inc hosp",2022-06-03,"quantile",0.6,105.569122919419
2022-05-21,"55","13  day ahead inc hosp",2022-06-03,"quantile",0.65,112.764090548034
2022-05-21,"55","13  day ahead inc hosp",2022-06-03,"quantile",0.7,120.346502681136
2022-05-21,"55","13  day ahead inc hosp",2022-06-03,"quantile",0.75,128.529117554004
2022-05-21,"55","13  day ahead inc hosp",2022-06-03,"quantile",0.8,137.640847245566
2022-05-21,"55","13  day ahead inc hosp",2022-06-03,"quantile",0.85,148.261681031737
2022-05-21,"55","13  day ahead inc hosp",2022-06-03,"quantile",0.9,161.625115122895
2022-05-21,"55","13  day ahead inc hosp",2022-06-03,"quantile",0.95,181.431737508116
2022-05-21,"55","13  day ahead inc hosp",2022-06-03,"quantile",0.975,198.611028586895
2022-05-21,"55","13  day ahead inc hosp",2022-06-03,"quantile",0.99,218.585667099181
2022-05-21,"55","14  day ahead inc hosp",2022-06-04,"quantile",0.01,0
2022-05-21,"55","14  day ahead inc hosp",2022-06-04,"quantile",0.025,0
2022-05-21,"55","14  day ahead inc hosp",2022-06-04,"quantile",0.05,0
2022-05-21,"55","14  day ahead inc hosp",2022-06-04,"quantile",0.1,13.1002008516035
2022-05-21,"55","14  day ahead inc hosp",2022-06-04,"quantile",0.15,27.1746632359907
2022-05-21,"55","14  day ahead inc hosp",2022-06-04,"quantile",0.2,38.3605997695643
2022-05-21,"55","14  day ahead inc hosp",2022-06-04,"quantile",0.25,47.9571373006956
2022-05-21,"55","14  day ahead inc hosp",2022-06-04,"quantile",0.3,56.5751245971126
2022-05-21,"55","14  day ahead inc hosp",2022-06-04,"quantile",0.35,64.5609741640947
2022-05-21,"55","14  day ahead inc hosp",2022-06-04,"quantile",0.4,72.138764465229
2022-05-21,"55","14  day ahead inc hosp",2022-06-04,"quantile",0.45,79.4703642786291
2022-05-21,"55","14  day ahead inc hosp",2022-06-04,"quantile",0.5,86.6857243468948
2022-05-21,"55","14  day ahead inc hosp",2022-06-04,"quantile",0.55,93.9010844151606
2022-05-21,"55","14  day ahead inc hosp",2022-06-04,"quantile",0.6,101.232684228561
2022-05-21,"55","14  day ahead inc hosp",2022-06-04,"quantile",0.65,108.810474529695
2022-05-21,"55","14  day ahead inc hosp",2022-06-04,"quantile",0.7,116.796324096677
2022-05-21,"55","14  day ahead inc hosp",2022-06-04,"quantile",0.75,125.414311393094
2022-05-21,"55","14  day ahead inc hosp",2022-06-04,"quantile",0.8,135.010848924225
2022-05-21,"55","14  day ahead inc hosp",2022-06-04,"quantile",0.85,146.196785457799
2022-05-21,"55","14  day ahead inc hosp",2022-06-04,"quantile",0.9,160.271247842186
2022-05-21,"55","14  day ahead inc hosp",2022-06-04,"quantile",0.95,181.131721266978
2022-05-21,"55","14  day ahead inc hosp",2022-06-04,"quantile",0.975,199.225070957585
2022-05-21,"55","14  day ahead inc hosp",2022-06-04,"quantile",0.99,220.262500144213
2022-05-21,"55","15  day ahead inc hosp",2022-06-05,"quantile",0.01,0
2022-05-21,"55","15  day ahead inc hosp",2022-06-05,"quantile",0.025,0
2022-05-21,"55","15  day ahead inc hosp",2022-06-05,"quantile",0.05,0
2022-05-21,"55","15  day ahead inc hosp",2022-06-05,"quantile",0.1,14.328052820149
2022-05-21,"55","15  day ahead inc hosp",2022-06-05,"quantile",0.15,29.0875605623207
2022-05-21,"55","15  day ahead inc hosp",2022-06-05,"quantile",0.2,40.8179494298817
2022-05-21,"55","15  day ahead inc hosp",2022-06-05,"quantile",0.25,50.8815785846191
2022-05-21,"55","15  day ahead inc hosp",2022-06-05,"quantile",0.3,59.9190285951078
2022-05-21,"55","15  day ahead inc hosp",2022-06-05,"quantile",0.35,68.2935728791184
2022-05-21,"55","15  day ahead inc hosp",2022-06-05,"quantile",0.4,76.2401964561734
2022-05-21,"55","15  day ahead inc hosp",2022-06-05,"quantile",0.45,83.9286467324995
2022-05-21,"55","15  day ahead inc hosp",2022-06-05,"quantile",0.5,91.4951995344212
2022-05-21,"55","15  day ahead inc hosp",2022-06-05,"quantile",0.55,99.0617523363428
2022-05-21,"55","15  day ahead inc hosp",2022-06-05,"quantile",0.6,106.750202612669
2022-05-21,"55","15  day ahead inc hosp",2022-06-05,"quantile",0.65,114.696826189724
2022-05-21,"55","15  day ahead inc hosp",2022-06-05,"quantile",0.7,123.071370473734
2022-05-21,"55","15  day ahead inc hosp",2022-06-05,"quantile",0.75,132.108820484223
2022-05-21,"55","15  day ahead inc hosp",2022-06-05,"quantile",0.8,142.172449638961
2022-05-21,"55","15  day ahead inc hosp",2022-06-05,"quantile",0.85,153.902838506522
2022-05-21,"55","15  day ahead inc hosp",2022-06-05,"quantile",0.9,168.662346248693
2022-05-21,"55","15  day ahead inc hosp",2022-06-05,"quantile",0.95,190.538160088668
2022-05-21,"55","15  day ahead inc hosp",2022-06-05,"quantile",0.975,209.512166167691
2022-05-21,"55","15  day ahead inc hosp",2022-06-05,"quantile",0.99,231.573548725355
2022-05-21,"55","16  day ahead inc hosp",2022-06-06,"quantile",0.01,0
2022-05-21,"55","16  day ahead inc hosp",2022-06-06,"quantile",0.025,0
2022-05-21,"55","16  day ahead inc hosp",2022-06-06,"quantile",0.05,0
2022-05-21,"55","16  day ahead inc hosp",2022-06-06,"quantile",0.1,17.1397549091135
2022-05-21,"55","16  day ahead inc hosp",2022-06-06,"quantile",0.15,32.559794893742
2022-05-21,"55","16  day ahead inc hosp",2022-06-06,"quantile",0.2,44.8151538483094
2022-05-21,"55","16  day ahead inc hosp",2022-06-06,"quantile",0.25,55.3291605934755
2022-05-21,"55","16  day ahead inc hosp",2022-06-06,"quantile",0.3,64.7710635996737
2022-05-21,"55","16  day ahead inc hosp",2022-06-06,"quantile",0.35,73.5203938597548
2022-05-21,"55","16  day ahead inc hosp",2022-06-06,"quantile",0.4,81.8226526777003
2022-05-21,"55","16  day ahead inc hosp",2022-06-06,"quantile",0.45,89.855184165321
2022-05-21,"55","16  day ahead inc hosp",2022-06-06,"quantile",0.5,97.7603629009274
2022-05-21,"55","16  day ahead inc hosp",2022-06-06,"quantile",0.55,105.665541636534
2022-05-21,"55","16  day ahead inc hosp",2022-06-06,"quantile",0.6,113.698073124155
2022-05-21,"55","16  day ahead inc hosp",2022-06-06,"quantile",0.65,122.0003319421
2022-05-21,"55","16  day ahead inc hosp",2022-06-06,"quantile",0.7,130.749662202181
2022-05-21,"55","16  day ahead inc hosp",2022-06-06,"quantile",0.75,140.191565208379
2022-05-21,"55","16  day ahead inc hosp",2022-06-06,"quantile",0.8,150.705571953545
2022-05-21,"55","16  day ahead inc hosp",2022-06-06,"quantile",0.85,162.960930908113
2022-05-21,"55","16  day ahead inc hosp",2022-06-06,"quantile",0.9,178.380970892741
2022-05-21,"55","16  day ahead inc hosp",2022-06-06,"quantile",0.95,201.235793018338
2022-05-21,"55","16  day ahead inc hosp",2022-06-06,"quantile",0.975,221.058942781737
2022-05-21,"55","16  day ahead inc hosp",2022-06-06,"quantile",0.99,244.107638381751
2022-05-21,"55","17  day ahead inc hosp",2022-06-07,"quantile",0.01,0
2022-05-21,"55","17  day ahead inc hosp",2022-06-07,"quantile",0.025,0
2022-05-21,"55","17  day ahead inc hosp",2022-06-07,"quantile",0.05,0
2022-05-21,"55","17  day ahead inc hosp",2022-06-07,"quantile",0.1,6.3391630521885
2022-05-21,"55","17  day ahead inc hosp",2022-06-07,"quantile",0.15,22.3968105910477
2022-05-21,"55","17  day ahead inc hosp",2022-06-07,"quantile",0.2,35.158919817147
2022-05-21,"55","17  day ahead inc hosp",2022-06-07,"quantile",0.25,46.1076731733875
2022-05-21,"55","17  day ahead inc hosp",2022-06-07,"quantile",0.3,55.9399920727395
2022-05-21,"55","17  day ahead inc hosp",2022-06-07,"quantile",0.35,65.0511008414269
2022-05-21,"55","17  day ahead inc hosp",2022-06-07,"quantile",0.4,73.6966520856422
2022-05-21,"55","17  day ahead inc hosp",2022-06-07,"quantile",0.45,82.0613229685699
2022-05-21,"55","17  day ahead inc hosp",2022-06-07,"quantile",0.5,90.2933751548542
2022-05-21,"55","17  day ahead inc hosp",2022-06-07,"quantile",0.55,98.5254273411386
2022-05-21,"55","17  day ahead inc hosp",2022-06-07,"quantile",0.6,106.890098224066
2022-05-21,"55","17  day ahead inc hosp",2022-06-07,"quantile",0.65,115.535649468282
2022-05-21,"55","17  day ahead inc hosp",2022-06-07,"quantile",0.7,124.646758236969
2022-05-21,"55","17  day ahead inc hosp",2022-06-07,"quantile",0.75,134.479077136321
2022-05-21,"55","17  day ahead inc hosp",2022-06-07,"quantile",0.8,145.427830492561
2022-05-21,"55","17  day ahead inc hosp",2022-06-07,"quantile",0.85,158.189939718661
2022-05-21,"55","17  day ahead inc hosp",2022-06-07,"quantile",0.9,174.24758725752
2022-05-21,"55","17  day ahead inc hosp",2022-06-07,"quantile",0.95,198.047439827422
2022-05-21,"55","17  day ahead inc hosp",2022-06-07,"quantile",0.975,218.690262565106
2022-05-21,"55","17  day ahead inc hosp",2022-06-07,"quantile",0.99,242.692005138045
2022-05-21,"55","18  day ahead inc hosp",2022-06-08,"quantile",0.01,0
2022-05-21,"55","18  day ahead inc hosp",2022-06-08,"quantile",0.025,0
2022-05-21,"55","18  day ahead inc hosp",2022-06-08,"quantile",0.05,0
2022-05-21,"55","18  day ahead inc hosp",2022-06-08,"quantile",0.1,5.11992385525534
2022-05-21,"55","18  day ahead inc hosp",2022-06-08,"quantile",0.15,21.7938482948294
2022-05-21,"55","18  day ahead inc hosp",2022-06-08,"quantile",0.2,35.0457548652416
2022-05-21,"55","18  day ahead inc hosp",2022-06-08,"quantile",0.25,46.41471073052
2022-05-21,"55","18  day ahead inc hosp",2022-06-08,"quantile",0.3,56.6243844698927
2022-05-21,"55","18  day ahead inc hosp",2022-06-08,"quantile",0.35,66.0851687349724
2022-05-21,"55","18  day ahead inc hosp",2022-06-08,"quantile",0.4,75.0625278304226
2022-05-21,"55","18  day ahead inc hosp",2022-06-08,"quantile",0.45,83.748226649401
2022-05-21,"55","18  day ahead inc hosp",2022-06-08,"quantile",0.5,92.2962169950957
2022-05-21,"55","18  day ahead inc hosp",2022-06-08,"quantile",0.55,100.84420734079
2022-05-21,"55","18  day ahead inc hosp",2022-06-08,"quantile",0.6,109.529906159769
2022-05-21,"55","18  day ahead inc hosp",2022-06-08,"quantile",0.65,118.507265255219
2022-05-21,"55","18  day ahead inc hosp",2022-06-08,"quantile",0.7,127.968049520299
2022-05-21,"55","18  day ahead inc hosp",2022-06-08,"quantile",0.75,138.177723259671
2022-05-21,"55","18  day ahead inc hosp",2022-06-08,"quantile",0.8,149.54667912495
2022-05-21,"55","18  day ahead inc hosp",2022-06-08,"quantile",0.85,162.798585695362
2022-05-21,"55","18  day ahead inc hosp",2022-06-08,"quantile",0.9,179.472510134936
2022-05-21,"55","18  day ahead inc hosp",2022-06-08,"quantile",0.95,204.185777907392
2022-05-21,"55","18  day ahead inc hosp",2022-06-08,"quantile",0.975,225.620852112048
2022-05-21,"55","18  day ahead inc hosp",2022-06-08,"quantile",0.99,250.543758229573
2022-05-21,"55","19  day ahead inc hosp",2022-06-09,"quantile",0.01,0
2022-05-21,"55","19  day ahead inc hosp",2022-06-09,"quantile",0.025,0
2022-05-21,"55","19  day ahead inc hosp",2022-06-09,"quantile",0.05,0
2022-05-21,"55","19  day ahead inc hosp",2022-06-09,"quantile",0.1,5.12592796309923
2022-05-21,"55","19  day ahead inc hosp",2022-06-09,"quantile",0.15,22.3963347160525
2022-05-21,"55","19  day ahead inc hosp",2022-06-09,"quantile",0.2,36.1223065202643
2022-05-21,"55","19  day ahead inc hosp",2022-06-09,"quantile",0.25,47.897968144574
2022-05-21,"55","19  day ahead inc hosp",2022-06-09,"quantile",0.3,58.4728762253266
2022-05-21,"55","19  day ahead inc hosp",2022-06-09,"quantile",0.35,68.2721045384927
2022-05-21,"55","19  day ahead inc hosp",2022-06-09,"quantile",0.4,77.5706139390613
2022-05-21,"55","19  day ahead inc hosp",2022-06-09,"quantile",0.45,86.567029394884
2022-05-21,"55","19  day ahead inc hosp",2022-06-09,"quantile",0.5,95.4208100825356
2022-05-21,"55","19  day ahead inc hosp",2022-06-09,"quantile",0.55,104.274590770187
2022-05-21,"55","19  day ahead inc hosp",2022-06-09,"quantile",0.6,113.27100622601
2022-05-21,"55","19  day ahead inc hosp",2022-06-09,"quantile",0.65,122.569515626579
2022-05-21,"55","19  day ahead inc hosp",2022-06-09,"quantile",0.7,132.368743939745
2022-05-21,"55","19  day ahead inc hosp",2022-06-09,"quantile",0.75,142.943652020497
2022-05-21,"55","19  day ahead inc hosp",2022-06-09,"quantile",0.8,154.719313644807
2022-05-21,"55","19  day ahead inc hosp",2022-06-09,"quantile",0.85,168.445285449019
2022-05-21,"55","19  day ahead inc hosp",2022-06-09,"quantile",0.9,185.715692201972
2022-05-21,"55","19  day ahead inc hosp",2022-06-09,"quantile",0.95,211.313036616702
2022-05-21,"55","19  day ahead inc hosp",2022-06-09,"quantile",0.975,233.514915462664
2022-05-21,"55","19  day ahead inc hosp",2022-06-09,"quantile",0.99,259.3293976906
2022-05-21,"55","20  day ahead inc hosp",2022-06-10,"quantile",0.01,0
2022-05-21,"55","20  day ahead inc hosp",2022-06-10,"quantile",0.025,0
2022-05-21,"55","20  day ahead inc hosp",2022-06-10,"quantile",0.05,0
2022-05-21,"55","20  day ahead inc hosp",2022-06-10,"quantile",0.1,2.07314489866488
2022-05-21,"55","20  day ahead inc hosp",2022-06-10,"quantile",0.15,19.9216841653553
2022-05-21,"55","20  day ahead inc hosp",2022-06-10,"quantile",0.2,34.1071373643118
2022-05-21,"55","20  day ahead inc hosp",2022-06-10,"quantile",0.25,46.2769931123133
2022-05-21,"55","20  day ahead inc hosp",2022-06-10,"quantile",0.3,57.2058996992227
2022-05-21,"55","20  day ahead inc hosp",2022-06-10,"quantile",0.35,67.3331603846667
2022-05-21,"55","20  day ahead inc hosp",2022-06-10,"quantile",0.4,76.9429404281714
2022-05-21,"55","20  day ahead inc hosp",2022-06-10,"quantile",0.45,86.2405138333405
2022-05-21,"55","20  day ahead inc hosp",2022-06-10,"quantile",0.5,95.3906777248304
2022-05-21,"55","20  day ahead inc hosp",2022-06-10,"quantile",0.55,104.54084161632
2022-05-21,"55","20  day ahead inc hosp",2022-06-10,"quantile",0.6,113.838415021489
2022-05-21,"55","20  day ahead inc hosp",2022-06-10,"quantile",0.65,123.448195064994
2022-05-21,"55","20  day ahead inc hosp",2022-06-10,"quantile",0.7,133.575455750438
2022-05-21,"55","20  day ahead inc hosp",2022-06-10,"quantile",0.75,144.504362337348
2022-05-21,"55","20  day ahead inc hosp",2022-06-10,"quantile",0.8,156.674218085349
2022-05-21,"55","20  day ahead inc hosp",2022-06-10,"quantile",0.85,170.859671284306
2022-05-21,"55","20  day ahead inc hosp",2022-06-10,"quantile",0.9,188.708210550996
2022-05-21,"55","20  day ahead inc hosp",2022-06-10,"quantile",0.95,215.162434440725
2022-05-21,"55","20  day ahead inc hosp",2022-06-10,"quantile",0.975,238.107528441403
2022-05-21,"55","20  day ahead inc hosp",2022-06-10,"quantile",0.99,264.786158903642
2022-05-21,"55","21  day ahead inc hosp",2022-06-11,"quantile",0.01,0
2022-05-21,"55","21  day ahead inc hosp",2022-06-11,"quantile",0.025,0
2022-05-21,"55","21  day ahead inc hosp",2022-06-11,"quantile",0.05,0
2022-05-21,"55","21  day ahead inc hosp",2022-06-11,"quantile",0.1,0
2022-05-21,"55","21  day ahead inc hosp",2022-06-11,"quantile",0.15,13.555875883978
2022-05-21,"55","21  day ahead inc hosp",2022-06-11,"quantile",0.2,28.1872904955512
2022-05-21,"55","21  day ahead inc hosp",2022-06-11,"quantile",0.25,40.7397414264208
2022-05-21,"55","21  day ahead inc hosp",2022-06-11,"quantile",0.3,52.0122303121469
2022-05-21,"55","21  day ahead inc hosp",2022-06-11,"quantile",0.35,62.457871201443
2022-05-21,"55","21  day ahead inc hosp",2022-06-11,"quantile",0.4,72.3697629239353
2022-05-21,"55","21  day ahead inc hosp",2022-06-11,"quantile",0.45,81.959632874835
2022-05-21,"55","21  day ahead inc hosp",2022-06-11,"quantile",0.5,91.3974590607536
2022-05-21,"55","21  day ahead inc hosp",2022-06-11,"quantile",0.55,100.835285246672
2022-05-21,"55","21  day ahead inc hosp",2022-06-11,"quantile",0.6,110.425155197572
2022-05-21,"55","21  day ahead inc hosp",2022-06-11,"quantile",0.65,120.337046920064
2022-05-21,"55","21  day ahead inc hosp",2022-06-11,"quantile",0.7,130.78268780936
2022-05-21,"55","21  day ahead inc hosp",2022-06-11,"quantile",0.75,142.055176695086
2022-05-21,"55","21  day ahead inc hosp",2022-06-11,"quantile",0.8,154.607627625956
2022-05-21,"55","21  day ahead inc hosp",2022-06-11,"quantile",0.85,169.239042237529
2022-05-21,"55","21  day ahead inc hosp",2022-06-11,"quantile",0.9,187.648702793253
2022-05-21,"55","21  day ahead inc hosp",2022-06-11,"quantile",0.95,214.934592960405
2022-05-21,"55","21  day ahead inc hosp",2022-06-11,"quantile",0.975,238.601033427048
2022-05-21,"55","21  day ahead inc hosp",2022-06-11,"quantile",0.99,266.118385046852
2022-05-21,"55","22  day ahead inc hosp",2022-06-12,"quantile",0.01,0
2022-05-21,"55","22  day ahead inc hosp",2022-06-12,"quantile",0.025,0
2022-05-21,"55","22  day ahead inc hosp",2022-06-12,"quantile",0.05,0
2022-05-21,"55","22  day ahead inc hosp",2022-06-12,"quantile",0.1,6.42973434911396
2022-05-21,"55","22  day ahead inc hosp",2022-06-12,"quantile",0.15,25.7498537694625
2022-05-21,"55","22  day ahead inc hosp",2022-06-12,"quantile",0.2,41.1048722245062
2022-05-21,"55","22  day ahead inc hosp",2022-06-12,"quantile",0.25,54.2781108221655
2022-05-21,"55","22  day ahead inc hosp",2022-06-12,"quantile",0.3,66.1080862189183
2022-05-21,"55","22  day ahead inc hosp",2022-06-12,"quantile",0.35,77.0703214427791
2022-05-21,"55","22  day ahead inc hosp",2022-06-12,"quantile",0.4,87.4724106709033
2022-05-21,"55","22  day ahead inc hosp",2022-06-12,"quantile",0.45,97.5365523815114
2022-05-21,"55","22  day ahead inc hosp",2022-06-12,"quantile",0.5,107.44113092757
2022-05-21,"55","22  day ahead inc hosp",2022-06-12,"quantile",0.55,117.345709473628
2022-05-21,"55","22  day ahead inc hosp",2022-06-12,"quantile",0.6,127.409851184237
2022-05-21,"55","22  day ahead inc hosp",2022-06-12,"quantile",0.65,137.811940412361
2022-05-21,"55","22  day ahead inc hosp",2022-06-12,"quantile",0.7,148.774175636222
2022-05-21,"55","22  day ahead inc hosp",2022-06-12,"quantile",0.75,160.604151032974
2022-05-21,"55","22  day ahead inc hosp",2022-06-12,"quantile",0.8,173.777389630634
2022-05-21,"55","22  day ahead inc hosp",2022-06-12,"quantile",0.85,189.132408085677
2022-05-21,"55","22  day ahead inc hosp",2022-06-12,"quantile",0.9,208.452527506026
2022-05-21,"55","22  day ahead inc hosp",2022-06-12,"quantile",0.95,237.087854861695
2022-05-21,"55","22  day ahead inc hosp",2022-06-12,"quantile",0.975,261.924730842439
2022-05-21,"55","22  day ahead inc hosp",2022-06-12,"quantile",0.99,290.802966691337
2022-05-21,"55","23  day ahead inc hosp",2022-06-13,"quantile",0.01,0
2022-05-21,"55","23  day ahead inc hosp",2022-06-13,"quantile",0.025,0
2022-05-21,"55","23  day ahead inc hosp",2022-06-13,"quantile",0.05,0
2022-05-21,"55","23  day ahead inc hosp",2022-06-13,"quantile",0.1,2.9112582945618
2022-05-21,"55","23  day ahead inc hosp",2022-06-13,"quantile",0.15,22.9245811361335
2022-05-21,"55","23  day ahead inc hosp",2022-06-13,"quantile",0.2,38.8305356953698
2022-05-21,"55","23  day ahead inc hosp",2022-06-13,"quantile",0.25,52.4764284141454
2022-05-21,"55","23  day ahead inc hosp",2022-06-13,"quantile",0.3,64.7308618196503
2022-05-21,"55","23  day ahead inc hosp",2022-06-13,"quantile",0.35,76.0864206455087
2022-05-21,"55","23  day ahead inc hosp",2022-06-13,"quantile",0.4,86.8617355087296
2022-05-21,"55","23  day ahead inc hosp",2022-06-13,"quantile",0.45,97.2869773405988
2022-05-21,"55","23  day ahead inc hosp",2022-06-13,"quantile",0.5,107.546930901921
2022-05-21,"55","23  day ahead inc hosp",2022-06-13,"quantile",0.55,117.806884463243
2022-05-21,"55","23  day ahead inc hosp",2022-06-13,"quantile",0.6,128.232126295112
2022-05-21,"55","23  day ahead inc hosp",2022-06-13,"quantile",0.65,139.007441158333
2022-05-21,"55","23  day ahead inc hosp",2022-06-13,"quantile",0.7,150.362999984192
2022-05-21,"55","23  day ahead inc hosp",2022-06-13,"quantile",0.75,162.617433389697
2022-05-21,"55","23  day ahead inc hosp",2022-06-13,"quantile",0.8,176.263326108472
2022-05-21,"55","23  day ahead inc hosp",2022-06-13,"quantile",0.85,192.169280667709
2022-05-21,"55","23  day ahead inc hosp",2022-06-13,"quantile",0.9,212.18260350928
2022-05-21,"55","23  day ahead inc hosp",2022-06-13,"quantile",0.95,241.845362759076
2022-05-21,"55","23  day ahead inc hosp",2022-06-13,"quantile",0.975,267.573382682968
2022-05-21,"55","23  day ahead inc hosp",2022-06-13,"quantile",0.99,297.487765951755
2022-05-21,"55","24  day ahead inc hosp",2022-06-14,"quantile",0.01,0
2022-05-21,"55","24  day ahead inc hosp",2022-06-14,"quantile",0.025,0
2022-05-21,"55","24  day ahead inc hosp",2022-06-14,"quantile",0.05,0
2022-05-21,"55","24  day ahead inc hosp",2022-06-14,"quantile",0.1,1.60860080342373
2022-05-21,"55","24  day ahead inc hosp",2022-06-14,"quantile",0.15,22.2783312845829
2022-05-21,"55","24  day ahead inc hosp",2022-06-14,"quantile",0.2,38.7059778272176
2022-05-21,"55","24  day ahead inc hosp",2022-06-14,"quantile",0.25,52.7994358154141
2022-05-21,"55","24  day ahead inc hosp",2022-06-14,"quantile",0.3,65.4557966654451
2022-05-21,"55","24  day ahead inc hosp",2022-06-14,"quantile",0.35,77.1838011678203
2022-05-21,"55","24  day ahead inc hosp",2022-06-14,"quantile",0.4,88.3125305565136
2022-05-21,"55","24  day ahead inc hosp",2022-06-14,"quantile",0.45,99.0797050318103
2022-05-21,"55","24  day ahead inc hosp",2022-06-14,"quantile",0.5,109.676170023682
2022-05-21,"55","24  day ahead inc hosp",2022-06-14,"quantile",0.55,120.272635015553
2022-05-21,"55","24  day ahead inc hosp",2022-06-14,"quantile",0.6,131.03980949085
2022-05-21,"55","24  day ahead inc hosp",2022-06-14,"quantile",0.65,142.168538879543
2022-05-21,"55","24  day ahead inc hosp",2022-06-14,"quantile",0.7,153.896543381919
2022-05-21,"55","24  day ahead inc hosp",2022-06-14,"quantile",0.75,166.55290423195
2022-05-21,"55","24  day ahead inc hosp",2022-06-14,"quantile",0.8,180.646362220146
2022-05-21,"55","24  day ahead inc hosp",2022-06-14,"quantile",0.85,197.074008762781
2022-05-21,"55","24  day ahead inc hosp",2022-06-14,"quantile",0.9,217.74373924394
2022-05-21,"55","24  day ahead inc hosp",2022-06-14,"quantile",0.95,248.379393496577
2022-05-21,"55","24  day ahead inc hosp",2022-06-14,"quantile",0.975,274.951254743731
2022-05-21,"55","24  day ahead inc hosp",2022-06-14,"quantile",0.99,305.846785914174
2022-05-21,"55","25  day ahead inc hosp",2022-06-15,"quantile",0.01,0
2022-05-21,"55","25  day ahead inc hosp",2022-06-15,"quantile",0.025,0
2022-05-21,"55","25  day ahead inc hosp",2022-06-15,"quantile",0.05,0
2022-05-21,"55","25  day ahead inc hosp",2022-06-15,"quantile",0.1,0
2022-05-21,"55","25  day ahead inc hosp",2022-06-15,"quantile",0.15,15.6821785245027
2022-05-21,"55","25  day ahead inc hosp",2022-06-15,"quantile",0.2,32.6249979224085
2022-05-21,"55","25  day ahead inc hosp",2022-06-15,"quantile",0.25,47.1604283485667
2022-05-21,"55","25  day ahead inc hosp",2022-06-15,"quantile",0.3,60.2136941076198
2022-05-21,"55","25  day ahead inc hosp",2022-06-15,"quantile",0.35,72.3094901588599
2022-05-21,"55","25  day ahead inc hosp",2022-06-15,"quantile",0.4,83.787217761012
2022-05-21,"55","25  day ahead inc hosp",2022-06-15,"quantile",0.45,94.8920520467535
2022-05-21,"55","25  day ahead inc hosp",2022-06-15,"quantile",0.5,105.820823380345
2022-05-21,"55","25  day ahead inc hosp",2022-06-15,"quantile",0.55,116.749594713936
2022-05-21,"55","25  day ahead inc hosp",2022-06-15,"quantile",0.6,127.854428999677
2022-05-21,"55","25  day ahead inc hosp",2022-06-15,"quantile",0.65,139.332156601829
2022-05-21,"55","25  day ahead inc hosp",2022-06-15,"quantile",0.7,151.427952653069
2022-05-21,"55","25  day ahead inc hosp",2022-06-15,"quantile",0.75,164.481218412122
2022-05-21,"55","25  day ahead inc hosp",2022-06-15,"quantile",0.8,179.016648838281
2022-05-21,"55","25  day ahead inc hosp",2022-06-15,"quantile",0.85,195.959468236186
2022-05-21,"55","25  day ahead inc hosp",2022-06-15,"quantile",0.9,217.277403805154
2022-05-21,"55","25  day ahead inc hosp",2022-06-15,"quantile",0.95,248.873795643267
2022-05-21,"55","25  day ahead inc hosp",2022-06-15,"quantile",0.975,276.278953467204
2022-05-21,"55","25  day ahead inc hosp",2022-06-15,"quantile",0.99,308.143371992685
2022-05-21,"55","26  day ahead inc hosp",2022-06-16,"quantile",0.01,0
2022-05-21,"55","26  day ahead inc hosp",2022-06-16,"quantile",0.025,0
2022-05-21,"55","26  day ahead inc hosp",2022-06-16,"quantile",0.05,0
2022-05-21,"55","26  day ahead inc hosp",2022-06-16,"quantile",0.1,0
2022-05-21,"55","26  day ahead inc hosp",2022-06-16,"quantile",0.15,18.2702390980747
2022-05-21,"55","26  day ahead inc hosp",2022-06-16,"quantile",0.2,35.7422425780974
2022-05-21,"55","26  day ahead inc hosp",2022-06-16,"quantile",0.25,50.7316658272678
2022-05-21,"55","26  day ahead inc hosp",2022-06-16,"quantile",0.3,64.1926311726239
2022-05-21,"55","26  day ahead inc hosp",2022-06-16,"quantile",0.35,76.6662216499581
2022-05-21,"55","26  day ahead inc hosp",2022-06-16,"quantile",0.4,88.502439217876
2022-05-21,"55","26  day ahead inc hosp",2022-06-16,"quantile",0.45,99.9541166942666
2022-05-21,"55","26  day ahead inc hosp",2022-06-16,"quantile",0.5,111.224232150758
2022-05-21,"55","26  day ahead inc hosp",2022-06-16,"quantile",0.55,122.494347607249
2022-05-21,"55","26  day ahead inc hosp",2022-06-16,"quantile",0.6,133.946025083639
2022-05-21,"55","26  day ahead inc hosp",2022-06-16,"quantile",0.65,145.782242651557
2022-05-21,"55","26  day ahead inc hosp",2022-06-16,"quantile",0.7,158.255833128891
2022-05-21,"55","26  day ahead inc hosp",2022-06-16,"quantile",0.75,171.716798474247
2022-05-21,"55","26  day ahead inc hosp",2022-06-16,"quantile",0.8,186.706221723418
2022-05-21,"55","26  day ahead inc hosp",2022-06-16,"quantile",0.85,204.178225203441
2022-05-21,"55","26  day ahead inc hosp",2022-06-16,"quantile",0.9,226.161995182949
2022-05-21,"55","26  day ahead inc hosp",2022-06-16,"quantile",0.95,258.745253918499
2022-05-21,"55","26  day ahead inc hosp",2022-06-16,"quantile",0.975,287.006371600576
2022-05-21,"55","26  day ahead inc hosp",2022-06-16,"quantile",0.99,319.866028443458
2022-05-21,"55","27  day ahead inc hosp",2022-06-17,"quantile",0.01,0
2022-05-21,"55","27  day ahead inc hosp",2022-06-17,"quantile",0.025,0
2022-05-21,"55","27  day ahead inc hosp",2022-06-17,"quantile",0.05,0
2022-05-21,"55","27  day ahead inc hosp",2022-06-17,"quantile",0.1,0
2022-05-21,"55","27  day ahead inc hosp",2022-06-17,"quantile",0.15,14.4479607373262
2022-05-21,"55","27  day ahead inc hosp",2022-06-17,"quantile",0.2,32.4551889191434
2022-05-21,"55","27  day ahead inc hosp",2022-06-17,"quantile",0.25,47.9037873051423
2022-05-21,"55","27  day ahead inc hosp",2022-06-17,"quantile",0.3,61.7771061147746
2022-05-21,"55","27  day ahead inc hosp",2022-06-17,"quantile",0.35,74.6328035297117
2022-05-21,"55","27  day ahead inc hosp",2022-06-17,"quantile",0.4,86.8316032150958
2022-05-21,"55","27  day ahead inc hosp",2022-06-17,"quantile",0.45,98.6340830862636
2022-05-21,"55","27  day ahead inc hosp",2022-06-17,"quantile",0.5,110.249439098097
2022-05-21,"55","27  day ahead inc hosp",2022-06-17,"quantile",0.55,121.864795109931
2022-05-21,"55","27  day ahead inc hosp",2022-06-17,"quantile",0.6,133.667274981098
2022-05-21,"55","27  day ahead inc hosp",2022-06-17,"quantile",0.65,145.866074666482
2022-05-21,"55","27  day ahead inc hosp",2022-06-17,"quantile",0.7,158.72177208142
2022-05-21,"55","27  day ahead inc hosp",2022-06-17,"quantile",0.75,172.595090891052
2022-05-21,"55","27  day ahead inc hosp",2022-06-17,"quantile",0.8,188.043689277051
2022-05-21,"55","27  day ahead inc hosp",2022-06-17,"quantile",0.85,206.050917458868
2022-05-21,"55","27  day ahead inc hosp",2022-06-17,"quantile",0.9,228.708122327801
2022-05-21,"55","27  day ahead inc hosp",2022-06-17,"quantile",0.95,262.289513015429
2022-05-21,"55","27  day ahead inc hosp",2022-06-17,"quantile",0.975,291.416361310544
2022-05-21,"55","27  day ahead inc hosp",2022-06-17,"quantile",0.99,325.282617084963
2022-05-21,"55","28  day ahead inc hosp",2022-06-18,"quantile",0.01,0
2022-05-21,"55","28  day ahead inc hosp",2022-06-18,"quantile",0.025,0
2022-05-21,"55","28  day ahead inc hosp",2022-06-18,"quantile",0.05,0
2022-05-21,"55","28  day ahead inc hosp",2022-06-18,"quantile",0.1,0
2022-05-21,"55","28  day ahead inc hosp",2022-06-18,"quantile",0.15,13.6331776498033
2022-05-21,"55","28  day ahead inc hosp",2022-06-18,"quantile",0.2,32.1760547927691
2022-05-21,"55","28  day ahead inc hosp",2022-06-18,"quantile",0.25,48.0841922923457
2022-05-21,"55","28  day ahead inc hosp",2022-06-18,"quantile",0.3,62.3701914286242
2022-05-21,"55","28  day ahead inc hosp",2022-06-18,"quantile",0.35,75.608298667862
2022-05-21,"55","28  day ahead inc hosp",2022-06-18,"quantile",0.4,88.1699678805693
2022-05-21,"55","28  day ahead inc hosp",2022-06-18,"quantile",0.45,100.323528218877
2022-05-21,"55","28  day ahead inc hosp",2022-06-18,"quantile",0.5,112.284398449684
2022-05-21,"55","28  day ahead inc hosp",2022-06-18,"quantile",0.55,124.24526868049
2022-05-21,"55","28  day ahead inc hosp",2022-06-18,"quantile",0.6,136.398829018798
2022-05-21,"55","28  day ahead inc hosp",2022-06-18,"quantile",0.65,148.960498231505
2022-05-21,"55","28  day ahead inc hosp",2022-06-18,"quantile",0.7,162.198605470743
2022-05-21,"55","28  day ahead inc hosp",2022-06-18,"quantile",0.75,176.484604607022
2022-05-21,"55","28  day ahead inc hosp",2022-06-18,"quantile",0.8,192.392742106598
2022-05-21,"55","28  day ahead inc hosp",2022-06-18,"quantile",0.85,210.935619249564
2022-05-21,"55","28  day ahead inc hosp",2022-06-18,"quantile",0.9,234.266792823066
2022-05-21,"55","28  day ahead inc hosp",2022-06-18,"quantile",0.95,268.847106657229
2022-05-21,"55","28  day ahead inc hosp",2022-06-18,"quantile",0.975,298.84037180858
2022-05-21,"55","28  day ahead inc hosp",2022-06-18,"quantile",0.99,333.714024420558
2022-05-21,"55","29  day ahead inc hosp",2022-06-19,"quantile",0.01,0
2022-05-21,"55","29  day ahead inc hosp",2022-06-19,"quantile",0.025,0
2022-05-21,"55","29  day ahead inc hosp",2022-06-19,"quantile",0.05,0
2022-05-21,"55","29  day ahead inc hosp",2022-06-19,"quantile",0.1,0
2022-05-21,"55","29  day ahead inc hosp",2022-06-19,"quantile",0.15,9.11013958272987
2022-05-21,"55","29  day ahead inc hosp",2022-06-19,"quantile",0.2,28.1852493074075
2022-05-21,"55","29  day ahead inc hosp",2022-06-19,"quantile",0.25,44.5499949712052
2022-05-21,"55","29  day ahead inc hosp",2022-06-19,"quantile",0.3,59.2460423510228
2022-05-21,"55","29  day ahead inc hosp",2022-06-19,"quantile",0.35,72.864120397304
2022-05-21,"55","29  day ahead inc hosp",2022-06-19,"quantile",0.4,85.7863447484691
2022-05-21,"55","29  day ahead inc hosp",2022-06-19,"quantile",0.45,98.2887463559055
2022-05-21,"55","29  day ahead inc hosp",2022-06-19,"quantile",0.5,110.592927109312
2022-05-21,"55","29  day ahead inc hosp",2022-06-19,"quantile",0.55,122.897107862719
2022-05-21,"55","29  day ahead inc hosp",2022-06-19,"quantile",0.6,135.399509470155
2022-05-21,"55","29  day ahead inc hosp",2022-06-19,"quantile",0.65,148.321733821321
2022-05-21,"55","29  day ahead inc hosp",2022-06-19,"quantile",0.7,161.939811867602
2022-05-21,"55","29  day ahead inc hosp",2022-06-19,"quantile",0.75,176.635859247419
2022-05-21,"55","29  day ahead inc hosp",2022-06-19,"quantile",0.8,193.000604911217
2022-05-21,"55","29  day ahead inc hosp",2022-06-19,"quantile",0.85,212.075714635895
2022-05-21,"55","29  day ahead inc hosp",2022-06-19,"quantile",0.9,236.076558328529
2022-05-21,"55","29  day ahead inc hosp",2022-06-19,"quantile",0.95,271.649424158074
2022-05-21,"55","29  day ahead inc hosp",2022-06-19,"quantile",0.975,302.50358014219
2022-05-21,"55","29  day ahead inc hosp",2022-06-19,"quantile",0.99,338.378204395208
2022-05-21,"55","30  day ahead inc hosp",2022-06-20,"quantile",0.01,0
2022-05-21,"55","30  day ahead inc hosp",2022-06-20,"quantile",0.025,0
2022-05-21,"55","30  day ahead inc hosp",2022-06-20,"quantile",0.05,0
2022-05-21,"55","30  day ahead inc hosp",2022-06-20,"quantile",0.1,0
2022-05-21,"55","30  day ahead inc hosp",2022-06-20,"quantile",0.15,12.4052508173162
2022-05-21,"55","30  day ahead inc hosp",2022-06-20,"quantile",0.2,32.0066355209844
2022-05-21,"55","30  day ahead inc hosp",2022-06-20,"quantile",0.25,48.8228782563433
2022-05-21,"55","30  day ahead inc hosp",2022-06-20,"quantile",0.3,63.9243839605265
2022-05-21,"55","30  day ahead inc hosp",2022-06-20,"quantile",0.35,77.918179569702
2022-05-21,"55","30  day ahead inc hosp",2022-06-20,"quantile",0.4,91.1969231465534
2022-05-21,"55","30  day ahead inc hosp",2022-06-20,"quantile",0.45,104.044261230804
2022-05-21,"55","30  day ahead inc hosp",2022-06-20,"quantile",0.5,116.687909623504
2022-05-21,"55","30  day ahead inc hosp",2022-06-20,"quantile",0.55,129.331558016204
2022-05-21,"55","30  day ahead inc hosp",2022-06-20,"quantile",0.6,142.178896100456
2022-05-21,"55","30  day ahead inc hosp",2022-06-20,"quantile",0.65,155.457639677307
2022-05-21,"55","30  day ahead inc hosp",2022-06-20,"quantile",0.7,169.451435286482
2022-05-21,"55","30  day ahead inc hosp",2022-06-20,"quantile",0.75,184.552940990666
2022-05-21,"55","30  day ahead inc hosp",2022-06-20,"quantile",0.8,201.369183726025
2022-05-21,"55","30  day ahead inc hosp",2022-06-20,"quantile",0.85,220.970568429693
2022-05-21,"55","30  day ahead inc hosp",2022-06-20,"quantile",0.9,245.633586216863
2022-05-21,"55","30  day ahead inc hosp",2022-06-20,"quantile",0.95,282.187893804137
2022-05-21,"55","30  day ahead inc hosp",2022-06-20,"quantile",0.975,313.89330414677
2022-05-21,"55","30  day ahead inc hosp",2022-06-20,"quantile",0.99,350.757695556965
2022-05-21,"55","31  day ahead inc hosp",2022-06-21,"quantile",0.01,0
2022-05-21,"55","31  day ahead inc hosp",2022-06-21,"quantile",0.025,0
2022-05-21,"55","31  day ahead inc hosp",2022-06-21,"quantile",0.05,0
2022-05-21,"55","31  day ahead inc hosp",2022-06-21,"quantile",0.1,0
2022-05-21,"55","31  day ahead inc hosp",2022-06-21,"quantile",0.15,11.384151310782
2022-05-21,"55","31  day ahead inc hosp",2022-06-21,"quantile",0.2,31.5042428021697
2022-05-21,"55","31  day ahead inc hosp",2022-06-21,"quantile",0.25,48.7654897748637
2022-05-21,"55","31  day ahead inc hosp",2022-06-21,"quantile",0.3,64.266623037608
2022-05-21,"55","31  day ahead inc hosp",2022-06-21,"quantile",0.35,78.6307331362022
2022-05-21,"55","31  day ahead inc hosp",2022-06-21,"quantile",0.4,92.260868950379
2022-05-21,"55","31  day ahead inc hosp",2022-06-21,"quantile",0.45,105.448183090872
2022-05-21,"55","31  day ahead inc hosp",2022-06-21,"quantile",0.5,118.426417347886
2022-05-21,"55","31  day ahead inc hosp",2022-06-21,"quantile",0.55,131.4046516049
2022-05-21,"55","31  day ahead inc hosp",2022-06-21,"quantile",0.6,144.591965745393
2022-05-21,"55","31  day ahead inc hosp",2022-06-21,"quantile",0.65,158.22210155957
2022-05-21,"55","31  day ahead inc hosp",2022-06-21,"quantile",0.7,172.586211658164
2022-05-21,"55","31  day ahead inc hosp",2022-06-21,"quantile",0.75,188.087344920908
2022-05-21,"55","31  day ahead inc hosp",2022-06-21,"quantile",0.8,205.348591893602
2022-05-21,"55","31  day ahead inc hosp",2022-06-21,"quantile",0.85,225.46868338499
2022-05-21,"55","31  day ahead inc hosp",2022-06-21,"quantile",0.9,250.784352753936
2022-05-21,"55","31  day ahead inc hosp",2022-06-21,"quantile",0.95,288.305988300564
2022-05-21,"55","31  day ahead inc hosp",2022-06-21,"quantile",0.975,320.850411386468
2022-05-21,"55","31  day ahead inc hosp",2022-06-21,"quantile",0.99,358.690336430573
2022-05-21,"55","32  day ahead inc hosp",2022-06-22,"quantile",0.01,0
2022-05-21,"55","32  day ahead inc hosp",2022-06-22,"quantile",0.025,0
2022-05-21,"55","32  day ahead inc hosp",2022-06-22,"quantile",0.05,0
2022-05-21,"55","32  day ahead inc hosp",2022-06-22,"quantile",0.1,0
2022-05-21,"55","32  day ahead inc hosp",2022-06-22,"quantile",0.15,12.3272230472382
2022-05-21,"55","32  day ahead inc hosp",2022-06-22,"quantile",0.2,32.9574978505675
2022-05-21,"55","32  day ahead inc hosp",2022-06-22,"quantile",0.25,50.6564366773241
2022-05-21,"55","32  day ahead inc hosp",2022-06-22,"quantile",0.3,66.5506307524519
2022-05-21,"55","32  day ahead inc hosp",2022-06-22,"quantile",0.35,81.2789702714905
2022-05-21,"55","32  day ahead inc hosp",2022-06-22,"quantile",0.4,95.2547241875963
2022-05-21,"55","32  day ahead inc hosp",2022-06-22,"quantile",0.45,108.776427841511
2022-05-21,"55","32  day ahead inc hosp",2022-06-22,"quantile",0.5,122.083749992546
2022-05-21,"55","32  day ahead inc hosp",2022-06-22,"quantile",0.55,135.39107214358
2022-05-21,"55","32  day ahead inc hosp",2022-06-22,"quantile",0.6,148.912775797495
2022-05-21,"55","32  day ahead inc hosp",2022-06-22,"quantile",0.65,162.888529713601
2022-05-21,"55","32  day ahead inc hosp",2022-06-22,"quantile",0.7,177.616869232639
2022-05-21,"55","32  day ahead inc hosp",2022-06-22,"quantile",0.75,193.511063307767
2022-05-21,"55","32  day ahead inc hosp",2022-06-22,"quantile",0.8,211.210002134524
2022-05-21,"55","32  day ahead inc hosp",2022-06-22,"quantile",0.85,231.840276937853
2022-05-21,"55","32  day ahead inc hosp",2022-06-22,"quantile",0.9,257.797873409774
2022-05-21,"55","32  day ahead inc hosp",2022-06-22,"quantile",0.95,296.270941622643
2022-05-21,"55","32  day ahead inc hosp",2022-06-22,"quantile",0.975,329.640590655572
2022-05-21,"55","32  day ahead inc hosp",2022-06-22,"quantile",0.99,368.440019203469
2022-05-21,"55","33  day ahead inc hosp",2022-06-23,"quantile",0.01,0
2022-05-21,"55","33  day ahead inc hosp",2022-06-23,"quantile",0.025,0
2022-05-21,"55","33  day ahead inc hosp",2022-06-23,"quantile",0.05,0
2022-05-21,"55","33  day ahead inc hosp",2022-06-23,"quantile",0.1,0
2022-05-21,"55","33  day ahead inc hosp",2022-06-23,"quantile",0.15,7.42538297899682
2022-05-21,"55","33  day ahead inc hosp",2022-06-23,"quantile",0.2,28.5568167852825
2022-05-21,"55","33  day ahead inc hosp",2022-06-23,"quantile",0.25,46.6857054125318
2022-05-21,"55","33  day ahead inc hosp",2022-06-23,"quantile",0.3,62.9660076966594
2022-05-21,"55","33  day ahead inc hosp",2022-06-23,"quantile",0.35,78.0521340129621
2022-05-21,"55","33  day ahead inc hosp",2022-06-23,"quantile",0.4,92.3673926116245
2022-05-21,"55","33  day ahead inc hosp",2022-06-23,"quantile",0.45,106.217570974968
2022-05-21,"55","33  day ahead inc hosp",2022-06-23,"quantile",0.5,119.848159993013
2022-05-21,"55","33  day ahead inc hosp",2022-06-23,"quantile",0.55,133.478749011058
2022-05-21,"55","33  day ahead inc hosp",2022-06-23,"quantile",0.6,147.328927374402
2022-05-21,"55","33  day ahead inc hosp",2022-06-23,"quantile",0.65,161.644185973064
2022-05-21,"55","33  day ahead inc hosp",2022-06-23,"quantile",0.7,176.730312289367
2022-05-21,"55","33  day ahead inc hosp",2022-06-23,"quantile",0.75,193.010614573494
2022-05-21,"55","33  day ahead inc hosp",2022-06-23,"quantile",0.8,211.139503200744
2022-05-21,"55","33  day ahead inc hosp",2022-06-23,"quantile",0.85,232.270937007029
2022-05-21,"55","33  day ahead inc hosp",2022-06-23,"quantile",0.9,258.859105940589
2022-05-21,"55","33  day ahead inc hosp",2022-06-23,"quantile",0.95,298.266777530778
2022-05-21,"55","33  day ahead inc hosp",2022-06-23,"quantile",0.975,332.447055612411
2022-05-21,"55","33  day ahead inc hosp",2022-06-23,"quantile",0.99,372.189015615256
2022-05-21,"55","34  day ahead inc hosp",2022-06-24,"quantile",0.01,0
2022-05-21,"55","34  day ahead inc hosp",2022-06-24,"quantile",0.025,0
2022-05-21,"55","34  day ahead inc hosp",2022-06-24,"quantile",0.05,0
2022-05-21,"55","34  day ahead inc hosp",2022-06-24,"quantile",0.1,0
2022-05-21,"55","34  day ahead inc hosp",2022-06-24,"quantile",0.15,7.4424464246194
2022-05-21,"55","34  day ahead inc hosp",2022-06-24,"quantile",0.2,29.0658243077211
2022-05-21,"55","34  day ahead inc hosp",2022-06-24,"quantile",0.25,47.6167571493473
2022-05-21,"55","34  day ahead inc hosp",2022-06-24,"quantile",0.3,64.2760681818101
2022-05-21,"55","34  day ahead inc hosp",2022-06-24,"quantile",0.35,79.7134025870404
2022-05-21,"55","34  day ahead inc hosp",2022-06-24,"quantile",0.4,94.361923317381
2022-05-21,"55","34  day ahead inc hosp",2022-06-24,"quantile",0.45,108.534536649935
2022-05-21,"55","34  day ahead inc hosp",2022-06-24,"quantile",0.5,122.48244855257
2022-05-21,"55","34  day ahead inc hosp",2022-06-24,"quantile",0.55,136.430360455205
2022-05-21,"55","34  day ahead inc hosp",2022-06-24,"quantile",0.6,150.602973787759
2022-05-21,"55","34  day ahead inc hosp",2022-06-24,"quantile",0.65,165.251494518099
2022-05-21,"55","34  day ahead inc hosp",2022-06-24,"quantile",0.7,180.68882892333
2022-05-21,"55","34  day ahead inc hosp",2022-06-24,"quantile",0.75,197.348139955793
2022-05-21,"55","34  day ahead inc hosp",2022-06-24,"quantile",0.8,215.899072797419
2022-05-21,"55","34  day ahead inc hosp",2022-06-24,"quantile",0.85,237.52245068052
2022-05-21,"55","34  day ahead inc hosp",2022-06-24,"quantile",0.9,264.729597594474
2022-05-21,"55","34  day ahead inc hosp",2022-06-24,"quantile",0.95,305.054687794191
2022-05-21,"55","34  day ahead inc hosp",2022-06-24,"quantile",0.975,340.030689701303
2022-05-21,"55","34  day ahead inc hosp",2022-06-24,"quantile",0.99,380.697850615912
2022-05-21,"55","35  day ahead inc hosp",2022-06-25,"quantile",0.01,0
2022-05-21,"55","35  day ahead inc hosp",2022-06-25,"quantile",0.025,0
2022-05-21,"55","35  day ahead inc hosp",2022-06-25,"quantile",0.05,0
2022-05-21,"55","35  day ahead inc hosp",2022-06-25,"quantile",0.1,0
2022-05-21,"55","35  day ahead inc hosp",2022-06-25,"quantile",0.15,1.27040467355424
2022-05-21,"55","35  day ahead inc hosp",2022-06-25,"quantile",0.2,23.376528912099
2022-05-21,"55","35  day ahead inc hosp",2022-06-25,"quantile",0.25,42.341615142145
2022-05-21,"55","35  day ahead inc hosp",2022-06-25,"quantile",0.3,59.3728487173572
2022-05-21,"55","35  day ahead inc hosp",2022-06-25,"quantile",0.35,75.1548247859839
2022-05-21,"55","35  day ahead inc hosp",2022-06-25,"quantile",0.4,90.130376752306
2022-05-21,"55","35  day ahead inc hosp",2022-06-25,"quantile",0.45,104.619396590374
2022-05-21,"55","35  day ahead inc hosp",2022-06-25,"quantile",0.5,118.878698492917
2022-05-21,"55","35  day ahead inc hosp",2022-06-25,"quantile",0.55,133.138000395461
2022-05-21,"55","35  day ahead inc hosp",2022-06-25,"quantile",0.6,147.627020233528
2022-05-21,"55","35  day ahead inc hosp",2022-06-25,"quantile",0.65,162.60257219985
2022-05-21,"55","35  day ahead inc hosp",2022-06-25,"quantile",0.7,178.384548268477
2022-05-21,"55","35  day ahead inc hosp",2022-06-25,"quantile",0.75,195.415781843689
2022-05-21,"55","35  day ahead inc hosp",2022-06-25,"quantile",0.8,214.380868073735
2022-05-21,"55","35  day ahead inc hosp",2022-06-25,"quantile",0.85,236.48699231228
2022-05-21,"55","35  day ahead inc hosp",2022-06-25,"quantile",0.9,264.30154437291
2022-05-21,"55","35  day ahead inc hosp",2022-06-25,"quantile",0.95,305.526900499258
2022-05-21,"55","35  day ahead inc hosp",2022-06-25,"quantile",0.975,341.283748837483
2022-05-21,"55","35  day ahead inc hosp",2022-06-25,"quantile",0.99,382.858812477738
2022-05-21,"55","36  day ahead inc hosp",2022-06-26,"quantile",0.01,0
2022-05-21,"55","36  day ahead inc hosp",2022-06-26,"quantile",0.025,0
2022-05-21,"55","36  day ahead inc hosp",2022-06-26,"quantile",0.05,0
2022-05-21,"55","36  day ahead inc hosp",2022-06-26,"quantile",0.1,0
2022-05-21,"55","36  day ahead inc hosp",2022-06-26,"quantile",0.15,4.51650616953518
2022-05-21,"55","36  day ahead inc hosp",2022-06-26,"quantile",0.2,27.096332048198
2022-05-21,"55","36  day ahead inc hosp",2022-06-26,"quantile",0.25,46.4678121062714
2022-05-21,"55","36  day ahead inc hosp",2022-06-26,"quantile",0.3,63.8639998991815
2022-05-21,"55","36  day ahead inc hosp",2022-06-26,"quantile",0.35,79.9841604395564
2022-05-21,"55","36  day ahead inc hosp",2022-06-26,"quantile",0.4,95.2806163984359
2022-05-21,"55","36  day ahead inc hosp",2022-06-26,"quantile",0.45,110.080114563094
2022-05-21,"55","36  day ahead inc hosp",2022-06-26,"quantile",0.5,124.644972275661
2022-05-21,"55","36  day ahead inc hosp",2022-06-26,"quantile",0.55,139.209829988227
2022-05-21,"55","36  day ahead inc hosp",2022-06-26,"quantile",0.6,154.009328152886
2022-05-21,"55","36  day ahead inc hosp",2022-06-26,"quantile",0.65,169.305784111765
2022-05-21,"55","36  day ahead inc hosp",2022-06-26,"quantile",0.7,185.42594465214
2022-05-21,"55","36  day ahead inc hosp",2022-06-26,"quantile",0.75,202.82213244505
2022-05-21,"55","36  day ahead inc hosp",2022-06-26,"quantile",0.8,222.193612503124
2022-05-21,"55","36  day ahead inc hosp",2022-06-26,"quantile",0.85,244.773438381786
2022-05-21,"55","36  day ahead inc hosp",2022-06-26,"quantile",0.9,273.18401527192
2022-05-21,"55","36  day ahead inc hosp",2022-06-26,"quantile",0.95,315.292769980524
2022-05-21,"55","36  day ahead inc hosp",2022-06-26,"quantile",0.975,351.815834844111
2022-05-21,"55","36  day ahead inc hosp",2022-06-26,"quantile",0.99,394.281790782893
2022-05-21,"55","37  day ahead inc hosp",2022-06-27,"quantile",0.01,0
2022-05-21,"55","37  day ahead inc hosp",2022-06-27,"quantile",0.025,0
2022-05-21,"55","37  day ahead inc hosp",2022-06-27,"quantile",0.05,0
2022-05-21,"55","37  day ahead inc hosp",2022-06-27,"quantile",0.1,0
2022-05-21,"55","37  day ahead inc hosp",2022-06-27,"quantile",0.15,5.65428548912547
2022-05-21,"55","37  day ahead inc hosp",2022-06-27,"quantile",0.2,28.6990068688145
2022-05-21,"55","37  day ahead inc hosp",2022-06-27,"quantile",0.25,48.4693258716881
2022-05-21,"55","37  day ahead inc hosp",2022-06-27,"quantile",0.3,66.2236833636646
2022-05-21,"55","37  day ahead inc hosp",2022-06-27,"quantile",0.35,82.6757415081802
2022-05-21,"55","37  day ahead inc hosp",2022-06-27,"quantile",0.4,98.2871358370517
2022-05-21,"55","37  day ahead inc hosp",2022-06-27,"quantile",0.45,113.39134051943
2022-05-21,"55","37  day ahead inc hosp",2022-06-27,"quantile",0.5,128.256073742996
2022-05-21,"55","37  day ahead inc hosp",2022-06-27,"quantile",0.55,143.120806966563
2022-05-21,"55","37  day ahead inc hosp",2022-06-27,"quantile",0.6,158.22501164894
2022-05-21,"55","37  day ahead inc hosp",2022-06-27,"quantile",0.65,173.836405977812
2022-05-21,"55","37  day ahead inc hosp",2022-06-27,"quantile",0.7,190.288464122327
2022-05-21,"55","37  day ahead inc hosp",2022-06-27,"quantile",0.75,208.042821614304
2022-05-21,"55","37  day ahead inc hosp",2022-06-27,"quantile",0.8,227.813140617178
2022-05-21,"55","37  day ahead inc hosp",2022-06-27,"quantile",0.85,250.857861996867
2022-05-21,"55","37  day ahead inc hosp",2022-06-27,"quantile",0.9,279.853383582711
2022-05-21,"55","37  day ahead inc hosp",2022-06-27,"quantile",0.95,322.829114446181
2022-05-21,"55","37  day ahead inc hosp",2022-06-27,"quantile",0.975,360.104151828512
2022-05-21,"55","37  day ahead inc hosp",2022-06-27,"quantile",0.99,403.444438329842
2022-05-21,"56","1  day ahead inc hosp",2022-05-22,"quantile",0.01,0
2022-05-21,"56","1  day ahead inc hosp",2022-05-22,"quantile",0.025,0
2022-05-21,"56","1  day ahead inc hosp",2022-05-22,"quantile",0.05,0
2022-05-21,"56","1  day ahead inc hosp",2022-05-22,"quantile",0.1,0
2022-05-21,"56","1  day ahead inc hosp",2022-05-22,"quantile",0.15,0
2022-05-21,"56","1  day ahead inc hosp",2022-05-22,"quantile",0.2,0.0904767569431435
2022-05-21,"56","1  day ahead inc hosp",2022-05-22,"quantile",0.25,0.885904100222464
2022-05-21,"56","1  day ahead inc hosp",2022-05-22,"quantile",0.3,1.60022243820283
2022-05-21,"56","1  day ahead inc hosp",2022-05-22,"quantile",0.35,2.26214483305477
2022-05-21,"56","1  day ahead inc hosp",2022-05-22,"quantile",0.4,2.89024445623713
2022-05-21,"56","1  day ahead inc hosp",2022-05-22,"quantile",0.45,3.4979381106038
2022-05-21,"56","1  day ahead inc hosp",2022-05-22,"quantile",0.5,4.09599701166952
2022-05-21,"56","1  day ahead inc hosp",2022-05-22,"quantile",0.55,4.69405591273524
2022-05-21,"56","1  day ahead inc hosp",2022-05-22,"quantile",0.6,5.30174956710191
2022-05-21,"56","1  day ahead inc hosp",2022-05-22,"quantile",0.65,5.92984919028428
2022-05-21,"56","1  day ahead inc hosp",2022-05-22,"quantile",0.7,6.59177158513621
2022-05-21,"56","1  day ahead inc hosp",2022-05-22,"quantile",0.75,7.30608992311658
2022-05-21,"56","1  day ahead inc hosp",2022-05-22,"quantile",0.8,8.1015172663959
2022-05-21,"56","1  day ahead inc hosp",2022-05-22,"quantile",0.85,9.02868498184823
2022-05-21,"56","1  day ahead inc hosp",2022-05-22,"quantile",0.9,10.1952736797177
2022-05-21,"56","1  day ahead inc hosp",2022-05-22,"quantile",0.95,11.924333864394
2022-05-21,"56","1  day ahead inc hosp",2022-05-22,"quantile",0.975,13.4240357129759
2022-05-21,"56","1  day ahead inc hosp",2022-05-22,"quantile",0.99,15.1677632139691
2022-05-21,"56","2  day ahead inc hosp",2022-05-23,"quantile",0.01,0
2022-05-21,"56","2  day ahead inc hosp",2022-05-23,"quantile",0.025,0
2022-05-21,"56","2  day ahead inc hosp",2022-05-23,"quantile",0.05,0
2022-05-21,"56","2  day ahead inc hosp",2022-05-23,"quantile",0.1,0
2022-05-21,"56","2  day ahead inc hosp",2022-05-23,"quantile",0.15,0
2022-05-21,"56","2  day ahead inc hosp",2022-05-23,"quantile",0.2,0
2022-05-21,"56","2  day ahead inc hosp",2022-05-23,"quantile",0.25,0.695613602231141
2022-05-21,"56","2  day ahead inc hosp",2022-05-23,"quantile",0.3,1.46528882456692
2022-05-21,"56","2  day ahead inc hosp",2022-05-23,"quantile",0.35,2.1785076225991
2022-05-21,"56","2  day ahead inc hosp",2022-05-23,"quantile",0.4,2.85528251611332
2022-05-21,"56","2  day ahead inc hosp",2022-05-23,"quantile",0.45,3.51007005784036
2022-05-21,"56","2  day ahead inc hosp",2022-05-23,"quantile",0.5,4.15447619047461
2022-05-21,"56","2  day ahead inc hosp",2022-05-23,"quantile",0.55,4.79888232310887
2022-05-21,"56","2  day ahead inc hosp",2022-05-23,"quantile",0.6,5.4536698648359
2022-05-21,"56","2  day ahead inc hosp",2022-05-23,"quantile",0.65,6.13044475835012
2022-05-21,"56","2  day ahead inc hosp",2022-05-23,"quantile",0.7,6.8436635563823
2022-05-21,"56","2  day ahead inc hosp",2022-05-23,"quantile",0.75,7.61333877871808
2022-05-21,"56","2  day ahead inc hosp",2022-05-23,"quantile",0.8,8.47040863782522
2022-05-21,"56","2  day ahead inc hosp",2022-05-23,"quantile",0.85,9.46942823397753
2022-05-21,"56","2  day ahead inc hosp",2022-05-23,"quantile",0.9,10.7264230046085
2022-05-21,"56","2  day ahead inc hosp",2022-05-23,"quantile",0.95,12.5894786078502
2022-05-21,"56","2  day ahead inc hosp",2022-05-23,"quantile",0.975,14.2054014987679
2022-05-21,"56","2  day ahead inc hosp",2022-05-23,"quantile",0.99,16.084261078118
2022-05-21,"56","3  day ahead inc hosp",2022-05-24,"quantile",0.01,0
2022-05-21,"56","3  day ahead inc hosp",2022-05-24,"quantile",0.025,0
2022-05-21,"56","3  day ahead inc hosp",2022-05-24,"quantile",0.05,0
2022-05-21,"56","3  day ahead inc hosp",2022-05-24,"quantile",0.1,0
2022-05-21,"56","3  day ahead inc hosp",2022-05-24,"quantile",0.15,0
2022-05-21,"56","3  day ahead inc hosp",2022-05-24,"quantile",0.2,0
2022-05-21,"56","3  day ahead inc hosp",2022-05-24,"quantile",0.25,0.487642884735155
2022-05-21,"56","3  day ahead inc hosp",2022-05-24,"quantile",0.3,1.28540814470598
2022-05-21,"56","3  day ahead inc hosp",2022-05-24,"quantile",0.35,2.02465654885948
2022-05-21,"56","3  day ahead inc hosp",2022-05-24,"quantile",0.4,2.7261309931421
2022-05-21,"56","3  day ahead inc hosp",2022-05-24,"quantile",0.45,3.40481563608313
2022-05-21,"56","3  day ahead inc hosp",2022-05-24,"quantile",0.5,4.07273999042006
2022-05-21,"56","3  day ahead inc hosp",2022-05-24,"quantile",0.55,4.74066434475699
2022-05-21,"56","3  day ahead inc hosp",2022-05-24,"quantile",0.6,5.41934898769803
2022-05-21,"56","3  day ahead inc hosp",2022-05-24,"quantile",0.65,6.12082343198065
2022-05-21,"56","3  day ahead inc hosp",2022-05-24,"quantile",0.7,6.86007183613415
2022-05-21,"56","3  day ahead inc hosp",2022-05-24,"quantile",0.75,7.65783709610497
2022-05-21,"56","3  day ahead inc hosp",2022-05-24,"quantile",0.8,8.54618654418616
2022-05-21,"56","3  day ahead inc hosp",2022-05-24,"quantile",0.85,9.5816663215158
2022-05-21,"56","3  day ahead inc hosp",2022-05-24,"quantile",0.9,10.8845363254781
2022-05-21,"56","3  day ahead inc hosp",2022-05-24,"quantile",0.95,12.8155859351431
2022-05-21,"56","3  day ahead inc hosp",2022-05-24,"quantile",0.975,14.4904834864161
2022-05-21,"56","3  day ahead inc hosp",2022-05-24,"quantile",0.99,16.4379138535002
2022-05-21,"56","4  day ahead inc hosp",2022-05-25,"quantile",0.01,0
2022-05-21,"56","4  day ahead inc hosp",2022-05-25,"quantile",0.025,0
2022-05-21,"56","4  day ahead inc hosp",2022-05-25,"quantile",0.05,0
2022-05-21,"56","4  day ahead inc hosp",2022-05-25,"quantile",0.1,0
2022-05-21,"56","4  day ahead inc hosp",2022-05-25,"quantile",0.15,0
2022-05-21,"56","4  day ahead inc hosp",2022-05-25,"quantile",0.2,0
2022-05-21,"56","4  day ahead inc hosp",2022-05-25,"quantile",0.25,0.355662834541731
2022-05-21,"56","4  day ahead inc hosp",2022-05-25,"quantile",0.3,1.17571984978259
2022-05-21,"56","4  day ahead inc hosp",2022-05-25,"quantile",0.35,1.93562488732942
2022-05-21,"56","4  day ahead inc hosp",2022-05-25,"quantile",0.4,2.65670045668573
2022-05-21,"56","4  day ahead inc hosp",2022-05-25,"quantile",0.45,3.35434941497753
2022-05-21,"56","4  day ahead inc hosp",2022-05-25,"quantile",0.5,4.04093741261013
2022-05-21,"56","4  day ahead inc hosp",2022-05-25,"quantile",0.55,4.72752541024273
2022-05-21,"56","4  day ahead inc hosp",2022-05-25,"quantile",0.6,5.42517436853454
2022-05-21,"56","4  day ahead inc hosp",2022-05-25,"quantile",0.65,6.14624993789084
2022-05-21,"56","4  day ahead inc hosp",2022-05-25,"quantile",0.7,6.90615497543768
2022-05-21,"56","4  day ahead inc hosp",2022-05-25,"quantile",0.75,7.72621199067853
2022-05-21,"56","4  day ahead inc hosp",2022-05-25,"quantile",0.8,8.63938436535798
2022-05-21,"56","4  day ahead inc hosp",2022-05-25,"quantile",0.85,9.70379829530308
2022-05-21,"56","4  day ahead inc hosp",2022-05-25,"quantile",0.9,11.0430740701535
2022-05-21,"56","4  day ahead inc hosp",2022-05-25,"quantile",0.95,13.0280825164248
2022-05-21,"56","4  day ahead inc hosp",2022-05-25,"quantile",0.975,14.7497813113577
2022-05-21,"56","4  day ahead inc hosp",2022-05-25,"quantile",0.99,16.7516282384586
2022-05-21,"56","5  day ahead inc hosp",2022-05-26,"quantile",0.01,0
2022-05-21,"56","5  day ahead inc hosp",2022-05-26,"quantile",0.025,0
2022-05-21,"56","5  day ahead inc hosp",2022-05-26,"quantile",0.05,0
2022-05-21,"56","5  day ahead inc hosp",2022-05-26,"quantile",0.1,0
2022-05-21,"56","5  day ahead inc hosp",2022-05-26,"quantile",0.15,0
2022-05-21,"56","5  day ahead inc hosp",2022-05-26,"quantile",0.2,0
2022-05-21,"56","5  day ahead inc hosp",2022-05-26,"quantile",0.25,0.178838135872227
2022-05-21,"56","5  day ahead inc hosp",2022-05-26,"quantile",0.3,1.04251368952297
2022-05-21,"56","5  day ahead inc hosp",2022-05-26,"quantile",0.35,1.84283780336827
2022-05-21,"56","5  day ahead inc hosp",2022-05-26,"quantile",0.4,2.60226712354173
2022-05-21,"56","5  day ahead inc hosp",2022-05-26,"quantile",0.45,3.33702377961347
2022-05-21,"56","5  day ahead inc hosp",2022-05-26,"quantile",0.5,4.06013114649713
2022-05-21,"56","5  day ahead inc hosp",2022-05-26,"quantile",0.55,4.7832385133808
2022-05-21,"56","5  day ahead inc hosp",2022-05-26,"quantile",0.6,5.51799516945254
2022-05-21,"56","5  day ahead inc hosp",2022-05-26,"quantile",0.65,6.277424489626
2022-05-21,"56","5  day ahead inc hosp",2022-05-26,"quantile",0.7,7.07774860347129
2022-05-21,"56","5  day ahead inc hosp",2022-05-26,"quantile",0.75,7.94142415712204
2022-05-21,"56","5  day ahead inc hosp",2022-05-26,"quantile",0.8,8.90316784277077
2022-05-21,"56","5  day ahead inc hosp",2022-05-26,"quantile",0.85,10.0241975677453
2022-05-21,"56","5  day ahead inc hosp",2022-05-26,"quantile",0.9,11.4347089405372
2022-05-21,"56","5  day ahead inc hosp",2022-05-26,"quantile",0.95,13.5252992738583
2022-05-21,"56","5  day ahead inc hosp",2022-05-26,"quantile",0.975,15.3385746099602
2022-05-21,"56","5  day ahead inc hosp",2022-05-26,"quantile",0.99,17.4468990568648
2022-05-21,"56","6  day ahead inc hosp",2022-05-27,"quantile",0.01,0
2022-05-21,"56","6  day ahead inc hosp",2022-05-27,"quantile",0.025,0
2022-05-21,"56","6  day ahead inc hosp",2022-05-27,"quantile",0.05,0
2022-05-21,"56","6  day ahead inc hosp",2022-05-27,"quantile",0.1,0
2022-05-21,"56","6  day ahead inc hosp",2022-05-27,"quantile",0.15,0
2022-05-21,"56","6  day ahead inc hosp",2022-05-27,"quantile",0.2,0
2022-05-21,"56","6  day ahead inc hosp",2022-05-27,"quantile",0.25,0.0467346311505485
2022-05-21,"56","6  day ahead inc hosp",2022-05-27,"quantile",0.3,0.940032981018716
2022-05-21,"56","6  day ahead inc hosp",2022-05-27,"quantile",0.35,1.7678070302386
2022-05-21,"56","6  day ahead inc hosp",2022-05-27,"quantile",0.4,2.55328365474751
2022-05-21,"56","6  day ahead inc hosp",2022-05-27,"quantile",0.45,3.3132413792068
2022-05-21,"56","6  day ahead inc hosp",2022-05-27,"quantile",0.5,4.06115026105979
2022-05-21,"56","6  day ahead inc hosp",2022-05-27,"quantile",0.55,4.80905914291278
2022-05-21,"56","6  day ahead inc hosp",2022-05-27,"quantile",0.6,5.56901686737207
2022-05-21,"56","6  day ahead inc hosp",2022-05-27,"quantile",0.65,6.35449349188098
2022-05-21,"56","6  day ahead inc hosp",2022-05-27,"quantile",0.7,7.18226754110086
2022-05-21,"56","6  day ahead inc hosp",2022-05-27,"quantile",0.75,8.07556589096903
2022-05-21,"56","6  day ahead inc hosp",2022-05-27,"quantile",0.8,9.07029596495878
2022-05-21,"56","6  day ahead inc hosp",2022-05-27,"quantile",0.85,10.2297753542271
2022-05-21,"56","6  day ahead inc hosp",2022-05-27,"quantile",0.9,11.6886651843945
2022-05-21,"56","6  day ahead inc hosp",2022-05-27,"quantile",0.95,13.8509596792567
2022-05-21,"56","6  day ahead inc hosp",2022-05-27,"quantile",0.975,15.7264276819686
2022-05-21,"56","6  day ahead inc hosp",2022-05-27,"quantile",0.99,17.9070645443247
2022-05-21,"56","7  day ahead inc hosp",2022-05-28,"quantile",0.01,0
2022-05-21,"56","7  day ahead inc hosp",2022-05-28,"quantile",0.025,0
2022-05-21,"56","7  day ahead inc hosp",2022-05-28,"quantile",0.05,0
2022-05-21,"56","7  day ahead inc hosp",2022-05-28,"quantile",0.1,0
2022-05-21,"56","7  day ahead inc hosp",2022-05-28,"quantile",0.15,0
2022-05-21,"56","7  day ahead inc hosp",2022-05-28,"quantile",0.2,0
2022-05-21,"56","7  day ahead inc hosp",2022-05-28,"quantile",0.25,0
2022-05-21,"56","7  day ahead inc hosp",2022-05-28,"quantile",0.3,0.818411443933047
2022-05-21,"56","7  day ahead inc hosp",2022-05-28,"quantile",0.35,1.67910891712356
2022-05-21,"56","7  day ahead inc hosp",2022-05-28,"quantile",0.4,2.49582665139194
2022-05-21,"56","7  day ahead inc hosp",2022-05-28,"quantile",0.45,3.28601051109393
2022-05-21,"56","7  day ahead inc hosp",2022-05-28,"quantile",0.5,4.06366630423491
2022-05-21,"56","7  day ahead inc hosp",2022-05-28,"quantile",0.55,4.84132209737589
2022-05-21,"56","7  day ahead inc hosp",2022-05-28,"quantile",0.6,5.63150595707789
2022-05-21,"56","7  day ahead inc hosp",2022-05-28,"quantile",0.65,6.44822369134627
2022-05-21,"56","7  day ahead inc hosp",2022-05-28,"quantile",0.7,7.30892116453678
2022-05-21,"56","7  day ahead inc hosp",2022-05-28,"quantile",0.75,8.23774906541308
2022-05-21,"56","7  day ahead inc hosp",2022-05-28,"quantile",0.8,9.27204297930957
2022-05-21,"56","7  day ahead inc hosp",2022-05-28,"quantile",0.85,10.4776388559865
2022-05-21,"56","7  day ahead inc hosp",2022-05-28,"quantile",0.9,11.9945537576699
2022-05-21,"56","7  day ahead inc hosp",2022-05-28,"quantile",0.95,14.2428501493913
2022-05-21,"56","7  day ahead inc hosp",2022-05-28,"quantile",0.975,16.1929119718235
2022-05-21,"56","7  day ahead inc hosp",2022-05-28,"quantile",0.99,18.4602802701468
2022-05-21,"56","8  day ahead inc hosp",2022-05-29,"quantile",0.01,0
2022-05-21,"56","8  day ahead inc hosp",2022-05-29,"quantile",0.025,0
2022-05-21,"56","8  day ahead inc hosp",2022-05-29,"quantile",0.05,0
2022-05-21,"56","8  day ahead inc hosp",2022-05-29,"quantile",0.1,0
2022-05-21,"56","8  day ahead inc hosp",2022-05-29,"quantile",0.15,0
2022-05-21,"56","8  day ahead inc hosp",2022-05-29,"quantile",0.2,0
2022-05-21,"56","8  day ahead inc hosp",2022-05-29,"quantile",0.25,0
2022-05-21,"56","8  day ahead inc hosp",2022-05-29,"quantile",0.3,0.956043827433446
2022-05-21,"56","8  day ahead inc hosp",2022-05-29,"quantile",0.35,1.84225567804647
2022-05-21,"56","8  day ahead inc hosp",2022-05-29,"quantile",0.4,2.68318406143241
2022-05-21,"56","8  day ahead inc hosp",2022-05-29,"quantile",0.45,3.49679200434321
2022-05-21,"56","8  day ahead inc hosp",2022-05-29,"quantile",0.5,4.29750050070342
2022-05-21,"56","8  day ahead inc hosp",2022-05-29,"quantile",0.55,5.09820899706364
2022-05-21,"56","8  day ahead inc hosp",2022-05-29,"quantile",0.6,5.91181693997443
2022-05-21,"56","8  day ahead inc hosp",2022-05-29,"quantile",0.65,6.75274532336037
2022-05-21,"56","8  day ahead inc hosp",2022-05-29,"quantile",0.7,7.6389571739734
2022-05-21,"56","8  day ahead inc hosp",2022-05-29,"quantile",0.75,8.59531909970942
2022-05-21,"56","8  day ahead inc hosp",2022-05-29,"quantile",0.8,9.66027345598776
2022-05-21,"56","8  day ahead inc hosp",2022-05-29,"quantile",0.85,10.9016078228715
2022-05-21,"56","8  day ahead inc hosp",2022-05-29,"quantile",0.9,12.4634899058525
2022-05-21,"56","8  day ahead inc hosp",2022-05-29,"quantile",0.95,14.7784344340944
2022-05-21,"56","8  day ahead inc hosp",2022-05-29,"quantile",0.975,16.7863035754563
2022-05-21,"56","8  day ahead inc hosp",2022-05-29,"quantile",0.99,19.1208853748311
2022-05-21,"56","9  day ahead inc hosp",2022-05-30,"quantile",0.01,0
2022-05-21,"56","9  day ahead inc hosp",2022-05-30,"quantile",0.025,0
2022-05-21,"56","9  day ahead inc hosp",2022-05-30,"quantile",0.05,0
2022-05-21,"56","9  day ahead inc hosp",2022-05-30,"quantile",0.1,0
2022-05-21,"56","9  day ahead inc hosp",2022-05-30,"quantile",0.15,0
2022-05-21,"56","9  day ahead inc hosp",2022-05-30,"quantile",0.2,0
2022-05-21,"56","9  day ahead inc hosp",2022-05-30,"quantile",0.25,0
2022-05-21,"56","9  day ahead inc hosp",2022-05-30,"quantile",0.3,0.846279579997441
2022-05-21,"56","9  day ahead inc hosp",2022-05-30,"quantile",0.35,1.7623439973206
2022-05-21,"56","9  day ahead inc hosp",2022-05-30,"quantile",0.4,2.63159954722558
2022-05-21,"56","9  day ahead inc hosp",2022-05-30,"quantile",0.45,3.47261435157118
2022-05-21,"56","9  day ahead inc hosp",2022-05-30,"quantile",0.5,4.30029518393258
2022-05-21,"56","9  day ahead inc hosp",2022-05-30,"quantile",0.55,5.12797601629397
2022-05-21,"56","9  day ahead inc hosp",2022-05-30,"quantile",0.6,5.96899082063957
2022-05-21,"56","9  day ahead inc hosp",2022-05-30,"quantile",0.65,6.83824637054455
2022-05-21,"56","9  day ahead inc hosp",2022-05-30,"quantile",0.7,7.75431078786771
2022-05-21,"56","9  day ahead inc hosp",2022-05-30,"quantile",0.75,8.74288832679747
2022-05-21,"56","9  day ahead inc hosp",2022-05-30,"quantile",0.8,9.84371629607485
2022-05-21,"56","9  day ahead inc hosp",2022-05-30,"quantile",0.85,11.1268657402127
2022-05-21,"56","9  day ahead inc hosp",2022-05-30,"quantile",0.9,12.7413607385405
2022-05-21,"56","9  day ahead inc hosp",2022-05-30,"quantile",0.95,15.1342855329137
2022-05-21,"56","9  day ahead inc hosp",2022-05-30,"quantile",0.975,17.2097909256373
2022-05-21,"56","9  day ahead inc hosp",2022-05-30,"quantile",0.99,19.6230144841557
2022-05-21,"56","10  day ahead inc hosp",2022-05-31,"quantile",0.01,0
2022-05-21,"56","10  day ahead inc hosp",2022-05-31,"quantile",0.025,0
2022-05-21,"56","10  day ahead inc hosp",2022-05-31,"quantile",0.05,0
2022-05-21,"56","10  day ahead inc hosp",2022-05-31,"quantile",0.1,0
2022-05-21,"56","10  day ahead inc hosp",2022-05-31,"quantile",0.15,0
2022-05-21,"56","10  day ahead inc hosp",2022-05-31,"quantile",0.2,0
2022-05-21,"56","10  day ahead inc hosp",2022-05-31,"quantile",0.25,0
2022-05-21,"56","10  day ahead inc hosp",2022-05-31,"quantile",0.3,0.749640981223251
2022-05-21,"56","10  day ahead inc hosp",2022-05-31,"quantile",0.35,1.69082034153963
2022-05-21,"56","10  day ahead inc hosp",2022-05-31,"quantile",0.4,2.58390751634956
2022-05-21,"56","10  day ahead inc hosp",2022-05-31,"quantile",0.45,3.44797969359183
2022-05-21,"56","10  day ahead inc hosp",2022-05-31,"quantile",0.5,4.29835233291379
2022-05-21,"56","10  day ahead inc hosp",2022-05-31,"quantile",0.55,5.14872497223575
2022-05-21,"56","10  day ahead inc hosp",2022-05-31,"quantile",0.6,6.01279714947802
2022-05-21,"56","10  day ahead inc hosp",2022-05-31,"quantile",0.65,6.90588432428795
2022-05-21,"56","10  day ahead inc hosp",2022-05-31,"quantile",0.7,7.84706368460433
2022-05-21,"56","10  day ahead inc hosp",2022-05-31,"quantile",0.75,8.8627441958416
2022-05-21,"56","10  day ahead inc hosp",2022-05-31,"quantile",0.8,9.99375261004285
2022-05-21,"56","10  day ahead inc hosp",2022-05-31,"quantile",0.85,11.3120810487273
2022-05-21,"56","10  day ahead inc hosp",2022-05-31,"quantile",0.9,12.9708392550555
2022-05-21,"56","10  day ahead inc hosp",2022-05-31,"quantile",0.95,15.4293687914767
2022-05-21,"56","10  day ahead inc hosp",2022-05-31,"quantile",0.975,17.5617765140307
2022-05-21,"56","10  day ahead inc hosp",2022-05-31,"quantile",0.99,20.0411613281944
2022-05-21,"56","11  day ahead inc hosp",2022-06-01,"quantile",0.01,0
2022-05-21,"56","11  day ahead inc hosp",2022-06-01,"quantile",0.025,0
2022-05-21,"56","11  day ahead inc hosp",2022-06-01,"quantile",0.05,0
2022-05-21,"56","11  day ahead inc hosp",2022-06-01,"quantile",0.1,0
2022-05-21,"56","11  day ahead inc hosp",2022-06-01,"quantile",0.15,0
2022-05-21,"56","11  day ahead inc hosp",2022-06-01,"quantile",0.2,0
2022-05-21,"56","11  day ahead inc hosp",2022-06-01,"quantile",0.25,0
2022-05-21,"56","11  day ahead inc hosp",2022-06-01,"quantile",0.3,0.647936167382898
2022-05-21,"56","11  day ahead inc hosp",2022-06-01,"quantile",0.35,1.61656335761347
2022-05-21,"56","11  day ahead inc hosp",2022-06-01,"quantile",0.4,2.53569583888283
2022-05-21,"56","11  day ahead inc hosp",2022-06-01,"quantile",0.45,3.42496715154449
2022-05-21,"56","11  day ahead inc hosp",2022-06-01,"quantile",0.5,4.30013940351408
2022-05-21,"56","11  day ahead inc hosp",2022-06-01,"quantile",0.55,5.17531165548367
2022-05-21,"56","11  day ahead inc hosp",2022-06-01,"quantile",0.6,6.06458296814533
2022-05-21,"56","11  day ahead inc hosp",2022-06-01,"quantile",0.65,6.98371544941469
2022-05-21,"56","11  day ahead inc hosp",2022-06-01,"quantile",0.7,7.95234263964526
2022-05-21,"56","11  day ahead inc hosp",2022-06-01,"quantile",0.75,8.99764367497714
2022-05-21,"56","11  day ahead inc hosp",2022-06-01,"quantile",0.8,10.1616359474029
2022-05-21,"56","11  day ahead inc hosp",2022-06-01,"quantile",0.85,11.5184111012213
2022-05-21,"56","11  day ahead inc hosp",2022-06-01,"quantile",0.9,13.2255440542087
2022-05-21,"56","11  day ahead inc hosp",2022-06-01,"quantile",0.95,15.7557722523303
2022-05-21,"56","11  day ahead inc hosp",2022-06-01,"quantile",0.975,17.9503678712026
2022-05-21,"56","11  day ahead inc hosp",2022-06-01,"quantile",0.99,20.5020595543228
2022-05-21,"56","12  day ahead inc hosp",2022-06-02,"quantile",0.01,0
2022-05-21,"56","12  day ahead inc hosp",2022-06-02,"quantile",0.025,0
2022-05-21,"56","12  day ahead inc hosp",2022-06-02,"quantile",0.05,0
2022-05-21,"56","12  day ahead inc hosp",2022-06-02,"quantile",0.1,0
2022-05-21,"56","12  day ahead inc hosp",2022-06-02,"quantile",0.15,0
2022-05-21,"56","12  day ahead inc hosp",2022-06-02,"quantile",0.2,0
2022-05-21,"56","12  day ahead inc hosp",2022-06-02,"quantile",0.25,0
2022-05-21,"56","12  day ahead inc hosp",2022-06-02,"quantile",0.3,0.554910892096069
2022-05-21,"56","12  day ahead inc hosp",2022-06-02,"quantile",0.35,1.5478161166013
2022-05-21,"56","12  day ahead inc hosp",2022-06-02,"quantile",0.4,2.48998607824315
2022-05-21,"56","12  day ahead inc hosp",2022-06-02,"quantile",0.45,3.40154641977579
2022-05-21,"56","12  day ahead inc hosp",2022-06-02,"quantile",0.5,4.29865431648449
2022-05-21,"56","12  day ahead inc hosp",2022-06-02,"quantile",0.55,5.19576221319319
2022-05-21,"56","12  day ahead inc hosp",2022-06-02,"quantile",0.6,6.10732255472583
2022-05-21,"56","12  day ahead inc hosp",2022-06-02,"quantile",0.65,7.04949251636769
2022-05-21,"56","12  day ahead inc hosp",2022-06-02,"quantile",0.7,8.04239774087291
2022-05-21,"56","12  day ahead inc hosp",2022-06-02,"quantile",0.75,9.11389859241796
2022-05-21,"56","12  day ahead inc hosp",2022-06-02,"quantile",0.8,10.3070656026277
2022-05-21,"56","12  day ahead inc hosp",2022-06-02,"quantile",0.85,11.6978474764924
2022-05-21,"56","12  day ahead inc hosp",2022-06-02,"quantile",0.9,13.4477686484788
2022-05-21,"56","12  day ahead inc hosp",2022-06-02,"quantile",0.95,16.0414154327564
2022-05-21,"56","12  day ahead inc hosp",2022-06-02,"quantile",0.975,18.291017217253
2022-05-21,"56","12  day ahead inc hosp",2022-06-02,"quantile",0.99,20.9066654553471
2022-05-21,"56","13  day ahead inc hosp",2022-06-03,"quantile",0.01,0
2022-05-21,"56","13  day ahead inc hosp",2022-06-03,"quantile",0.025,0
2022-05-21,"56","13  day ahead inc hosp",2022-06-03,"quantile",0.05,0
2022-05-21,"56","13  day ahead inc hosp",2022-06-03,"quantile",0.1,0
2022-05-21,"56","13  day ahead inc hosp",2022-06-03,"quantile",0.15,0
2022-05-21,"56","13  day ahead inc hosp",2022-06-03,"quantile",0.2,0
2022-05-21,"56","13  day ahead inc hosp",2022-06-03,"quantile",0.25,0
2022-05-21,"56","13  day ahead inc hosp",2022-06-03,"quantile",0.3,0.459543273143653
2022-05-21,"56","13  day ahead inc hosp",2022-06-03,"quantile",0.35,1.47805105673281
2022-05-21,"56","13  day ahead inc hosp",2022-06-03,"quantile",0.4,2.4445153432656
2022-05-21,"56","13  day ahead inc hosp",2022-06-03,"quantile",0.45,3.37958072528614
2022-05-21,"56","13  day ahead inc hosp",2022-06-03,"quantile",0.5,4.29982099894612
2022-05-21,"56","13  day ahead inc hosp",2022-06-03,"quantile",0.55,5.2200612726061
2022-05-21,"56","13  day ahead inc hosp",2022-06-03,"quantile",0.6,6.15512665462664
2022-05-21,"56","13  day ahead inc hosp",2022-06-03,"quantile",0.65,7.12159094115943
2022-05-21,"56","13  day ahead inc hosp",2022-06-03,"quantile",0.7,8.14009872474859
2022-05-21,"56","13  day ahead inc hosp",2022-06-03,"quantile",0.75,9.2392287630308
2022-05-21,"56","13  day ahead inc hosp",2022-06-03,"quantile",0.8,10.4631621828856
2022-05-21,"56","13  day ahead inc hosp",2022-06-03,"quantile",0.85,11.8898060647443
2022-05-21,"56","13  day ahead inc hosp",2022-06-03,"quantile",0.9,13.6848498316091
2022-05-21,"56","13  day ahead inc hosp",2022-06-03,"quantile",0.95,16.3453750987453
2022-05-21,"56","13  day ahead inc hosp",2022-06-03,"quantile",0.975,18.6529839932675
2022-05-21,"56","13  day ahead inc hosp",2022-06-03,"quantile",0.99,21.336078032739
2022-05-21,"56","14  day ahead inc hosp",2022-06-04,"quantile",0.01,0
2022-05-21,"56","14  day ahead inc hosp",2022-06-04,"quantile",0.025,0
2022-05-21,"56","14  day ahead inc hosp",2022-06-04,"quantile",0.05,0
2022-05-21,"56","14  day ahead inc hosp",2022-06-04,"quantile",0.1,0
2022-05-21,"56","14  day ahead inc hosp",2022-06-04,"quantile",0.15,0
2022-05-21,"56","14  day ahead inc hosp",2022-06-04,"quantile",0.2,0
2022-05-21,"56","14  day ahead inc hosp",2022-06-04,"quantile",0.25,0
2022-05-21,"56","14  day ahead inc hosp",2022-06-04,"quantile",0.3,0.370124300085676
2022-05-21,"56","14  day ahead inc hosp",2022-06-04,"quantile",0.35,1.41209600056919
2022-05-21,"56","14  day ahead inc hosp",2022-06-04,"quantile",0.4,2.4008252496933
2022-05-21,"56","14  day ahead inc hosp",2022-06-04,"quantile",0.45,3.35743224069125
2022-05-21,"56","14  day ahead inc hosp",2022-06-04,"quantile",0.5,4.2988725892568
2022-05-21,"56","14  day ahead inc hosp",2022-06-04,"quantile",0.55,5.24031293782235
2022-05-21,"56","14  day ahead inc hosp",2022-06-04,"quantile",0.6,6.19691992882031
2022-05-21,"56","14  day ahead inc hosp",2022-06-04,"quantile",0.65,7.18564917794441
2022-05-21,"56","14  day ahead inc hosp",2022-06-04,"quantile",0.7,8.22762087842793
2022-05-21,"56","14  day ahead inc hosp",2022-06-04,"quantile",0.75,9.35207217226645
2022-05-21,"56","14  day ahead inc hosp",2022-06-04,"quantile",0.8,10.6042020109513
2022-05-21,"56","14  day ahead inc hosp",2022-06-04,"quantile",0.85,12.0637122626317
2022-05-21,"56","14  day ahead inc hosp",2022-06-04,"quantile",0.9,13.9001094275226
2022-05-21,"56","14  day ahead inc hosp",2022-06-04,"quantile",0.95,16.6219266599921
2022-05-21,"56","14  day ahead inc hosp",2022-06-04,"quantile",0.975,18.9826971937263
2022-05-21,"56","14  day ahead inc hosp",2022-06-04,"quantile",0.99,21.727603127595
2022-05-21,"56","15  day ahead inc hosp",2022-06-05,"quantile",0.01,0
2022-05-21,"56","15  day ahead inc hosp",2022-06-05,"quantile",0.025,0
2022-05-21,"56","15  day ahead inc hosp",2022-06-05,"quantile",0.05,0
2022-05-21,"56","15  day ahead inc hosp",2022-06-05,"quantile",0.1,0
2022-05-21,"56","15  day ahead inc hosp",2022-06-05,"quantile",0.15,0
2022-05-21,"56","15  day ahead inc hosp",2022-06-05,"quantile",0.2,0
2022-05-21,"56","15  day ahead inc hosp",2022-06-05,"quantile",0.25,0
2022-05-21,"56","15  day ahead inc hosp",2022-06-05,"quantile",0.3,0.87527380717821
2022-05-21,"56","15  day ahead inc hosp",2022-06-05,"quantile",0.35,1.94139273732894
2022-05-21,"56","15  day ahead inc hosp",2022-06-05,"quantile",0.4,2.9530353460445
2022-05-21,"56","15  day ahead inc hosp",2022-06-05,"quantile",0.45,3.93181127762134
2022-05-21,"56","15  day ahead inc hosp",2022-06-05,"quantile",0.5,4.8950690865884
2022-05-21,"56","15  day ahead inc hosp",2022-06-05,"quantile",0.55,5.85832689555547
2022-05-21,"56","15  day ahead inc hosp",2022-06-05,"quantile",0.6,6.8371028271323
2022-05-21,"56","15  day ahead inc hosp",2022-06-05,"quantile",0.65,7.84874543584786
2022-05-21,"56","15  day ahead inc hosp",2022-06-05,"quantile",0.7,8.9148643659986
2022-05-21,"56","15  day ahead inc hosp",2022-06-05,"quantile",0.75,10.0653743173125
2022-05-21,"56","15  day ahead inc hosp",2022-06-05,"quantile",0.8,11.3465217068328
2022-05-21,"56","15  day ahead inc hosp",2022-06-05,"quantile",0.85,12.8398554579736
2022-05-21,"56","15  day ahead inc hosp",2022-06-05,"quantile",0.9,14.7188103085293
2022-05-21,"56","15  day ahead inc hosp",2022-06-05,"quantile",0.95,17.5037044420261
2022-05-21,"56","15  day ahead inc hosp",2022-06-05,"quantile",0.975,19.9191847804923
2022-05-21,"56","15  day ahead inc hosp",2022-06-05,"quantile",0.99,22.7277026857506
2022-05-21,"56","16  day ahead inc hosp",2022-06-06,"quantile",0.01,0
2022-05-21,"56","16  day ahead inc hosp",2022-06-06,"quantile",0.025,0
2022-05-21,"56","16  day ahead inc hosp",2022-06-06,"quantile",0.05,0
2022-05-21,"56","16  day ahead inc hosp",2022-06-06,"quantile",0.1,0
2022-05-21,"56","16  day ahead inc hosp",2022-06-06,"quantile",0.15,0
2022-05-21,"56","16  day ahead inc hosp",2022-06-06,"quantile",0.2,0
2022-05-21,"56","16  day ahead inc hosp",2022-06-06,"quantile",0.25,0
2022-05-21,"56","16  day ahead inc hosp",2022-06-06,"quantile",0.3,0.789223151830039
2022-05-21,"56","16  day ahead inc hosp",2022-06-06,"quantile",0.35,1.87799650895629
2022-05-21,"56","16  day ahead inc hosp",2022-06-06,"quantile",0.4,2.91113595349036
2022-05-21,"56","16  day ahead inc hosp",2022-06-06,"quantile",0.45,3.91071032250247
2022-05-21,"56","16  day ahead inc hosp",2022-06-06,"quantile",0.5,4.894436817537
2022-05-21,"56","16  day ahead inc hosp",2022-06-06,"quantile",0.55,5.87816331257153
2022-05-21,"56","16  day ahead inc hosp",2022-06-06,"quantile",0.6,6.87773768158363
2022-05-21,"56","16  day ahead inc hosp",2022-06-06,"quantile",0.65,7.91087712611771
2022-05-21,"56","16  day ahead inc hosp",2022-06-06,"quantile",0.7,8.99965048324396
2022-05-21,"56","16  day ahead inc hosp",2022-06-06,"quantile",0.75,10.1746081232158
2022-05-21,"56","16  day ahead inc hosp",2022-06-06,"quantile",0.8,11.482979173399
2022-05-21,"56","16  day ahead inc hosp",2022-06-06,"quantile",0.85,13.0080454259133
2022-05-21,"56","16  day ahead inc hosp",2022-06-06,"quantile",0.9,14.9269270090768
2022-05-21,"56","16  day ahead inc hosp",2022-06-06,"quantile",0.95,17.7709985748446
2022-05-21,"56","16  day ahead inc hosp",2022-06-06,"quantile",0.975,20.2378065104399
2022-05-21,"56","16  day ahead inc hosp",2022-06-06,"quantile",0.99,23.1060038398176
2022-05-21,"56","17  day ahead inc hosp",2022-06-07,"quantile",0.01,0
2022-05-21,"56","17  day ahead inc hosp",2022-06-07,"quantile",0.025,0
2022-05-21,"56","17  day ahead inc hosp",2022-06-07,"quantile",0.05,0
2022-05-21,"56","17  day ahead inc hosp",2022-06-07,"quantile",0.1,0
2022-05-21,"56","17  day ahead inc hosp",2022-06-07,"quantile",0.15,0
2022-05-21,"56","17  day ahead inc hosp",2022-06-07,"quantile",0.2,0
2022-05-21,"56","17  day ahead inc hosp",2022-06-07,"quantile",0.25,0
2022-05-21,"56","17  day ahead inc hosp",2022-06-07,"quantile",0.3,0.703187620204403
2022-05-21,"56","17  day ahead inc hosp",2022-06-07,"quantile",0.35,1.81491513149503
2022-05-21,"56","17  day ahead inc hosp",2022-06-07,"quantile",0.4,2.86983582363947
2022-05-21,"56","17  day ahead inc hosp",2022-06-07,"quantile",0.45,3.89048380178693
2022-05-21,"56","17  day ahead inc hosp",2022-06-07,"quantile",0.5,4.89494979184567
2022-05-21,"56","17  day ahead inc hosp",2022-06-07,"quantile",0.55,5.89941578190441
2022-05-21,"56","17  day ahead inc hosp",2022-06-07,"quantile",0.6,6.92006376005187
2022-05-21,"56","17  day ahead inc hosp",2022-06-07,"quantile",0.65,7.97498445219631
2022-05-21,"56","17  day ahead inc hosp",2022-06-07,"quantile",0.7,9.08671196348694
2022-05-21,"56","17  day ahead inc hosp",2022-06-07,"quantile",0.75,10.2864407448795
2022-05-21,"56","17  day ahead inc hosp",2022-06-07,"quantile",0.8,11.6223956357157
2022-05-21,"56","17  day ahead inc hosp",2022-06-07,"quantile",0.85,13.1796142233711
2022-05-21,"56","17  day ahead inc hosp",2022-06-07,"quantile",0.9,15.138950785888
2022-05-21,"56","17  day ahead inc hosp",2022-06-07,"quantile",0.95,18.0429827251788
2022-05-21,"56","17  day ahead inc hosp",2022-06-07,"quantile",0.975,20.5617973426763
2022-05-21,"56","17  day ahead inc hosp",2022-06-07,"quantile",0.99,23.4904636789795
2022-05-21,"56","18  day ahead inc hosp",2022-06-08,"quantile",0.01,0
2022-05-21,"56","18  day ahead inc hosp",2022-06-08,"quantile",0.025,0
2022-05-21,"56","18  day ahead inc hosp",2022-06-08,"quantile",0.05,0
2022-05-21,"56","18  day ahead inc hosp",2022-06-08,"quantile",0.1,0
2022-05-21,"56","18  day ahead inc hosp",2022-06-08,"quantile",0.15,0
2022-05-21,"56","18  day ahead inc hosp",2022-06-08,"quantile",0.2,0
2022-05-21,"56","18  day ahead inc hosp",2022-06-08,"quantile",0.25,0
2022-05-21,"56","18  day ahead inc hosp",2022-06-08,"quantile",0.3,0.620264841295821
2022-05-21,"56","18  day ahead inc hosp",2022-06-08,"quantile",0.35,1.7538741818759
2022-05-21,"56","18  day ahead inc hosp",2022-06-08,"quantile",0.4,2.82955859018728
2022-05-21,"56","18  day ahead inc hosp",2022-06-08,"quantile",0.45,3.87029570402277
2022-05-21,"56","18  day ahead inc hosp",2022-06-08,"quantile",0.5,4.89453232411297
2022-05-21,"56","18  day ahead inc hosp",2022-06-08,"quantile",0.55,5.91876894420317
2022-05-21,"56","18  day ahead inc hosp",2022-06-08,"quantile",0.6,6.95950605803867
2022-05-21,"56","18  day ahead inc hosp",2022-06-08,"quantile",0.65,8.03519046635005
2022-05-21,"56","18  day ahead inc hosp",2022-06-08,"quantile",0.7,9.16879980693012
2022-05-21,"56","18  day ahead inc hosp",2022-06-08,"quantile",0.75,10.392142522602
2022-05-21,"56","18  day ahead inc hosp",2022-06-08,"quantile",0.8,11.7543926490627
2022-05-21,"56","18  day ahead inc hosp",2022-06-08,"quantile",0.85,13.3422615453192
2022-05-21,"56","18  day ahead inc hosp",2022-06-08,"quantile",0.9,15.3401631948257
2022-05-21,"56","18  day ahead inc hosp",2022-06-08,"quantile",0.95,18.3013544024636
2022-05-21,"56","18  day ahead inc hosp",2022-06-08,"quantile",0.975,20.869746160863
2022-05-21,"56","18  day ahead inc hosp",2022-06-08,"quantile",0.99,23.8560566376286
2022-05-21,"56","19  day ahead inc hosp",2022-06-09,"quantile",0.01,0
2022-05-21,"56","19  day ahead inc hosp",2022-06-09,"quantile",0.025,0
2022-05-21,"56","19  day ahead inc hosp",2022-06-09,"quantile",0.05,0
2022-05-21,"56","19  day ahead inc hosp",2022-06-09,"quantile",0.1,0
2022-05-21,"56","19  day ahead inc hosp",2022-06-09,"quantile",0.15,0
2022-05-21,"56","19  day ahead inc hosp",2022-06-09,"quantile",0.2,0
2022-05-21,"56","19  day ahead inc hosp",2022-06-09,"quantile",0.25,0
2022-05-21,"56","19  day ahead inc hosp",2022-06-09,"quantile",0.3,0.537834641252185
2022-05-21,"56","19  day ahead inc hosp",2022-06-09,"quantile",0.35,1.69339597382641
2022-05-21,"56","19  day ahead inc hosp",2022-06-09,"quantile",0.4,2.78991067585026
2022-05-21,"56","19  day ahead inc hosp",2022-06-09,"quantile",0.45,3.8508013399196
2022-05-21,"56","19  day ahead inc hosp",2022-06-09,"quantile",0.5,4.89487198331877
2022-05-21,"56","19  day ahead inc hosp",2022-06-09,"quantile",0.55,5.93894262671794
2022-05-21,"56","19  day ahead inc hosp",2022-06-09,"quantile",0.6,6.99983329078728
2022-05-21,"56","19  day ahead inc hosp",2022-06-09,"quantile",0.65,8.09634799281113
2022-05-21,"56","19  day ahead inc hosp",2022-06-09,"quantile",0.7,9.25190932538536
2022-05-21,"56","19  day ahead inc hosp",2022-06-09,"quantile",0.75,10.4989416919265
2022-05-21,"56","19  day ahead inc hosp",2022-06-09,"quantile",0.8,11.8875713680254
2022-05-21,"56","19  day ahead inc hosp",2022-06-09,"quantile",0.85,13.5061888511633
2022-05-21,"56","19  day ahead inc hosp",2022-06-09,"quantile",0.9,15.542779244177
2022-05-21,"56","19  day ahead inc hosp",2022-06-09,"quantile",0.95,18.5613129977486
2022-05-21,"56","19  day ahead inc hosp",2022-06-09,"quantile",0.975,21.1794408630236
2022-05-21,"56","19  day ahead inc hosp",2022-06-09,"quantile",0.99,24.2235803125502
2022-05-21,"56","20  day ahead inc hosp",2022-06-10,"quantile",0.01,0
2022-05-21,"56","20  day ahead inc hosp",2022-06-10,"quantile",0.025,0
2022-05-21,"56","20  day ahead inc hosp",2022-06-10,"quantile",0.05,0
2022-05-21,"56","20  day ahead inc hosp",2022-06-10,"quantile",0.1,0
2022-05-21,"56","20  day ahead inc hosp",2022-06-10,"quantile",0.15,0
2022-05-21,"56","20  day ahead inc hosp",2022-06-10,"quantile",0.2,0
2022-05-21,"56","20  day ahead inc hosp",2022-06-10,"quantile",0.25,0
2022-05-21,"56","20  day ahead inc hosp",2022-06-10,"quantile",0.3,0.457792202049987
2022-05-21,"56","20  day ahead inc hosp",2022-06-10,"quantile",0.35,1.63450893201758
2022-05-21,"56","20  day ahead inc hosp",2022-06-10,"quantile",0.4,2.75109803737691
2022-05-21,"56","20  day ahead inc hosp",2022-06-10,"quantile",0.45,3.83141091899251
2022-05-21,"56","20  day ahead inc hosp",2022-06-10,"quantile",0.5,4.89459584801653
2022-05-21,"56","20  day ahead inc hosp",2022-06-10,"quantile",0.55,5.95778077704055
2022-05-21,"56","20  day ahead inc hosp",2022-06-10,"quantile",0.6,7.03809365865615
2022-05-21,"56","20  day ahead inc hosp",2022-06-10,"quantile",0.65,8.15468276401548
2022-05-21,"56","20  day ahead inc hosp",2022-06-10,"quantile",0.7,9.33139949398307
2022-05-21,"56","20  day ahead inc hosp",2022-06-10,"quantile",0.75,10.6012618605709
2022-05-21,"56","20  day ahead inc hosp",2022-06-10,"quantile",0.8,12.015313824351
2022-05-21,"56","20  day ahead inc hosp",2022-06-10,"quantile",0.85,13.6635640886477
2022-05-21,"56","20  day ahead inc hosp",2022-06-10,"quantile",0.9,15.7374392867835
2022-05-21,"56","20  day ahead inc hosp",2022-06-10,"quantile",0.95,18.8112347381136
2022-05-21,"56","20  day ahead inc hosp",2022-06-10,"quantile",0.975,21.4772938847972
2022-05-21,"56","20  day ahead inc hosp",2022-06-10,"quantile",0.99,24.5771638074369
2022-05-21,"56","21  day ahead inc hosp",2022-06-11,"quantile",0.01,0
2022-05-21,"56","21  day ahead inc hosp",2022-06-11,"quantile",0.025,0
2022-05-21,"56","21  day ahead inc hosp",2022-06-11,"quantile",0.05,0
2022-05-21,"56","21  day ahead inc hosp",2022-06-11,"quantile",0.1,0
2022-05-21,"56","21  day ahead inc hosp",2022-06-11,"quantile",0.15,0
2022-05-21,"56","21  day ahead inc hosp",2022-06-11,"quantile",0.2,0
2022-05-21,"56","21  day ahead inc hosp",2022-06-11,"quantile",0.25,0
2022-05-21,"56","21  day ahead inc hosp",2022-06-11,"quantile",0.3,0.378493532148596
2022-05-21,"56","21  day ahead inc hosp",2022-06-11,"quantile",0.35,1.57630118542459
2022-05-21,"56","21  day ahead inc hosp",2022-06-11,"quantile",0.4,2.71290351451772
2022-05-21,"56","21  day ahead inc hosp",2022-06-11,"quantile",0.45,3.81257942170691
2022-05-21,"56","21  day ahead inc hosp",2022-06-11,"quantile",0.5,4.89482038284948
2022-05-21,"56","21  day ahead inc hosp",2022-06-11,"quantile",0.55,5.97706134399206
2022-05-21,"56","21  day ahead inc hosp",2022-06-11,"quantile",0.6,7.07673725118124
2022-05-21,"56","21  day ahead inc hosp",2022-06-11,"quantile",0.65,8.21333958027437
2022-05-21,"56","21  day ahead inc hosp",2022-06-11,"quantile",0.7,9.41114723355037
2022-05-21,"56","21  day ahead inc hosp",2022-06-11,"quantile",0.75,10.7037700225099
2022-05-21,"56","21  day ahead inc hosp",2022-06-11,"quantile",0.8,12.1431667959308
2022-05-21,"56","21  day ahead inc hosp",2022-06-11,"quantile",0.85,13.8209595312675
2022-05-21,"56","21  day ahead inc hosp",2022-06-11,"quantile",0.9,15.9320059037745
2022-05-21,"56","21  day ahead inc hosp",2022-06-11,"quantile",0.95,19.0608946349729
2022-05-21,"56","21  day ahead inc hosp",2022-06-11,"quantile",0.975,21.7747389856621
2022-05-21,"56","21  day ahead inc hosp",2022-06-11,"quantile",0.99,24.930169534865
2022-05-21,"56","22  day ahead inc hosp",2022-06-12,"quantile",0.01,0
2022-05-21,"56","22  day ahead inc hosp",2022-06-12,"quantile",0.025,0
2022-05-21,"56","22  day ahead inc hosp",2022-06-12,"quantile",0.05,0
2022-05-21,"56","22  day ahead inc hosp",2022-06-12,"quantile",0.1,0
2022-05-21,"56","22  day ahead inc hosp",2022-06-12,"quantile",0.15,0
2022-05-21,"56","22  day ahead inc hosp",2022-06-12,"quantile",0.2,0
2022-05-21,"56","22  day ahead inc hosp",2022-06-12,"quantile",0.25,0.359138333409778
2022-05-21,"56","22  day ahead inc hosp",2022-06-12,"quantile",0.3,1.6738607404904
2022-05-21,"56","22  day ahead inc hosp",2022-06-12,"quantile",0.35,2.8921469834571
2022-05-21,"56","22  day ahead inc hosp",2022-06-12,"quantile",0.4,4.04818149156104
2022-05-21,"56","22  day ahead inc hosp",2022-06-12,"quantile",0.45,5.16665825682998
2022-05-21,"56","22  day ahead inc hosp",2022-06-12,"quantile",0.5,6.26740199555048
2022-05-21,"56","22  day ahead inc hosp",2022-06-12,"quantile",0.55,7.36814573427098
2022-05-21,"56","22  day ahead inc hosp",2022-06-12,"quantile",0.6,8.48662249953992
2022-05-21,"56","22  day ahead inc hosp",2022-06-12,"quantile",0.65,9.64265700764386
2022-05-21,"56","22  day ahead inc hosp",2022-06-12,"quantile",0.7,10.8609432506106
2022-05-21,"56","22  day ahead inc hosp",2022-06-12,"quantile",0.75,12.1756656576912
2022-05-21,"56","22  day ahead inc hosp",2022-06-12,"quantile",0.8,13.6396714038837
2022-05-21,"56","22  day ahead inc hosp",2022-06-12,"quantile",0.85,15.3461489025202
2022-05-21,"56","22  day ahead inc hosp",2022-06-12,"quantile",0.9,17.4932872572101
2022-05-21,"56","22  day ahead inc hosp",2022-06-12,"quantile",0.95,20.6756697428847
2022-05-21,"56","22  day ahead inc hosp",2022-06-12,"quantile",0.975,23.4359119478456
2022-05-21,"56","22  day ahead inc hosp",2022-06-12,"quantile",0.99,26.6452900297245
2022-05-21,"56","23  day ahead inc hosp",2022-06-13,"quantile",0.01,0
2022-05-21,"56","23  day ahead inc hosp",2022-06-13,"quantile",0.025,0
2022-05-21,"56","23  day ahead inc hosp",2022-06-13,"quantile",0.05,0
2022-05-21,"56","23  day ahead inc hosp",2022-06-13,"quantile",0.1,0
2022-05-21,"56","23  day ahead inc hosp",2022-06-13,"quantile",0.15,0
2022-05-21,"56","23  day ahead inc hosp",2022-06-13,"quantile",0.2,0
2022-05-21,"56","23  day ahead inc hosp",2022-06-13,"quantile",0.25,0.260655774669267
2022-05-21,"56","23  day ahead inc hosp",2022-06-13,"quantile",0.3,1.59732582523737
2022-05-21,"56","23  day ahead inc hosp",2022-06-13,"quantile",0.35,2.83594983074796
2022-05-21,"56","23  day ahead inc hosp",2022-06-13,"quantile",0.4,4.01128288667193
2022-05-21,"56","23  day ahead inc hosp",2022-06-13,"quantile",0.45,5.14843122029701
2022-05-21,"56","23  day ahead inc hosp",2022-06-13,"quantile",0.5,6.26755049671156
2022-05-21,"56","23  day ahead inc hosp",2022-06-13,"quantile",0.55,7.38666977312611
2022-05-21,"56","23  day ahead inc hosp",2022-06-13,"quantile",0.6,8.52381810675119
2022-05-21,"56","23  day ahead inc hosp",2022-06-13,"quantile",0.65,9.69915116267515
2022-05-21,"56","23  day ahead inc hosp",2022-06-13,"quantile",0.7,10.9377751681857
2022-05-21,"56","23  day ahead inc hosp",2022-06-13,"quantile",0.75,12.2744452187539
2022-05-21,"56","23  day ahead inc hosp",2022-06-13,"quantile",0.8,13.7628907067565
2022-05-21,"56","23  day ahead inc hosp",2022-06-13,"quantile",0.85,15.497855709339
2022-05-21,"56","23  day ahead inc hosp",2022-06-13,"quantile",0.9,17.6808378489018
2022-05-21,"56","23  day ahead inc hosp",2022-06-13,"quantile",0.95,20.9163462232508
2022-05-21,"56","23  day ahead inc hosp",2022-06-13,"quantile",0.975,23.7226672137617
2022-05-21,"56","23  day ahead inc hosp",2022-06-13,"quantile",0.99,26.9856218419734
2022-05-21,"56","24  day ahead inc hosp",2022-06-14,"quantile",0.01,0
2022-05-21,"56","24  day ahead inc hosp",2022-06-14,"quantile",0.025,0
2022-05-21,"56","24  day ahead inc hosp",2022-06-14,"quantile",0.05,0
2022-05-21,"56","24  day ahead inc hosp",2022-06-14,"quantile",0.1,0
2022-05-21,"56","24  day ahead inc hosp",2022-06-14,"quantile",0.15,0
2022-05-21,"56","24  day ahead inc hosp",2022-06-14,"quantile",0.2,0
2022-05-21,"56","24  day ahead inc hosp",2022-06-14,"quantile",0.25,0.164265348534457
2022-05-21,"56","24  day ahead inc hosp",2022-06-14,"quantile",0.3,1.52235757922763
2022-05-21,"56","24  day ahead inc hosp",2022-06-14,"quantile",0.35,2.78083242716714
2022-05-21,"56","24  day ahead inc hosp",2022-06-14,"quantile",0.4,3.97500199133803
2022-05-21,"56","24  day ahead inc hosp",2022-06-14,"quantile",0.45,5.13037486468514
2022-05-21,"56","24  day ahead inc hosp",2022-06-14,"quantile",0.5,6.26742973762974
2022-05-21,"56","24  day ahead inc hosp",2022-06-14,"quantile",0.55,7.40448461057434
2022-05-21,"56","24  day ahead inc hosp",2022-06-14,"quantile",0.6,8.55985748392145
2022-05-21,"56","24  day ahead inc hosp",2022-06-14,"quantile",0.65,9.75402704809234
2022-05-21,"56","24  day ahead inc hosp",2022-06-14,"quantile",0.7,11.0125018960318
2022-05-21,"56","24  day ahead inc hosp",2022-06-14,"quantile",0.75,12.370594126725
2022-05-21,"56","24  day ahead inc hosp",2022-06-14,"quantile",0.8,13.8828942281656
2022-05-21,"56","24  day ahead inc hosp",2022-06-14,"quantile",0.85,15.6456646961134
2022-05-21,"56","24  day ahead inc hosp",2022-06-14,"quantile",0.9,17.8636324602765
2022-05-21,"56","24  day ahead inc hosp",2022-06-14,"quantile",0.95,21.1509948005029
2022-05-21,"56","24  day ahead inc hosp",2022-06-14,"quantile",0.975,24.0022913732242
2022-05-21,"56","24  day ahead inc hosp",2022-06-14,"quantile",0.99,27.3175398354719
2022-05-21,"56","25  day ahead inc hosp",2022-06-15,"quantile",0.01,0
2022-05-21,"56","25  day ahead inc hosp",2022-06-15,"quantile",0.025,0
2022-05-21,"56","25  day ahead inc hosp",2022-06-15,"quantile",0.05,0
2022-05-21,"56","25  day ahead inc hosp",2022-06-15,"quantile",0.1,0
2022-05-21,"56","25  day ahead inc hosp",2022-06-15,"quantile",0.15,0
2022-05-21,"56","25  day ahead inc hosp",2022-06-15,"quantile",0.2,0
2022-05-21,"56","25  day ahead inc hosp",2022-06-15,"quantile",0.25,0.068974357294536
2022-05-21,"56","25  day ahead inc hosp",2022-06-15,"quantile",0.3,1.44829284282552
2022-05-21,"56","25  day ahead inc hosp",2022-06-15,"quantile",0.35,2.72643697921659
2022-05-21,"56","25  day ahead inc hosp",2022-06-15,"quantile",0.4,3.93927077466411
2022-05-21,"56","25  day ahead inc hosp",2022-06-15,"quantile",0.45,5.11270150777075
2022-05-21,"56","25  day ahead inc hosp",2022-06-15,"quantile",0.5,6.26752793993071
2022-05-21,"56","25  day ahead inc hosp",2022-06-15,"quantile",0.55,7.42235437209068
2022-05-21,"56","25  day ahead inc hosp",2022-06-15,"quantile",0.6,8.59578510519732
2022-05-21,"56","25  day ahead inc hosp",2022-06-15,"quantile",0.65,9.80861890064483
2022-05-21,"56","25  day ahead inc hosp",2022-06-15,"quantile",0.7,11.0867630370359
2022-05-21,"56","25  day ahead inc hosp",2022-06-15,"quantile",0.75,12.4660815225669
2022-05-21,"56","25  day ahead inc hosp",2022-06-15,"quantile",0.8,14.002018065347
2022-05-21,"56","25  day ahead inc hosp",2022-06-15,"quantile",0.85,15.7923396924338
2022-05-21,"56","25  day ahead inc hosp",2022-06-15,"quantile",0.9,18.0449731058953
2022-05-21,"56","25  day ahead inc hosp",2022-06-15,"quantile",0.95,21.3837151604009
2022-05-21,"56","25  day ahead inc hosp",2022-06-15,"quantile",0.975,24.2795759727982
2022-05-21,"56","25  day ahead inc hosp",2022-06-15,"quantile",0.99,27.6466399944903
2022-05-21,"56","26  day ahead inc hosp",2022-06-16,"quantile",0.01,0
2022-05-21,"56","26  day ahead inc hosp",2022-06-16,"quantile",0.025,0
2022-05-21,"56","26  day ahead inc hosp",2022-06-16,"quantile",0.05,0
2022-05-21,"56","26  day ahead inc hosp",2022-06-16,"quantile",0.1,0
2022-05-21,"56","26  day ahead inc hosp",2022-06-16,"quantile",0.15,0
2022-05-21,"56","26  day ahead inc hosp",2022-06-16,"quantile",0.2,0
2022-05-21,"56","26  day ahead inc hosp",2022-06-16,"quantile",0.25,0
2022-05-21,"56","26  day ahead inc hosp",2022-06-16,"quantile",0.3,1.37555709454849
2022-05-21,"56","26  day ahead inc hosp",2022-06-16,"quantile",0.35,2.67297082383585
2022-05-21,"56","26  day ahead inc hosp",2022-06-16,"quantile",0.4,3.90408957856436
2022-05-21,"56","26  day ahead inc hosp",2022-06-16,"quantile",0.45,5.09521122138546
2022-05-21,"56","26  day ahead inc hosp",2022-06-16,"quantile",0.5,6.26744808057006
2022-05-21,"56","26  day ahead inc hosp",2022-06-16,"quantile",0.55,7.43968493975466
2022-05-21,"56","26  day ahead inc hosp",2022-06-16,"quantile",0.6,8.63080658257577
2022-05-21,"56","26  day ahead inc hosp",2022-06-16,"quantile",0.65,9.86192533730427
2022-05-21,"56","26  day ahead inc hosp",2022-06-16,"quantile",0.7,11.1593390665916
2022-05-21,"56","26  day ahead inc hosp",2022-06-16,"quantile",0.75,12.5594524726122
2022-05-21,"56","26  day ahead inc hosp",2022-06-16,"quantile",0.8,14.1185451454806
2022-05-21,"56","26  day ahead inc hosp",2022-06-16,"quantile",0.85,15.935858070282
2022-05-21,"56","26  day ahead inc hosp",2022-06-16,"quantile",0.9,18.2224526995298
2022-05-21,"56","26  day ahead inc hosp",2022-06-16,"quantile",0.95,21.6115303917341
2022-05-21,"56","26  day ahead inc hosp",2022-06-16,"quantile",0.975,24.5510498630811
2022-05-21,"56","26  day ahead inc hosp",2022-06-16,"quantile",0.99,27.9688765109171
2022-05-21,"56","27  day ahead inc hosp",2022-06-17,"quantile",0.01,0
2022-05-21,"56","27  day ahead inc hosp",2022-06-17,"quantile",0.025,0
2022-05-21,"56","27  day ahead inc hosp",2022-06-17,"quantile",0.05,0
2022-05-21,"56","27  day ahead inc hosp",2022-06-17,"quantile",0.1,0
2022-05-21,"56","27  day ahead inc hosp",2022-06-17,"quantile",0.15,0
2022-05-21,"56","27  day ahead inc hosp",2022-06-17,"quantile",0.2,0
2022-05-21,"56","27  day ahead inc hosp",2022-06-17,"quantile",0.25,0
2022-05-21,"56","27  day ahead inc hosp",2022-06-17,"quantile",0.3,1.30372274148219
2022-05-21,"56","27  day ahead inc hosp",2022-06-17,"quantile",0.35,2.62020540197825
2022-05-21,"56","27  day ahead inc hosp",2022-06-17,"quantile",0.4,3.86941870766895
2022-05-21,"56","27  day ahead inc hosp",2022-06-17,"quantile",0.45,5.07804703795251
2022-05-21,"56","27  day ahead inc hosp",2022-06-17,"quantile",0.5,6.26751302268394
2022-05-21,"56","27  day ahead inc hosp",2022-06-17,"quantile",0.55,7.45697900741538
2022-05-21,"56","27  day ahead inc hosp",2022-06-17,"quantile",0.6,8.66560733769894
2022-05-21,"56","27  day ahead inc hosp",2022-06-17,"quantile",0.65,9.91482064338964
2022-05-21,"56","27  day ahead inc hosp",2022-06-17,"quantile",0.7,11.2313033038857
2022-05-21,"56","27  day ahead inc hosp",2022-06-17,"quantile",0.75,12.651995084885
2022-05-21,"56","27  day ahead inc hosp",2022-06-17,"quantile",0.8,14.2340027541464
2022-05-21,"56","27  day ahead inc hosp",2022-06-17,"quantile",0.85,16.0780259058903
2022-05-21,"56","27  day ahead inc hosp",2022-06-17,"quantile",0.9,18.398228099713
2022-05-21,"56","27  day ahead inc hosp",2022-06-17,"quantile",0.95,21.8371172652466
2022-05-21,"56","27  day ahead inc hosp",2022-06-17,"quantile",0.975,24.8198407611236
2022-05-21,"56","27  day ahead inc hosp",2022-06-17,"quantile",0.99,28.2879014243393
2022-05-21,"56","28  day ahead inc hosp",2022-06-18,"quantile",0.01,0
2022-05-21,"56","28  day ahead inc hosp",2022-06-18,"quantile",0.025,0
2022-05-21,"56","28  day ahead inc hosp",2022-06-18,"quantile",0.05,0
2022-05-21,"56","28  day ahead inc hosp",2022-06-18,"quantile",0.1,0
2022-05-21,"56","28  day ahead inc hosp",2022-06-18,"quantile",0.15,0
2022-05-21,"56","28  day ahead inc hosp",2022-06-18,"quantile",0.2,0
2022-05-21,"56","28  day ahead inc hosp",2022-06-18,"quantile",0.25,0
2022-05-21,"56","28  day ahead inc hosp",2022-06-18,"quantile",0.3,1.23304336983395
2022-05-21,"56","28  day ahead inc hosp",2022-06-18,"quantile",0.35,2.56825741034102
2022-05-21,"56","28  day ahead inc hosp",2022-06-18,"quantile",0.4,3.83524496391652
2022-05-21,"56","28  day ahead inc hosp",2022-06-18,"quantile",0.45,5.06107008472833
2022-05-21,"56","28  day ahead inc hosp",2022-06-18,"quantile",0.5,6.26746021137119
2022-05-21,"56","28  day ahead inc hosp",2022-06-18,"quantile",0.55,7.47385033801406
2022-05-21,"56","28  day ahead inc hosp",2022-06-18,"quantile",0.6,8.69967545882586
2022-05-21,"56","28  day ahead inc hosp",2022-06-18,"quantile",0.65,9.96666301240137
2022-05-21,"56","28  day ahead inc hosp",2022-06-18,"quantile",0.7,11.3018770529084
2022-05-21,"56","28  day ahead inc hosp",2022-06-18,"quantile",0.75,12.742782938071
2022-05-21,"56","28  day ahead inc hosp",2022-06-18,"quantile",0.8,14.3472999708983
2022-05-21,"56","28  day ahead inc hosp",2022-06-18,"quantile",0.85,16.2175605349841
2022-05-21,"56","28  day ahead inc hosp",2022-06-18,"quantile",0.9,18.5707753846503
2022-05-21,"56","28  day ahead inc hosp",2022-06-18,"quantile",0.95,22.0585942791567
2022-05-21,"56","28  day ahead inc hosp",2022-06-18,"quantile",0.975,25.0837570178323
2022-05-21,"56","28  day ahead inc hosp",2022-06-18,"quantile",0.99,28.6011624723873
2022-05-21,"56","29  day ahead inc hosp",2022-06-19,"quantile",0.01,0
2022-05-21,"56","29  day ahead inc hosp",2022-06-19,"quantile",0.025,0
2022-05-21,"56","29  day ahead inc hosp",2022-06-19,"quantile",0.05,0
2022-05-21,"56","29  day ahead inc hosp",2022-06-19,"quantile",0.1,0
2022-05-21,"56","29  day ahead inc hosp",2022-06-19,"quantile",0.15,0
2022-05-21,"56","29  day ahead inc hosp",2022-06-19,"quantile",0.2,0
2022-05-21,"56","29  day ahead inc hosp",2022-06-19,"quantile",0.25,0.166356861788342
2022-05-21,"56","29  day ahead inc hosp",2022-06-19,"quantile",0.3,1.62725364784303
2022-05-21,"56","29  day ahead inc hosp",2022-06-19,"quantile",0.35,2.98099223726645
2022-05-21,"56","29  day ahead inc hosp",2022-06-19,"quantile",0.4,4.26555777624399
2022-05-21,"56","29  day ahead inc hosp",2022-06-19,"quantile",0.45,5.50838980136063
2022-05-21,"56","29  day ahead inc hosp",2022-06-19,"quantile",0.5,6.73151719426586
2022-05-21,"56","29  day ahead inc hosp",2022-06-19,"quantile",0.55,7.95464458717109
2022-05-21,"56","29  day ahead inc hosp",2022-06-19,"quantile",0.6,9.19747661228772
2022-05-21,"56","29  day ahead inc hosp",2022-06-19,"quantile",0.65,10.4820421512653
2022-05-21,"56","29  day ahead inc hosp",2022-06-19,"quantile",0.7,11.8357807406887
2022-05-21,"56","29  day ahead inc hosp",2022-06-19,"quantile",0.75,13.2966775267434
2022-05-21,"56","29  day ahead inc hosp",2022-06-19,"quantile",0.8,14.9234553757095
2022-05-21,"56","29  day ahead inc hosp",2022-06-19,"quantile",0.85,16.8196636397556
2022-05-21,"56","29  day ahead inc hosp",2022-06-19,"quantile",0.9,19.2055266209353
2022-05-21,"56","29  day ahead inc hosp",2022-06-19,"quantile",0.95,22.7417349644458
2022-05-21,"56","29  day ahead inc hosp",2022-06-19,"quantile",0.975,25.8088683336215
2022-05-21,"56","29  day ahead inc hosp",2022-06-19,"quantile",0.99,29.3750737164463
2022-05-21,"56","30  day ahead inc hosp",2022-06-20,"quantile",0.01,0
2022-05-21,"56","30  day ahead inc hosp",2022-06-20,"quantile",0.025,0
2022-05-21,"56","30  day ahead inc hosp",2022-06-20,"quantile",0.05,0
2022-05-21,"56","30  day ahead inc hosp",2022-06-20,"quantile",0.1,0
2022-05-21,"56","30  day ahead inc hosp",2022-06-20,"quantile",0.15,0
2022-05-21,"56","30  day ahead inc hosp",2022-06-20,"quantile",0.2,0
2022-05-21,"56","30  day ahead inc hosp",2022-06-20,"quantile",0.25,0.0779008626501358
2022-05-21,"56","30  day ahead inc hosp",2022-06-20,"quantile",0.3,1.55847333935944
2022-05-21,"56","30  day ahead inc hosp",2022-06-20,"quantile",0.35,2.93044438843845
2022-05-21,"56","30  day ahead inc hosp",2022-06-20,"quantile",0.4,4.23231074867302
2022-05-21,"56","30  day ahead inc hosp",2022-06-20,"quantile",0.45,5.4918815185766
2022-05-21,"56","30  day ahead inc hosp",2022-06-20,"quantile",0.5,6.73148226979415
2022-05-21,"56","30  day ahead inc hosp",2022-06-20,"quantile",0.55,7.97108302101169
2022-05-21,"56","30  day ahead inc hosp",2022-06-20,"quantile",0.6,9.23065379091528
2022-05-21,"56","30  day ahead inc hosp",2022-06-20,"quantile",0.65,10.5325201511498
2022-05-21,"56","30  day ahead inc hosp",2022-06-20,"quantile",0.7,11.9044912002289
2022-05-21,"56","30  day ahead inc hosp",2022-06-20,"quantile",0.75,13.3850636769382
2022-05-21,"56","30  day ahead inc hosp",2022-06-20,"quantile",0.8,15.033751340496
2022-05-21,"56","30  day ahead inc hosp",2022-06-20,"quantile",0.85,16.9554981693306
2022-05-21,"56","30  day ahead inc hosp",2022-06-20,"quantile",0.9,19.3734944965552
2022-05-21,"56","30  day ahead inc hosp",2022-06-20,"quantile",0.95,22.9573292994578
2022-05-21,"56","30  day ahead inc hosp",2022-06-20,"quantile",0.975,26.0657715194328
2022-05-21,"56","30  day ahead inc hosp",2022-06-20,"quantile",0.99,29.6800073686075
2022-05-21,"56","31  day ahead inc hosp",2022-06-21,"quantile",0.01,0
2022-05-21,"56","31  day ahead inc hosp",2022-06-21,"quantile",0.025,0
2022-05-21,"56","31  day ahead inc hosp",2022-06-21,"quantile",0.05,0
2022-05-21,"56","31  day ahead inc hosp",2022-06-21,"quantile",0.1,0
2022-05-21,"56","31  day ahead inc hosp",2022-06-21,"quantile",0.15,0
2022-05-21,"56","31  day ahead inc hosp",2022-06-21,"quantile",0.2,0
2022-05-21,"56","31  day ahead inc hosp",2022-06-21,"quantile",0.25,0
2022-05-21,"56","31  day ahead inc hosp",2022-06-21,"quantile",0.3,1.49053093102762
2022-05-21,"56","31  day ahead inc hosp",2022-06-21,"quantile",0.35,2.88052900917261
2022-05-21,"56","31  day ahead inc hosp",2022-06-21,"quantile",0.4,4.19950125712379
2022-05-21,"56","31  day ahead inc hosp",2022-06-21,"quantile",0.45,5.47562217135803
2022-05-21,"56","31  day ahead inc hosp",2022-06-21,"quantile",0.5,6.73151067062057
2022-05-21,"56","31  day ahead inc hosp",2022-06-21,"quantile",0.55,7.9873991698831
2022-05-21,"56","31  day ahead inc hosp",2022-06-21,"quantile",0.6,9.26352008411734
2022-05-21,"56","31  day ahead inc hosp",2022-06-21,"quantile",0.65,10.5824923320685
2022-05-21,"56","31  day ahead inc hosp",2022-06-21,"quantile",0.7,11.9724904102135
2022-05-21,"56","31  day ahead inc hosp",2022-06-21,"quantile",0.75,13.4725168856715
2022-05-21,"56","31  day ahead inc hosp",2022-06-21,"quantile",0.8,15.1428674993707
2022-05-21,"56","31  day ahead inc hosp",2022-06-21,"quantile",0.85,17.0898651423272
2022-05-21,"56","31  day ahead inc hosp",2022-06-21,"quantile",0.9,19.5396327595521
2022-05-21,"56","31  day ahead inc hosp",2022-06-21,"quantile",0.95,23.1705574002491
2022-05-21,"56","31  day ahead inc hosp",2022-06-21,"quantile",0.975,26.3198430318158
2022-05-21,"56","31  day ahead inc hosp",2022-06-21,"quantile",0.99,29.981568173675
2022-05-21,"56","32  day ahead inc hosp",2022-06-22,"quantile",0.01,0
2022-05-21,"56","32  day ahead inc hosp",2022-06-22,"quantile",0.025,0
2022-05-21,"56","32  day ahead inc hosp",2022-06-22,"quantile",0.05,0
2022-05-21,"56","32  day ahead inc hosp",2022-06-22,"quantile",0.1,0
2022-05-21,"56","32  day ahead inc hosp",2022-06-22,"quantile",0.15,0
2022-05-21,"56","32  day ahead inc hosp",2022-06-22,"quantile",0.2,0
2022-05-21,"56","32  day ahead inc hosp",2022-06-22,"quantile",0.25,0
2022-05-21,"56","32  day ahead inc hosp",2022-06-22,"quantile",0.3,1.42350938889947
2022-05-21,"56","32  day ahead inc hosp",2022-06-22,"quantile",0.35,2.83127660875517
2022-05-21,"56","32  day ahead inc hosp",2022-06-22,"quantile",0.4,4.16711003454166
2022-05-21,"56","32  day ahead inc hosp",2022-06-22,"quantile",0.45,5.45954433346437
2022-05-21,"56","32  day ahead inc hosp",2022-06-22,"quantile",0.5,6.73148757486441
2022-05-21,"56","32  day ahead inc hosp",2022-06-22,"quantile",0.55,8.00343081626444
2022-05-21,"56","32  day ahead inc hosp",2022-06-22,"quantile",0.6,9.29586511518716
2022-05-21,"56","32  day ahead inc hosp",2022-06-22,"quantile",0.65,10.6316985409736
2022-05-21,"56","32  day ahead inc hosp",2022-06-22,"quantile",0.7,12.0394657608293
2022-05-21,"56","32  day ahead inc hosp",2022-06-22,"quantile",0.75,13.558667934032
2022-05-21,"56","32  day ahead inc hosp",2022-06-22,"quantile",0.8,15.2503715965074
2022-05-21,"56","32  day ahead inc hosp",2022-06-22,"quantile",0.85,17.2222588256958
2022-05-21,"56","32  day ahead inc hosp",2022-06-22,"quantile",0.9,19.7033432257516
2022-05-21,"56","32  day ahead inc hosp",2022-06-22,"quantile",0.95,23.3806840561512
2022-05-21,"56","32  day ahead inc hosp",2022-06-22,"quantile",0.975,26.5702288100539
2022-05-21,"56","32  day ahead inc hosp",2022-06-22,"quantile",0.99,30.2787638820665
2022-05-21,"56","33  day ahead inc hosp",2022-06-23,"quantile",0.01,0
2022-05-21,"56","33  day ahead inc hosp",2022-06-23,"quantile",0.025,0
2022-05-21,"56","33  day ahead inc hosp",2022-06-23,"quantile",0.05,0
2022-05-21,"56","33  day ahead inc hosp",2022-06-23,"quantile",0.1,0
2022-05-21,"56","33  day ahead inc hosp",2022-06-23,"quantile",0.15,0
2022-05-21,"56","33  day ahead inc hosp",2022-06-23,"quantile",0.2,0
2022-05-21,"56","33  day ahead inc hosp",2022-06-23,"quantile",0.25,0
2022-05-21,"56","33  day ahead inc hosp",2022-06-23,"quantile",0.3,1.35728295060342
2022-05-21,"56","33  day ahead inc hosp",2022-06-23,"quantile",0.35,2.78261954354748
2022-05-21,"56","33  day ahead inc hosp",2022-06-23,"quantile",0.4,4.13512458628208
2022-05-21,"56","33  day ahead inc hosp",2022-06-23,"quantile",0.45,5.44368886754114
2022-05-21,"56","33  day ahead inc hosp",2022-06-23,"quantile",0.5,6.73150635650155
2022-05-21,"56","33  day ahead inc hosp",2022-06-23,"quantile",0.55,8.01932384546197
2022-05-21,"56","33  day ahead inc hosp",2022-06-23,"quantile",0.6,9.32788812672103
2022-05-21,"56","33  day ahead inc hosp",2022-06-23,"quantile",0.65,10.6803931694556
2022-05-21,"56","33  day ahead inc hosp",2022-06-23,"quantile",0.7,12.1057297623997
2022-05-21,"56","33  day ahead inc hosp",2022-06-23,"quantile",0.75,13.6438920515939
2022-05-21,"56","33  day ahead inc hosp",2022-06-23,"quantile",0.8,15.3567087023403
2022-05-21,"56","33  day ahead inc hosp",2022-06-23,"quantile",0.85,17.3532056979226
2022-05-21,"56","33  day ahead inc hosp",2022-06-23,"quantile",0.9,19.8652548035587
2022-05-21,"56","33  day ahead inc hosp",2022-06-23,"quantile",0.95,23.5884899921384
2022-05-21,"56","33  day ahead inc hosp",2022-06-23,"quantile",0.975,26.8178412573542
2022-05-21,"56","33  day ahead inc hosp",2022-06-23,"quantile",0.99,30.5726600013919
2022-05-21,"56","34  day ahead inc hosp",2022-06-24,"quantile",0.01,0
2022-05-21,"56","34  day ahead inc hosp",2022-06-24,"quantile",0.025,0
2022-05-21,"56","34  day ahead inc hosp",2022-06-24,"quantile",0.05,0
2022-05-21,"56","34  day ahead inc hosp",2022-06-24,"quantile",0.1,0
2022-05-21,"56","34  day ahead inc hosp",2022-06-24,"quantile",0.15,0
2022-05-21,"56","34  day ahead inc hosp",2022-06-24,"quantile",0.2,0
2022-05-21,"56","34  day ahead inc hosp",2022-06-24,"quantile",0.25,0
2022-05-21,"56","34  day ahead inc hosp",2022-06-24,"quantile",0.3,1.29189500149096
2022-05-21,"56","34  day ahead inc hosp",2022-06-24,"quantile",0.35,2.73456955378035
2022-05-21,"56","34  day ahead inc hosp",2022-06-24,"quantile",0.4,4.10352662445093
2022-05-21,"56","34  day ahead inc hosp",2022-06-24,"quantile",0.45,5.42800843313582
2022-05-21,"56","34  day ahead inc hosp",2022-06-24,"quantile",0.5,6.73149108313843
2022-05-21,"56","34  day ahead inc hosp",2022-06-24,"quantile",0.55,8.03497373314104
2022-05-21,"56","34  day ahead inc hosp",2022-06-24,"quantile",0.6,9.35945554182593
2022-05-21,"56","34  day ahead inc hosp",2022-06-24,"quantile",0.65,10.7284126124965
2022-05-21,"56","34  day ahead inc hosp",2022-06-24,"quantile",0.7,12.1710871647859
2022-05-21,"56","34  day ahead inc hosp",2022-06-24,"quantile",0.75,13.7279598381579
2022-05-21,"56","34  day ahead inc hosp",2022-06-24,"quantile",0.8,15.4616113889578
2022-05-21,"56","34  day ahead inc hosp",2022-06-24,"quantile",0.85,17.4823940051534
2022-05-21,"56","34  day ahead inc hosp",2022-06-24,"quantile",0.9,20.0249999669613
2022-05-21,"56","34  day ahead inc hosp",2022-06-24,"quantile",0.95,23.7935250194597
2022-05-21,"56","34  day ahead inc hosp",2022-06-24,"quantile",0.975,27.0621584873672
2022-05-21,"56","34  day ahead inc hosp",2022-06-24,"quantile",0.99,30.862651281349
2022-05-21,"56","35  day ahead inc hosp",2022-06-25,"quantile",0.01,0
2022-05-21,"56","35  day ahead inc hosp",2022-06-25,"quantile",0.025,0
2022-05-21,"56","35  day ahead inc hosp",2022-06-25,"quantile",0.05,0
2022-05-21,"56","35  day ahead inc hosp",2022-06-25,"quantile",0.1,0
2022-05-21,"56","35  day ahead inc hosp",2022-06-25,"quantile",0.15,0
2022-05-21,"56","35  day ahead inc hosp",2022-06-25,"quantile",0.2,0
2022-05-21,"56","35  day ahead inc hosp",2022-06-25,"quantile",0.25,0
2022-05-21,"56","35  day ahead inc hosp",2022-06-25,"quantile",0.3,1.22725819064001
2022-05-21,"56","35  day ahead inc hosp",2022-06-25,"quantile",0.35,2.68707883233824
2022-05-21,"56","35  day ahead inc hosp",2022-06-25,"quantile",0.4,4.07230586513806
2022-05-21,"56","35  day ahead inc hosp",2022-06-25,"quantile",0.45,5.41252905047373
2022-05-21,"56","35  day ahead inc hosp",2022-06-25,"quantile",0.5,6.73150350354748
2022-05-21,"56","35  day ahead inc hosp",2022-06-25,"quantile",0.55,8.05047795662124
2022-05-21,"56","35  day ahead inc hosp",2022-06-25,"quantile",0.6,9.39070114195691
2022-05-21,"56","35  day ahead inc hosp",2022-06-25,"quantile",0.65,10.7759281747567
2022-05-21,"56","35  day ahead inc hosp",2022-06-25,"quantile",0.7,12.235748816455
2022-05-21,"56","35  day ahead inc hosp",2022-06-25,"quantile",0.75,13.8111248161755
2022-05-21,"56","35  day ahead inc hosp",2022-06-25,"quantile",0.8,15.5653806983172
2022-05-21,"56","35  day ahead inc hosp",2022-06-25,"quantile",0.85,17.6101801791329
2022-05-21,"56","35  day ahead inc hosp",2022-06-25,"quantile",0.9,20.1830048407046
2022-05-21,"56","35  day ahead inc hosp",2022-06-25,"quantile",0.95,23.9963185583854
2022-05-21,"56","35  day ahead inc hosp",2022-06-25,"quantile",0.975,27.3037995138268
2022-05-21,"56","35  day ahead inc hosp",2022-06-25,"quantile",0.99,31.1494609074347
2022-05-21,"56","36  day ahead inc hosp",2022-06-26,"quantile",0.01,0
2022-05-21,"56","36  day ahead inc hosp",2022-06-26,"quantile",0.025,0
2022-05-21,"56","36  day ahead inc hosp",2022-06-26,"quantile",0.05,0
2022-05-21,"56","36  day ahead inc hosp",2022-06-26,"quantile",0.1,0
2022-05-21,"56","36  day ahead inc hosp",2022-06-26,"quantile",0.15,0
2022-05-21,"56","36  day ahead inc hosp",2022-06-26,"quantile",0.2,0
2022-05-21,"56","36  day ahead inc hosp",2022-06-26,"quantile",0.25,0
2022-05-21,"56","36  day ahead inc hosp",2022-06-26,"quantile",0.3,1.57298181751249
2022-05-21,"56","36  day ahead inc hosp",2022-06-26,"quantile",0.35,3.04973820240676
2022-05-21,"56","36  day ahead inc hosp",2022-06-26,"quantile",0.4,4.45103559934969
2022-05-21,"56","36  day ahead inc hosp",2022-06-26,"quantile",0.45,5.80680704797462
2022-05-21,"56","36  day ahead inc hosp",2022-06-26,"quantile",0.5,7.14108325249738
2022-05-21,"56","36  day ahead inc hosp",2022-06-26,"quantile",0.55,8.47535945702014
2022-05-21,"56","36  day ahead inc hosp",2022-06-26,"quantile",0.6,9.83113090564508
2022-05-21,"56","36  day ahead inc hosp",2022-06-26,"quantile",0.65,11.232428302588
2022-05-21,"56","36  day ahead inc hosp",2022-06-26,"quantile",0.7,12.7091846874823
2022-05-21,"56","36  day ahead inc hosp",2022-06-26,"quantile",0.75,14.3028370169151
2022-05-21,"56","36  day ahead inc hosp",2022-06-26,"quantile",0.8,16.0774444588796
2022-05-21,"56","36  day ahead inc hosp",2022-06-26,"quantile",0.85,18.1459661682386
2022-05-21,"56","36  day ahead inc hosp",2022-06-26,"quantile",0.9,20.7486388101116
2022-05-21,"56","36  day ahead inc hosp",2022-06-26,"quantile",0.95,24.6061917308861
2022-05-21,"56","36  day ahead inc hosp",2022-06-26,"quantile",0.975,27.952043597443
2022-05-21,"56","36  day ahead inc hosp",2022-06-26,"quantile",0.99,31.8423194675974
2022-05-21,"56","37  day ahead inc hosp",2022-06-27,"quantile",0.01,0
2022-05-21,"56","37  day ahead inc hosp",2022-06-27,"quantile",0.025,0
2022-05-21,"56","37  day ahead inc hosp",2022-06-27,"quantile",0.05,0
2022-05-21,"56","37  day ahead inc hosp",2022-06-27,"quantile",0.1,0
2022-05-21,"56","37  day ahead inc hosp",2022-06-27,"quantile",0.15,0
2022-05-21,"56","37  day ahead inc hosp",2022-06-27,"quantile",0.2,0
2022-05-21,"56","37  day ahead inc hosp",2022-06-27,"quantile",0.25,0
2022-05-21,"56","37  day ahead inc hosp",2022-06-27,"quantile",0.3,1.50982375744048
2022-05-21,"56","37  day ahead inc hosp",2022-06-27,"quantile",0.35,3.00333292587844
2022-05-21,"56","37  day ahead inc hosp",2022-06-27,"quantile",0.4,4.42052707614604
2022-05-21,"56","37  day ahead inc hosp",2022-06-27,"quantile",0.45,5.79167881758423
2022-05-21,"56","37  day ahead inc hosp",2022-06-27,"quantile",0.5,7.14109146618842
2022-05-21,"56","37  day ahead inc hosp",2022-06-27,"quantile",0.55,8.49050411479262
2022-05-21,"56","37  day ahead inc hosp",2022-06-27,"quantile",0.6,9.86165585623081
2022-05-21,"56","37  day ahead inc hosp",2022-06-27,"quantile",0.65,11.2788500064984
2022-05-21,"56","37  day ahead inc hosp",2022-06-27,"quantile",0.7,12.7723591749364
2022-05-21,"56","37  day ahead inc hosp",2022-06-27,"quantile",0.75,14.3840903918499
2022-05-21,"56","37  day ahead inc hosp",2022-06-27,"quantile",0.8,16.1788295323493
2022-05-21,"56","37  day ahead inc hosp",2022-06-27,"quantile",0.85,18.2708171950684
2022-05-21,"56","37  day ahead inc hosp",2022-06-27,"quantile",0.9,20.903015364544
2022-05-21,"56","37  day ahead inc hosp",2022-06-27,"quantile",0.95,24.8043295649385
2022-05-21,"56","37  day ahead inc hosp",2022-06-27,"quantile",0.975,28.1881378152721
2022-05-21,"56","37  day ahead inc hosp",2022-06-27,"quantile",0.99,32.1225461843576
2022-05-21,"72","1  day ahead inc hosp",2022-05-22,"quantile",0.01,0
2022-05-21,"72","1  day ahead inc hosp",2022-05-22,"quantile",0.025,1.91695387900401
2022-05-21,"72","1  day ahead inc hosp",2022-05-22,"quantile",0.05,9.33671424661867
2022-05-21,"72","1  day ahead inc hosp",2022-05-22,"quantile",0.1,17.891222760169
2022-05-21,"72","1  day ahead inc hosp",2022-05-22,"quantile",0.15,23.6629090416411
2022-05-21,"72","1  day ahead inc hosp",2022-05-22,"quantile",0.2,28.2500623319767
2022-05-21,"72","1  day ahead inc hosp",2022-05-22,"quantile",0.25,32.1854314072108
2022-05-21,"72","1  day ahead inc hosp",2022-05-22,"quantile",0.3,35.7195144644655
2022-05-21,"72","1  day ahead inc hosp",2022-05-22,"quantile",0.35,38.9943691006739
2022-05-21,"72","1  day ahead inc hosp",2022-05-22,"quantile",0.4,42.1018859017026
2022-05-21,"72","1  day ahead inc hosp",2022-05-22,"quantile",0.45,45.1084443696968
2022-05-21,"72","1  day ahead inc hosp",2022-05-22,"quantile",0.5,48.0673349890705
2022-05-21,"72","1  day ahead inc hosp",2022-05-22,"quantile",0.55,51.0262256084442
2022-05-21,"72","1  day ahead inc hosp",2022-05-22,"quantile",0.6,54.0327840764384
2022-05-21,"72","1  day ahead inc hosp",2022-05-22,"quantile",0.65,57.1403008774671
2022-05-21,"72","1  day ahead inc hosp",2022-05-22,"quantile",0.7,60.4151555136755
2022-05-21,"72","1  day ahead inc hosp",2022-05-22,"quantile",0.75,63.9492385709302
2022-05-21,"72","1  day ahead inc hosp",2022-05-22,"quantile",0.8,67.8846076461643
2022-05-21,"72","1  day ahead inc hosp",2022-05-22,"quantile",0.85,72.4717609364999
2022-05-21,"72","1  day ahead inc hosp",2022-05-22,"quantile",0.9,78.243447217972
2022-05-21,"72","1  day ahead inc hosp",2022-05-22,"quantile",0.95,86.7979557315223
2022-05-21,"72","1  day ahead inc hosp",2022-05-22,"quantile",0.975,94.217716099137
2022-05-21,"72","1  day ahead inc hosp",2022-05-22,"quantile",0.99,102.844791018076
2022-05-21,"72","2  day ahead inc hosp",2022-05-23,"quantile",0.01,0
2022-05-21,"72","2  day ahead inc hosp",2022-05-23,"quantile",0.025,0
2022-05-21,"72","2  day ahead inc hosp",2022-05-23,"quantile",0.05,0
2022-05-21,"72","2  day ahead inc hosp",2022-05-23,"quantile",0.1,6.48429149221225
2022-05-21,"72","2  day ahead inc hosp",2022-05-23,"quantile",0.15,12.7927392987834
2022-05-21,"72","2  day ahead inc hosp",2022-05-23,"quantile",0.2,17.806493633581
2022-05-21,"72","2  day ahead inc hosp",2022-05-23,"quantile",0.25,22.1078484196863
2022-05-21,"72","2  day ahead inc hosp",2022-05-23,"quantile",0.3,25.9705979565672
2022-05-21,"72","2  day ahead inc hosp",2022-05-23,"quantile",0.35,29.5500110672463
2022-05-21,"72","2  day ahead inc hosp",2022-05-23,"quantile",0.4,32.9465240777096
2022-05-21,"72","2  day ahead inc hosp",2022-05-23,"quantile",0.45,36.2326897228576
2022-05-21,"72","2  day ahead inc hosp",2022-05-23,"quantile",0.5,39.4667544532281
2022-05-21,"72","2  day ahead inc hosp",2022-05-23,"quantile",0.55,42.7008191835985
2022-05-21,"72","2  day ahead inc hosp",2022-05-23,"quantile",0.6,45.9869848287465
2022-05-21,"72","2  day ahead inc hosp",2022-05-23,"quantile",0.65,49.3834978392098
2022-05-21,"72","2  day ahead inc hosp",2022-05-23,"quantile",0.7,52.9629109498889
2022-05-21,"72","2  day ahead inc hosp",2022-05-23,"quantile",0.75,56.8256604867698
2022-05-21,"72","2  day ahead inc hosp",2022-05-23,"quantile",0.8,61.1270152728751
2022-05-21,"72","2  day ahead inc hosp",2022-05-23,"quantile",0.85,66.1407696076727
2022-05-21,"72","2  day ahead inc hosp",2022-05-23,"quantile",0.9,72.4492174142439
2022-05-21,"72","2  day ahead inc hosp",2022-05-23,"quantile",0.95,81.7992873655226
2022-05-21,"72","2  day ahead inc hosp",2022-05-23,"quantile",0.975,89.9090786351242
2022-05-21,"72","2  day ahead inc hosp",2022-05-23,"quantile",0.99,99.3384636008687
2022-05-21,"72","3  day ahead inc hosp",2022-05-24,"quantile",0.01,0
2022-05-21,"72","3  day ahead inc hosp",2022-05-24,"quantile",0.025,0
2022-05-21,"72","3  day ahead inc hosp",2022-05-24,"quantile",0.05,0
2022-05-21,"72","3  day ahead inc hosp",2022-05-24,"quantile",0.1,6.79788325835046
2022-05-21,"72","3  day ahead inc hosp",2022-05-24,"quantile",0.15,13.1128904583762
2022-05-21,"72","3  day ahead inc hosp",2022-05-24,"quantile",0.2,18.1318579911546
2022-05-21,"72","3  day ahead inc hosp",2022-05-24,"quantile",0.25,22.4376852369354
2022-05-21,"72","3  day ahead inc hosp",2022-05-24,"quantile",0.3,26.3044511808321
2022-05-21,"72","3  day ahead inc hosp",2022-05-24,"quantile",0.35,29.8875860911757
2022-05-21,"72","3  day ahead inc hosp",2022-05-24,"quantile",0.4,33.2876307255649
2022-05-21,"72","3  day ahead inc hosp",2022-05-24,"quantile",0.45,36.5772132577325
2022-05-21,"72","3  day ahead inc hosp",2022-05-24,"quantile",0.5,39.8146407016697
2022-05-21,"72","3  day ahead inc hosp",2022-05-24,"quantile",0.55,43.0520681456069
2022-05-21,"72","3  day ahead inc hosp",2022-05-24,"quantile",0.6,46.3416506777744
2022-05-21,"72","3  day ahead inc hosp",2022-05-24,"quantile",0.65,49.7416953121637
2022-05-21,"72","3  day ahead inc hosp",2022-05-24,"quantile",0.7,53.3248302225072
2022-05-21,"72","3  day ahead inc hosp",2022-05-24,"quantile",0.75,57.191596166404
2022-05-21,"72","3  day ahead inc hosp",2022-05-24,"quantile",0.8,61.4974234121848
2022-05-21,"72","3  day ahead inc hosp",2022-05-24,"quantile",0.85,66.5163909449631
2022-05-21,"72","3  day ahead inc hosp",2022-05-24,"quantile",0.9,72.8313981449889
2022-05-21,"72","3  day ahead inc hosp",2022-05-24,"quantile",0.95,82.1911901054717
2022-05-21,"72","3  day ahead inc hosp",2022-05-24,"quantile",0.975,90.3094137681759
2022-05-21,"72","3  day ahead inc hosp",2022-05-24,"quantile",0.99,99.7486032132349
2022-05-21,"72","4  day ahead inc hosp",2022-05-25,"quantile",0.01,0
2022-05-21,"72","4  day ahead inc hosp",2022-05-25,"quantile",0.025,0
2022-05-21,"72","4  day ahead inc hosp",2022-05-25,"quantile",0.05,0
2022-05-21,"72","4  day ahead inc hosp",2022-05-25,"quantile",0.1,1.39756258441772
2022-05-21,"72","4  day ahead inc hosp",2022-05-25,"quantile",0.15,7.71394932045418
2022-05-21,"72","4  day ahead inc hosp",2022-05-25,"quantile",0.2,12.7340132647216
2022-05-21,"72","4  day ahead inc hosp",2022-05-25,"quantile",0.25,17.0407811339338
2022-05-21,"72","4  day ahead inc hosp",2022-05-25,"quantile",0.3,20.908391786743
2022-05-21,"72","4  day ahead inc hosp",2022-05-25,"quantile",0.35,24.4923094457809
2022-05-21,"72","4  day ahead inc hosp",2022-05-25,"quantile",0.4,27.8930968321357
2022-05-21,"72","4  day ahead inc hosp",2022-05-25,"quantile",0.45,31.1833979854259
2022-05-21,"72","4  day ahead inc hosp",2022-05-25,"quantile",0.5,34.4215326570193
2022-05-21,"72","4  day ahead inc hosp",2022-05-25,"quantile",0.55,37.6596673286127
2022-05-21,"72","4  day ahead inc hosp",2022-05-25,"quantile",0.6,40.9499684819028
2022-05-21,"72","4  day ahead inc hosp",2022-05-25,"quantile",0.65,44.3507558682577
2022-05-21,"72","4  day ahead inc hosp",2022-05-25,"quantile",0.7,47.9346735272955
2022-05-21,"72","4  day ahead inc hosp",2022-05-25,"quantile",0.75,51.8022841801047
2022-05-21,"72","4  day ahead inc hosp",2022-05-25,"quantile",0.8,56.1090520493169
2022-05-21,"72","4  day ahead inc hosp",2022-05-25,"quantile",0.85,61.1291159935844
2022-05-21,"72","4  day ahead inc hosp",2022-05-25,"quantile",0.9,67.4455027296208
2022-05-21,"72","4  day ahead inc hosp",2022-05-25,"quantile",0.95,76.8073393702842
2022-05-21,"72","4  day ahead inc hosp",2022-05-25,"quantile",0.975,84.9273364881137
2022-05-21,"72","4  day ahead inc hosp",2022-05-25,"quantile",0.99,94.368587958019
2022-05-21,"72","5  day ahead inc hosp",2022-05-26,"quantile",0.01,0
2022-05-21,"72","5  day ahead inc hosp",2022-05-26,"quantile",0.025,0
2022-05-21,"72","5  day ahead inc hosp",2022-05-26,"quantile",0.05,0
2022-05-21,"72","5  day ahead inc hosp",2022-05-26,"quantile",0.1,0
2022-05-21,"72","5  day ahead inc hosp",2022-05-26,"quantile",0.15,4.94316608321118
2022-05-21,"72","5  day ahead inc hosp",2022-05-26,"quantile",0.2,10.0544152481706
2022-05-21,"72","5  day ahead inc hosp",2022-05-26,"quantile",0.25,14.4394119174505
2022-05-21,"72","5  day ahead inc hosp",2022-05-26,"quantile",0.3,18.3772744504833
2022-05-21,"72","5  day ahead inc hosp",2022-05-26,"quantile",0.35,22.0262909461713
2022-05-21,"72","5  day ahead inc hosp",2022-05-26,"quantile",0.4,25.4888507624781
2022-05-21,"72","5  day ahead inc hosp",2022-05-26,"quantile",0.45,28.8389174566332
2022-05-21,"72","5  day ahead inc hosp",2022-05-26,"quantile",0.5,32.1358701090208
2022-05-21,"72","5  day ahead inc hosp",2022-05-26,"quantile",0.55,35.4328227614084
2022-05-21,"72","5  day ahead inc hosp",2022-05-26,"quantile",0.6,38.7828894555635
2022-05-21,"72","5  day ahead inc hosp",2022-05-26,"quantile",0.65,42.2454492718703
2022-05-21,"72","5  day ahead inc hosp",2022-05-26,"quantile",0.7,45.8944657675583
2022-05-21,"72","5  day ahead inc hosp",2022-05-26,"quantile",0.75,49.8323283005911
2022-05-21,"72","5  day ahead inc hosp",2022-05-26,"quantile",0.8,54.217324969871
2022-05-21,"72","5  day ahead inc hosp",2022-05-26,"quantile",0.85,59.3285741348304
2022-05-21,"72","5  day ahead inc hosp",2022-05-26,"quantile",0.9,65.7596926999622
2022-05-21,"72","5  day ahead inc hosp",2022-05-26,"quantile",0.95,75.2915791944997
2022-05-21,"72","5  day ahead inc hosp",2022-05-26,"quantile",0.975,83.5590692003538
2022-05-21,"72","5  day ahead inc hosp",2022-05-26,"quantile",0.99,93.1718130274182
2022-05-21,"72","6  day ahead inc hosp",2022-05-27,"quantile",0.01,0
2022-05-21,"72","6  day ahead inc hosp",2022-05-27,"quantile",0.025,0
2022-05-21,"72","6  day ahead inc hosp",2022-05-27,"quantile",0.05,0
2022-05-21,"72","6  day ahead inc hosp",2022-05-27,"quantile",0.1,0
2022-05-21,"72","6  day ahead inc hosp",2022-05-27,"quantile",0.15,5.85753699111346
2022-05-21,"72","6  day ahead inc hosp",2022-05-27,"quantile",0.2,11.2861353415206
2022-05-21,"72","6  day ahead inc hosp",2022-05-27,"quantile",0.25,15.9433893546073
2022-05-21,"72","6  day ahead inc hosp",2022-05-27,"quantile",0.3,20.1257473968455
2022-05-21,"72","6  day ahead inc hosp",2022-05-27,"quantile",0.35,24.0013254189272
2022-05-21,"72","6  day ahead inc hosp",2022-05-27,"quantile",0.4,27.6788699682816
2022-05-21,"72","6  day ahead inc hosp",2022-05-27,"quantile",0.45,31.2369368796583
2022-05-21,"72","6  day ahead inc hosp",2022-05-27,"quantile",0.5,34.7385919844068
2022-05-21,"72","6  day ahead inc hosp",2022-05-27,"quantile",0.55,38.2402470891553
2022-05-21,"72","6  day ahead inc hosp",2022-05-27,"quantile",0.6,41.798314000532
2022-05-21,"72","6  day ahead inc hosp",2022-05-27,"quantile",0.65,45.4758585498864
2022-05-21,"72","6  day ahead inc hosp",2022-05-27,"quantile",0.7,49.3514365719681
2022-05-21,"72","6  day ahead inc hosp",2022-05-27,"quantile",0.75,53.5337946142063
2022-05-21,"72","6  day ahead inc hosp",2022-05-27,"quantile",0.8,58.191048627293
2022-05-21,"72","6  day ahead inc hosp",2022-05-27,"quantile",0.85,63.6196469777001
2022-05-21,"72","6  day ahead inc hosp",2022-05-27,"quantile",0.9,70.4500632824439
2022-05-21,"72","6  day ahead inc hosp",2022-05-27,"quantile",0.95,80.5737691771309
2022-05-21,"72","6  day ahead inc hosp",2022-05-27,"quantile",0.975,89.3545742522328
2022-05-21,"72","6  day ahead inc hosp",2022-05-27,"quantile",0.99,99.5641577803138
2022-05-21,"72","7  day ahead inc hosp",2022-05-28,"quantile",0.01,0
2022-05-21,"72","7  day ahead inc hosp",2022-05-28,"quantile",0.025,0
2022-05-21,"72","7  day ahead inc hosp",2022-05-28,"quantile",0.05,0
2022-05-21,"72","7  day ahead inc hosp",2022-05-28,"quantile",0.1,0
2022-05-21,"72","7  day ahead inc hosp",2022-05-28,"quantile",0.15,0.831191913223655
2022-05-21,"72","7  day ahead inc hosp",2022-05-28,"quantile",0.2,6.39429907563117
2022-05-21,"72","7  day ahead inc hosp",2022-05-28,"quantile",0.25,11.1669496725225
2022-05-21,"72","7  day ahead inc hosp",2022-05-28,"quantile",0.3,15.4529374134986
2022-05-21,"72","7  day ahead inc hosp",2022-05-28,"quantile",0.35,19.4245437953734
2022-05-21,"72","7  day ahead inc hosp",2022-05-28,"quantile",0.4,23.1932098675377
2022-05-21,"72","7  day ahead inc hosp",2022-05-28,"quantile",0.45,26.8394379067738
2022-05-21,"72","7  day ahead inc hosp",2022-05-28,"quantile",0.5,30.427856378007
2022-05-21,"72","7  day ahead inc hosp",2022-05-28,"quantile",0.55,34.0162748492402
2022-05-21,"72","7  day ahead inc hosp",2022-05-28,"quantile",0.6,37.6625028884763
2022-05-21,"72","7  day ahead inc hosp",2022-05-28,"quantile",0.65,41.4311689606406
2022-05-21,"72","7  day ahead inc hosp",2022-05-28,"quantile",0.7,45.4027753425154
2022-05-21,"72","7  day ahead inc hosp",2022-05-28,"quantile",0.75,49.6887630834915
2022-05-21,"72","7  day ahead inc hosp",2022-05-28,"quantile",0.8,54.4614136803829
2022-05-21,"72","7  day ahead inc hosp",2022-05-28,"quantile",0.85,60.0245208427904
2022-05-21,"72","7  day ahead inc hosp",2022-05-28,"quantile",0.9,67.0241799471143
2022-05-21,"72","7  day ahead inc hosp",2022-05-28,"quantile",0.95,77.3987291654437
2022-05-21,"72","7  day ahead inc hosp",2022-05-28,"quantile",0.975,86.3971034145426
2022-05-21,"72","7  day ahead inc hosp",2022-05-28,"quantile",0.99,96.8596581264796
2022-05-21,"72","8  day ahead inc hosp",2022-05-29,"quantile",0.01,0
2022-05-21,"72","8  day ahead inc hosp",2022-05-29,"quantile",0.025,0
2022-05-21,"72","8  day ahead inc hosp",2022-05-29,"quantile",0.05,0
2022-05-21,"72","8  day ahead inc hosp",2022-05-29,"quantile",0.1,0
2022-05-21,"72","8  day ahead inc hosp",2022-05-29,"quantile",0.15,0
2022-05-21,"72","8  day ahead inc hosp",2022-05-29,"quantile",0.2,5.30453244024117
2022-05-21,"72","8  day ahead inc hosp",2022-05-29,"quantile",0.25,10.3380632907683
2022-05-21,"72","8  day ahead inc hosp",2022-05-29,"quantile",0.3,14.8583295623526
2022-05-21,"72","8  day ahead inc hosp",2022-05-29,"quantile",0.35,19.0470299173164
2022-05-21,"72","8  day ahead inc hosp",2022-05-29,"quantile",0.4,23.0216969402763
2022-05-21,"72","8  day ahead inc hosp",2022-05-29,"quantile",0.45,26.8672332834367
2022-05-21,"72","8  day ahead inc hosp",2022-05-29,"quantile",0.5,30.651800100735
2022-05-21,"72","8  day ahead inc hosp",2022-05-29,"quantile",0.55,34.4363669180334
2022-05-21,"72","8  day ahead inc hosp",2022-05-29,"quantile",0.6,38.2819032611938
2022-05-21,"72","8  day ahead inc hosp",2022-05-29,"quantile",0.65,42.2565702841537
2022-05-21,"72","8  day ahead inc hosp",2022-05-29,"quantile",0.7,46.4452706391175
2022-05-21,"72","8  day ahead inc hosp",2022-05-29,"quantile",0.75,50.9655369107018
2022-05-21,"72","8  day ahead inc hosp",2022-05-29,"quantile",0.8,55.9990677612289
2022-05-21,"72","8  day ahead inc hosp",2022-05-29,"quantile",0.85,61.8662627209869
2022-05-21,"72","8  day ahead inc hosp",2022-05-29,"quantile",0.9,69.2485337105575
2022-05-21,"72","8  day ahead inc hosp",2022-05-29,"quantile",0.95,80.1901713793169
2022-05-21,"72","8  day ahead inc hosp",2022-05-29,"quantile",0.975,89.6804102870069
2022-05-21,"72","8  day ahead inc hosp",2022-05-29,"quantile",0.99,100.714863961903
2022-05-21,"72","9  day ahead inc hosp",2022-05-30,"quantile",0.01,0
2022-05-21,"72","9  day ahead inc hosp",2022-05-30,"quantile",0.025,0
2022-05-21,"72","9  day ahead inc hosp",2022-05-30,"quantile",0.05,0
2022-05-21,"72","9  day ahead inc hosp",2022-05-30,"quantile",0.1,0
2022-05-21,"72","9  day ahead inc hosp",2022-05-30,"quantile",0.15,2.43860885001759
2022-05-21,"72","9  day ahead inc hosp",2022-05-30,"quantile",0.2,8.60134127617255
2022-05-21,"72","9  day ahead inc hosp",2022-05-30,"quantile",0.25,13.8884169577133
2022-05-21,"72","9  day ahead inc hosp",2022-05-30,"quantile",0.3,18.6363743236803
2022-05-21,"72","9  day ahead inc hosp",2022-05-30,"quantile",0.35,23.036064410346
2022-05-21,"72","9  day ahead inc hosp",2022-05-30,"quantile",0.4,27.2109400559602
2022-05-21,"72","9  day ahead inc hosp",2022-05-30,"quantile",0.45,31.2501805585341
2022-05-21,"72","9  day ahead inc hosp",2022-05-30,"quantile",0.5,35.2253804289806
2022-05-21,"72","9  day ahead inc hosp",2022-05-30,"quantile",0.55,39.2005802994272
2022-05-21,"72","9  day ahead inc hosp",2022-05-30,"quantile",0.6,43.2398208020011
2022-05-21,"72","9  day ahead inc hosp",2022-05-30,"quantile",0.65,47.4146964476153
2022-05-21,"72","9  day ahead inc hosp",2022-05-30,"quantile",0.7,51.814386534281
2022-05-21,"72","9  day ahead inc hosp",2022-05-30,"quantile",0.75,56.562343900248
2022-05-21,"72","9  day ahead inc hosp",2022-05-30,"quantile",0.8,61.8494195817887
2022-05-21,"72","9  day ahead inc hosp",2022-05-30,"quantile",0.85,68.0121520079437
2022-05-21,"72","9  day ahead inc hosp",2022-05-30,"quantile",0.9,75.7662766140172
2022-05-21,"72","9  day ahead inc hosp",2022-05-30,"quantile",0.95,87.2590573583072
2022-05-21,"72","9  day ahead inc hosp",2022-05-30,"quantile",0.975,97.2273306898604
2022-05-21,"72","9  day ahead inc hosp",2022-05-30,"quantile",0.99,108.817602690979
2022-05-21,"72","10  day ahead inc hosp",2022-05-31,"quantile",0.01,0
2022-05-21,"72","10  day ahead inc hosp",2022-05-31,"quantile",0.025,0
2022-05-21,"72","10  day ahead inc hosp",2022-05-31,"quantile",0.05,0
2022-05-21,"72","10  day ahead inc hosp",2022-05-31,"quantile",0.1,0
2022-05-21,"72","10  day ahead inc hosp",2022-05-31,"quantile",0.15,0
2022-05-21,"72","10  day ahead inc hosp",2022-05-31,"quantile",0.2,5.39625370839391
2022-05-21,"72","10  day ahead inc hosp",2022-05-31,"quantile",0.25,10.8538151129036
2022-05-21,"72","10  day ahead inc hosp",2022-05-31,"quantile",0.3,15.7548739271795
2022-05-21,"72","10  day ahead inc hosp",2022-05-31,"quantile",0.35,20.2964353223804
2022-05-21,"72","10  day ahead inc hosp",2022-05-31,"quantile",0.4,24.6059329661689
2022-05-21,"72","10  day ahead inc hosp",2022-05-31,"quantile",0.45,28.7754218099442
2022-05-21,"72","10  day ahead inc hosp",2022-05-31,"quantile",0.5,32.8788049833507
2022-05-21,"72","10  day ahead inc hosp",2022-05-31,"quantile",0.55,36.9821881567572
2022-05-21,"72","10  day ahead inc hosp",2022-05-31,"quantile",0.6,41.1516770005325
2022-05-21,"72","10  day ahead inc hosp",2022-05-31,"quantile",0.65,45.461174644321
2022-05-21,"72","10  day ahead inc hosp",2022-05-31,"quantile",0.7,50.0027360395219
2022-05-21,"72","10  day ahead inc hosp",2022-05-31,"quantile",0.75,54.9037948537978
2022-05-21,"72","10  day ahead inc hosp",2022-05-31,"quantile",0.8,60.3613562583075
2022-05-21,"72","10  day ahead inc hosp",2022-05-31,"quantile",0.85,66.7228106162868
2022-05-21,"72","10  day ahead inc hosp",2022-05-31,"quantile",0.9,74.7269727892658
2022-05-21,"72","10  day ahead inc hosp",2022-05-31,"quantile",0.95,86.5903468732644
2022-05-21,"72","10  day ahead inc hosp",2022-05-31,"quantile",0.975,96.8800546589555
2022-05-21,"72","10  day ahead inc hosp",2022-05-31,"quantile",0.99,108.84406367852
2022-05-21,"72","11  day ahead inc hosp",2022-06-01,"quantile",0.01,0
2022-05-21,"72","11  day ahead inc hosp",2022-06-01,"quantile",0.025,0
2022-05-21,"72","11  day ahead inc hosp",2022-06-01,"quantile",0.05,0
2022-05-21,"72","11  day ahead inc hosp",2022-06-01,"quantile",0.1,0
2022-05-21,"72","11  day ahead inc hosp",2022-06-01,"quantile",0.15,0.401342335027799
2022-05-21,"72","11  day ahead inc hosp",2022-06-01,"quantile",0.2,7.0761514449655
2022-05-21,"72","11  day ahead inc hosp",2022-06-01,"quantile",0.25,12.8025433250194
2022-05-21,"72","11  day ahead inc hosp",2022-06-01,"quantile",0.3,17.945020214889
2022-05-21,"72","11  day ahead inc hosp",2022-06-01,"quantile",0.35,22.710291435613
2022-05-21,"72","11  day ahead inc hosp",2022-06-01,"quantile",0.4,27.2320678271915
2022-05-21,"72","11  day ahead inc hosp",2022-06-01,"quantile",0.45,31.6069388161355
2022-05-21,"72","11  day ahead inc hosp",2022-06-01,"quantile",0.5,35.9124478783932
2022-05-21,"72","11  day ahead inc hosp",2022-06-01,"quantile",0.55,40.2179569406509
2022-05-21,"72","11  day ahead inc hosp",2022-06-01,"quantile",0.6,44.5928279295949
2022-05-21,"72","11  day ahead inc hosp",2022-06-01,"quantile",0.65,49.1146043211734
2022-05-21,"72","11  day ahead inc hosp",2022-06-01,"quantile",0.7,53.8798755418974
2022-05-21,"72","11  day ahead inc hosp",2022-06-01,"quantile",0.75,59.0223524317671
2022-05-21,"72","11  day ahead inc hosp",2022-06-01,"quantile",0.8,64.7487443118209
2022-05-21,"72","11  day ahead inc hosp",2022-06-01,"quantile",0.85,71.4235534217586
2022-05-21,"72","11  day ahead inc hosp",2022-06-01,"quantile",0.9,79.8219874249211
2022-05-21,"72","11  day ahead inc hosp",2022-06-01,"quantile",0.95,92.2697317541952
2022-05-21,"72","11  day ahead inc hosp",2022-06-01,"quantile",0.975,103.066293578203
2022-05-21,"72","11  day ahead inc hosp",2022-06-01,"quantile",0.99,115.619629954027
2022-05-21,"72","12  day ahead inc hosp",2022-06-02,"quantile",0.01,0
2022-05-21,"72","12  day ahead inc hosp",2022-06-02,"quantile",0.025,0
2022-05-21,"72","12  day ahead inc hosp",2022-06-02,"quantile",0.05,0
2022-05-21,"72","12  day ahead inc hosp",2022-06-02,"quantile",0.1,0
2022-05-21,"72","12  day ahead inc hosp",2022-06-02,"quantile",0.15,0
2022-05-21,"72","12  day ahead inc hosp",2022-06-02,"quantile",0.2,5.92475561406236
2022-05-21,"72","12  day ahead inc hosp",2022-06-02,"quantile",0.25,11.854188661449
2022-05-21,"72","12  day ahead inc hosp",2022-06-02,"quantile",0.3,17.1790027948345
2022-05-21,"72","12  day ahead inc hosp",2022-06-02,"quantile",0.35,22.1132366453575
2022-05-21,"72","12  day ahead inc hosp",2022-06-02,"quantile",0.4,26.7953420497235
2022-05-21,"72","12  day ahead inc hosp",2022-06-02,"quantile",0.45,31.3253332140121
2022-05-21,"72","12  day ahead inc hosp",2022-06-02,"quantile",0.5,35.7835030798393
2022-05-21,"72","12  day ahead inc hosp",2022-06-02,"quantile",0.55,40.2416729456664
2022-05-21,"72","12  day ahead inc hosp",2022-06-02,"quantile",0.6,44.771664109955
2022-05-21,"72","12  day ahead inc hosp",2022-06-02,"quantile",0.65,49.453769514321
2022-05-21,"72","12  day ahead inc hosp",2022-06-02,"quantile",0.7,54.388003364844
2022-05-21,"72","12  day ahead inc hosp",2022-06-02,"quantile",0.75,59.7128174982295
2022-05-21,"72","12  day ahead inc hosp",2022-06-02,"quantile",0.8,65.6422505456162
2022-05-21,"72","12  day ahead inc hosp",2022-06-02,"quantile",0.85,72.5537289338346
2022-05-21,"72","12  day ahead inc hosp",2022-06-02,"quantile",0.9,81.2499469307383
2022-05-21,"72","12  day ahead inc hosp",2022-06-02,"quantile",0.95,94.139051996793
2022-05-21,"72","12  day ahead inc hosp",2022-06-02,"quantile",0.975,105.318428438076
2022-05-21,"72","12  day ahead inc hosp",2022-06-02,"quantile",0.99,118.316869536919
2022-05-21,"72","13  day ahead inc hosp",2022-06-03,"quantile",0.01,0
2022-05-21,"72","13  day ahead inc hosp",2022-06-03,"quantile",0.025,0
2022-05-21,"72","13  day ahead inc hosp",2022-06-03,"quantile",0.05,0
2022-05-21,"72","13  day ahead inc hosp",2022-06-03,"quantile",0.1,0
2022-05-21,"72","13  day ahead inc hosp",2022-06-03,"quantile",0.15,0
2022-05-21,"72","13  day ahead inc hosp",2022-06-03,"quantile",0.2,0
2022-05-21,"72","13  day ahead inc hosp",2022-06-03,"quantile",0.25,4.40710158745202
2022-05-21,"72","13  day ahead inc hosp",2022-06-03,"quantile",0.3,9.90357239094774
2022-05-21,"72","13  day ahead inc hosp",2022-06-03,"quantile",0.35,14.9968717282856
2022-05-21,"72","13  day ahead inc hosp",2022-06-03,"quantile",0.4,19.8299147245911
2022-05-21,"72","13  day ahead inc hosp",2022-06-03,"quantile",0.45,24.5059397558675
2022-05-21,"72","13  day ahead inc hosp",2022-06-03,"quantile",0.5,29.1078281768937
2022-05-21,"72","13  day ahead inc hosp",2022-06-03,"quantile",0.55,33.7097165979199
2022-05-21,"72","13  day ahead inc hosp",2022-06-03,"quantile",0.6,38.3857416291964
2022-05-21,"72","13  day ahead inc hosp",2022-06-03,"quantile",0.65,43.2187846255018
2022-05-21,"72","13  day ahead inc hosp",2022-06-03,"quantile",0.7,48.3120839628397
2022-05-21,"72","13  day ahead inc hosp",2022-06-03,"quantile",0.75,53.8085547663354
2022-05-21,"72","13  day ahead inc hosp",2022-06-03,"quantile",0.8,59.9291356560803
2022-05-21,"72","13  day ahead inc hosp",2022-06-03,"quantile",0.85,67.0634201997703
2022-05-21,"72","13  day ahead inc hosp",2022-06-03,"quantile",0.9,76.0399792163804
2022-05-21,"72","13  day ahead inc hosp",2022-06-03,"quantile",0.95,89.3445919040942
2022-05-21,"72","13  day ahead inc hosp",2022-06-03,"quantile",0.975,100.884359240861
2022-05-21,"72","13  day ahead inc hosp",2022-06-03,"quantile",0.99,114.301832640129
2022-05-21,"72","14  day ahead inc hosp",2022-06-04,"quantile",0.01,0
2022-05-21,"72","14  day ahead inc hosp",2022-06-04,"quantile",0.025,0
2022-05-21,"72","14  day ahead inc hosp",2022-06-04,"quantile",0.05,0
2022-05-21,"72","14  day ahead inc hosp",2022-06-04,"quantile",0.1,0
2022-05-21,"72","14  day ahead inc hosp",2022-06-04,"quantile",0.15,0
2022-05-21,"72","14  day ahead inc hosp",2022-06-04,"quantile",0.2,1.65971796281887
2022-05-21,"72","14  day ahead inc hosp",2022-06-04,"quantile",0.25,8.01177641660896
2022-05-21,"72","14  day ahead inc hosp",2022-06-04,"quantile",0.3,13.7161212267321
2022-05-21,"72","14  day ahead inc hosp",2022-06-04,"quantile",0.35,19.0020468106302
2022-05-21,"72","14  day ahead inc hosp",2022-06-04,"quantile",0.4,24.0178732779596
2022-05-21,"72","14  day ahead inc hosp",2022-06-04,"quantile",0.45,28.8707434327876
2022-05-21,"72","14  day ahead inc hosp",2022-06-04,"quantile",0.5,33.6466731647442
2022-05-21,"72","14  day ahead inc hosp",2022-06-04,"quantile",0.55,38.4226028967007
2022-05-21,"72","14  day ahead inc hosp",2022-06-04,"quantile",0.6,43.2754730515287
2022-05-21,"72","14  day ahead inc hosp",2022-06-04,"quantile",0.65,48.2912995188581
2022-05-21,"72","14  day ahead inc hosp",2022-06-04,"quantile",0.7,53.5772251027562
2022-05-21,"72","14  day ahead inc hosp",2022-06-04,"quantile",0.75,59.2815699128793
2022-05-21,"72","14  day ahead inc hosp",2022-06-04,"quantile",0.8,65.6336283666694
2022-05-21,"72","14  day ahead inc hosp",2022-06-04,"quantile",0.85,73.0377282819927
2022-05-21,"72","14  day ahead inc hosp",2022-06-04,"quantile",0.9,82.3537766464446
2022-05-21,"72","14  day ahead inc hosp",2022-06-04,"quantile",0.95,96.1615636881934
2022-05-21,"72","14  day ahead inc hosp",2022-06-04,"quantile",0.975,108.137759736692
2022-05-21,"72","14  day ahead inc hosp",2022-06-04,"quantile",0.99,122.06267583038
2022-05-21,"72","15  day ahead inc hosp",2022-06-05,"quantile",0.01,0
2022-05-21,"72","15  day ahead inc hosp",2022-06-05,"quantile",0.025,0
2022-05-21,"72","15  day ahead inc hosp",2022-06-05,"quantile",0.05,0
2022-05-21,"72","15  day ahead inc hosp",2022-06-05,"quantile",0.1,0
2022-05-21,"72","15  day ahead inc hosp",2022-06-05,"quantile",0.15,0
2022-05-21,"72","15  day ahead inc hosp",2022-06-05,"quantile",0.2,0
2022-05-21,"72","15  day ahead inc hosp",2022-06-05,"quantile",0.25,3.72378796323144
2022-05-21,"72","15  day ahead inc hosp",2022-06-05,"quantile",0.3,9.58811291864489
2022-05-21,"72","15  day ahead inc hosp",2022-06-05,"quantile",0.35,15.0222839489622
2022-05-21,"72","15  day ahead inc hosp",2022-06-05,"quantile",0.4,20.1787808479896
2022-05-21,"72","15  day ahead inc hosp",2022-06-05,"quantile",0.45,25.1677512734511
2022-05-21,"72","15  day ahead inc hosp",2022-06-05,"quantile",0.5,30.0776234576694
2022-05-21,"72","15  day ahead inc hosp",2022-06-05,"quantile",0.55,34.9874956418878
2022-05-21,"72","15  day ahead inc hosp",2022-06-05,"quantile",0.6,39.9764660673493
2022-05-21,"72","15  day ahead inc hosp",2022-06-05,"quantile",0.65,45.1329629663767
2022-05-21,"72","15  day ahead inc hosp",2022-06-05,"quantile",0.7,50.567133996694
2022-05-21,"72","15  day ahead inc hosp",2022-06-05,"quantile",0.75,56.4314589521074
2022-05-21,"72","15  day ahead inc hosp",2022-06-05,"quantile",0.8,62.9616628841524
2022-05-21,"72","15  day ahead inc hosp",2022-06-05,"quantile",0.85,70.5734131115843
2022-05-21,"72","15  day ahead inc hosp",2022-06-05,"quantile",0.9,80.1507329840684
2022-05-21,"72","15  day ahead inc hosp",2022-06-05,"quantile",0.95,94.3457637585516
2022-05-21,"72","15  day ahead inc hosp",2022-06-05,"quantile",0.975,106.657835993999
2022-05-21,"72","15  day ahead inc hosp",2022-06-05,"quantile",0.99,120.973280741542
2022-05-21,"72","16  day ahead inc hosp",2022-06-06,"quantile",0.01,0
2022-05-21,"72","16  day ahead inc hosp",2022-06-06,"quantile",0.025,0
2022-05-21,"72","16  day ahead inc hosp",2022-06-06,"quantile",0.05,0
2022-05-21,"72","16  day ahead inc hosp",2022-06-06,"quantile",0.1,0
2022-05-21,"72","16  day ahead inc hosp",2022-06-06,"quantile",0.15,0
2022-05-21,"72","16  day ahead inc hosp",2022-06-06,"quantile",0.2,0
2022-05-21,"72","16  day ahead inc hosp",2022-06-06,"quantile",0.25,2.12730790416945
2022-05-21,"72","16  day ahead inc hosp",2022-06-06,"quantile",0.3,8.16532318575413
2022-05-21,"72","16  day ahead inc hosp",2022-06-06,"quantile",0.35,13.7604441883022
2022-05-21,"72","16  day ahead inc hosp",2022-06-06,"quantile",0.4,19.0696668716445
2022-05-21,"72","16  day ahead inc hosp",2022-06-06,"quantile",0.45,24.2064012609118
2022-05-21,"72","16  day ahead inc hosp",2022-06-06,"quantile",0.5,29.2616946671156
2022-05-21,"72","16  day ahead inc hosp",2022-06-06,"quantile",0.55,34.3169880733194
2022-05-21,"72","16  day ahead inc hosp",2022-06-06,"quantile",0.6,39.4537224625866
2022-05-21,"72","16  day ahead inc hosp",2022-06-06,"quantile",0.65,44.7629451459289
2022-05-21,"72","16  day ahead inc hosp",2022-06-06,"quantile",0.7,50.358066148477
2022-05-21,"72","16  day ahead inc hosp",2022-06-06,"quantile",0.75,56.3960814300617
2022-05-21,"72","16  day ahead inc hosp",2022-06-06,"quantile",0.8,63.1196977769276
2022-05-21,"72","16  day ahead inc hosp",2022-06-06,"quantile",0.85,70.9568937956123
2022-05-21,"72","16  day ahead inc hosp",2022-06-06,"quantile",0.9,80.8178759523568
2022-05-21,"72","16  day ahead inc hosp",2022-06-06,"quantile",0.95,95.4333369628819
2022-05-21,"72","16  day ahead inc hosp",2022-06-06,"quantile",0.975,108.110069727662
2022-05-21,"72","16  day ahead inc hosp",2022-06-06,"quantile",0.99,122.849511147693
2022-05-21,"72","17  day ahead inc hosp",2022-06-07,"quantile",0.01,0
2022-05-21,"72","17  day ahead inc hosp",2022-06-07,"quantile",0.025,0
2022-05-21,"72","17  day ahead inc hosp",2022-06-07,"quantile",0.05,0
2022-05-21,"72","17  day ahead inc hosp",2022-06-07,"quantile",0.1,0
2022-05-21,"72","17  day ahead inc hosp",2022-06-07,"quantile",0.15,0
2022-05-21,"72","17  day ahead inc hosp",2022-06-07,"quantile",0.2,0
2022-05-21,"72","17  day ahead inc hosp",2022-06-07,"quantile",0.25,5.0188444120631
2022-05-21,"72","17  day ahead inc hosp",2022-06-07,"quantile",0.3,11.233463032455
2022-05-21,"72","17  day ahead inc hosp",2022-06-07,"quantile",0.35,16.9922333475666
2022-05-21,"72","17  day ahead inc hosp",2022-06-07,"quantile",0.4,22.4567432252307
2022-05-21,"72","17  day ahead inc hosp",2022-06-07,"quantile",0.45,27.7437197721283
2022-05-21,"72","17  day ahead inc hosp",2022-06-07,"quantile",0.5,32.9468733033153
2022-05-21,"72","17  day ahead inc hosp",2022-06-07,"quantile",0.55,38.1500268345022
2022-05-21,"72","17  day ahead inc hosp",2022-06-07,"quantile",0.6,43.4370033813998
2022-05-21,"72","17  day ahead inc hosp",2022-06-07,"quantile",0.65,48.9015132590639
2022-05-21,"72","17  day ahead inc hosp",2022-06-07,"quantile",0.7,54.6602835741755
2022-05-21,"72","17  day ahead inc hosp",2022-06-07,"quantile",0.75,60.8749021945674
2022-05-21,"72","17  day ahead inc hosp",2022-06-07,"quantile",0.8,67.7951747339634
2022-05-21,"72","17  day ahead inc hosp",2022-06-07,"quantile",0.85,75.8615975629888
2022-05-21,"72","17  day ahead inc hosp",2022-06-07,"quantile",0.9,86.0109993893738
2022-05-21,"72","17  day ahead inc hosp",2022-06-07,"quantile",0.95,101.053941797725
2022-05-21,"72","17  day ahead inc hosp",2022-06-07,"quantile",0.975,114.101450923117
2022-05-21,"72","17  day ahead inc hosp",2022-06-07,"quantile",0.99,129.271999991197
2022-05-21,"72","18  day ahead inc hosp",2022-06-08,"quantile",0.01,0
2022-05-21,"72","18  day ahead inc hosp",2022-06-08,"quantile",0.025,0
2022-05-21,"72","18  day ahead inc hosp",2022-06-08,"quantile",0.05,0
2022-05-21,"72","18  day ahead inc hosp",2022-06-08,"quantile",0.1,0
2022-05-21,"72","18  day ahead inc hosp",2022-06-08,"quantile",0.15,0
2022-05-21,"72","18  day ahead inc hosp",2022-06-08,"quantile",0.2,0
2022-05-21,"72","18  day ahead inc hosp",2022-06-08,"quantile",0.25,2.02730868796917
2022-05-21,"72","18  day ahead inc hosp",2022-06-08,"quantile",0.3,8.39299098643287
2022-05-21,"72","18  day ahead inc hosp",2022-06-08,"quantile",0.35,14.2917443122666
2022-05-21,"72","18  day ahead inc hosp",2022-06-08,"quantile",0.4,19.8890843781374
2022-05-21,"72","18  day ahead inc hosp",2022-06-08,"quantile",0.45,25.3045756693563
2022-05-21,"72","18  day ahead inc hosp",2022-06-08,"quantile",0.5,30.6342063921467
2022-05-21,"72","18  day ahead inc hosp",2022-06-08,"quantile",0.55,35.9638371149371
2022-05-21,"72","18  day ahead inc hosp",2022-06-08,"quantile",0.6,41.379328406156
2022-05-21,"72","18  day ahead inc hosp",2022-06-08,"quantile",0.65,46.9766684720268
2022-05-21,"72","18  day ahead inc hosp",2022-06-08,"quantile",0.7,52.8754217978605
2022-05-21,"72","18  day ahead inc hosp",2022-06-08,"quantile",0.75,59.2411040963242
2022-05-21,"72","18  day ahead inc hosp",2022-06-08,"quantile",0.8,66.3295932048964
2022-05-21,"72","18  day ahead inc hosp",2022-06-08,"quantile",0.85,74.5920929898652
2022-05-21,"72","18  day ahead inc hosp",2022-06-08,"quantile",0.9,84.9882043995369
2022-05-21,"72","18  day ahead inc hosp",2022-06-08,"quantile",0.95,100.396807574547
2022-05-21,"72","18  day ahead inc hosp",2022-06-08,"quantile",0.975,113.761472882571
2022-05-21,"72","18  day ahead inc hosp",2022-06-08,"quantile",0.99,129.300784553891
2022-05-21,"72","19  day ahead inc hosp",2022-06-09,"quantile",0.01,0
2022-05-21,"72","19  day ahead inc hosp",2022-06-09,"quantile",0.025,0
2022-05-21,"72","19  day ahead inc hosp",2022-06-09,"quantile",0.05,0
2022-05-21,"72","19  day ahead inc hosp",2022-06-09,"quantile",0.1,0
2022-05-21,"72","19  day ahead inc hosp",2022-06-09,"quantile",0.15,0
2022-05-21,"72","19  day ahead inc hosp",2022-06-09,"quantile",0.2,0
2022-05-21,"72","19  day ahead inc hosp",2022-06-09,"quantile",0.25,1.20188164516317
2022-05-21,"72","19  day ahead inc hosp",2022-06-09,"quantile",0.3,7.73324024154144
2022-05-21,"72","19  day ahead inc hosp",2022-06-09,"quantile",0.35,13.7855173480972
2022-05-21,"72","19  day ahead inc hosp",2022-06-09,"quantile",0.4,19.52853646875
2022-05-21,"72","19  day ahead inc hosp",2022-06-09,"quantile",0.45,25.0849739314003
2022-05-21,"72","19  day ahead inc hosp",2022-06-09,"quantile",0.5,30.5533161773242
2022-05-21,"72","19  day ahead inc hosp",2022-06-09,"quantile",0.55,36.0216584232481
2022-05-21,"72","19  day ahead inc hosp",2022-06-09,"quantile",0.6,41.5780958858985
2022-05-21,"72","19  day ahead inc hosp",2022-06-09,"quantile",0.65,47.3211150065513
2022-05-21,"72","19  day ahead inc hosp",2022-06-09,"quantile",0.7,53.373392113107
2022-05-21,"72","19  day ahead inc hosp",2022-06-09,"quantile",0.75,59.9047507094853
2022-05-21,"72","19  day ahead inc hosp",2022-06-09,"quantile",0.8,67.1777282323787
2022-05-21,"72","19  day ahead inc hosp",2022-06-09,"quantile",0.85,75.6552717961147
2022-05-21,"72","19  day ahead inc hosp",2022-06-09,"quantile",0.9,86.3219573831182
2022-05-21,"72","19  day ahead inc hosp",2022-06-09,"quantile",0.95,102.131592248115
2022-05-21,"72","19  day ahead inc hosp",2022-06-09,"quantile",0.975,115.844092739751
2022-05-21,"72","19  day ahead inc hosp",2022-06-09,"quantile",0.99,131.787837983017
2022-05-21,"72","20  day ahead inc hosp",2022-06-10,"quantile",0.01,0
2022-05-21,"72","20  day ahead inc hosp",2022-06-10,"quantile",0.025,0
2022-05-21,"72","20  day ahead inc hosp",2022-06-10,"quantile",0.05,0
2022-05-21,"72","20  day ahead inc hosp",2022-06-10,"quantile",0.1,0
2022-05-21,"72","20  day ahead inc hosp",2022-06-10,"quantile",0.15,0
2022-05-21,"72","20  day ahead inc hosp",2022-06-10,"quantile",0.2,0
2022-05-21,"72","20  day ahead inc hosp",2022-06-10,"quantile",0.25,0.145379794779018
2022-05-21,"72","20  day ahead inc hosp",2022-06-10,"quantile",0.3,6.83216624866543
2022-05-21,"72","20  day ahead inc hosp",2022-06-10,"quantile",0.35,13.0284704285837
2022-05-21,"72","20  day ahead inc hosp",2022-06-10,"quantile",0.4,18.9081571574193
2022-05-21,"72","20  day ahead inc hosp",2022-06-10,"quantile",0.45,24.5968221126279
2022-05-21,"72","20  day ahead inc hosp",2022-06-10,"quantile",0.5,30.1952954341716
2022-05-21,"72","20  day ahead inc hosp",2022-06-10,"quantile",0.55,35.7937687557153
2022-05-21,"72","20  day ahead inc hosp",2022-06-10,"quantile",0.6,41.4824337109238
2022-05-21,"72","20  day ahead inc hosp",2022-06-10,"quantile",0.65,47.3621204397594
2022-05-21,"72","20  day ahead inc hosp",2022-06-10,"quantile",0.7,53.5584246196777
2022-05-21,"72","20  day ahead inc hosp",2022-06-10,"quantile",0.75,60.2452110735641
2022-05-21,"72","20  day ahead inc hosp",2022-06-10,"quantile",0.8,67.6912648863913
2022-05-21,"72","20  day ahead inc hosp",2022-06-10,"quantile",0.85,76.3705500041394
2022-05-21,"72","20  day ahead inc hosp",2022-06-10,"quantile",0.9,87.2910725322687
2022-05-21,"72","20  day ahead inc hosp",2022-06-10,"quantile",0.95,103.476931981905
2022-05-21,"72","20  day ahead inc hosp",2022-06-10,"quantile",0.975,117.515751192846
2022-05-21,"72","20  day ahead inc hosp",2022-06-10,"quantile",0.99,133.838912468359
2022-05-21,"72","21  day ahead inc hosp",2022-06-11,"quantile",0.01,0
2022-05-21,"72","21  day ahead inc hosp",2022-06-11,"quantile",0.025,0
2022-05-21,"72","21  day ahead inc hosp",2022-06-11,"quantile",0.05,0
2022-05-21,"72","21  day ahead inc hosp",2022-06-11,"quantile",0.1,0
2022-05-21,"72","21  day ahead inc hosp",2022-06-11,"quantile",0.15,0
2022-05-21,"72","21  day ahead inc hosp",2022-06-11,"quantile",0.2,0
2022-05-21,"72","21  day ahead inc hosp",2022-06-11,"quantile",0.25,0
2022-05-21,"72","21  day ahead inc hosp",2022-06-11,"quantile",0.3,6.34040294168912
2022-05-21,"72","21  day ahead inc hosp",2022-06-11,"quantile",0.35,12.6722473399244
2022-05-21,"72","21  day ahead inc hosp",2022-06-11,"quantile",0.4,18.6805484814359
2022-05-21,"72","21  day ahead inc hosp",2022-06-11,"quantile",0.45,24.493649369351
2022-05-21,"72","21  day ahead inc hosp",2022-06-11,"quantile",0.5,30.2145857389005
2022-05-21,"72","21  day ahead inc hosp",2022-06-11,"quantile",0.55,35.9355221084499
2022-05-21,"72","21  day ahead inc hosp",2022-06-11,"quantile",0.6,41.748622996365
2022-05-21,"72","21  day ahead inc hosp",2022-06-11,"quantile",0.65,47.7569241378765
2022-05-21,"72","21  day ahead inc hosp",2022-06-11,"quantile",0.7,54.0887685361118
2022-05-21,"72","21  day ahead inc hosp",2022-06-11,"quantile",0.75,60.9218241965256
2022-05-21,"72","21  day ahead inc hosp",2022-06-11,"quantile",0.8,68.5307557071038
2022-05-21,"72","21  day ahead inc hosp",2022-06-11,"quantile",0.85,77.3998946741041
2022-05-21,"72","21  day ahead inc hosp",2022-06-11,"quantile",0.9,88.5592966963027
2022-05-21,"72","21  day ahead inc hosp",2022-06-11,"quantile",0.95,105.099211540857
2022-05-21,"72","21  day ahead inc hosp",2022-06-11,"quantile",0.975,119.445121005199
2022-05-21,"72","21  day ahead inc hosp",2022-06-11,"quantile",0.99,136.125341065863
2022-05-21,"72","22  day ahead inc hosp",2022-06-12,"quantile",0.01,0
2022-05-21,"72","22  day ahead inc hosp",2022-06-12,"quantile",0.025,0
2022-05-21,"72","22  day ahead inc hosp",2022-06-12,"quantile",0.05,0
2022-05-21,"72","22  day ahead inc hosp",2022-06-12,"quantile",0.1,0
2022-05-21,"72","22  day ahead inc hosp",2022-06-12,"quantile",0.15,0
2022-05-21,"72","22  day ahead inc hosp",2022-06-12,"quantile",0.2,0
2022-05-21,"72","22  day ahead inc hosp",2022-06-12,"quantile",0.25,0
2022-05-21,"72","22  day ahead inc hosp",2022-06-12,"quantile",0.3,5.70673341756585
2022-05-21,"72","22  day ahead inc hosp",2022-06-12,"quantile",0.35,12.3587056583636
2022-05-21,"72","22  day ahead inc hosp",2022-06-12,"quantile",0.4,18.670776817097
2022-05-21,"72","22  day ahead inc hosp",2022-06-12,"quantile",0.45,24.7777787121759
2022-05-21,"72","22  day ahead inc hosp",2022-06-12,"quantile",0.5,30.7879563994576
2022-05-21,"72","22  day ahead inc hosp",2022-06-12,"quantile",0.55,36.7981340867393
2022-05-21,"72","22  day ahead inc hosp",2022-06-12,"quantile",0.6,42.9051359818182
2022-05-21,"72","22  day ahead inc hosp",2022-06-12,"quantile",0.65,49.2172071405516
2022-05-21,"72","22  day ahead inc hosp",2022-06-12,"quantile",0.7,55.8691793813493
2022-05-21,"72","22  day ahead inc hosp",2022-06-12,"quantile",0.75,63.0477033175292
2022-05-21,"72","22  day ahead inc hosp",2022-06-12,"quantile",0.8,71.0413301357442
2022-05-21,"72","22  day ahead inc hosp",2022-06-12,"quantile",0.85,80.3588784672708
2022-05-21,"72","22  day ahead inc hosp",2022-06-12,"quantile",0.9,92.0824818609765
2022-05-21,"72","22  day ahead inc hosp",2022-06-12,"quantile",0.95,109.458628129163
2022-05-21,"72","22  day ahead inc hosp",2022-06-12,"quantile",0.975,124.529843642987
2022-05-21,"72","22  day ahead inc hosp",2022-06-12,"quantile",0.99,142.053388732765
2022-05-21,"72","23  day ahead inc hosp",2022-06-13,"quantile",0.01,0
2022-05-21,"72","23  day ahead inc hosp",2022-06-13,"quantile",0.025,0
2022-05-21,"72","23  day ahead inc hosp",2022-06-13,"quantile",0.05,0
2022-05-21,"72","23  day ahead inc hosp",2022-06-13,"quantile",0.1,0
2022-05-21,"72","23  day ahead inc hosp",2022-06-13,"quantile",0.15,0
2022-05-21,"72","23  day ahead inc hosp",2022-06-13,"quantile",0.2,0
2022-05-21,"72","23  day ahead inc hosp",2022-06-13,"quantile",0.25,0
2022-05-21,"72","23  day ahead inc hosp",2022-06-13,"quantile",0.3,3.47469235901208
2022-05-21,"72","23  day ahead inc hosp",2022-06-13,"quantile",0.35,10.3204975961497
2022-05-21,"72","23  day ahead inc hosp",2022-06-13,"quantile",0.4,16.8164973134395
2022-05-21,"72","23  day ahead inc hosp",2022-06-13,"quantile",0.45,23.1014522175097
2022-05-21,"72","23  day ahead inc hosp",2022-06-13,"quantile",0.5,29.2867615360564
2022-05-21,"72","23  day ahead inc hosp",2022-06-13,"quantile",0.55,35.4720708546032
2022-05-21,"72","23  day ahead inc hosp",2022-06-13,"quantile",0.6,41.7570257586734
2022-05-21,"72","23  day ahead inc hosp",2022-06-13,"quantile",0.65,48.2530254759632
2022-05-21,"72","23  day ahead inc hosp",2022-06-13,"quantile",0.7,55.0988307131008
2022-05-21,"72","23  day ahead inc hosp",2022-06-13,"quantile",0.75,62.4865309286573
2022-05-21,"72","23  day ahead inc hosp",2022-06-13,"quantile",0.8,70.7130854533793
2022-05-21,"72","23  day ahead inc hosp",2022-06-13,"quantile",0.85,80.3021394746869
2022-05-21,"72","23  day ahead inc hosp",2022-06-13,"quantile",0.9,92.3673590224355
2022-05-21,"72","23  day ahead inc hosp",2022-06-13,"quantile",0.95,110.249831891828
2022-05-21,"72","23  day ahead inc hosp",2022-06-13,"quantile",0.975,125.760210221698
2022-05-21,"72","23  day ahead inc hosp",2022-06-13,"quantile",0.99,143.79437699303
2022-05-21,"72","24  day ahead inc hosp",2022-06-14,"quantile",0.01,0
2022-05-21,"72","24  day ahead inc hosp",2022-06-14,"quantile",0.025,0
2022-05-21,"72","24  day ahead inc hosp",2022-06-14,"quantile",0.05,0
2022-05-21,"72","24  day ahead inc hosp",2022-06-14,"quantile",0.1,0
2022-05-21,"72","24  day ahead inc hosp",2022-06-14,"quantile",0.15,0
2022-05-21,"72","24  day ahead inc hosp",2022-06-14,"quantile",0.2,0
2022-05-21,"72","24  day ahead inc hosp",2022-06-14,"quantile",0.25,0
2022-05-21,"72","24  day ahead inc hosp",2022-06-14,"quantile",0.3,3.07637409876194
2022-05-21,"72","24  day ahead inc hosp",2022-06-14,"quantile",0.35,10.0552463824415
2022-05-21,"72","24  day ahead inc hosp",2022-06-14,"quantile",0.4,16.6775137142447
2022-05-21,"72","24  day ahead inc hosp",2022-06-14,"quantile",0.45,23.0846339966399
2022-05-21,"72","24  day ahead inc hosp",2022-06-14,"quantile",0.5,29.3901718075928
2022-05-21,"72","24  day ahead inc hosp",2022-06-14,"quantile",0.55,35.6957096185457
2022-05-21,"72","24  day ahead inc hosp",2022-06-14,"quantile",0.6,42.1028299009408
2022-05-21,"72","24  day ahead inc hosp",2022-06-14,"quantile",0.65,48.7250972327441
2022-05-21,"72","24  day ahead inc hosp",2022-06-14,"quantile",0.7,55.7039695164236
2022-05-21,"72","24  day ahead inc hosp",2022-06-14,"quantile",0.75,63.2352699973059
2022-05-21,"72","24  day ahead inc hosp",2022-06-14,"quantile",0.8,71.6217302271861
2022-05-21,"72","24  day ahead inc hosp",2022-06-14,"quantile",0.85,81.3971738774046
2022-05-21,"72","24  day ahead inc hosp",2022-06-14,"quantile",0.9,93.6969141390043
2022-05-21,"72","24  day ahead inc hosp",2022-06-14,"quantile",0.95,111.926982034426
2022-05-21,"72","24  day ahead inc hosp",2022-06-14,"quantile",0.975,127.738847211148
2022-05-21,"72","24  day ahead inc hosp",2022-06-14,"quantile",0.99,146.123557596559
2022-05-21,"72","25  day ahead inc hosp",2022-06-15,"quantile",0.01,0
2022-05-21,"72","25  day ahead inc hosp",2022-06-15,"quantile",0.025,0
2022-05-21,"72","25  day ahead inc hosp",2022-06-15,"quantile",0.05,0
2022-05-21,"72","25  day ahead inc hosp",2022-06-15,"quantile",0.1,0
2022-05-21,"72","25  day ahead inc hosp",2022-06-15,"quantile",0.15,0
2022-05-21,"72","25  day ahead inc hosp",2022-06-15,"quantile",0.2,0
2022-05-21,"72","25  day ahead inc hosp",2022-06-15,"quantile",0.25,0
2022-05-21,"72","25  day ahead inc hosp",2022-06-15,"quantile",0.3,1.72778338534126
2022-05-21,"72","25  day ahead inc hosp",2022-06-15,"quantile",0.35,8.83705455358516
2022-05-21,"72","25  day ahead inc hosp",2022-06-15,"quantile",0.4,15.5830576751053
2022-05-21,"72","25  day ahead inc hosp",2022-06-15,"quantile",0.45,22.1098937660341
2022-05-21,"72","25  day ahead inc hosp",2022-06-15,"quantile",0.5,28.5332493366056
2022-05-21,"72","25  day ahead inc hosp",2022-06-15,"quantile",0.55,34.956604907177
2022-05-21,"72","25  day ahead inc hosp",2022-06-15,"quantile",0.6,41.4834409981058
2022-05-21,"72","25  day ahead inc hosp",2022-06-15,"quantile",0.65,48.229444119626
2022-05-21,"72","25  day ahead inc hosp",2022-06-15,"quantile",0.7,55.3387152878699
2022-05-21,"72","25  day ahead inc hosp",2022-06-15,"quantile",0.75,63.0107366677895
2022-05-21,"72","25  day ahead inc hosp",2022-06-15,"quantile",0.8,71.5538962919225
2022-05-21,"72","25  day ahead inc hosp",2022-06-15,"quantile",0.85,81.5119922240994
2022-05-21,"72","25  day ahead inc hosp",2022-06-15,"quantile",0.9,94.0415507636887
2022-05-21,"72","25  day ahead inc hosp",2022-06-15,"quantile",0.95,112.61224396682
2022-05-21,"72","25  day ahead inc hosp",2022-06-15,"quantile",0.975,128.719550799173
2022-05-21,"72","25  day ahead inc hosp",2022-06-15,"quantile",0.99,147.447775957437
2022-05-21,"72","26  day ahead inc hosp",2022-06-16,"quantile",0.01,0
2022-05-21,"72","26  day ahead inc hosp",2022-06-16,"quantile",0.025,0
2022-05-21,"72","26  day ahead inc hosp",2022-06-16,"quantile",0.05,0
2022-05-21,"72","26  day ahead inc hosp",2022-06-16,"quantile",0.1,0
2022-05-21,"72","26  day ahead inc hosp",2022-06-16,"quantile",0.15,0
2022-05-21,"72","26  day ahead inc hosp",2022-06-16,"quantile",0.2,0
2022-05-21,"72","26  day ahead inc hosp",2022-06-16,"quantile",0.25,0
2022-05-21,"72","26  day ahead inc hosp",2022-06-16,"quantile",0.3,0.0708859232244379
2022-05-21,"72","26  day ahead inc hosp",2022-06-16,"quantile",0.35,7.3280819982489
2022-05-21,"72","26  day ahead inc hosp",2022-06-16,"quantile",0.4,14.2144513906956
2022-05-21,"72","26  day ahead inc hosp",2022-06-16,"quantile",0.45,20.8770934731915
2022-05-21,"72","26  day ahead inc hosp",2022-06-16,"quantile",0.5,27.4341018826418
2022-05-21,"72","26  day ahead inc hosp",2022-06-16,"quantile",0.55,33.991110292092
2022-05-21,"72","26  day ahead inc hosp",2022-06-16,"quantile",0.6,40.653752374588
2022-05-21,"72","26  day ahead inc hosp",2022-06-16,"quantile",0.65,47.5401217670347
2022-05-21,"72","26  day ahead inc hosp",2022-06-16,"quantile",0.7,54.7973178420591
2022-05-21,"72","26  day ahead inc hosp",2022-06-16,"quantile",0.75,62.6289734546006
2022-05-21,"72","26  day ahead inc hosp",2022-06-16,"quantile",0.8,71.3498933668285
2022-05-21,"72","26  day ahead inc hosp",2022-06-16,"quantile",0.85,81.5151906249386
2022-05-21,"72","26  day ahead inc hosp",2022-06-16,"quantile",0.9,94.3054557454288
2022-05-21,"72","26  day ahead inc hosp",2022-06-16,"quantile",0.95,113.262555374186
2022-05-21,"72","26  day ahead inc hosp",2022-06-16,"quantile",0.975,129.705012154441
2022-05-21,"72","26  day ahead inc hosp",2022-06-16,"quantile",0.99,148.822921556721
2022-05-21,"72","27  day ahead inc hosp",2022-06-17,"quantile",0.01,0
2022-05-21,"72","27  day ahead inc hosp",2022-06-17,"quantile",0.025,0
2022-05-21,"72","27  day ahead inc hosp",2022-06-17,"quantile",0.05,0
2022-05-21,"72","27  day ahead inc hosp",2022-06-17,"quantile",0.1,0
2022-05-21,"72","27  day ahead inc hosp",2022-06-17,"quantile",0.15,0
2022-05-21,"72","27  day ahead inc hosp",2022-06-17,"quantile",0.2,0
2022-05-21,"72","27  day ahead inc hosp",2022-06-17,"quantile",0.25,0
2022-05-21,"72","27  day ahead inc hosp",2022-06-17,"quantile",0.3,0.148737552061363
2022-05-21,"72","27  day ahead inc hosp",2022-06-17,"quantile",0.35,7.58129340246582
2022-05-21,"72","27  day ahead inc hosp",2022-06-17,"quantile",0.4,14.6340620732783
2022-05-21,"72","27  day ahead inc hosp",2022-06-17,"quantile",0.45,21.4576973833163
2022-05-21,"72","27  day ahead inc hosp",2022-06-17,"quantile",0.5,28.1731465335098
2022-05-21,"72","27  day ahead inc hosp",2022-06-17,"quantile",0.55,34.8885956837033
2022-05-21,"72","27  day ahead inc hosp",2022-06-17,"quantile",0.6,41.7122309937413
2022-05-21,"72","27  day ahead inc hosp",2022-06-17,"quantile",0.65,48.7649996645539
2022-05-21,"72","27  day ahead inc hosp",2022-06-17,"quantile",0.7,56.1975555149583
2022-05-21,"72","27  day ahead inc hosp",2022-06-17,"quantile",0.75,64.2184518969197
2022-05-21,"72","27  day ahead inc hosp",2022-06-17,"quantile",0.8,73.1501003799489
2022-05-21,"72","27  day ahead inc hosp",2022-06-17,"quantile",0.85,83.5610275239578
2022-05-21,"72","27  day ahead inc hosp",2022-06-17,"quantile",0.9,96.6603511286605
2022-05-21,"72","27  day ahead inc hosp",2022-06-17,"quantile",0.95,116.075521987461
2022-05-21,"72","27  day ahead inc hosp",2022-06-17,"quantile",0.975,132.915287245795
2022-05-21,"72","27  day ahead inc hosp",2022-06-17,"quantile",0.99,152.495153616559
2022-05-21,"72","28  day ahead inc hosp",2022-06-18,"quantile",0.01,0
2022-05-21,"72","28  day ahead inc hosp",2022-06-18,"quantile",0.025,0
2022-05-21,"72","28  day ahead inc hosp",2022-06-18,"quantile",0.05,0
2022-05-21,"72","28  day ahead inc hosp",2022-06-18,"quantile",0.1,0
2022-05-21,"72","28  day ahead inc hosp",2022-06-18,"quantile",0.15,0
2022-05-21,"72","28  day ahead inc hosp",2022-06-18,"quantile",0.2,0
2022-05-21,"72","28  day ahead inc hosp",2022-06-18,"quantile",0.25,0
2022-05-21,"72","28  day ahead inc hosp",2022-06-18,"quantile",0.3,0
2022-05-21,"72","28  day ahead inc hosp",2022-06-18,"quantile",0.35,6.453239592634
2022-05-21,"72","28  day ahead inc hosp",2022-06-18,"quantile",0.4,13.6504928135508
2022-05-21,"72","28  day ahead inc hosp",2022-06-18,"quantile",0.45,20.6139185979208
2022-05-21,"72","28  day ahead inc hosp",2022-06-18,"quantile",0.5,27.4669418972892
2022-05-21,"72","28  day ahead inc hosp",2022-06-18,"quantile",0.55,34.3199651966576
2022-05-21,"72","28  day ahead inc hosp",2022-06-18,"quantile",0.6,41.2833909810276
2022-05-21,"72","28  day ahead inc hosp",2022-06-18,"quantile",0.65,48.4806442019444
2022-05-21,"72","28  day ahead inc hosp",2022-06-18,"quantile",0.7,56.0654650050639
2022-05-21,"72","28  day ahead inc hosp",2022-06-18,"quantile",0.75,64.2506792115949
2022-05-21,"72","28  day ahead inc hosp",2022-06-18,"quantile",0.8,73.3653033844551
2022-05-21,"72","28  day ahead inc hosp",2022-06-18,"quantile",0.85,83.9895110420864
2022-05-21,"72","28  day ahead inc hosp",2022-06-18,"quantile",0.9,97.3571902339401
2022-05-21,"72","28  day ahead inc hosp",2022-06-18,"quantile",0.95,117.170104497872
2022-05-21,"72","28  day ahead inc hosp",2022-06-18,"quantile",0.975,134.3548528431
2022-05-21,"72","28  day ahead inc hosp",2022-06-18,"quantile",0.99,154.335836607009
2022-05-21,"72","29  day ahead inc hosp",2022-06-19,"quantile",0.01,0
2022-05-21,"72","29  day ahead inc hosp",2022-06-19,"quantile",0.025,0
2022-05-21,"72","29  day ahead inc hosp",2022-06-19,"quantile",0.05,0
2022-05-21,"72","29  day ahead inc hosp",2022-06-19,"quantile",0.1,0
2022-05-21,"72","29  day ahead inc hosp",2022-06-19,"quantile",0.15,0
2022-05-21,"72","29  day ahead inc hosp",2022-06-19,"quantile",0.2,0
2022-05-21,"72","29  day ahead inc hosp",2022-06-19,"quantile",0.25,0
2022-05-21,"72","29  day ahead inc hosp",2022-06-19,"quantile",0.3,0
2022-05-21,"72","29  day ahead inc hosp",2022-06-19,"quantile",0.35,6.69779747875309
2022-05-21,"72","29  day ahead inc hosp",2022-06-19,"quantile",0.4,14.0530698979741
2022-05-21,"72","29  day ahead inc hosp",2022-06-19,"quantile",0.45,21.1693810854447
2022-05-21,"72","29  day ahead inc hosp",2022-06-19,"quantile",0.5,28.1728658476082
2022-05-21,"72","29  day ahead inc hosp",2022-06-19,"quantile",0.55,35.1763506097717
2022-05-21,"72","29  day ahead inc hosp",2022-06-19,"quantile",0.6,42.2926617972423
2022-05-21,"72","29  day ahead inc hosp",2022-06-19,"quantile",0.65,49.6479342164633
2022-05-21,"72","29  day ahead inc hosp",2022-06-19,"quantile",0.7,57.3992834528338
2022-05-21,"72","29  day ahead inc hosp",2022-06-19,"quantile",0.75,65.7642080220772
2022-05-21,"72","29  day ahead inc hosp",2022-06-19,"quantile",0.8,75.0789482059253
2022-05-21,"72","29  day ahead inc hosp",2022-06-19,"quantile",0.85,85.9364155148632
2022-05-21,"72","29  day ahead inc hosp",2022-06-19,"quantile",0.9,99.5975886111617
2022-05-21,"72","29  day ahead inc hosp",2022-06-19,"quantile",0.95,119.84550505328
2022-05-21,"72","29  day ahead inc hosp",2022-06-19,"quantile",0.975,137.407552914479
2022-05-21,"72","29  day ahead inc hosp",2022-06-19,"quantile",0.99,157.827228904267
2022-05-21,"72","30  day ahead inc hosp",2022-06-20,"quantile",0.01,0
2022-05-21,"72","30  day ahead inc hosp",2022-06-20,"quantile",0.025,0
2022-05-21,"72","30  day ahead inc hosp",2022-06-20,"quantile",0.05,0
2022-05-21,"72","30  day ahead inc hosp",2022-06-20,"quantile",0.1,0
2022-05-21,"72","30  day ahead inc hosp",2022-06-20,"quantile",0.15,0
2022-05-21,"72","30  day ahead inc hosp",2022-06-20,"quantile",0.2,0
2022-05-21,"72","30  day ahead inc hosp",2022-06-20,"quantile",0.25,0
2022-05-21,"72","30  day ahead inc hosp",2022-06-20,"quantile",0.3,0
2022-05-21,"72","30  day ahead inc hosp",2022-06-20,"quantile",0.35,6.64095739636961
2022-05-21,"72","30  day ahead inc hosp",2022-06-20,"quantile",0.4,14.1541620468804
2022-05-21,"72","30  day ahead inc hosp",2022-06-20,"quantile",0.45,21.4232744958585
2022-05-21,"72","30  day ahead inc hosp",2022-06-20,"quantile",0.5,28.5771379132574
2022-05-21,"72","30  day ahead inc hosp",2022-06-20,"quantile",0.55,35.7310013306562
2022-05-21,"72","30  day ahead inc hosp",2022-06-20,"quantile",0.6,43.0001137796344
2022-05-21,"72","30  day ahead inc hosp",2022-06-20,"quantile",0.65,50.5133184301451
2022-05-21,"72","30  day ahead inc hosp",2022-06-20,"quantile",0.7,58.4311044496328
2022-05-21,"72","30  day ahead inc hosp",2022-06-20,"quantile",0.75,66.9756404766842
2022-05-21,"72","30  day ahead inc hosp",2022-06-20,"quantile",0.8,76.4903865362187
2022-05-21,"72","30  day ahead inc hosp",2022-06-20,"quantile",0.85,87.5809851203184
2022-05-21,"72","30  day ahead inc hosp",2022-06-20,"quantile",0.9,101.535490594558
2022-05-21,"72","30  day ahead inc hosp",2022-06-20,"quantile",0.95,122.218169808252
2022-05-21,"72","30  day ahead inc hosp",2022-06-20,"quantile",0.975,140.15730953589
2022-05-21,"72","30  day ahead inc hosp",2022-06-20,"quantile",0.99,161.015436314102
2022-05-21,"72","31  day ahead inc hosp",2022-06-21,"quantile",0.01,0
2022-05-21,"72","31  day ahead inc hosp",2022-06-21,"quantile",0.025,0
2022-05-21,"72","31  day ahead inc hosp",2022-06-21,"quantile",0.05,0
2022-05-21,"72","31  day ahead inc hosp",2022-06-21,"quantile",0.1,0
2022-05-21,"72","31  day ahead inc hosp",2022-06-21,"quantile",0.15,0
2022-05-21,"72","31  day ahead inc hosp",2022-06-21,"quantile",0.2,0
2022-05-21,"72","31  day ahead inc hosp",2022-06-21,"quantile",0.25,0
2022-05-21,"72","31  day ahead inc hosp",2022-06-21,"quantile",0.3,0
2022-05-21,"72","31  day ahead inc hosp",2022-06-21,"quantile",0.35,5.70017009510776
2022-05-21,"72","31  day ahead inc hosp",2022-06-21,"quantile",0.4,13.358033590587
2022-05-21,"72","31  day ahead inc hosp",2022-06-21,"quantile",0.45,20.7671051461954
2022-05-21,"72","31  day ahead inc hosp",2022-06-21,"quantile",0.5,28.0587086714659
2022-05-21,"72","31  day ahead inc hosp",2022-06-21,"quantile",0.55,35.3503121967364
2022-05-21,"72","31  day ahead inc hosp",2022-06-21,"quantile",0.6,42.7593837523448
2022-05-21,"72","31  day ahead inc hosp",2022-06-21,"quantile",0.65,50.417247247824
2022-05-21,"72","31  day ahead inc hosp",2022-06-21,"quantile",0.7,58.4874819005601
2022-05-21,"72","31  day ahead inc hosp",2022-06-21,"quantile",0.75,67.196533972357
2022-05-21,"72","31  day ahead inc hosp",2022-06-21,"quantile",0.8,76.8944764492881
2022-05-21,"72","31  day ahead inc hosp",2022-06-21,"quantile",0.85,88.1986128319457
2022-05-21,"72","31  day ahead inc hosp",2022-06-21,"quantile",0.9,102.421797616534
2022-05-21,"72","31  day ahead inc hosp",2022-06-21,"quantile",0.95,123.502700041904
2022-05-21,"72","31  day ahead inc hosp",2022-06-21,"quantile",0.975,141.78723901706
2022-05-21,"72","31  day ahead inc hosp",2022-06-21,"quantile",0.99,163.046967065075
2022-05-21,"72","32  day ahead inc hosp",2022-06-22,"quantile",0.01,0
2022-05-21,"72","32  day ahead inc hosp",2022-06-22,"quantile",0.025,0
2022-05-21,"72","32  day ahead inc hosp",2022-06-22,"quantile",0.05,0
2022-05-21,"72","32  day ahead inc hosp",2022-06-22,"quantile",0.1,0
2022-05-21,"72","32  day ahead inc hosp",2022-06-22,"quantile",0.15,0
2022-05-21,"72","32  day ahead inc hosp",2022-06-22,"quantile",0.2,0
2022-05-21,"72","32  day ahead inc hosp",2022-06-22,"quantile",0.25,0
2022-05-21,"72","32  day ahead inc hosp",2022-06-22,"quantile",0.3,0
2022-05-21,"72","32  day ahead inc hosp",2022-06-22,"quantile",0.35,5.48677184526156
2022-05-21,"72","32  day ahead inc hosp",2022-06-22,"quantile",0.4,13.298620585009
2022-05-21,"72","32  day ahead inc hosp",2022-06-22,"quantile",0.45,20.8566746465035
2022-05-21,"72","32  day ahead inc hosp",2022-06-22,"quantile",0.5,28.2948986163155
2022-05-21,"72","32  day ahead inc hosp",2022-06-22,"quantile",0.55,35.7331225861276
2022-05-21,"72","32  day ahead inc hosp",2022-06-22,"quantile",0.6,43.2911766476221
2022-05-21,"72","32  day ahead inc hosp",2022-06-22,"quantile",0.65,51.1030253873695
2022-05-21,"72","32  day ahead inc hosp",2022-06-22,"quantile",0.7,59.3355372934201
2022-05-21,"72","32  day ahead inc hosp",2022-06-22,"quantile",0.75,68.2197120363655
2022-05-21,"72","32  day ahead inc hosp",2022-06-22,"quantile",0.8,78.1126619121737
2022-05-21,"72","32  day ahead inc hosp",2022-06-22,"quantile",0.85,89.6441032347995
2022-05-21,"72","32  day ahead inc hosp",2022-06-22,"quantile",0.9,104.153289537255
2022-05-21,"72","32  day ahead inc hosp",2022-06-22,"quantile",0.95,125.658089295253
2022-05-21,"72","32  day ahead inc hosp",2022-06-22,"quantile",0.975,144.310295988968
2022-05-21,"72","32  day ahead inc hosp",2022-06-22,"quantile",0.99,165.997517216835
2022-05-21,"72","33  day ahead inc hosp",2022-06-23,"quantile",0.01,0
2022-05-21,"72","33  day ahead inc hosp",2022-06-23,"quantile",0.025,0
2022-05-21,"72","33  day ahead inc hosp",2022-06-23,"quantile",0.05,0
2022-05-21,"72","33  day ahead inc hosp",2022-06-23,"quantile",0.1,0
2022-05-21,"72","33  day ahead inc hosp",2022-06-23,"quantile",0.15,0
2022-05-21,"72","33  day ahead inc hosp",2022-06-23,"quantile",0.2,0
2022-05-21,"72","33  day ahead inc hosp",2022-06-23,"quantile",0.25,0
2022-05-21,"72","33  day ahead inc hosp",2022-06-23,"quantile",0.3,0
2022-05-21,"72","33  day ahead inc hosp",2022-06-23,"quantile",0.35,5.12444384042915
2022-05-21,"72","33  day ahead inc hosp",2022-06-23,"quantile",0.4,13.0823046882178
2022-05-21,"72","33  day ahead inc hosp",2022-06-23,"quantile",0.45,20.7816271540266
2022-05-21,"72","33  day ahead inc hosp",2022-06-23,"quantile",0.5,28.3588797709742
2022-05-21,"72","33  day ahead inc hosp",2022-06-23,"quantile",0.55,35.9361323879219
2022-05-21,"72","33  day ahead inc hosp",2022-06-23,"quantile",0.6,43.6354548537307
2022-05-21,"72","33  day ahead inc hosp",2022-06-23,"quantile",0.65,51.5933157015193
2022-05-21,"72","33  day ahead inc hosp",2022-06-23,"quantile",0.7,59.9797023762607
2022-05-21,"72","33  day ahead inc hosp",2022-06-23,"quantile",0.75,69.0299321883249
2022-05-21,"72","33  day ahead inc hosp",2022-06-23,"quantile",0.8,79.107792258152
2022-05-21,"72","33  day ahead inc hosp",2022-06-23,"quantile",0.85,90.8547689952954
2022-05-21,"72","33  day ahead inc hosp",2022-06-23,"quantile",0.9,105.635148065118
2022-05-21,"72","33  day ahead inc hosp",2022-06-23,"quantile",0.95,127.541896356719
2022-05-21,"72","33  day ahead inc hosp",2022-06-23,"quantile",0.975,146.54273345915
2022-05-21,"72","33  day ahead inc hosp",2022-06-23,"quantile",0.99,168.635312880005
2022-05-21,"72","34  day ahead inc hosp",2022-06-24,"quantile",0.01,0
2022-05-21,"72","34  day ahead inc hosp",2022-06-24,"quantile",0.025,0
2022-05-21,"72","34  day ahead inc hosp",2022-06-24,"quantile",0.05,0
2022-05-21,"72","34  day ahead inc hosp",2022-06-24,"quantile",0.1,0
2022-05-21,"72","34  day ahead inc hosp",2022-06-24,"quantile",0.15,0
2022-05-21,"72","34  day ahead inc hosp",2022-06-24,"quantile",0.2,0
2022-05-21,"72","34  day ahead inc hosp",2022-06-24,"quantile",0.25,0
2022-05-21,"72","34  day ahead inc hosp",2022-06-24,"quantile",0.3,0
2022-05-21,"72","34  day ahead inc hosp",2022-06-24,"quantile",0.35,4.44530543053164
2022-05-21,"72","34  day ahead inc hosp",2022-06-24,"quantile",0.4,12.5446735564236
2022-05-21,"72","34  day ahead inc hosp",2022-06-24,"quantile",0.45,20.3809059514479
2022-05-21,"72","34  day ahead inc hosp",2022-06-24,"quantile",0.5,28.0928978424083
2022-05-21,"72","34  day ahead inc hosp",2022-06-24,"quantile",0.55,35.8048897333687
2022-05-21,"72","34  day ahead inc hosp",2022-06-24,"quantile",0.6,43.6411221283929
2022-05-21,"72","34  day ahead inc hosp",2022-06-24,"quantile",0.65,51.7404902542849
2022-05-21,"72","34  day ahead inc hosp",2022-06-24,"quantile",0.7,60.2760042855062
2022-05-21,"72","34  day ahead inc hosp",2022-06-24,"quantile",0.75,69.4871659624787
2022-05-21,"72","34  day ahead inc hosp",2022-06-24,"quantile",0.8,79.744231295487
2022-05-21,"72","34  day ahead inc hosp",2022-06-24,"quantile",0.85,91.700093653504
2022-05-21,"72","34  day ahead inc hosp",2022-06-24,"quantile",0.9,106.743298531859
2022-05-21,"72","34  day ahead inc hosp",2022-06-24,"quantile",0.95,129.039594263674
2022-05-21,"72","34  day ahead inc hosp",2022-06-24,"quantile",0.975,148.378305675732
2022-05-21,"72","34  day ahead inc hosp",2022-06-24,"quantile",0.99,170.863736999871
2022-05-21,"72","35  day ahead inc hosp",2022-06-25,"quantile",0.01,0
2022-05-21,"72","35  day ahead inc hosp",2022-06-25,"quantile",0.025,0
2022-05-21,"72","35  day ahead inc hosp",2022-06-25,"quantile",0.05,0
2022-05-21,"72","35  day ahead inc hosp",2022-06-25,"quantile",0.1,0
2022-05-21,"72","35  day ahead inc hosp",2022-06-25,"quantile",0.15,0
2022-05-21,"72","35  day ahead inc hosp",2022-06-25,"quantile",0.2,0
2022-05-21,"72","35  day ahead inc hosp",2022-06-25,"quantile",0.25,0
2022-05-21,"72","35  day ahead inc hosp",2022-06-25,"quantile",0.3,0
2022-05-21,"72","35  day ahead inc hosp",2022-06-25,"quantile",0.35,4.26847471185114
2022-05-21,"72","35  day ahead inc hosp",2022-06-25,"quantile",0.4,12.5130276019028
2022-05-21,"72","35  day ahead inc hosp",2022-06-25,"quantile",0.45,20.4897279364611
2022-05-21,"72","35  day ahead inc hosp",2022-06-25,"quantile",0.5,28.3399607008437
2022-05-21,"72","35  day ahead inc hosp",2022-06-25,"quantile",0.55,36.1901934652262
2022-05-21,"72","35  day ahead inc hosp",2022-06-25,"quantile",0.6,44.1668937997845
2022-05-21,"72","35  day ahead inc hosp",2022-06-25,"quantile",0.65,52.4114466898362
2022-05-21,"72","35  day ahead inc hosp",2022-06-25,"quantile",0.7,61.0999635939166
2022-05-21,"72","35  day ahead inc hosp",2022-06-25,"quantile",0.75,70.4762394273172
2022-05-21,"72","35  day ahead inc hosp",2022-06-25,"quantile",0.8,80.9171672034442
2022-05-21,"72","35  day ahead inc hosp",2022-06-25,"quantile",0.85,93.087343694341
2022-05-21,"72","35  day ahead inc hosp",2022-06-25,"quantile",0.9,108.400204688892
2022-05-21,"72","35  day ahead inc hosp",2022-06-25,"quantile",0.95,131.096171405794
2022-05-21,"72","35  day ahead inc hosp",2022-06-25,"quantile",0.975,150.781537792891
2022-05-21,"72","35  day ahead inc hosp",2022-06-25,"quantile",0.99,173.670030441455
2022-05-21,"72","36  day ahead inc hosp",2022-06-26,"quantile",0.01,0
2022-05-21,"72","36  day ahead inc hosp",2022-06-26,"quantile",0.025,0
2022-05-21,"72","36  day ahead inc hosp",2022-06-26,"quantile",0.05,0
2022-05-21,"72","36  day ahead inc hosp",2022-06-26,"quantile",0.1,0
2022-05-21,"72","36  day ahead inc hosp",2022-06-26,"quantile",0.15,0
2022-05-21,"72","36  day ahead inc hosp",2022-06-26,"quantile",0.2,0
2022-05-21,"72","36  day ahead inc hosp",2022-06-26,"quantile",0.25,0
2022-05-21,"72","36  day ahead inc hosp",2022-06-26,"quantile",0.3,0
2022-05-21,"72","36  day ahead inc hosp",2022-06-26,"quantile",0.35,4.15486775417425
2022-05-21,"72","36  day ahead inc hosp",2022-06-26,"quantile",0.4,12.5367847773868
2022-05-21,"72","36  day ahead inc hosp",2022-06-26,"quantile",0.45,20.6463865004804
2022-05-21,"72","36  day ahead inc hosp",2022-06-26,"quantile",0.5,28.6274135520936
2022-05-21,"72","36  day ahead inc hosp",2022-06-26,"quantile",0.55,36.6084406037069
2022-05-21,"72","36  day ahead inc hosp",2022-06-26,"quantile",0.6,44.7180423268005
2022-05-21,"72","36  day ahead inc hosp",2022-06-26,"quantile",0.65,53.099959350013
2022-05-21,"72","36  day ahead inc hosp",2022-06-26,"quantile",0.7,61.9332373598681
2022-05-21,"72","36  day ahead inc hosp",2022-06-26,"quantile",0.75,71.4657331871615
2022-05-21,"72","36  day ahead inc hosp",2022-06-26,"quantile",0.8,82.0806193346506
2022-05-21,"72","36  day ahead inc hosp",2022-06-26,"quantile",0.85,94.4535655531944
2022-05-21,"72","36  day ahead inc hosp",2022-06-26,"quantile",0.9,110.021557166079
2022-05-21,"72","36  day ahead inc hosp",2022-06-26,"quantile",0.95,133.095665892123
2022-05-21,"72","36  day ahead inc hosp",2022-06-26,"quantile",0.975,153.109014078328
2022-05-21,"72","36  day ahead inc hosp",2022-06-26,"quantile",0.99,176.378856448818
2022-05-21,"72","37  day ahead inc hosp",2022-06-27,"quantile",0.01,0
2022-05-21,"72","37  day ahead inc hosp",2022-06-27,"quantile",0.025,0
2022-05-21,"72","37  day ahead inc hosp",2022-06-27,"quantile",0.05,0
2022-05-21,"72","37  day ahead inc hosp",2022-06-27,"quantile",0.1,0
2022-05-21,"72","37  day ahead inc hosp",2022-06-27,"quantile",0.15,0
2022-05-21,"72","37  day ahead inc hosp",2022-06-27,"quantile",0.2,0
2022-05-21,"72","37  day ahead inc hosp",2022-06-27,"quantile",0.25,0
2022-05-21,"72","37  day ahead inc hosp",2022-06-27,"quantile",0.3,0
2022-05-21,"72","37  day ahead inc hosp",2022-06-27,"quantile",0.35,3.68640820249097
2022-05-21,"72","37  day ahead inc hosp",2022-06-27,"quantile",0.4,12.2053571507176
2022-05-21,"72","37  day ahead inc hosp",2022-06-27,"quantile",0.45,20.4475388471198
2022-05-21,"72","37  day ahead inc hosp",2022-06-27,"quantile",0.5,28.5590438666541
2022-05-21,"72","37  day ahead inc hosp",2022-06-27,"quantile",0.55,36.6705488861884
2022-05-21,"72","37  day ahead inc hosp",2022-06-27,"quantile",0.6,44.9127305825907
2022-05-21,"72","37  day ahead inc hosp",2022-06-27,"quantile",0.65,53.4316795308172
2022-05-21,"72","37  day ahead inc hosp",2022-06-27,"quantile",0.7,62.4093685490995
2022-05-21,"72","37  day ahead inc hosp",2022-06-27,"quantile",0.75,72.0977065602018
2022-05-21,"72","37  day ahead inc hosp",2022-06-27,"quantile",0.8,82.8861303696085
2022-05-21,"72","37  day ahead inc hosp",2022-06-27,"quantile",0.85,95.4613559275595
2022-05-21,"72","37  day ahead inc hosp",2022-06-27,"quantile",0.9,111.283861138397
2022-05-21,"72","37  day ahead inc hosp",2022-06-27,"quantile",0.95,134.735197356428
2022-05-21,"72","37  day ahead inc hosp",2022-06-27,"quantile",0.975,155.075734134495
2022-05-21,"72","37  day ahead inc hosp",2022-06-27,"quantile",0.99,178.726003952068
